"X","PopRatio","KC","LC","aKC","Prol_KC","Diff_KC","preDiff_KC","pDC","iDC","M1","M2","Neutrophil","Th0","Th1","Th2","Th17","Th22","Treg","Fibroblast","Division","Death","ILC3"
0,1.36335026305308,0.0543961770337972,0.2570313727944,1,0.933885191822601,0.0339836543166612,0.198249858476997,0.996790566623278,1,0.948541370555811,0.0447560586261145,0.470332215121417,1,0.946177891879312,0,0.947873265733316,0.946554044587725,0.291975926403922,0.9192,0.00880587607397445,0.00407460470518434,0.999999999999999
1,1.36970975310076,0.057843146646958,0.254250428782267,0.999999999999998,0.935016640075396,0.0370611877559968,0.197809268662452,0.996630328948983,0.999999999999998,0.949316995444771,0.0444,0.226988394673153,0.999999999999998,0.944638474623516,0,0.9479209135649,0.946972158543843,0.286394957123164,0.918778797998967,0.00506991145910662,0.00206915607695283,0.999999999999998
2,1.37381991701436,0.0575953332336878,0.256487143602428,0.999999999999997,0.939292237894057,0.0370274920516908,0.203002115344388,0.996740799940306,0.999999999999997,0.951308472410648,0.0427741509166655,0.106327213779552,0.999999999999997,0.943472716859317,0,0.949708086326299,0.947862625626725,0.286084158463267,0.92556897277244,0.00515174020793539,0.00259841593789533,0.999999999999998
3,1.37732772475114,0.0567749105306969,0.253898343396513,0.999999999999997,0.942525306734575,0.0362716654199425,0.203568904443653,0.996560465093869,0.999999999999997,0.951533333333332,0.0426,0.0532685274439697,0.999999999999997,0.942330112435449,0,0.950083221704768,0.949074408270807,0.282049559436042,0.929334697416061,0.00494423210411463,0.00255073749283328,0.999999999999998
4,1.3806243512383,0.0552628973072964,0.254156157030904,0.999999999999998,0.942347367732814,0.0332070605131719,0.211077605357787,0.996906662118077,0.999999999999998,0.949533887132725,0.0447333333333333,0.0268365623810649,0.999999999999998,0.939902884227325,0,0.947666666666666,0.946321799527283,0.282887164659342,0.929752144080846,0.00377921597208399,0.00267490992799447,0.999999999999999
5,1.38208432203879,0.0544528362627638,0.252825221981612,0.999999999999999,0.944334150387908,0.0335427963456905,0.219641457328253,0.99671700920232,0.999999999999999,0.953516808756742,0.0412,0.0128387796027341,0.999999999999999,0.941646702449227,0,0.951356915522143,0.949983331228116,0.279867158929297,0.931468228013852,0.00293979774398897,0.00281841215530059,0.999999999999998
6,1.38225208715784,0.0518499383735906,0.253304743393952,0.999999999999998,0.945701276887431,0.0326815825726559,0.218885750155291,0.996769517849549,0.999999999999998,0.950200800011477,0.043610518467311,0.00663087845192694,0.999999999999998,0.939996093446526,0,0.949008879260243,0.947793453349745,0.280762208059472,0.932303392655902,0.00477142345470967,0.00250296651178823,0.999999999999998
7,1.38538766650182,0.049591097975214,0.248363220127361,0.999999999999999,0.944042250685652,0.0319316012828695,0.223090538391451,0.996573115186856,0.999999999999999,0.948259250614763,0.0457333333333333,0.00368445069710679,0.999999999999999,0.938442822036554,0,0.94674403906051,0.945335036989695,0.277999955679976,0.932079201273657,0.0046388408074475,0.00307987233779671,0.999999999999998
8,1.38754744219214,0.0497909004693318,0.241696560678693,0.999999999999999,0.943350941471747,0.0303761568950225,0.225851775357097,0.99674509182848,0.999999999999999,0.948137170268167,0.0458,0.00158617619360525,0.999999999999999,0.93857651088929,0,0.946534706653628,0.945297107643136,0.272309612294462,0.930373928236041,0.00515395597592492,0.00307240142645742,0.999999999999999
9,1.39031607144478,0.0504955889517522,0.240716103652726,0.999999999999999,0.945743167295607,0.0313335580294612,0.22969851640124,0.996641986305955,0.999999999999999,0.9473383375401,0.047453146486154,0.000686867589962454,0.999999999999999,0.937452611483633,0,0.945519656169434,0.944890335046889,0.271487068183888,0.932782368875191,0.00369312995045798,0.00228880141760706,0.999999999999999
10,1.39226853197359,0.0527053526739188,0.241570839306675,1,0.947095193402804,0.0329161518491795,0.228294191902939,0.996793504207554,1,0.949362842694085,0.0454086432303695,0.000551949883917771,1,0.938578673232968,0,0.946722407698465,0.947026694762437,0.272621401776408,0.935665572814182,0.00499622034565749,0.00275982681719429,1
11,1.39538219230838,0.0517730370180623,0.235214426016007,1,0.946368155943577,0.0322467385633703,0.235528582306458,0.996649900702631,1,0.950147905014666,0.0448005314299114,2e-04,1,0.939958964458154,0,0.947182706819985,0.947649048934509,0.265042827381603,0.934881603515348,0.00445926592842451,0.00281881997632496,1
12,1.39767124137738,0.0521907356846374,0.23269301072604,0.999999999999999,0.947324192176073,0.0324490437800754,0.236820159800743,0.996495217442823,0.999999999999999,0.949507871920818,0.0454666666666667,1.39888446060169e-05,0.999999999999999,0.939086163238629,0,0.946131323637845,0.945785809804418,0.263490304757158,0.935869480600777,0.00494958046327358,0.00225935059047425,0.999999999999999
13,1.40143129830328,0.0534315217724257,0.229792961458281,0.999999999999998,0.947260277538992,0.0337580878123599,0.239070626219627,0.996677409320589,0.999999999999998,0.948223901939132,0.0472666666666666,0,0.999999999999998,0.93717871651874,0,0.944359076753868,0.944248644932183,0.260712210198304,0.936128447400426,0.00327377645862881,0.00250370408848113,0.999999999999998
14,1.40251050182477,0.0539827681914,0.226661663928845,0.999999999999998,0.94883688279987,0.0321083634360687,0.244641984801987,0.996767180119816,0.999999999999998,0.946437357808382,0.0494666666666666,0,0.999999999999998,0.934672079296775,0,0.942605544963595,0.941260601438744,0.258159223274919,0.937358010307303,0.00419994757454935,0.00241513193500879,0.999999999999999
15,1.40501372450304,0.0486496755154596,0.220214290700364,0.999999999999999,0.947146224940097,0.0288671181814315,0.247084866360579,0.996585274037391,0.999999999999999,0.944228947621931,0.0518666666666667,0,0.999999999999999,0.930837094557656,0,0.93951440650569,0.937995518248777,0.252309896095955,0.935202072134229,0.00482983826768721,0.0030934908976248,0.999999999999999
16,1.40745331638848,0.047223590245431,0.222272051212244,0.999999999999998,0.947959270757701,0.0276949730741325,0.242920364303392,0.996660878709523,0.999999999999998,0.944196130169659,0.0518,0,0.999999999999998,0.931874129667328,0,0.940690287909393,0.939108477452639,0.253116756187281,0.937185119366005,0.00427954148678075,0.00168538769127129,0.999999999999998
17,1.41110446675119,0.0480371268099191,0.225214235595385,0.999999999999999,0.949498279923109,0.0299532789068788,0.246169861117267,0.996653694713982,0.999999999999999,0.94426333352553,0.0505333333333333,0,0.999999999999999,0.933295541365985,0,0.941588065816699,0.940308076801947,0.256663165718262,0.939774046057857,0.00384861327145212,0.00284500674843989,0.999999999999999
18,1.41252066039867,0.0483692888222451,0.22730671217837,0.999999999999999,0.950775380174964,0.0292252606776934,0.245426605822682,0.996933148169591,0.999999999999999,0.946153339945086,0.0490666666666666,0,0.999999999999999,0.935739000720853,0,0.943739869583985,0.942625440906717,0.259096216327306,0.941282170499353,0.00378435651857645,0.00245528085519505,0.999999999999998
19,1.41438438426243,0.046249524559842,0.222387785988943,0.999999999999998,0.952138301983294,0.0272415842718662,0.247763244348248,0.996736754962598,0.999999999999998,0.944874486950182,0.0514,0,0.999999999999998,0.933707992842912,0,0.942176776327718,0.941022458431212,0.257524991670645,0.942626453727395,0.00520429264555522,0.00249862553328621,0.999999999999999
20,1.41821123757504,0.0468312828675867,0.221760374361246,0.999999999999999,0.956243935783484,0.027723047262232,0.251903221819883,0.996630735421375,0.999999999999999,0.945199999999999,0.0507333333333333,0,0.999999999999999,0.934659989664677,0,0.943739473033478,0.941713552872311,0.256168026567156,0.946403643899507,0.00496809536246555,0.00253407653108955,1
21,1.42156217985578,0.0449203388267182,0.220354459019871,0.999999999999998,0.955192063504115,0.0269056817424772,0.251836259583751,0.996594402024794,0.999999999999998,0.945789101325958,0.0504666666666667,0,0.999999999999998,0.935580343917552,0,0.943490106024237,0.943147136992087,0.255306769559836,0.946075487838213,0.00472533371999045,0.00272977346527488,1
22,1.42439899284151,0.0430068196252367,0.219387046155108,0.999999999999999,0.950932477493284,0.0258300867261696,0.249115348777773,0.996752183638515,0.999999999999999,0.944799999999999,0.0516666666666666,0,0.999999999999999,0.932909101340526,0,0.94183626337144,0.942382065387106,0.255637807468797,0.942741261758658,0.00488654944719248,0.00349075991043171,0.999999999999998
23,1.42632631744641,0.0457180869463822,0.219686132658357,1,0.953234985793806,0.0276650827749983,0.252005768824512,0.996540899679154,1,0.9442,0.0516,0,1,0.933987740714445,0,0.942769723968127,0.942512949553972,0.256200834222686,0.94411191202786,0.00343273785621595,0.0026793643600282,1
24,1.42739579517056,0.0459187909058289,0.21814919946119,1,0.955122476031825,0.0278620910919419,0.249306986231526,0.996704404580794,1,0.9428,0.0526666666666666,0,1,0.932828221321473,0,0.941919950471141,0.941145549857171,0.255334769066004,0.945870896568891,0.00369325604855955,0.00266169874602024,0.999999999999999
25,1.42882763125029,0.0444817080752206,0.218015168328759,0.999999999999999,0.957092444914898,0.0266156241153216,0.254427127264493,0.996651324358085,0.999999999999999,0.946808123189729,0.0493333333333333,0,0.999999999999999,0.935105536476778,0,0.945398738260598,0.944212079509251,0.253158224719129,0.947661662057844,0.00454842717305234,0.00333000351580129,0.999999999999998
26,1.43056854863834,0.0462912094461122,0.220919852299993,0.999999999999999,0.960440152482852,0.0269194945005647,0.258536910324112,0.996740441500775,0.999999999999999,0.948266666666666,0.0482666666666667,0,0.999999999999999,0.935528905226102,0,0.946107564484942,0.944969855737738,0.254701536114485,0.950739907532807,0.00510886513276194,0.0030240393670152,0.999999999999999
27,1.4335510348082,0.0464,0.216184306522439,0.999999999999999,0.964779165946685,0.0261005172728508,0.259527749946217,0.996692020464722,0.999999999999999,0.948333333333332,0.0482,0,0.999999999999999,0.935828829925438,0,0.946730464012446,0.94608599634335,0.24810170504697,0.955420171168816,0.00458200264677687,0.00247181743198931,0.999999999999999
28,1.43654029942432,0.0452531100058546,0.215332481826416,1,0.964504634481349,0.0260051983027076,0.253386867620328,0.996689662803854,1,0.948834976377267,0.0487333333333333,0,1,0.935625323374682,0,0.94668862316831,0.946266666666666,0.249122733206354,0.956263594834332,0.00460247164884587,0.00317881275917591,1
29,1.43858544279197,0.0460359923871183,0.2137205382189,0.999999999999999,0.966603744464541,0.0269266834520972,0.26346657486884,0.996736057120251,0.999999999999999,0.951468514587301,0.046185249359104,0,0.999999999999999,0.938561635117109,0,0.949006695677223,0.949124837267121,0.246343538239824,0.958921380464971,0.00471124584833544,0.00345732660925189,0.999999999999999
30,1.44038931275575,0.0453022963493198,0.209087647368553,0.999999999999999,0.965346515614976,0.0283315135096584,0.258164626213246,0.996898888837567,0.999999999999999,0.954246757114023,0.044,0,0.999999999999999,0.942459025129925,0,0.952007922847306,0.95191612353482,0.243360276817837,0.958475693557253,0.00598392245732087,0.00259332609861291,0.999999999999999
31,1.4452730915147,0.048163447233762,0.211450397683788,0.999999999999999,0.964629337181539,0.0311032409496607,0.264096656949198,0.996718422049814,0.999999999999999,0.95351080867685,0.0446666666666667,0,0.999999999999999,0.942533333333333,0,0.951626319574494,0.951527791392175,0.242082019203219,0.958205896271363,0.00431613100446209,0.00290298422818664,0.999999999999999
32,1.44731547452481,0.0453936050505973,0.204312790050322,0.999999999999999,0.96552893048415,0.0319913368084748,0.268043215706265,0.996740343484265,0.999999999999999,0.953933333333333,0.0442,0,0.999999999999999,0.94293260791892,0,0.951333333333333,0.951899720502689,0.235894853545757,0.959449619959302,0.00504423243243586,0.00273696649709237,0.999999999999999
33,1.45065481621688,0.0446581706336146,0.201927804854217,0.999999999999999,0.966533314793159,0.0311808471876368,0.267451777190288,0.996540480579402,0.999999999999999,0.9522,0.0457333333333333,0,0.999999999999999,0.941801339192944,0,0.950266666666667,0.950448542496167,0.234355757423794,0.960265653504988,0.00524377115130454,0.00285620669830633,0.999999999999999
34,1.45411834808964,0.0459481508283648,0.199611622906495,0.999999999999998,0.964446870475625,0.0325964119406276,0.274149535976678,0.996611315599014,0.999999999999998,0.951595589466079,0.0460666666666667,0,0.999999999999998,0.941066666666665,0,0.949533333333332,0.950089560120122,0.233863082709069,0.958476894441549,0.00437622172914735,0.00299827444723867,1
35,1.45612204651497,0.0478827940437373,0.19855783582038,0.999999999999999,0.968499932407417,0.0341346005393248,0.278568391601296,0.996779969553847,0.999999999999999,0.955518578590813,0.0416666666666667,0,0.999999999999999,0.945199999999999,0,0.95375659662961,0.953708216648213,0.230265924991519,0.962953319232788,0.00528931507559415,0.00260611800593245,0.999999999999999
36,1.46002910892324,0.0446712439422686,0.192809188366333,0.999999999999998,0.969289851515991,0.0320796309696357,0.281877967861371,0.996693954561978,0.999999999999998,0.958658633682383,0.0392,0,0.999999999999998,0.947172276263189,0,0.955578143328183,0.956985528873727,0.22306987589177,0.962951766397885,0.00550063283669373,0.00203561626074598,1
37,1.46508813398703,0.0469194109585226,0.193976241198734,0.999999999999999,0.969916798313351,0.0328666666666666,0.281608224480455,0.996991591127643,0.999999999999999,0.960241652578154,0.0373333333333333,0,0.999999999999999,0.948066783059888,0,0.956845852086498,0.959864377217436,0.22231303842567,0.963318857846029,0.0052885796802815,0.00333046126228422,1
38,1.46779422037138,0.0465870515185885,0.192340798642613,0.999999999999999,0.970651743622617,0.0327237343774583,0.282929596800171,0.996996270351825,0.999999999999999,0.960533661427269,0.0376666666666666,0,0.999999999999999,0.948066666666667,0,0.956220139175215,0.959944136178968,0.221682287595064,0.963681481703468,0.00481359794731998,0.0029602164136499,1
39,1.47041675012662,0.0465820590205106,0.18960060528959,0.999999999999999,0.973561555186876,0.0309737646520022,0.282120528421496,0.996613335230287,0.999999999999999,0.960485035668881,0.0378,0,0.999999999999999,0.949199999999999,0,0.957296095451376,0.959622406814598,0.218859353267649,0.96706581905634,0.00421535563906078,0.00282289565823954,0.999999999999999
40,1.4724642466063,0.0462668840174316,0.191869392857667,0.999999999999999,0.973233886187669,0.0311442605119067,0.285562743010845,0.996619954214698,0.999999999999999,0.960887290154841,0.0372666666666667,0,0.999999999999999,0.948774234678163,0,0.957897918905039,0.960425321279841,0.221236418876463,0.966745962855828,0.00424572122988691,0.00240267827226452,0.999999999999999
41,1.47517806146635,0.0462961058686662,0.19057810609689,0.999999999999999,0.97186401478242,0.0322542991512291,0.285712408968952,0.996894868791096,0.999999999999999,0.959035375013379,0.0387333333333333,0,0.999999999999999,0.946615797982024,0,0.956006511533636,0.958866666666666,0.221069419716491,0.966706522740548,0.00442641680130927,0.00245691325706807,0.999999999999999
42,1.4780834298868,0.0441524686864293,0.190326119238152,0.999999999999998,0.972351092913605,0.0319959710973078,0.287250734074415,0.996527707294645,0.999999999999998,0.958548980027612,0.0393333333333333,0,0.999999999999998,0.945336870383957,0,0.95569248777361,0.957983474801001,0.220879896429815,0.967323608408371,0.00524886639253249,0.00231833730933047,0.999999999999999
43,1.48240812176342,0.042053300202833,0.18835937661087,0.999999999999999,0.973797572249903,0.0305978278837539,0.292261001679082,0.996657826644121,0.999999999999999,0.957399999999999,0.0400666666666666,0,0.999999999999999,0.944556213607358,0,0.955472049260296,0.956991260096115,0.218867836030011,0.968350421941526,0.00477875302697441,0.00324384147776752,0.999999999999999
44,1.48468348711015,0.0414444414420733,0.186969628451584,0.999999999999999,0.972803338805297,0.0283578530654557,0.290618129986231,0.996700733998544,0.999999999999999,0.953979275618568,0.0434,0,0.999999999999999,0.940887636267043,0,0.952604663772522,0.953502990733925,0.218293273655438,0.967379467477051,0.00469493732172131,0.00318084591225278,0.999999999999999
45,1.48693143362376,0.0413335597432049,0.183656104437971,0.999999999999999,0.975280239725874,0.0265845523343887,0.292188267996093,0.99667512802208,0.999999999999999,0.954368884741129,0.0432666666666666,0,0.999999999999999,0.941666666666666,0,0.952842704567274,0.954199999999999,0.213491769468448,0.968638824334306,0.00471145418033377,0.00211739636849939,0.999999999999999
46,1.49078861972481,0.0419957261432575,0.184031967517567,0.999999999999999,0.974463066624233,0.0268410350676481,0.296063059592426,0.996537164616368,0.999999999999999,0.9538,0.0438,0,0.999999999999999,0.939975162853093,0,0.952038516962317,0.953866666666666,0.21459072758798,0.967585380169489,0.00403523637400653,0.00318044708106702,0.999999999999998
47,1.49206292987499,0.042640355389719,0.187189007460111,0.999999999999999,0.975933333333333,0.0274,0.29932508094989,0.996869681837786,0.999999999999999,0.952219187256945,0.0454666666666666,0,0.999999999999999,0.940109170525026,0,0.950441960144947,0.95221954079137,0.218432471883245,0.969736520313675,0.00462304109668755,0.00302162090074206,0.999999999999999
48,1.49445234958451,0.0415333333333333,0.185786388308336,1,0.977441798198496,0.0268833569810001,0.299931244968381,0.996610800338727,1,0.951533333333333,0.0469333333333333,0,1,0.939933333333334,0,0.949572374008629,0.9504,0.218379114376496,0.971381923549095,0.00366984212747044,0.00372847124842263,0.999999999999999
49,1.49435642645813,0.0397146308181259,0.183616661373853,0.999999999999999,0.978660508334575,0.0248990735957239,0.299169434566834,0.996556344496445,0.999999999999999,0.950666666666667,0.0478666666666667,0,0.999999999999999,0.938316665785945,0,0.948619407029123,0.95028242771587,0.216540344905904,0.9730625734726,0.00561502571998084,0.00262250261225301,0.999999999999999
50,1.49870073228568,0.0382027808908447,0.178398229928461,1,0.979797128105647,0.0234666666666667,0.298725038365221,0.996718938674565,1,0.951305556475528,0.0468666666666667,0,1,0.939070551131318,0,0.949399999999999,0.951333333333333,0.20907682248468,0.97481409359496,0.0051701443625754,0.00306676724628084,0.999999999999999
51,1.50175658416678,0.0387798447409691,0.180602136063761,0.999999999999999,0.98002675514791,0.0235958102416611,0.295213002972355,0.996604533333179,0.999999999999999,0.951599999999999,0.0469333333333333,0,0.999999999999999,0.939478569928524,0,0.950666666666666,0.950599999999999,0.212112388672451,0.975766502583995,0.0047966898086743,0.00272092441668832,0.999999999999999
52,1.50477376140577,0.0420984289658764,0.186383187089467,1,0.979866666666667,0.0252192961432709,0.294577902024273,0.996715812257683,1,0.948477782396309,0.0498666666666667,0,1,0.936868606773813,0,0.9472,0.948333333333334,0.220483440605113,0.976303311604497,0.0045705900672973,0.00294075734216028,1
53,1.50722629092603,0.0388051626749386,0.179071977740533,0.999999999999999,0.980940548303425,0.0226820751131166,0.296678736943141,0.996665697386444,0.999999999999999,0.948433111348251,0.0505333333333333,0,0.999999999999999,0.9376,0,0.947199999999999,0.947733333333333,0.213164470431177,0.97762685668597,0.00567855123013044,0.00249803107359381,0.999999999999999
54,1.51202005452478,0.0407205015216336,0.177251986498821,1,0.978,0.0237080000708542,0.298707625486967,0.996632370379567,1,0.945,0.0541333333333333,0,1,0.934733333333334,0,0.9438,0.9438,0.21396999465151,0.974721622766701,0.00469724331085234,0.00297798590976485,1
55,1.51461960619412,0.040580217468803,0.179106003659246,1,0.979696842798937,0.0231582065531951,0.303505656810842,0.99677507873953,1,0.945614697107877,0.053,0,1,0.9358,0,0.944550110766656,0.944396675186602,0.213838514854848,0.975862336519539,0.00402457431521049,0.00276069251812018,1
56,1.5165339063439,0.0377765903243168,0.185092538794103,1,0.980306735658656,0.0212938127997685,0.310706983253142,0.996679648145636,1,0.9468,0.0519333333333333,0,1,0.937133333333333,0,0.945751909570142,0.945666666666666,0.218895808300496,0.976104827868793,0.00482989802035026,0.00211979084494838,1
57,1.52054388015956,0.0370123225711838,0.184553872787444,1,0.982496065676807,0.0204018503573446,0.31173998766886,0.99657818228986,1,0.948,0.0510666666666666,0,1,0.938466666666667,0,0.947066666666667,0.946933333333333,0.216074679368173,0.978751158193765,0.00450070346247989,0.00290071528437035,1
58,1.52287768645664,0.0366540296470039,0.182204006224331,1,0.983495113205087,0.020700248016544,0.308987762277205,0.996837196297048,1,0.947333333333333,0.0520666666666666,0,1,0.937266666666666,0,0.946266666666666,0.9462,0.214241455545956,0.980035116987304,0.00483575536865906,0.00343221865695435,1
59,1.52501510119702,0.0345035535019758,0.178519944611374,1,0.982399219605499,0.0207333333333333,0.311821845864481,0.996880405447913,1,0.9464,0.0527333333333333,0,1,0.937866666666667,0,0.945166968678983,0.945733333333333,0.211210331745031,0.97879117364718,0.0045843535790894,0.00282755059068242,1
60,1.52769425228417,0.0339526880404413,0.176030605397335,0.999999999999999,0.9822,0.0190991094100338,0.311455607729827,0.996594979366037,0.999999999999999,0.946733333333333,0.0522,0,0.999999999999999,0.938866666666666,0,0.945733333333333,0.946,0.210246933230377,0.97817396730469,0.00446352102351975,0.00260084146771749,0.999999999999999
61,1.53053985713541,0.032630172350448,0.175845907215037,0.999999999999998,0.983666666666665,0.0188306819818669,0.315965759243594,0.996621361583944,0.999999999999998,0.947333333333332,0.0521333333333333,0,0.999999999999998,0.940466666666666,0,0.946815586824254,0.945866666666666,0.211096305328869,0.979712274819626,0.00481573958525733,0.0022799450769067,1
62,1.53442099169995,0.0320239255639104,0.172648513546807,1,0.983404891893418,0.0182,0.31752295651837,0.996632954615489,1,0.946533333333334,0.0527333333333333,0,1,0.9396,0,0.945866666666667,0.944733333333334,0.208670143646468,0.980205513508334,0.00458539260114096,0.00312589178571611,1
63,1.53666048038854,0.0315306462815644,0.169809379269105,1,0.981463888150317,0.019692696397202,0.316654469386407,0.996809212844784,1,0.947333333333334,0.0513333333333333,0,1,0.940733333333334,0,0.946800000000001,0.945785313278297,0.206176560965722,0.978130651155274,0.00372155332751041,0.0034192065829972,1
64,1.53712508468221,0.0329097382558917,0.171520819729565,1,0.980538473703193,0.0203906423005956,0.315525328544271,0.99685037972711,1,0.947133333333333,0.0515333333333333,0,1,0.940666666666666,0,0.946532484011231,0.945524841393145,0.208853262985095,0.978709770611564,0.00462320798471743,0.00289231831994899,0.999999999999999
65,1.53978567860474,0.0345177649393459,0.172439625383309,0.999999999999999,0.981154693464792,0.0220019836660302,0.314434125885578,0.996652787933735,0.999999999999999,0.947942352020684,0.051,0,0.999999999999999,0.940333333333333,0,0.947666666666666,0.946066666666666,0.208393792968992,0.979333333333333,0.00444832145534427,0.00202868524887691,1
66,1.54351139978289,0.0360908080252568,0.176276142078866,0.999999999999999,0.981738434149485,0.0243412642951306,0.317954857904504,0.996753484159991,0.999999999999999,0.948466666666666,0.0508,0,0.999999999999999,0.942066666666666,0,0.947666666666667,0.9466896174012,0.211498184797118,0.979713990479926,0.00469027448483783,0.00334182942825795,1
67,1.54556815767032,0.0365283525453124,0.176303978166125,1,0.981266666666667,0.0255528070990867,0.31524013607711,0.996491744531196,1,0.947533333333334,0.0518666666666667,0,1,0.940933333333333,0,0.946713775386231,0.945367238329886,0.209710573750626,0.979333333333334,0.00517284154880279,0.00268390237321797,1
68,1.54941498280648,0.03358585234739,0.171925393629293,0.999999999999999,0.980783859348975,0.02365160648969,0.312173130540547,0.996653471702949,0.999999999999999,0.945066666666666,0.0542666666666667,0,0.999999999999999,0.938066666666667,0,0.944266666666666,0.942781331966538,0.206763940250977,0.978996654573012,0.00501300239793353,0.00186787842945014,1
69,1.55428808500603,0.0339430735726409,0.170705543039606,1,0.981369517285826,0.0251127347925507,0.311788616578223,0.996552532900055,1,0.945729742908583,0.0536666666666667,0,1,0.938933333333333,0,0.944933333333333,0.943582497384845,0.205953122530277,0.979266666666667,0.00460631893422299,0.00255554271080036,0.999999999999999
70,1.55737296796272,0.0325700390123218,0.166163116370783,0.999999999999999,0.980002090187172,0.0246549061334236,0.311237525949253,0.996713555565463,0.999999999999999,0.948066666666666,0.0508,0,0.999999999999999,0.940733333333333,0,0.947233766942988,0.946399999999999,0.199958554945483,0.977733333333332,0.00437968695617317,0.00259542846877496,1
71,1.56015172389885,0.0355657491746769,0.169318364240638,1,0.979355743413642,0.0268773445537526,0.314203111636459,0.996886718188955,1,0.946865856841933,0.0518,0,1,0.938533333333334,0,0.9464,0.944550425943189,0.204896070659722,0.977266666666667,0.00409012754182557,0.0022141721930128,0.999999999999999
72,1.56297448875533,0.0362666666666667,0.167611480525643,0.999999999999999,0.980982719429301,0.0260394710192186,0.316953356061332,0.996680334937718,0.999999999999999,0.94896362296972,0.0499333333333333,0,0.999999999999999,0.939423655498808,0,0.9484,0.946241662642409,0.200796427517672,0.978595714806732,0.00468970868329816,0.00346169664797524,0.999999999999999
73,1.564865996224,0.0337569902035742,0.166498013225058,1,0.981190655017534,0.0242973721978738,0.314264250241573,0.996668611762867,1,0.950066666666667,0.0488666666666667,0,1,0.940271619560855,0,0.949533333333333,0.946843074417392,0.199666291899424,0.978885234068338,0.00420766194831313,0.00302567474234789,0.999999999999999
74,1.56668001796932,0.0333333333333333,0.167052786684337,1,0.980949662668145,0.0227924918604161,0.31813763561437,0.996962604684357,1,0.953266666666667,0.0456666666666667,0,1,0.942055044768596,0,0.952333333333334,0.950347315871758,0.199802558597809,0.978342755974689,0.00554902765090268,0.00305575082294641,0.999999999999999
75,1.57058618495494,0.0333333333333333,0.164672168298406,1,0.982866666666666,0.0227974806905041,0.321548725469332,0.996870186783638,1,0.9558,0.0432,0,1,0.946266666666667,0,0.955133333333333,0.95271508436266,0.194995243494733,0.980284391771212,0.00433713113289,0.00317644329159203,0.999999999999999
76,1.57240914524353,0.0314584544570133,0.158079530217737,1,0.982548701813956,0.0223333333333333,0.322176787735721,0.996745872628773,1,0.957,0.0418666666666666,0,1,0.946277876926884,0,0.956066666666667,0.953428339765576,0.188051766957759,0.979666666666667,0.00521036898199815,0.00299554661540065,0.999999999999999
77,1.57589175218786,0.028934378729543,0.153469030725668,1,0.982747006252978,0.0202158319725953,0.318117229586092,0.996557318850395,1,0.956063858917126,0.043,0,1,0.9446,0,0.9548,0.952902822117951,0.184530140630567,0.979675041412106,0.00453529474610906,0.00239520914275504,0.999999999999999
78,1.57923291482896,0.0292777327897241,0.159526343832672,1,0.981980357521527,0.0205599605986467,0.321873731792609,0.996713155899369,1,0.957133333333333,0.042,0,1,0.946733333333333,0,0.956174652223637,0.953866666666667,0.189341008704575,0.979328926571918,0.00499573686105385,0.00337876229101613,0.999999999999999
79,1.5817864942924,0.0276044142602672,0.153272180056558,0.999999999999999,0.982591993507503,0.0196,0.320460669431239,0.99667469586754,0.999999999999999,0.958466666666666,0.0406,0,0.999999999999999,0.947866666666666,0,0.957289363710669,0.954599999999999,0.183559457775397,0.979804640508246,0.00555089807569935,0.00328337174033931,1
80,1.58537323682513,0.0274085911363706,0.14930864944604,0.999999999999999,0.981849671232068,0.0201715958031032,0.325214504292194,0.996557442381426,0.999999999999999,0.956666666666666,0.0429333333333333,0,0.999999999999999,0.945419209222671,0,0.955260868848892,0.951915502704248,0.181794978374822,0.978349561156928,0.00507079657855003,0.00252299507150005,1
81,1.58941245314714,0.0278311930477242,0.148797342611106,0.999999999999999,0.982933333333333,0.0205889369331643,0.32520711501275,0.996612867832941,0.999999999999999,0.955066666666666,0.0444666666666667,0,0.999999999999999,0.943249640636946,0,0.954198540466006,0.950700207987677,0.182278964507821,0.97941190124515,0.00457545413267984,0.00262939827469637,1
82,1.59250553856234,0.0265646318343816,0.142759030407558,0.999999999999999,0.982733333333333,0.0184666666666667,0.327517693659821,0.996551578410602,0.999999999999999,0.951866666666666,0.0474666666666667,0,0.999999999999999,0.938133333333333,0,0.951133333333333,0.947580859505935,0.178352282291132,0.979556968684187,0.00501924365548915,0.00275152730083137,0.999999999999999
83,1.59611688941702,0.0270902110380682,0.141008633599318,1,0.984597914683844,0.0167991779268628,0.329928698383914,0.996917167573962,1,0.951333333333333,0.0482,0,1,0.939933333333333,0,0.950533333333333,0.947333333333333,0.176936563113538,0.980800801533818,0.00465697527520597,0.00274373285530238,0.999999999999998
84,1.59917064795698,0.0279990667529698,0.141679977693771,1,0.984808926604313,0.0178350869946696,0.336380402999792,0.996892089531093,1,0.952133333333334,0.0475333333333333,0,1,0.939686162162617,0,0.951333333333334,0.947507536462251,0.177461036796505,0.979880596825116,0.00452796514364308,0.00258285220430913,0.999999999999999
85,1.60228121547652,0.0301333333333333,0.141252337243538,0.999999999999999,0.986182756845381,0.0192,0.336930427216145,0.996708549392117,0.999999999999999,0.954933333333332,0.0448666666666667,0,0.999999999999999,0.943599999999999,0,0.954334335632278,0.950805361199781,0.176263361721607,0.982117481474477,0.00474476641843946,0.00247906777210849,1
86,1.60591150185747,0.0294666666666667,0.144257305684638,1,0.984147018760668,0.0199333333333333,0.337201600000871,0.996599982856609,1,0.9542,0.0457333333333333,0,1,0.942829136952425,0,0.953666666666667,0.950059859547068,0.179687499553656,0.980891508822987,0.00372990332613351,0.0034672867978347,1
87,1.60622617999405,0.0289298012651157,0.143778569103088,1,0.985343966081762,0.0196666666666667,0.346165187454963,0.996678098558844,1,0.956666666666667,0.0433333333333333,0,1,0.946533333333333,0,0.9562,0.953512336666352,0.176700242091395,0.982557148628417,0.00478400350852803,0.00273553295136528,1
88,1.60951648703191,0.0286654698697474,0.142785624176791,0.999999999999999,0.987767711159673,0.019117441555204,0.345221009187276,0.996818379111081,0.999999999999999,0.959333333333332,0.0406666666666666,0,0.999999999999999,0.949666666666666,0,0.958599999999999,0.956131589007506,0.174151945270113,0.984629684141325,0.00436136724990712,0.00273803641128355,1
89,1.61212926478058,0.0281949273488759,0.141028206715855,0.999999999999998,0.987939666798813,0.0183867312705737,0.343378983943661,0.996651674819607,0.999999999999998,0.959799999999999,0.0402,0,0.999999999999998,0.950199999999999,0,0.958847967316036,0.957066666666666,0.170804686717874,0.985325568698591,0.00463696413058853,0.00258814264171248,0.999999999999999
90,1.61543222986111,0.0282575743202157,0.137447691816364,1,0.988933333333334,0.0188666666666667,0.343995195292637,0.996757732828579,1,0.960133333333334,0.0398666666666667,0,1,0.950400000000001,0,0.959400000000001,0.958156026720943,0.166255230851201,0.986332648725978,0.00451984399184725,0.00291942817708136,0.999999999999999
91,1.61801759314946,0.0284480738891661,0.138331327896116,1,0.990333333333333,0.0194910706062503,0.349464040414963,0.996609440030141,1,0.957933333333333,0.0420666666666667,0,1,0.948782136671351,0,0.957314087930019,0.956297269116263,0.16927208490419,0.987974241423946,0.0049781875579254,0.00269798716242123,1
92,1.62154531397437,0.0278539705207106,0.136375406892005,1,0.990030490590391,0.0193512365920873,0.350465939917246,0.996574713253412,1,0.9558,0.0442,0,1,0.944733333333333,0,0.954866666666666,0.954199999999999,0.166745171259343,0.987985062239376,0.00391051278825149,0.00336745954762034,0.999999999999999
93,1.62242589941195,0.0289045812390126,0.138302241556391,1,0.990266666666666,0.021,0.345803765950113,0.996354778915819,1,0.955466666666666,0.0445333333333333,0,1,0.9436,0,0.954266666666666,0.953866666666666,0.1685800441251,0.988073771562453,0.00408603851835131,0.00288666837878992,0.999999999999999
94,1.62437178858935,0.026583290477639,0.137948769678672,1,0.990666666666667,0.0188,0.344174109587107,0.996728779342605,1,0.954600000000001,0.0454,0,1,0.943046611633783,0,0.953703783204735,0.953266666666667,0.169318722449629,0.988996704951018,0.00493845923288357,0.00234920615566081,1
95,1.62851758276869,0.0255333333333333,0.136840849696227,0.999999999999999,0.990684931163876,0.0178,0.348056851345277,0.996499803451842,0.999999999999999,0.955399999999999,0.0446,0,0.999999999999999,0.944782522925779,0,0.954815366956079,0.953729751516149,0.16848902888537,0.989280062097287,0.00445848754144426,0.00314640575039591,0.999999999999999
96,1.63065029594811,0.0257631427750762,0.136803035561586,1,0.990466666666666,0.0187070653844945,0.351409913615392,0.99666518467343,1,0.955266666666666,0.0447333333333333,0,1,0.9452,0,0.954933333333333,0.9538,0.168363120954942,0.989117719606054,0.00496001355823224,0.00255539415071845,1
97,1.63452451291006,0.0263207479487747,0.137135133830717,1,0.990073924941381,0.0187168205239209,0.351488947862053,0.996498670475305,1,0.952,0.048,0,1,0.941660897851696,0,0.951533333333334,0.950866666666667,0.170901974176317,0.988929843793047,0.00531221351883104,0.00293515146358092,1
98,1.63840987910807,0.0263627993935168,0.134378017689605,0.999999999999999,0.990941541532365,0.0181333333333333,0.358712214668674,0.99672622938986,0.999999999999999,0.950266666666666,0.0497333333333333,0,0.999999999999999,0.940666666666667,0,0.949666666666666,0.949066666666666,0.169685450418829,0.990076436556519,0.0045341420627049,0.00355350354400349,1
99,1.64001656694494,0.0266939831160485,0.131942659687741,0.999999999999999,0.991367670298482,0.0180822179058496,0.357790261992925,0.996685870640559,0.999999999999999,0.952599999999999,0.0474,0,0.999999999999999,0.942503894331384,0,0.951733333333333,0.951733333333333,0.16678368729271,0.989999999999999,0.00552694362731982,0.00339732517577076,1
100,1.64335427750171,0.0265917167872289,0.13251545525513,0.999999999999999,0.989866666666666,0.0174666666666667,0.361409229668876,0.996781248566937,0.999999999999999,0.948933333333333,0.0510666666666667,0,0.999999999999999,0.939933333333333,0,0.9484,0.9484,0.170331519798582,0.988733333333333,0.00475093980134454,0.00246372176252428,1
101,1.64711298704938,0.0272,0.135042142154287,0.999999999999999,0.990621365761303,0.0183383099148033,0.359413467936428,0.996687981477222,0.999999999999999,0.950733333333333,0.0492666666666667,0,0.999999999999999,0.940677774434335,0,0.950466666666666,0.950066666666666,0.171474004382381,0.989399999999999,0.00453862524825149,0.0034529721795752,0.999999999999999
102,1.64879137278575,0.0243826214250821,0.133286110695238,1,0.990654410602999,0.0163333333333333,0.359265755743599,0.996608594747545,1,0.950333333333333,0.0496666666666667,0,1,0.940266666666667,0,0.950066666666667,0.949933333333333,0.170028177214635,0.989066666666667,0.00517149169101164,0.00295400508463056,0.999999999999999
103,1.65244754557162,0.0244553932084734,0.135995685688066,1,0.990039011341853,0.0168,0.356865443964381,0.996667016793395,1,0.947133333333334,0.0528666666666667,0,1,0.937435036374132,0,0.946666666666667,0.946666666666667,0.174626913671246,0.9882,0.00461386843848261,0.00243743363620882,1
104,1.65593382674903,0.0240229854383392,0.131787139831497,1,0.990245689336041,0.0166289504147043,0.357333411004516,0.996476381880133,1,0.950133333333333,0.0498666666666667,0,1,0.941133333333333,0,0.9496,0.9492,0.167858398772263,0.988064364304187,0.00503488198412311,0.00323519368479353,1
105,1.6589139914815,0.0226398755834765,0.130134033673063,0.999999999999998,0.990997569061348,0.0157075854424655,0.354588238284229,0.996798644588151,0.999999999999998,0.952666666666666,0.0473333333333333,0,0.999999999999998,0.944533333333333,0,0.952066666666666,0.951442058991879,0.162254249713677,0.988404177607588,0.00503971321793009,0.00273875621003561,1
106,1.66262048698959,0.0227312992933396,0.128237445826482,0.999999999999999,0.991266666666666,0.0166188201203157,0.366500784913094,0.996404907422244,0.999999999999999,0.950266666666666,0.0497333333333333,0,0.999999999999999,0.943133333333333,0,0.949599999999999,0.949005178297893,0.1614813883831,0.988389519420726,0.00429806651647408,0.00245617405053209,0.999999999999999
107,1.6656828551383,0.0234808354531711,0.126925088417739,1,0.989733333333333,0.0185123967577948,0.368147682536152,0.996723564645001,1,0.949733333333333,0.0502666666666667,0,1,0.942133333333333,0,0.9492,0.948466666666667,0.161122458577407,0.987133333333333,0.00435610416875192,0.00250916993255147,1
108,1.6687592618301,0.0223779964763189,0.127398575113352,0.999999999999998,0.989772245754909,0.0178954158739073,0.364584697899539,0.996422893431233,0.999999999999998,0.951666666666666,0.0483333333333333,0,0.999999999999998,0.943533333333333,0,0.951133333333332,0.950066666666666,0.161017268024748,0.987338343674642,0.00518850360537268,0.00293044957249638,1
109,1.67252741041117,0.0246699483426683,0.12753609176002,1,0.990660680840876,0.0191018698362281,0.367492261151951,0.996788301179113,1,0.950066666666666,0.0499333333333333,0,1,0.942133333333333,0,0.949533333333333,0.948434951785291,0.162742070100607,0.988443816565439,0.00482631068647178,0.00320079615706003,1
110,1.67524612801763,0.0242966579560702,0.125589111429799,1,0.991,0.0202006581431447,0.359969304672208,0.996885064481133,1,0.950466666666666,0.0495333333333333,0,1,0.943,0,0.950066666666666,0.949,0.161055564572398,0.98836817501167,0.0046388558780016,0.00215723711076123,1
111,1.67940345024867,0.0238541270431356,0.124539467926247,0.999999999999999,0.991597536615923,0.0194745704002102,0.36267008672002,0.996668660161992,0.999999999999999,0.953133333333333,0.0468666666666666,0,0.999999999999999,0.945799999999999,0,0.952866666666666,0.951799999999999,0.159111349677611,0.989742869280055,0.00472005958465321,0.00324682505336292,1
112,1.68187760540354,0.0253333333333333,0.124764812447545,0.999999999999999,0.990733333333333,0.0206666666666667,0.365798125009269,0.996338454960221,0.999999999999999,0.9524,0.0476,0,0.999999999999999,0.945333333333333,0,0.952133333333333,0.951733333333333,0.159615396132562,0.988866666666666,0.00463101831082532,0.00325346440252109,1
113,1.68419448247215,0.0261840274246955,0.126678903814634,0.999999999999999,0.990999999999999,0.0200751518273723,0.367045189257009,0.996887081896337,0.999999999999999,0.952333333333333,0.0476666666666666,0,0.999999999999999,0.946079092829997,0,0.951866666666666,0.951466666666667,0.162239733766894,0.989014623839317,0.00436265041778207,0.00357883935312597,1
114,1.68551457274255,0.0249543380957512,0.126303479802368,1,0.989874693027301,0.0197222540144215,0.363671067691522,0.996463362199694,1,0.951266666666666,0.0487333333333333,0,1,0.944266666666667,0,0.951,0.950666666666667,0.161893203780539,0.988333333333334,0.00527505023363426,0.00223167288848712,0.999999999999999
115,1.69064331982334,0.0266684893106576,0.126261600754142,0.999999999999999,0.990087304381646,0.0203333333333333,0.361204412095464,0.996705078324309,0.999999999999999,0.955599999999999,0.0444,0,0.999999999999999,0.948466666666666,0,0.955399999999999,0.955226612540455,0.15838604217815,0.988666666666666,0.00422959640644015,0.00313510525155713,1
116,1.69249371398295,0.0262666666666667,0.126420943372632,0.999999999999999,0.990966831137513,0.0192972592588757,0.362908451329544,0.996570817114747,0.999999999999999,0.9558,0.0442,0,0.999999999999999,0.948466666666667,0,0.9558,0.955666666666666,0.157824859885886,0.98973965475455,0.00442257457930625,0.0023133053004089,1
117,1.69606363897858,0.0256,0.127831435419847,0.999999999999999,0.992256173865777,0.0190896514161571,0.366267926479544,0.996655452700839,0.999999999999999,0.958999999999999,0.041,0,0.999999999999999,0.951266666666666,0,0.958999999999999,0.958933333333332,0.156113177993706,0.991182890688323,0.00451224088657941,0.00240571455869625,0.999999999999999
118,1.69963644168785,0.024218762478379,0.12983244295373,0.999999999999999,0.992294332176178,0.0184511807434499,0.36749813633606,0.996730180754958,0.999999999999999,0.9594,0.0406,0,0.999999999999999,0.95158478526787,0,0.9594,0.9594,0.157660961398078,0.991266666666666,0.0050948864496445,0.00230621223625356,0.999999999999999
119,1.70437617400493,0.0255333333333333,0.133938302226532,0.999999999999999,0.992533333333333,0.0188562901729469,0.3664856799063,0.996522868686589,0.999999999999999,0.960466666666666,0.0395333333333333,0,0.999999999999999,0.951609735614885,0,0.960466666666666,0.960466666666666,0.160114572798137,0.991666666666666,0.00581006336645632,0.0025593287555756,1
120,1.70991664862372,0.0239317642960361,0.130897575951014,1,0.992933333333334,0.0175333333333333,0.373160428681406,0.996760644115031,1,0.961266666666667,0.0387333333333333,0,1,0.952333333333333,0,0.961266666666667,0.961266666666667,0.157066887190676,0.991763486042544,0.0049732951260944,0.00275644495793146,1
121,1.71370727763377,0.023799873274367,0.129387837126709,1,0.991933333333333,0.0175333333333333,0.37268602908988,0.996579436586525,1,0.9602,0.0398,0,1,0.952533333333333,0,0.9602,0.9602,0.15615216125182,0.9906,0.00458411208801411,0.00302871306187341,1
122,1.71625852911265,0.0240666666666667,0.129104301745966,1,0.99200708190185,0.0174344218592094,0.379474896358699,0.996526319508455,1,0.9614,0.0386,0,1,0.952933333333334,0,0.9614,0.9614,0.156041549025448,0.991,0.00480870009355768,0.00260399665103445,1
123,1.71998981335467,0.0230666666666667,0.128719821990656,1,0.992533333333334,0.0172666666666667,0.376017706035035,0.996374479019655,1,0.9606,0.0394,0,1,0.951866666666667,0,0.9606,0.9606,0.156885839382435,0.991420296945656,0.00399314603035663,0.00280593830565032,1
124,1.7220317985475,0.0227340169437537,0.12350888007357,1,0.992466666666666,0.0177734866841614,0.377116794865106,0.996630649631024,1,0.961999999999999,0.038,0,1,0.953599999999999,0,0.961999999999999,0.961999999999999,0.150581954326555,0.991401194551184,0.00447443063964919,0.00240687312083691,0.999999999999999
125,1.72559219834022,0.0244708921508557,0.122702651159241,0.999999999999999,0.992858572670721,0.0183438152900873,0.371659429231634,0.996796309269302,0.999999999999999,0.9638,0.0362,0,0.999999999999999,0.955733333333333,0,0.9638,0.9638,0.148952313867061,0.991666666666666,0.00479896358288182,0.00255945598718934,1
126,1.72934163569558,0.0236,0.12262096976404,0.999999999999999,0.993696942203857,0.0180197141384398,0.373685260577622,0.996699101483614,0.999999999999999,0.962933333333333,0.0370666666666667,0,0.999999999999999,0.956,0,0.962933333333333,0.962933333333333,0.149201935424667,0.992666666666666,0.00425475747300905,0.00290261215170376,0.999999999999999
127,1.73167795926961,0.0220576515689494,0.119456934432675,1,0.994333333333334,0.0174517905082074,0.382936277687308,0.996796271231641,1,0.964266666666667,0.0357333333333333,0,1,0.957066666666667,0,0.964266666666667,0.964266666666667,0.145995955671388,0.992762354792759,0.00524428384447578,0.00285714092514866,1
128,1.73578119675736,0.0240666666666667,0.122683494098089,1,0.994398314113782,0.0185333333333333,0.386503247999635,0.996676954555318,1,0.966666666666666,0.0333333333333333,0,1,0.959448228128654,0,0.966666666666666,0.966666666666666,0.147088225954005,0.992978842132022,0.00489821641542279,0.00327313152480899,1
129,1.73849915761863,0.0232,0.123341924222886,0.999999999999999,0.994686120061179,0.018,0.389348451896688,0.996619842751084,0.999999999999999,0.9686,0.0314,0,0.999999999999999,0.961462772718175,0,0.9686,0.9686,0.145103022844025,0.993502862103103,0.00471604216169118,0.00283774093174573,0.999999999999999
130,1.74168707954652,0.0216768336893568,0.123999047949042,0.999999999999999,0.995199999999999,0.0159526304812642,0.391111014478342,0.996824435396687,0.999999999999999,0.967533333333333,0.0324666666666667,0,0.999999999999999,0.960533333333333,0,0.967533333333333,0.967533333333333,0.146812367863718,0.994333333333333,0.00520037522377593,0.00300633175078322,1
131,1.74539230424342,0.0218381872275105,0.125813321917641,1,0.995093859121225,0.0168082163849243,0.38805010498876,0.996687589221342,1,0.966866666666666,0.0331333333333333,0,1,0.958800190283494,0,0.966866666666666,0.966866666666666,0.148853047040921,0.994266666666667,0.00528136933260685,0.00247757618087785,1
132,1.75028602323314,0.0226,0.123994478212526,0.999999999999999,0.995517728474284,0.0174898398171181,0.395705043475151,0.996666023446015,0.999999999999999,0.967466666666666,0.0325333333333333,0,0.999999999999999,0.959554092120981,0,0.967466666666666,0.967466666666666,0.145729832559029,0.994390101372226,0.00417929311357074,0.0026707927961309,0.999999999999999
133,1.7529263302548,0.0227521923939311,0.123504969762929,0.999999999999999,0.995266666666666,0.0180045283642273,0.389727707089281,0.996480420769116,0.999999999999999,0.966333333333332,0.0336666666666667,0,0.999999999999999,0.959071628681203,0,0.966333333333332,0.966333333333332,0.146044384953574,0.994393243082163,0.00490367169073896,0.00248911863040012,1
134,1.75715886389006,0.0227711045740938,0.12728011679746,1,0.995733333333333,0.0173333333333333,0.394979248993931,0.996815327457151,1,0.965933333333333,0.0340666666666667,0,1,0.958968490350034,0,0.965933333333333,0.965933333333333,0.150677923988314,0.995136243624453,0.00511343697928042,0.00310746610668904,1
135,1.76068367338954,0.0224656262306991,0.128240181714489,1,0.9968,0.0172337333633375,0.393780110597153,0.996610131214739,1,0.967466666666667,0.0325333333333333,0,1,0.959933333333334,0,0.967466666666667,0.967466666666667,0.149740351117698,0.9962,0.00440658505125483,0.0037896333777084,1
136,1.76170048616101,0.0213581239786115,0.125875596533643,1,0.997079359711109,0.0172303616917707,0.395753134743648,0.9964555801301,1,0.9638,0.0362,0,1,0.956233318881138,0,0.9638,0.9638,0.151037168093239,0.996427912803722,0.00418633261050577,0.00267428242606699,1
137,1.76436426570603,0.0210192376355724,0.124138792179134,1,0.997400000000001,0.0171296060110647,0.397327055719104,0.996653790881086,1,0.964466666666667,0.0355333333333333,0,1,0.956574898450974,0,0.964466666666667,0.964466666666667,0.149200740040531,0.996429192274542,0.00446515105936049,0.0028035149034682,1
138,1.76729599716209,0.0209333333333333,0.11960517603471,0.999999999999999,0.997626948505316,0.0167162467970264,0.404271912785858,0.996604785494765,0.999999999999999,0.963466666666666,0.0365333333333333,0,0.999999999999999,0.955133333333333,0,0.963466666666666,0.963466666666666,0.146223356320595,0.996333333333333,0.00547187917670734,0.00358784765434994,1
139,1.77051189464614,0.0213317289187868,0.122584707011886,1,0.998,0.0161614102784712,0.408056107966796,0.996673362449038,1,0.963,0.037,0,1,0.954666666666667,0,0.963,0.963,0.148953331156191,0.996799156993431,0.00421820478787687,0.00285808799569054,1
140,1.77291999760481,0.0230995786515928,0.125199289892882,1,0.9984,0.0157915442512161,0.412722163959635,0.996560621570773,1,0.963133333333333,0.0368666666666666,0,1,0.953621293304258,0,0.963133333333333,0.963133333333333,0.151288767072316,0.997385427029034,0.0055929595189197,0.00316570099875236,1
141,1.77722333277458,0.0223043942232582,0.122342397449718,0.999999999999999,0.998466666666666,0.0145188271977218,0.404411790920854,0.996556416463128,0.999999999999999,0.964666666666667,0.0353333333333333,0,0.999999999999999,0.956,0,0.964666666666667,0.964666666666667,0.147099670278848,0.997947459178597,0.00521524863535819,0.00224742893100312,0.999999999999999
142,1.78249781120062,0.022230230959211,0.122481121225086,0.999999999999999,0.998333333333333,0.015,0.408593820833072,0.996541729168718,0.999999999999999,0.965933333333333,0.0340666666666667,0,0.999999999999999,0.956732337828152,0,0.965933333333333,0.965933333333333,0.145751283205705,0.997977001681352,0.00483771560284431,0.00298962855719891,1
143,1.7857920223144,0.0213403759544449,0.118878628959281,1,0.999,0.0136065203880505,0.405799446950886,0.996597526532134,1,0.9662,0.0338,0,1,0.9574,0,0.9662,0.9662,0.142389889791732,0.99841729172343,0.0047505620031309,0.00302242685070033,1
144,1.78887811228309,0.0220994363586781,0.120892242661957,1,0.999066666666667,0.013,0.403660272179156,0.996801308814174,1,0.965866666666667,0.0341333333333333,0,1,0.956927458278071,0,0.965866666666667,0.965866666666667,0.144526393616841,0.998666666666667,0.00515928584230557,0.00285950431749311,1
145,1.79299214111586,0.0232771831751933,0.12425361749794,1,0.999266666666667,0.0126550009319691,0.402824976109244,0.996657262252244,1,0.965333333333333,0.0346666666666667,0,1,0.955598367388648,0,0.965333333333333,0.965333333333333,0.147871647619896,0.998733333333334,0.00485459689619859,0.0028531774997967,0.999999999999999
146,1.79658067036468,0.0219400068237107,0.120395774896198,1,0.999466666666667,0.0124916769218152,0.40537909312344,0.996803587809325,1,0.963466666666667,0.0365333333333333,0,1,0.9544,0,0.963466666666667,0.963466666666667,0.145757109590308,0.998735817768281,0.00431238748704102,0.00258386789071027,1
147,1.7996860952598,0.0211333333333333,0.123753214553616,0.999999999999999,0.999799999999999,0.010231086276111,0.406117825548587,0.996680689662612,0.999999999999999,0.965266666666666,0.0347333333333333,0,0.999999999999999,0.95685532004488,0,0.965266666666666,0.965266666666666,0.148751223884485,0.999074621247014,0.00501995157693338,0.00257791679404017,0.999999999999998
148,1.80408099130271,0.0220768175449507,0.123047392813605,1,0.999866666666667,0.0105333333333333,0.408855211662933,0.99678012898962,1,0.965666666666667,0.0343333333333333,0,1,0.95756925728138,0,0.965666666666667,0.965666666666667,0.147764010259869,0.999012068611057,0.00430215782051402,0.00290494557316207,1
149,1.80660167535898,0.0223990539704527,0.124769201101257,1,0.999933333333334,0.0110180977693966,0.416349359511681,0.996877852446496,1,0.967,0.033,0,1,0.959431682563452,0,0.967,0.967,0.149034911075583,0.999333333333334,0.00500883574865189,0.00289418730420099,1
150,1.81042200278152,0.0222273602247782,0.126502859297238,1,0.999866666666666,0.0110696493091509,0.418973205810714,0.996714369601544,1,0.967266666666666,0.0327333333333333,0,1,0.95913947338079,0,0.967266666666666,0.967266666666666,0.15091720059114,0.999202413146894,0.0045590468791168,0.00251047174156912,1
151,1.81406844647675,0.0223136682798739,0.122557495746987,1,0.999866666666667,0.01,0.421537903951567,0.996287598308954,1,0.966266666666667,0.0337333333333333,0,1,0.957413661881477,0,0.966266666666667,0.966266666666667,0.148727392371364,0.999554632934098,0.00426531919224003,0.00350551431829883,0.999999999999999
152,1.81544678452405,0.0221044939543568,0.117731224003099,1,0.999866666666667,0.00973333333333333,0.422653319538945,0.996629623061441,1,0.966733333333334,0.0332666666666667,0,1,0.958074573478801,0,0.966733333333334,0.966733333333334,0.143757052018964,0.999533333333334,0.00538159987699328,0.00265355742468622,0.999999999999999
153,1.82039940042214,0.02,0.117172998287791,1,1,0.009,0.428849602400125,0.996591347199494,1,0.964066666666667,0.0359333333333333,0,1,0.955722947934519,0,0.964066666666667,0.964066666666667,0.144687357049719,0.999666666666667,0.00397387298602235,0.00272753933421511,0.999999999999999
154,1.82266822545462,0.0188,0.11507921478123,1,1,0.00899588335535916,0.43931452330327,0.99700076135982,1,0.9656,0.0344,0,1,0.958266666666667,0,0.9656,0.9656,0.142263666432059,0.999733333333333,0.00507669619235468,0.00380386333473889,1
155,1.82486666624548,0.0191707055509347,0.116908766656325,1,1,0.00866666666666667,0.433962118825801,0.996628829848977,1,0.966733333333333,0.0332666666666667,0,1,0.959066666666667,0,0.966733333333333,0.966733333333333,0.142858768043875,0.999671271984738,0.00589604427218051,0.00324933732720571,0.999999999999999
156,1.82957731691654,0.0191333333333333,0.117316087821065,1,1,0.00846666666666667,0.442608906207359,0.996545020431417,1,0.967,0.033,0,1,0.959466666666667,0,0.967,0.967,0.144133739058244,0.999866666666667,0.0046506158730315,0.00271388248996847,1
157,1.8330489571384,0.0187623624225073,0.11462141921623,1,1,0.00926666666666667,0.447371196309544,0.996792589823869,1,0.9654,0.0346,0,1,0.957066666666667,0,0.9654,0.9654,0.142465034197423,0.999933333333333,0.00504500943451644,0.00282529859656674,1
158,1.83699559251124,0.0178733858375701,0.116576153148065,1,1,0.00946666666666666,0.448268491739392,0.996664284801832,1,0.9654,0.0346,0,1,0.958733333333333,0,0.9654,0.9654,0.144058719325382,1,0.00500309990777591,0.00251953523708358,1
159,1.84142267439077,0.0177963341077052,0.117505934313878,1,1,0.00893333333333333,0.451844764096538,0.996863710207329,1,0.964466666666667,0.0355333333333333,0,1,0.958271936137155,0,0.964466666666667,0.964466666666667,0.146273151829537,1,0.00530963390826175,0.00272282381546165,1
160,1.84611764313606,0.0175222693751253,0.113649740307469,1,1,0.00949087090950417,0.453814302792556,0.996656538227136,1,0.964066666666667,0.0359333333333333,0,1,0.9584,0,0.964066666666667,0.964066666666667,0.143759854948991,1,0.00448449335116638,0.00311587477909247,1
161,1.84864427402869,0.0171289754273987,0.110555669711876,1,1,0.00893333333333333,0.453413146945452,0.996629969691969,1,0.9644,0.0356,0,1,0.958582700643604,0,0.9644,0.9644,0.14091607208467,1,0.00511611313523321,0.00291230793713513,1
162,1.85271832588923,0.0153333333333333,0.107920793915745,1,1,0.00897571072249147,0.461148504921847,0.996461633667263,1,0.965533333333333,0.0344666666666666,0,1,0.959266666666666,0,0.965533333333333,0.965533333333333,0.138221308790145,1,0.00453687959529557,0.00289857681623658,1
163,1.85575363947135,0.0166042182117691,0.110044985323817,1,1,0.00992394670200846,0.461530849474419,0.996502825596626,1,0.966466666666667,0.0335333333333333,0,1,0.959466666666667,0,0.966466666666667,0.966466666666667,0.140355037569049,1,0.00511298303659729,0.00304731333224176,1
164,1.85958701354315,0.0158447040850756,0.108045942570425,1,1,0.0101223710806479,0.466329821504535,0.996851493503463,1,0.965666666666667,0.0343333333333333,0,1,0.958266666666667,0,0.965666666666667,0.965666666666667,0.139608649861135,1,0.00398477143225527,0.00276198382190963,1
165,1.86186089350367,0.0151433453002406,0.108050942707193,1,1,0.00918687218496327,0.461724945577973,0.996662567210309,1,0.965066666666666,0.0349333333333333,0,1,0.9576,0,0.965066666666666,0.965066666666666,0.140434039855514,1,0.00529122462749629,0.00393834687347634,1
166,1.86437976368757,0.0150735510516651,0.102925995580308,0.999999999999999,0.999999999999999,0.00846666666666667,0.470331172272185,0.996546535219523,0.999999999999999,0.9662,0.0338,0,0.999999999999999,0.959733333333333,0,0.9662,0.9662,0.134773734870886,0.999999999999999,0.0045383631218223,0.00318204138285208,1
167,1.86690846249076,0.0154666666666667,0.104798873561937,1,1,0.00863839305771944,0.478023623974187,0.99667568102493,1,0.966933333333333,0.0330666666666667,0,1,0.961066666666667,0,0.966933333333333,0.966933333333333,0.135098428165121,1,0.00500830951321708,0.00221316484170885,1
168,1.87212674173188,0.0147058207921608,0.109530525760955,1,1,0.00812249558948072,0.481012737511876,0.996822577583516,1,0.9652,0.0348,0,1,0.957866666666667,0,0.9652,0.9652,0.141228823030938,1,0.00516546860053098,0.0025886751858395,1
169,1.87695082559144,0.0149031466124329,0.112323259500054,0.999999999999999,0.999999999999999,0.00906795349373967,0.479469567280016,0.99669789845932,0.999999999999999,0.967266666666666,0.0327333333333333,0,0.999999999999999,0.960399999999999,0,0.967266666666666,0.967266666666666,0.14224092242615,0.999999999999999,0.00605857927502781,0.00306330423989004,1
170,1.88257280954152,0.0149836382296919,0.110174289928987,1,1,0.00892133883941594,0.477759789395491,0.996614816545383,1,0.967533333333333,0.0324666666666667,0,1,0.960533333333333,0,0.967533333333333,0.967533333333333,0.140544869367119,1,0.00498855275354073,0.00294535585886804,1
171,1.88636940004286,0.0139333333333333,0.112322665911914,1,1,0.0084,0.476893469443377,0.996941154676838,1,0.969533333333333,0.0304666666666667,0,1,0.962733333333334,0,0.969533333333333,0.969533333333333,0.140447761142015,1,0.00512857346721554,0.00235721950494026,1
172,1.89159719735398,0.0138157943588515,0.112206052346428,1,1,0.00789655676729248,0.477835916748654,0.996652836997729,1,0.9684,0.0316,0,1,0.962255982012918,0,0.9684,0.9684,0.141065065391613,1,0.00414437892734434,0.0034974427294466,1
173,1.89282094005279,0.0157961285639721,0.116150239644558,1,1,0.0098,0.481193715889157,0.996713921099441,1,0.968466666666666,0.0315333333333333,0,1,0.963454477751994,0,0.968466666666666,0.968466666666666,0.145011382132194,1,0.00512464595354818,0.00210460677764346,1
174,1.89850544285623,0.0161333333333333,0.116002392036013,1,1,0.00993333333333333,0.481238979414477,0.996751252386452,1,0.967866666666667,0.0321333333333333,0,1,0.963066666666667,0,0.967866666666667,0.967866666666667,0.146030858758525,1,0.00574087463637369,0.00314435767260324,0.999999999999999
175,1.90343494444442,0.0155333333333333,0.116129872359002,1,1,0.00906666666666667,0.477588208100495,0.996630647695648,1,0.967,0.033,0,1,0.962866666666667,0,0.967,0.967,0.147118688131829,1,0.00614690500562174,0.00217510384094329,0.999999999999999
176,1.91099500957365,0.0139684988651141,0.112952380816716,1,1,0.0082863704756051,0.48061652074734,0.996608253969922,1,0.9692,0.0308,0,1,0.964666666666666,0,0.9692,0.9692,0.141942961459814,1,0.00446995686714036,0.00280781343179053,1
177,1.9141713573838,0.014,0.115950650345276,1,1,0.00869306281808681,0.473455319181846,0.996802762523395,1,0.969466666666666,0.0305333333333333,0,1,0.965,0,0.969466666666666,0.969466666666666,0.144452401827695,1,0.00472701261885877,0.00317820883061806,0.999999999999999
178,1.91713603323346,0.0136942678077535,0.11665642540775,0.999999999999999,0.999999999999999,0.00946666666666667,0.466940086895819,0.996654318517786,0.999999999999999,0.9712,0.0288,0,0.999999999999999,0.967243150239042,0,0.9712,0.9712,0.144672742614653,0.999999999999999,0.00473288476343812,0.00345884175592428,1
179,1.91957854699105,0.0123333333333333,0.11512019874771,1,1,0.00893333333333333,0.473430899847087,0.996763229636748,1,0.969333333333334,0.0306666666666667,0,1,0.964733333333334,0,0.969333333333334,0.969333333333334,0.144554599687023,1,0.00542040162624131,0.00268357188830302,1
180,1.92483210664276,0.0126166611765451,0.112191967905951,1,1,0.00966666666666666,0.471629915247633,0.996650457293741,1,0.973133333333334,0.0268666666666666,0,1,0.968666666666667,0,0.973133333333334,0.973133333333334,0.137857881908355,1,0.00476754372016163,0.00280458659324084,1
181,1.92853099559916,0.0121333333333333,0.112583418909641,1,1,0.0105535038522361,0.472423766885958,0.996789301297564,1,0.975133333333334,0.0248666666666667,0,1,0.9712,0,0.975133333333334,0.975133333333334,0.13563106085148,1,0.00399366906490126,0.00300177214509115,1
182,1.93044389955346,0.0117098082755839,0.112297268011774,1,1,0.00986666666666667,0.466677139901118,0.996630089512602,1,0.977266666666666,0.0227333333333333,0,1,0.973466666666666,0,0.977266666666666,0.977266666666666,0.134045093721534,1,0.00460940272768692,0.00340052379556002,0.999999999999999
183,1.93267792257297,0.0119333333333333,0.113535868523919,1,1,0.0104666666666667,0.462439537585805,0.996792495115022,1,0.977,0.023,0,1,0.974133333333333,0,0.977,0.977,0.134766714741234,1,0.00431890494182086,0.00317506345447045,1
184,1.9348885997625,0.0108,0.119183529180807,1,1,0.0092,0.461070307114499,0.996699770751487,1,0.978,0.022,0,1,0.975466666666666,0,0.978,0.978,0.139470585988485,1,0.00501708226537709,0.00326380123763678,1
185,1.93828100323525,0.0108666666666667,0.120066750622457,1,1,0.0094,0.455792691824889,0.996750563980366,1,0.976733333333333,0.0232666666666667,0,1,0.974133333333333,0,0.976733333333333,0.976733333333333,0.141800380770505,1,0.00439402719525848,0.00258647058054861,0.999999999999999
186,1.94178455588382,0.0110959996073799,0.116032804042309,1,1,0.00962833800418092,0.455052632286098,0.996660065953599,1,0.976733333333333,0.0232666666666667,0,1,0.974409222672823,0,0.976733333333333,0.976733333333333,0.137777543381366,1,0.00459762799948968,0.00321742489976909,1
187,1.94446461294684,0.0116666666666667,0.109394220544441,1,1,0.0100666666666667,0.460788605171007,0.996665631807105,1,0.9768,0.0232,0,1,0.974933333333334,0,0.9768,0.9768,0.131023742496199,1,0.00432228588277961,0.00280828869936969,1
188,1.94736784307497,0.011,0.105006475295316,1,1,0.0098,0.460877873929562,0.996622832911403,1,0.9782,0.0218,0,1,0.976333333333333,0,0.9782,0.9782,0.124711758700443,1,0.00439044137122622,0.00337126895258741,1
189,1.94935254666958,0.0112106301459447,0.104541467010783,1,1,0.010396463053633,0.456803778459185,0.996622892856077,1,0.978866666666667,0.0211333333333333,0,1,0.977133333333333,0,0.978866666666667,0.978866666666667,0.123118736959659,1,0.00582007427674397,0.00336231103438672,1
190,1.95404482240766,0.0114666666666667,0.101218527909275,1,1,0.0103333333333333,0.45846270065113,0.99649141558691,1,0.9786,0.0214,0,1,0.977133333333333,0,0.9786,0.9786,0.119679272544034,1,0.00403154185767082,0.00321703556703916,1
191,1.95563640420769,0.0125227590383743,0.0992329740374646,1,1,0.0111333333333333,0.461929255633461,0.996545422237285,1,0.9794,0.0206,0,1,0.978,0,0.9794,0.9794,0.116357475577739,1,0.0049276929343846,0.00306166351891446,1
192,1.95915530350362,0.0117369682795672,0.0964232288947993,1,1,0.0107333333333333,0.458314837102164,0.996673768176207,1,0.979333333333333,0.0206666666666667,0,1,0.977933333333333,0,0.979333333333333,0.979333333333333,0.113562433943126,1,0.00539745039838044,0.00315783884855198,1
193,1.96354305034926,0.0109333333333333,0.095928891843371,1,1,0.00974083610234462,0.458514276932025,0.996721529461246,1,0.981866666666667,0.0181333333333333,0,1,0.979866666666667,0,0.981866666666667,0.981866666666667,0.110254970981933,1,0.00525686359729057,0.00262023305600048,1
194,1.96867186364323,0.0100666666666667,0.0934190593260905,1,1,0.00933333333333333,0.46630298339602,0.99670584118044,1,0.9796,0.0204,0,1,0.977333333333333,0,0.9796,0.9796,0.109285146034214,1,0.00484892073337626,0.00261146443120913,1
195,1.97307668091144,0.00972778002746492,0.0921438670007691,1,1,0.0092,0.456459365631347,0.996432561908668,1,0.977466666666667,0.0225333333333333,0,1,0.975066666666667,0,0.977466666666667,0.977466666666667,0.10888465243629,1,0.00471588170334989,0.00199139241199256,1
196,1.97845230719961,0.0100666666666667,0.0891879052457464,1,1,0.0092,0.456044009811906,0.996656625815117,1,0.977266666666667,0.0227333333333333,0,1,0.974933333333334,0,0.977266666666667,0.977266666666667,0.10658877140742,1,0.00491117209464769,0.00299508590069388,1
197,1.98217231218204,0.0104,0.0898838808625898,0.999999999999999,0.999999999999999,0.00953333333333333,0.464560901216172,0.996643007013436,0.999999999999999,0.977133333333333,0.0228666666666667,0,0.999999999999999,0.974866666666666,0,0.977133333333333,0.977133333333333,0.106833195569749,0.999999999999999,0.00385232610475669,0.00274237830700359,1
198,1.98437241997472,0.0110084076036505,0.0924313995443657,1,1,0.0101762314496815,0.460030400544213,0.996569011687493,1,0.977,0.023,0,1,0.974533333333334,0,0.977,0.977,0.109473046788614,1,0.00474551251743826,0.00265820465198282,0.999999999999999
199,1.98851441613492,0.00962205077969142,0.0913062735626968,1,1,0.00911195559181375,0.46636618777199,0.996602420718326,1,0.976266666666667,0.0237333333333333,0,1,0.974600000000001,0,0.976266666666667,0.976266666666667,0.109604871835089,1,0.00526220371246836,0.00360655264066844,0.999999999999999
200,1.99180670215928,0.00986666666666667,0.0862899205324824,1,1,0.00951683758325555,0.462375255060785,0.996820262446939,1,0.976933333333333,0.0230666666666667,0,1,0.9754,0,0.976933333333333,0.976933333333333,0.103655876660997,1,0.00527494619551107,0.0027472564583574,1
201,1.99684137151873,0.00846666666666667,0.0795783896389048,1,1,0.00826666666666667,0.45934030109357,0.996551071264625,1,0.976733333333333,0.0232666666666667,0,1,0.975466666666667,0,0.976733333333333,0.976733333333333,0.0969383677286097,1,0.0049484445386839,0.00320367250266798,1
202,2.0002503761626,0.00853333333333333,0.0811659810694687,1,1,0.00813333333333333,0.461590097871978,0.996646901774114,1,0.977200000000001,0.0228,0,1,0.976000000000001,0,0.977200000000001,0.977200000000001,0.0978918709723652,1,0.0038078989836533,0.00221133378478043,0.999999999999999
203,2.00334299728478,0.00813333333333333,0.0791045181716653,1,1,0.00775927566451187,0.462006717928308,0.99675600215765,1,0.9774,0.0226,0,1,0.976533333333334,0,0.9774,0.9774,0.0958495816249752,1,0.00487300640400387,0.00248035808583275,1
204,2.00800273633814,0.00706666666666667,0.0770271191608082,1,1,0.0068,0.464344941627249,0.996777060209572,1,0.9774,0.0226,0,1,0.976666666666666,0,0.9774,0.9774,0.0943562569714897,1,0.00501135877061828,0.00301204888210741,1
205,2.01201735606505,0.0064,0.0768706705348278,1,1,0.00588429287071349,0.46285287882012,0.996778394679819,1,0.975933333333333,0.0240666666666667,0,1,0.975066666666666,0,0.975933333333333,0.975933333333333,0.0953843813131875,1,0.00459553133222202,0.00265656250931832,1
206,2.0159185949896,0.00593333333333333,0.0792963918852383,1,1,0.00533333333333333,0.464003401902912,0.996491633668687,1,0.977333333333333,0.0226666666666667,0,1,0.976733333333333,0,0.977333333333333,0.977333333333333,0.0962546454294409,1,0.00477140414404495,0.00243845516889635,1
207,2.02054036891768,0.00586666666666667,0.0776498840708467,0.999999999999999,0.999999999999999,0.00504424821964044,0.463810494104993,0.996632682843422,0.999999999999999,0.977733333333333,0.0222666666666667,0,0.999999999999999,0.977,0,0.977733333333333,0.977733333333333,0.0954672879631636,0.999999999999999,0.0048527413707207,0.0021812044531727,0.999999999999999
208,2.02593831710663,0.00546666666666667,0.0750389139763352,1,1,0.0044237456700337,0.46310877287292,0.996917151367568,1,0.9786,0.0214,0,1,0.978066666666667,0,0.9786,0.9786,0.0924921829116385,1,0.00374557544369381,0.00321360508711953,1
209,2.02701605623558,0.0054,0.0703111497009727,1,1,0.00450278521132228,0.461949913147932,0.99667952889735,1,0.979533333333333,0.0204666666666667,0,1,0.978866666666666,0,0.979533333333333,0.979533333333333,0.0873548236177088,1,0.00549820742290883,0.00321251308910017,1
210,2.03164919534986,0.0046,0.0665362405320792,1,1,0.00373333333333333,0.463423657109905,0.996610356025229,1,0.979933333333334,0.0200666666666667,0,1,0.979133333333334,0,0.979933333333334,0.979933333333334,0.0834981228977019,1,0.00391774123069272,0.00255210457772419,1
211,2.034423689957,0.0052,0.0671948696708268,1,1,0.0038,0.464285790748409,0.996571863831468,1,0.979733333333333,0.0202666666666667,0,1,0.9784,0,0.979733333333333,0.979733333333333,0.0843833779855133,1,0.00502424634763446,0.00229313762988913,1
212,2.03997627091974,0.005,0.0647098367741332,1,1,0.0036,0.471531067286265,0.996546064508351,1,0.980666666666667,0.0193333333333333,0,1,0.979666666666667,0,0.980666666666667,0.980666666666667,0.0809763565417424,1,0.00490864627437396,0.003177457660065,0.999999999999999
213,2.04350785461342,0.00626666666666667,0.0665451841770736,1,1,0.00453333333333333,0.469619566889443,0.996595407913995,1,0.981066666666667,0.0189333333333333,0,1,0.980200000000001,0,0.981066666666667,0.981066666666667,0.0813414205522668,1,0.00507026750049704,0.00402035306588893,1
214,2.04565336300721,0.006,0.0622112472041123,1,1,0.00425984864722758,0.466379871940516,0.996659867543777,1,0.981533333333333,0.0184666666666667,0,1,0.980866666666667,0,0.981533333333333,0.981533333333333,0.0768789294074474,1,0.00495038301764966,0.00276466824187302,1
215,2.05012457778885,0.00566666666666667,0.0625058091815151,1,1,0.00393333333333333,0.461733188035068,0.996835940100767,1,0.9794,0.0206,0,1,0.979,0,0.9794,0.9794,0.0786411015611186,1,0.00461861408799209,0.00239206342702199,1
216,2.0546892840226,0.00533333333333333,0.0641708903046915,1,1,0.004,0.470713697075955,0.996451122769729,1,0.978933333333333,0.0210666666666667,0,1,0.978466666666667,0,0.978933333333333,0.978933333333333,0.0807781288641079,1,0.00392732632408786,0.00280768062915948,1
217,2.05697251266542,0.00566666666666667,0.0626418079339927,1,1,0.00446666666666667,0.474483680247028,0.996734950060691,1,0.977533333333333,0.0224666666666667,0,1,0.977266666666667,0,0.977533333333333,0.977533333333333,0.0802889774308757,1,0.00449648404338372,0.00287445070999859,1
218,2.06017185914597,0.00586666666666667,0.060997597196772,1,1,0.0044,0.486085675871962,0.996650118935198,1,0.9774,0.0226,0,1,0.9772,0,0.9774,0.9774,0.07926687245797,1,0.00487008380505667,0.00347027789342667,0.999999999999999
219,2.06278101031216,0.00653333333333333,0.0587100482152941,1,1,0.00476836550875564,0.481372182995354,0.996766204350825,1,0.976533333333333,0.0234666666666667,0,1,0.9762,0,0.976533333333333,0.976533333333333,0.0783187664498781,1,0.00416415819630254,0.0036833874285324,1
220,2.06377273512223,0.00490910050120842,0.0588666666666667,1,1,0.00386666666666667,0.484924239655065,0.996394635141486,1,0.975866666666667,0.0241333333333333,0,1,0.975666666666667,0,0.975866666666667,0.975866666666667,0.0790598027352275,1,0.00490235939748984,0.0017733141960987,1
221,2.07023037329582,0.00486666666666667,0.0598113708790886,1,1,0.004,0.482593785805519,0.996660177517274,1,0.975066666666666,0.0249333333333333,0,1,0.974933333333333,0,0.975066666666666,0.975066666666666,0.0803293988868672,1,0.00480631770195028,0.0027312642113505,1
222,2.07452621205828,0.00446666666666667,0.0608666666666667,1,1,0.00426666666666667,0.488477608484744,0.996552373451818,1,0.9746,0.0254,0,1,0.974266666666667,0,0.9746,0.9746,0.0823791000400925,1,0.00516262611575838,0.00224662250746945,1
223,2.08043723623066,0.00446666666666667,0.0612951509747628,1,1,0.0042,0.490924689137647,0.996379248430338,1,0.973666666666666,0.0263333333333333,0,1,0.973466666666666,0,0.973666666666666,0.973666666666666,0.0829800670494028,1,0.00483832635906153,0.00296885881419918,0.999999999999999
224,2.08432654612292,0.0042,0.0571800384137903,1,1,0.00393333333333333,0.486943310023045,0.996576382574801,1,0.9736,0.0264,0,1,0.973333333333333,0,0.9736,0.9736,0.0788064943282,1,0.00543159822580155,0.00329195440823377,1
225,2.08864865259497,0.00433333333333333,0.0582468548164359,1,1,0.00413333333333333,0.486206000240451,0.996678388010483,1,0.9744,0.0256,0,1,0.974199991527228,0,0.9744,0.9744,0.0790628734073431,1,0.0043793594117528,0.00311573382047151,1
226,2.09128792248358,0.00477190770748936,0.0577802159415887,1,1,0.00466666666666667,0.486489201638268,0.996829458868711,1,0.976,0.024,0,1,0.9758,0,0.976,0.976,0.0768783691551977,1,0.00611668091589519,0.00334513739923396,1
227,2.09708401796661,0.00423682701595663,0.0567807225662383,0.999999999999999,0.999999999999999,0.00419227363395294,0.488106725844703,0.99652412482971,0.999999999999999,0.977933333333333,0.0220666666666667,0,0.999999999999999,0.977620816952429,0,0.977933333333333,0.977933333333333,0.0745333333333334,0.999999999999999,0.00538121076706023,0.00324304431512771,1
228,2.10156420364243,0.00353333333333333,0.0550768536971028,1,1,0.00353333333333333,0.492302575292263,0.996560688379601,1,0.977866666666667,0.0221333333333333,0,1,0.977344899891715,0,0.977866666666667,0.977866666666667,0.0729605880172809,1,0.00410169413420125,0.00313386956224994,1
229,2.10359814911825,0.00412646914968051,0.0513237582520772,1,1,0.0042,0.492629870248608,0.996580850956797,1,0.976133333333333,0.0238666666666667,0,1,0.975161780421574,0,0.976133333333333,0.976133333333333,0.0706936141133798,1,0.0050109533306265,0.00267711958338374,1
230,2.1085075974693,0.0040443975194553,0.0523260750741218,0.999999999999999,0.999999999999999,0.00406666666666667,0.48369930167647,0.996793559603706,0.999999999999999,0.976,0.024,0,0.999999999999999,0.9754,0,0.976,0.976,0.0721976185310566,0.999999999999999,0.00454917711399108,0.00302950686342336,0.999999999999999
231,2.11171183373827,0.0048,0.05336076693253,1,1,0.0048,0.488050206400632,0.996857535019317,1,0.975066666666667,0.0249333333333333,0,1,0.974413900602114,0,0.975066666666667,0.975066666666667,0.073116844741673,1,0.0045153667535492,0.00292485677549872,1
232,2.1150705324806,0.00506666666666667,0.0542471523142668,0.999999999999999,0.999999999999999,0.00506666666666667,0.482477634187356,0.996657068083632,0.999999999999999,0.975466666666666,0.0245333333333333,0,0.999999999999999,0.975133333333333,0,0.975466666666666,0.975466666666666,0.0741656525835817,0.999999999999999,0.00456373647184636,0.00280652403397107,1
233,2.11874350083079,0.0048,0.0539993556796939,1,1,0.0048,0.488580216403749,0.996486315411595,1,0.976666666666667,0.0233333333333333,0,1,0.9764,0,0.976666666666667,0.976666666666667,0.0725147611526059,1,0.00464628079365531,0.00277124896888474,1
234,2.12271621232337,0.00466666666666667,0.0534038950804076,1,1,0.00466666666666667,0.488261172388637,0.996713656448844,1,0.977466666666667,0.0225333333333333,0,1,0.9774,0,0.977466666666667,0.977466666666667,0.0713009171772869,1,0.00535209617990317,0.00276771461094152,1
235,2.12800923912735,0.0052,0.0533557876166133,1,1,0.0052,0.492711967238785,0.996667947334901,1,0.9758,0.0242,0,1,0.975733333333333,0,0.9758,0.9758,0.0726449204907117,1,0.00588972646528468,0.00295602104028662,0.999999999999998
236,2.13414735674016,0.00566666666666667,0.0535822975361591,1,1,0.00566666666666667,0.486108869573871,0.996737472992964,1,0.976333333333333,0.0236666666666667,0,1,0.976333333333333,0,0.976333333333333,0.976333333333333,0.0726637198724867,1,0.00512246982994285,0.00240610712355964,1
237,2.13994447502993,0.00551327763646788,0.0547176091208126,1,1,0.0056,0.484751101853297,0.996747782024593,1,0.976933333333333,0.0230666666666667,0,1,0.976933333333333,0,0.976933333333333,0.976933333333333,0.0742800981319776,1,0.00462061948552441,0.00273740767255212,0.999999999999999
238,2.14397444374441,0.00613333333333333,0.0585377359498072,1,1,0.00613333333333333,0.488109832201295,0.99679805529268,1,0.977133333333334,0.0228666666666667,0,1,0.977133333333334,0,0.977133333333334,0.977133333333334,0.077541749947908,1,0.00507645378900641,0.00311208387276023,1
239,2.14813282648723,0.00666666666666667,0.0560705250892091,1,1,0.00666666666666667,0.482946720603626,0.99650932364799,1,0.976,0.024,0,1,0.976,0,0.976,0.976,0.0754573317626192,1,0.00511636393964205,0.00294965236627037,1
240,2.1525552030417,0.006,0.0557837827916274,1,1,0.006,0.484174805349352,0.996812109629575,1,0.9768,0.0232,0,1,0.9768,0,0.9768,0.9768,0.0737456362056576,1,0.00494422484343543,0.00249338059230055,1
241,2.15783078058633,0.00546666666666667,0.0556503426424802,1,1,0.00546666666666667,0.481658326307093,0.996916774401679,1,0.977066666666667,0.0229333333333333,0,1,0.977066666666667,0,0.977066666666667,0.977066666666667,0.0731127129460278,1,0.00377793315369421,0.00258029581271391,1
242,2.16041507930468,0.00591214922207735,0.0553700647840917,1,1,0.00593333333333333,0.490493252482964,0.996535586818233,1,0.978133333333333,0.0218666666666667,0,1,0.978133333333333,0,0.978133333333333,0.978133333333333,0.0718831887885318,1,0.00405365337275843,0.00274282800231191,1
243,2.16324700620132,0.00553333333333333,0.0575603373782018,1,1,0.00553333333333333,0.492364310888259,0.996780627082057,1,0.978,0.022,0,1,0.978,0,0.978,0.978,0.0739955353671288,1,0.00600406764905011,0.00265555571145469,1
244,2.17049066462555,0.0062,0.0574177451288299,1,1,0.0062,0.496709988823656,0.996599373841907,1,0.9784,0.0216,0,1,0.9784,0,0.9784,0.9784,0.0732179209921098,1,0.00576480586953993,0.00280224494381119,1
245,2.17677617608059,0.00666666666666667,0.0583511899365527,1,1,0.00666666666666667,0.495095196900841,0.996689254097054,1,0.975666666666666,0.0243333333333333,0,1,0.975666666666666,0,0.975666666666666,0.975666666666666,0.0763838031778391,1,0.00479375228693985,0.00307344751004835,1
246,2.18052089453453,0.00625436443621547,0.0580788566266753,1,1,0.00627940100457462,0.502885242663871,0.996653224883659,1,0.976866666666667,0.0231333333333333,0,1,0.976866666666667,0,0.976866666666667,0.976866666666667,0.0762227611507084,1,0.00505807747774344,0.0029465365749353,1
247,2.18512515359276,0.0062,0.0577766012039176,1,1,0.0062,0.504279241269943,0.996615341392808,1,0.976200000000001,0.0238,0,1,0.976200000000001,0,0.976200000000001,0.976200000000001,0.0759761304507996,1,0.00460315897456943,0.00260111149191346,1
248,2.1894998779058,0.00673944678218442,0.0601690195089585,1,1,0.0068,0.498724869245225,0.996434452816034,1,0.976133333333333,0.0238666666666667,0,1,0.976133333333333,0,0.976133333333333,0.976133333333333,0.078616547205305,1,0.00505949499000496,0.00295358478737218,0.999999999999999
249,2.19411076803735,0.00623570658055078,0.0611725090839369,1,1,0.00624410614619199,0.504520741958167,0.996633928632537,1,0.977,0.023,0,1,0.977,0,0.977,0.977,0.0791293244787942,1,0.00582249440470032,0.00325896935287858,1
250,2.19973542595768,0.00604423558500352,0.0587045551184897,1,1,0.00606666666666667,0.503621219248855,0.996796505535922,1,0.9764,0.0236,0,1,0.9764,0,0.9764,0.9764,0.0777230493613466,1,0.0050607172167272,0.00284961647123137,1
251,2.20453064511927,0.00553333333333333,0.0555328318134536,1,1,0.00566666666666667,0.503822469482791,0.996678408672273,1,0.9776,0.0224,0,1,0.9776,0,0.9776,0.9776,0.0737274337590045,1,0.00460068443494837,0.00205839183002059,1
252,2.21013520707569,0.0064,0.0549518433645181,1,1,0.00646666666666667,0.505345665842145,0.996747486737909,1,0.977733333333333,0.0222666666666667,0,1,0.977733333333333,0,0.977733333333333,0.977733333333333,0.0732368972948625,1,0.00443624711777363,0.00332459662053915,1
253,2.21259210497759,0.00666666666666667,0.0517845133893625,1,1,0.00666666666666667,0.509699692796154,0.996599269282876,1,0.9778,0.0222,0,1,0.9778,0,0.9778,0.9778,0.0702666666666667,1,0.00533473783198651,0.0028373893280538,1
254,2.21811771856077,0.0072,0.0516354917091883,1,1,0.00725967459154508,0.50992878301445,0.996865037193745,1,0.977733333333333,0.0222666666666667,0,1,0.977733333333333,0,0.977733333333333,0.977733333333333,0.0691333333333333,1,0.00479593491559686,0.00263335629526403,1
255,2.22291457251631,0.00866666666666666,0.0549647841499608,0.999999999999999,0.999999999999999,0.00867069317666253,0.507662843419121,0.996754870926489,0.999999999999999,0.977933333333333,0.0220666666666667,0,0.999999999999999,0.977933333333333,0,0.977933333333333,0.977933333333333,0.0716946489671398,0.999999999999999,0.00479742441905211,0.00347906157327052,1
256,2.22575023879349,0.0101921222049312,0.0547911487449288,1,1,0.0102,0.50675400085704,0.996720065802844,1,0.978266666666667,0.0217333333333333,0,1,0.978266666666667,0,0.978266666666667,0.978266666666667,0.0709050036011355,1,0.00447730850430214,0.00312481350393138,1
257,2.22876055486353,0.0100466243117416,0.0550588303648461,1,1,0.0102666666666667,0.511245545362748,0.996852286086776,1,0.976333333333333,0.0236666666666667,0,1,0.976333333333333,0,0.976333333333333,0.976333333333333,0.0724312929987308,1,0.00512037348445185,0.00198179249770475,1
258,2.23575570036503,0.0102232319549033,0.0527522963624789,1,1,0.0103557302944093,0.513900516970575,0.996576661421736,1,0.974266666666667,0.0257333333333333,0,1,0.974266666666667,0,0.974266666666667,0.974266666666667,0.0718331837313719,1,0.0047160626601076,0.00333068095789338,1
259,2.23881296068194,0.0105294488418159,0.0551248085220533,1,1,0.0106994063028545,0.517109886418579,0.996631837420577,1,0.977133333333334,0.0228666666666667,0,1,0.977133333333334,0,0.977133333333334,0.977133333333334,0.0716447532134974,1,0.00534944154637961,0.00359159011660799,1
260,2.24271132974726,0.0115209192196525,0.0563605162809873,1,1,0.0116,0.514087655405465,0.99662563908474,1,0.9776,0.0224,0,1,0.9776,0,0.9776,0.9776,0.0727420723704169,1,0.00369010033817042,0.0018700618384131,0.999999999999999
261,2.24679315071125,0.0107333333333333,0.0536890237559496,0.999999999999999,0.999999999999999,0.0107483653681368,0.510853940190656,0.996665313000809,0.999999999999999,0.976866666666666,0.0231333333333333,0,0.999999999999999,0.976866666666666,0,0.976866666666666,0.976866666666666,0.0706749230126179,0.999999999999999,0.00466480106945531,0.00313951035465484,1
262,2.2502201634421,0.0110666666666667,0.0546522369703059,1,1,0.0110666666666667,0.511924444927685,0.996702771304669,1,0.973333333333333,0.0266666666666667,0,1,0.973333333333333,0,0.973333333333333,0.973333333333333,0.0735051844975437,1,0.00358154741232785,0.00284328630895382,1
263,2.2518814134628,0.0111751569649243,0.0534425193731097,1,1,0.0112,0.507107054166925,0.996823030196009,1,0.974133333333333,0.0258666666666667,0,1,0.974133333333333,0,0.974133333333333,0.974133333333333,0.0723125303390677,1,0.00494869239427636,0.00333813761743351,1
264,2.25550819183014,0.0112,0.0533007521659186,1,1,0.0112085221795029,0.506700275874697,0.996770169588595,1,0.975133333333333,0.0248666666666667,0,1,0.975133333333333,0,0.975133333333333,0.975133333333333,0.0717176079697437,1,0.00526315657015334,0.00346468534261161,0.999999999999999
265,2.25951958387393,0.00959761862426114,0.0522705868854466,1,1,0.00966579216562087,0.511072330162172,0.99659905196896,1,0.9758,0.0242,0,1,0.9758,0,0.9758,0.9758,0.0712501720421951,1,0.00500075655827267,0.00347171938089065,1
266,2.26293671653472,0.00889031757051807,0.0523614315494377,1,1,0.0089176448247353,0.512662285238114,0.996506750429945,1,0.976666666666667,0.0233333333333333,0,1,0.976666666666667,0,0.976666666666667,0.976666666666667,0.0703526018883644,1,0.00420327474637883,0.00271107762706449,1
267,2.26631346418433,0.0084,0.0523515819814007,1,1,0.00841395855866506,0.514049000656062,0.996690121500289,1,0.9754,0.0246,0,1,0.9754,0,0.9754,0.9754,0.0724325417585108,1,0.00375097914826413,0.00242330691866318,1
268,2.26932238563429,0.0100424791289272,0.0524546349126638,0.999999999999999,0.999999999999999,0.0101333333333333,0.516121629831844,0.996628543120763,0.999999999999999,0.9768,0.0232,0,0.999999999999999,0.9768,0,0.9768,0.9768,0.0712666666666667,0.999999999999999,0.00434675583691559,0.00237957129177648,1
269,2.27378656155925,0.00951402046099965,0.0531004984748808,1,1,0.00960197437865096,0.511137805442365,0.996617915335884,1,0.977266666666667,0.0227333333333333,0,1,0.977266666666667,0,0.977266666666667,0.977266666666667,0.0707768337508561,1,0.00490855277708104,0.00320367026376158,1
270,2.27766310050707,0.00913333333333333,0.0526910655596387,1,1,0.00933333333333333,0.520214560184669,0.996826881700002,1,0.977933333333333,0.0220666666666667,0,1,0.977933333333333,0,0.977933333333333,0.977933333333333,0.0702318551481712,1,0.00517038737728509,0.00326009224045123,1
271,2.28186226504462,0.00921834375582159,0.0514946178720504,1,1,0.00937538157467664,0.519005191843007,0.996816192886621,1,0.977,0.023,0,1,0.977,0,0.977,0.977,0.0691023320637312,1,0.0053261783015649,0.00284881992201829,1
272,2.28738182840953,0.00998751406574314,0.0512394063669198,1,1,0.0100805881122681,0.524796875484906,0.996681654600662,1,0.978533333333334,0.0214666666666667,0,1,0.978533333333334,0,0.978533333333334,0.978533333333334,0.0668193726525828,1,0.00496597735011818,0.00370766656568156,1
273,2.29026006563235,0.00993333333333333,0.0507543890171955,1,1,0.00993333333333333,0.535018376464601,0.996440872695836,1,0.978533333333333,0.0214666666666667,0,1,0.978533333333333,0,0.978533333333333,0.978533333333333,0.0666582205681085,1,0.00453973061368295,0.00264858282393152,1
274,2.29459128589342,0.0100666666666667,0.051495078787298,0.999999999999999,0.999999999999999,0.0100666666666667,0.54115650484198,0.99681933947003,0.999999999999999,0.978866666666666,0.0211333333333333,0,0.999999999999999,0.978866666666666,0,0.978866666666666,0.978866666666666,0.067240678422086,0.999999999999999,0.00576473512302609,0.00314536730021586,1
275,2.30060166447419,0.00986097203771761,0.054366985661872,1,1,0.00986666666666667,0.545346033843363,0.996601986673988,1,0.977,0.023,0,1,0.977,0,0.977,0.977,0.0702022873439092,1,0.00463844521377757,0.00325652380279041,1
276,2.30378091517248,0.0100668530010255,0.0552896298262159,0.999999999999999,0.999999999999999,0.0101599065145136,0.546069132075327,0.996844685804465,0.999999999999999,0.9792,0.0208,0,0.999999999999999,0.9792,0,0.9792,0.9792,0.0704,0.999999999999999,0.00473515342434902,0.00303844199432196,1
277,2.30768976658353,0.0096,0.0547074382589022,0.999999999999999,0.999999999999999,0.0096,0.545119123869421,0.996579000838595,0.999999999999999,0.980333333333333,0.0196666666666667,0,0.999999999999999,0.980333333333333,0,0.980333333333333,0.980333333333333,0.0687079487837458,0.999999999999999,0.00521962298748514,0.00321659209600181,1
278,2.3121834290682,0.00953333333333333,0.0532174755138881,1,1,0.00953333333333333,0.541704968014322,0.996792176523588,1,0.9808,0.0192,0,1,0.9808,0,0.9808,0.9808,0.0674857191484576,1,0.00454250413051177,0.00288510901431972,1
279,2.31601563059128,0.0098,0.0528948971369629,1,1,0.0098,0.542919067817656,0.996675272769877,1,0.977933333333333,0.0220666666666667,0,1,0.977933333333333,0,0.977933333333333,0.977933333333333,0.068772608793288,1,0.00492964222220218,0.00254654750347613,1
280,2.32153491520903,0.0102938727834448,0.0530441063474033,1,1,0.0103421089432792,0.541412907799387,0.996746678667658,1,0.976666666666666,0.0233333333333333,0,1,0.976666666666666,0,0.976666666666666,0.976666666666666,0.068895799766533,1,0.00574467401059019,0.00269001914344044,1
281,2.32862640313703,0.0107918059448214,0.0515413756541814,1,1,0.0108666666666667,0.540294543010238,0.99656141465051,1,0.9776,0.0224,0,1,0.9776,0,0.9776,0.9776,0.0676545210366567,1,0.0042312376843997,0.00347357768781454,0.999999999999999
282,2.33039071020968,0.0113045094172841,0.0539832336107731,1,1,0.0114666666666667,0.542882155007647,0.996639471926179,1,0.975933333333334,0.0240666666666667,0,1,0.975933333333334,0,0.975933333333334,0.975933333333334,0.0707219763777899,1,0.00458304700291627,0.00275645414016783,1
283,2.33462384155893,0.0106362734475889,0.0542451941285897,0.999999999999999,0.999999999999999,0.0106577512847799,0.538548969765969,0.996589912388012,0.999999999999999,0.974999999999999,0.025,0,0.999999999999999,0.974999999999999,0,0.974999999999999,0.974999999999999,0.0726056649074785,0.999999999999999,0.00512139494698051,0.00191832038686635,1
284,2.34210181579326,0.0103121475107327,0.0554038279020795,1,1,0.0104,0.544721218676155,0.996658506634898,1,0.9742,0.0258,0,1,0.9742,0,0.9742,0.9742,0.0732,1,0.00505910831291967,0.00232331265763731,1
285,2.34850932776513,0.00966666666666667,0.0534076043294663,1,1,0.00973333333333333,0.539036241164808,0.996606104813216,1,0.975533333333334,0.0244666666666667,0,1,0.975533333333334,0,0.975533333333334,0.975533333333334,0.0711941008464187,1,0.00498336766232886,0.0025509476227268,1
286,2.35412506394367,0.009,0.0568242543672796,1,1,0.009,0.539761611282541,0.996637973378641,1,0.9752,0.0248,0,1,0.9752,0,0.9752,0.9752,0.0738612831395036,1,0.00536602638236908,0.00305032474272586,1
287,2.35957651521417,0.0082,0.0527337639989611,1,1,0.00826666666666667,0.542321092149669,0.996631664430773,1,0.976533333333333,0.0234666666666667,0,1,0.976533333333333,0,0.976533333333333,0.976533333333333,0.0695537528786748,1,0.00497552952965011,0.00282984297216223,1
288,2.36463942682422,0.0072,0.0508816025048652,1,1,0.00722307044761596,0.55008021778545,0.99670649409825,1,0.975266666666666,0.0247333333333333,0,1,0.975266666666666,0,0.975266666666666,0.975266666666666,0.0693533173122501,1,0.00515021910139048,0.00267022345821611,1
289,2.37050372230043,0.0062,0.0493080096846994,1,1,0.0062,0.558691661219995,0.996631325899103,1,0.977333333333333,0.0226666666666667,0,1,0.977333333333333,0,0.977333333333333,0.977333333333333,0.0661465703474186,1,0.00447355280638797,0.00241397896773335,0.999999999999999
290,2.37538594975131,0.00686666666666667,0.0501480147609445,1,1,0.00686666666666667,0.560681472756321,0.996618748308708,1,0.976533333333333,0.0234666666666667,0,1,0.976533333333333,0,0.976533333333333,0.976533333333333,0.0674650028960775,1,0.00446459993500442,0.00324297358838507,1
291,2.37828778381091,0.00813741150848338,0.0513705207388986,1,1,0.0082,0.557029259919,0.996795579257914,1,0.976866666666667,0.0231333333333333,0,1,0.976866666666667,0,0.976866666666667,0.976866666666667,0.0685944959803745,1,0.00461272173622002,0.00359759002584977,0.999999999999999
292,2.38070205915665,0.00886666666666667,0.0496124261447245,1,1,0.00893333333333333,0.556188193819933,0.996659695092258,1,0.978266666666667,0.0217333333333333,0,1,0.978266666666667,0,0.978266666666667,0.978266666666667,0.0643131247263111,1,0.00542487908088971,0.00293361358597185,0.999999999999999
293,2.3866330200503,0.00826666666666667,0.0482580113807103,1,1,0.00829540544697726,0.565521543057262,0.996368579492737,1,0.978,0.022,0,1,0.978,0,0.978,0.978,0.0636064918765371,1,0.00479047188325072,0.00316458535038959,1
294,2.39051341453648,0.00848318523267669,0.0483466523685127,1,1,0.00858621852327724,0.56601155387261,0.996924342800654,1,0.976,0.024,0,1,0.976,0,0.976,0.976,0.0654488045589568,1,0.00384758674073489,0.00257235517786615,1
295,2.39356187269416,0.008,0.047197384421042,1,1,0.008,0.570355348056735,0.996715057193861,1,0.977333333333333,0.0226666666666667,0,1,0.977333333333333,0,0.977333333333333,0.977333333333333,0.0638037637251882,1,0.00527195234925265,0.00327787936774592,1
296,2.39830353762609,0.00813333333333333,0.0506380719641121,1,1,0.00813333333333333,0.571030157573604,0.996644170724132,1,0.976133333333333,0.0238666666666667,0,1,0.976133333333333,0,0.976133333333333,0.976133333333333,0.0684159228591797,1,0.00403337771913146,0.00275572338138116,1
297,2.40136774054418,0.0076,0.0516089268403988,1,1,0.00763224482488869,0.576881715480648,0.996718182538657,1,0.975533333333333,0.0244666666666667,0,1,0.975533333333333,0,0.975533333333333,0.975533333333333,0.0691702913304367,1,0.00626395255571578,0.00259869038608297,0.999999999999999
298,2.41007124575936,0.00635966810295107,0.0487674140121488,1,1,0.0064,0.576105750375061,0.996685171735214,1,0.976533333333333,0.0234666666666667,0,1,0.976533333333333,0,0.976533333333333,0.976533333333333,0.0656600743665071,1,0.00535163398563463,0.00287814130192096,0.999999999999999
299,2.41592569750695,0.00574651044097352,0.0492522868242043,1,1,0.0058,0.574576676478393,0.99658274015545,1,0.977,0.023,0,1,0.977,0,0.977,0.977,0.066,1,0.0050754589243784,0.00303744471982104,1
300,2.42084938839563,0.00677562287027668,0.0498602354088241,1,1,0.00686666666666666,0.576897761257818,0.996797059580436,1,0.9784,0.0216,0,1,0.9784,0,0.9784,0.9784,0.0662638666939409,1,0.00538914170352713,0.00289504002051957,1
