"X","PopRatio","KC","LC","aKC","Prol_KC","Diff_KC","preDiff_KC","pDC","iDC","M1","M2","Neutrophil","Th0","Th1","Th2","Th17","Th22","Treg","Fibroblast","Division","Death","ILC3"
0,1.36335026305308,0.0572957887811738,0.262270066523031,0.999999999999998,0.932322904455784,0.0374051501828377,0.196779220338057,0.996406604672878,0.999999999999998,0.945953953059958,0.0468666666666666,0.99103525794964,0.999999999999998,0.945603271043811,0,0.94600608300447,0.945133333333332,0.298940192772077,0.918733333333333,0.00751080765902504,0.00559210371912798,0.999999999999999
1,1.36596612857426,0.0586401687277102,0.257412197112587,0.999999999999999,0.931086619031378,0.0365280088747766,0.203628159340653,0.99663970811798,0.999999999999999,0.944242755699988,0.0484,0.991076140328427,0.999999999999999,0.944599875823698,0,0.944939358473546,0.942994305885419,0.294273561931289,0.917493445732626,0.00581734900604132,0.0026612501233801,0.999999999999999
2,1.37024997390729,0.0605366310905191,0.254314088150953,0.999999999999999,0.933667469406702,0.0364452532189187,0.206336991811119,0.996831188620682,0.999999999999999,0.947179063238341,0.0461333333333333,0.991399999999999,0.999999999999999,0.947266666666666,0,0.947897615573787,0.945690051612089,0.288479139188043,0.92279365023567,0.00436425529921055,0.00287093438868878,0.999999999999999
3,1.37229619684597,0.0611685421293831,0.250922377158741,1,0.930303209128002,0.0365189776180045,0.199214328893291,0.996512346577828,1,0.946466666666666,0.0464666666666666,0.991883142885174,1,0.946710371544547,0,0.947605797996448,0.945347527400073,0.287716322544437,0.919594914058865,0.00449774454045264,0.00331450681692068,1
4,1.37387735827256,0.0606900334651065,0.254414524704418,0.999999999999998,0.932622238849055,0.036715173819455,0.196189672663402,0.996594170218358,0.999999999999998,0.946298300295035,0.04697518153117,0.991901642760926,0.999999999999998,0.945225316457666,0,0.94763920010644,0.944498197998597,0.291576475337206,0.920285399783676,0.00400717603147684,0.00288706445216819,0.999999999999998
5,1.37541625421011,0.0596169852631655,0.256701632314112,0.999999999999998,0.932376412527994,0.0342051830787259,0.200131038543094,0.996960072769223,0.999999999999998,0.94517867299675,0.0482610499936829,0.991285820518096,0.999999999999998,0.944091883380445,0,0.946725450059938,0.942401459116071,0.293778135313312,0.920105394973683,0.00454951199562212,0.00243037631907483,0.999999999999998
6,1.37833094786451,0.0570193563084707,0.251181170607531,1,0.932486506593067,0.0326701989721764,0.207325403338646,0.996658677083333,1,0.943854167537032,0.0488666666666667,0.990667529606923,1,0.943253000009332,0,0.946187173848673,0.941394610481738,0.28893067306214,0.921072602898194,0.00364539663305728,0.00198787426287331,0.999999999999998
7,1.38061556224411,0.0560014617227934,0.252519102403417,0.999999999999999,0.930362479606007,0.0308,0.208736269395167,0.996455409052948,0.999999999999999,0.943466666666666,0.0499999999999999,0.989910986162849,0.999999999999999,0.941088634211084,0,0.945017315933485,0.94089672566203,0.289952217567444,0.919680908955452,0.00425104100257088,0.0025361689545769,0.999999999999999
8,1.38285479901612,0.0533916834617607,0.242774770484112,0.999999999999999,0.932371459611167,0.0287147215910976,0.210386617970856,0.996737418082256,0.999999999999999,0.944812676458577,0.0484666666666666,0.991479189447593,0.999999999999999,0.942903265064225,0,0.946810822522645,0.941400789213934,0.280620041332093,0.920805266786139,0.00422373530754315,0.00247372524051107,0.999999999999999
9,1.38527480883564,0.0526199788323711,0.238006330488039,0.999999999999999,0.931687391334971,0.0286456697246374,0.213413169201868,0.996593901590968,0.999999999999999,0.943773595824491,0.0501333333333333,0.990841861791258,0.999999999999999,0.941013070065451,0,0.945986652158398,0.939547493267232,0.274960823300951,0.921632281332122,0.00405916777017223,0.00251791634847224,0.999999999999999
10,1.3874098656042,0.0536,0.237395763891902,0.999999999999999,0.9312743918306,0.0294,0.217113393925235,0.99689738356302,0.999999999999999,0.945088023123943,0.0501333333333333,0.989733814717445,0.999999999999999,0.942866666666666,0,0.947126727471804,0.939354331947485,0.273695279255741,0.921388746625889,0.00400278441708763,0.00256564175436262,0.999999999999999
11,1.38940377151275,0.0528422608264324,0.234673520554541,0.999999999999999,0.931697293900314,0.0286537884324104,0.222488443363726,0.996608342564981,0.999999999999999,0.945562244740928,0.0503333333333333,0.989141702600333,0.999999999999999,0.942834775834634,0,0.94657229493441,0.940583371780107,0.269546287087101,0.922357264141701,0.00391750727783619,0.00262998599749896,0.999999999999998
12,1.39119265843555,0.0546724305625232,0.235206298057673,1,0.934943279276438,0.0295836373038955,0.221063941080117,0.996634937194082,1,0.941711811029646,0.0548666666666666,0.989131807817309,1,0.939333333333334,0,0.942842217857788,0.93626100914412,0.271476783037447,0.925267780497802,0.00397312398156639,0.00298988386378937,0.999999999999999
13,1.39256053486888,0.0546308420675258,0.232105888311588,0.999999999999998,0.937147831445291,0.0298829930236361,0.218133478748485,0.996928321342212,0.999999999999998,0.939290908393572,0.0583333333333333,0.987955179263619,0.999999999999998,0.937141953592793,0,0.940066666666666,0.933881475144818,0.266864434003303,0.927320044931855,0.00478956830098817,0.00189151269598505,1
14,1.39659625273226,0.0540666666666667,0.231219470236873,0.999999999999999,0.938807647184578,0.0310730974457552,0.219490899127069,0.996587896350593,0.999999999999999,0.939399999999999,0.0581333333333333,0.988659499919281,0.999999999999999,0.938100851386788,0,0.940466666666666,0.934073080598951,0.266243552895053,0.930257775774706,0.00358962920042422,0.00301349382175949,0.999999999999998
15,1.39740088124317,0.0569574971298128,0.234343815404833,0.999999999999999,0.937757384113144,0.0327162530004882,0.220932430845271,0.996630075440702,0.999999999999999,0.939656053732865,0.0570666666666666,0.987462511850801,0.999999999999999,0.939005664478713,0,0.941290817877039,0.935346471845228,0.268537641327616,0.929866799867484,0.00557591480392957,0.0024847076527314,0.999999999999999
16,1.40162737678161,0.0563114670114685,0.22449797724094,1,0.936366017822798,0.033421539394575,0.219459885025539,0.996547194766504,1,0.94233815957457,0.0547999999999999,0.987930556946556,1,0.941879209916286,0,0.944066666666667,0.938602749723582,0.258549067648306,0.928701441197042,0.00393538458730759,0.00259605086496796,0.999999999999999
17,1.4034699512454,0.056134836562737,0.224249611701153,0.999999999999999,0.942182868571226,0.033923818024695,0.224111570725107,0.996696208113332,0.999999999999999,0.943823211906949,0.0532666666666666,0.989111947636311,0.999999999999999,0.942669384683102,0,0.945036401257182,0.940005089410532,0.256120624014111,0.934396170058332,0.00467168402071493,0.00256423614887362,0.999999999999998
18,1.40642769100735,0.0563634409465592,0.222371029484833,0.999999999999999,0.939623734985655,0.0363574530914902,0.227685350123331,0.996831493653652,0.999999999999999,0.941771920592853,0.0555333333333333,0.986962270662049,0.999999999999999,0.940254551895118,0,0.942728069935755,0.938078928367116,0.255276001820619,0.932433813726264,0.00470183924239616,0.00254090359299239,1
19,1.40943565003322,0.0570058014209995,0.223661287161707,1,0.940243602228391,0.0392160263863549,0.225841037756672,0.99666316351815,1,0.943171999265282,0.0546,0.987347988208886,1,0.942133333333333,0,0.943466666666667,0.939404029460167,0.257131802973888,0.932236715429559,0.00359661646992755,0.00299735388910337,0.999999999999999
20,1.41020965039211,0.0613166720821885,0.223309732515859,0.999999999999999,0.941896714167473,0.0409701304189082,0.229819290793855,0.996662436495485,0.999999999999999,0.945066666666667,0.0532666666666666,0.990033570559649,0.999999999999999,0.944353769938837,0,0.94465717215603,0.941085548455061,0.254718802710794,0.9332,0.00501584658310221,0.00245036249262862,0.999999999999999
21,1.41382752081442,0.0625536731348021,0.222547542096051,0.999999999999999,0.942242270244747,0.0431826268213394,0.231028151436073,0.996755063275474,0.999999999999999,0.9438,0.0542666666666666,0.99044671979292,0.999999999999999,0.942702949228837,0,0.943466666666666,0.940312338102527,0.253247592589206,0.933878625773158,0.00419201429992227,0.00352180466923076,1
22,1.41474220124797,0.0664232892164374,0.221316406144766,0.999999999999999,0.944180903078748,0.0466202618400824,0.229827755233602,0.996454630954082,0.999999999999999,0.948,0.0503999999999999,0.990589202693468,0.999999999999999,0.946968587503002,0,0.948017503700798,0.943636539529202,0.249600452189923,0.937680376950785,0.00418734461890639,0.00265957118630246,1
23,1.41690360679702,0.0612225985653774,0.216173671088922,1,0.943117446685146,0.0425613392417587,0.235141411331706,0.996729952344428,1,0.94755230056964,0.0504666666666666,0.990977934956865,1,0.947017976246774,0,0.947608334780203,0.94378715822869,0.245851349797878,0.936252487421755,0.00479670016612772,0.00379035215438652,0.999999999999998
24,1.41832950492455,0.0617920353539451,0.217873514549788,1,0.945132992017043,0.0435650517290303,0.233582622281381,0.996405037154547,1,0.946055804239578,0.0516,0.99076848550305,1,0.946128563685392,0,0.946581575372111,0.943376827390451,0.24783048860167,0.938352120766997,0.0043530587521297,0.00287971437407962,1
25,1.42041919272685,0.0611655756783772,0.215064005000423,1,0.945776416505241,0.0427752174704055,0.23828049139464,0.996846271941116,1,0.943066666666667,0.0551333333333333,0.990030531068961,1,0.942733333333334,0,0.943444507015136,0.939333333333334,0.248150621151951,0.938910883808579,0.00532945189094931,0.00217204152000542,0.999999999999998
26,1.42490403901706,0.0620092523232903,0.211653228433676,0.999999999999998,0.947228306651774,0.0452611811910901,0.244390431894825,0.996644728754729,0.999999999999998,0.943933333333332,0.0541333333333333,0.989325703420279,0.999999999999998,0.944045064728737,0,0.944866666666666,0.940319173856389,0.24349429878806,0.940164368501414,0.00446356853175306,0.0031735860571485,0.999999999999999
27,1.42674214025538,0.0625925959051826,0.209096061100406,0.999999999999999,0.951142329250777,0.0463782487755916,0.248951181545283,0.996795063380604,0.999999999999999,0.944281639886673,0.0537999999999999,0.990123024564085,0.999999999999999,0.944333333333333,0,0.944897985535906,0.940412230458772,0.23968475121403,0.944174112767093,0.00432995995375393,0.00304055978476129,0.999999999999999
28,1.42858178181213,0.0588816594735331,0.209007110043641,0.999999999999998,0.94886847668741,0.0442358091397275,0.253002465773219,0.996744898523075,0.999999999999998,0.941866666666666,0.0568666666666667,0.989186638540327,0.999999999999998,0.941528388633945,0,0.941902109571352,0.937940752874494,0.241087304933205,0.941482191908026,0.00461248283014859,0.00302938090965278,1
29,1.4308433723745,0.0582136457146877,0.204505752369181,0.999999999999999,0.949136358104948,0.0447144764259589,0.254311633221951,0.996560653510111,0.999999999999999,0.940883080732218,0.0572343828772195,0.988215807211869,0.999999999999999,0.941153128146085,0,0.941450417049009,0.937332152765467,0.236961750438542,0.942496816734232,0.00530232173725309,0.00265103837565273,0.999999999999999
30,1.43463694360073,0.0570689624198859,0.201989592444505,0.999999999999999,0.948125760590044,0.0420012031971897,0.257117318640944,0.996632507297184,0.999999999999999,0.941208582255971,0.0567333333333333,0.987662829253359,0.999999999999999,0.941678814902618,0,0.941533333333333,0.937452734276223,0.233001248559693,0.940682941871155,0.00507472858083895,0.00211047467963218,0.999999999999999
31,1.43888957175762,0.0560663581137826,0.199553217484422,1,0.949157790473331,0.0414163422960908,0.263930475451229,0.99680729020938,1,0.941207275061877,0.0568,0.988588094249063,1,0.941666511007713,0,0.941463181256722,0.937533333333333,0.229305530162328,0.941825989614041,0.00487164608108944,0.00289105656216654,0.999999999999999
32,1.44173942136233,0.0549587962159573,0.203988207753192,0.999999999999999,0.951765197064392,0.0396009867920781,0.264803911915298,0.996796672939135,0.999999999999999,0.940030882152683,0.0580666666666666,0.986086619403492,0.999999999999999,0.940333333333333,0,0.940035171973226,0.9368,0.234071383239639,0.944029517990462,0.0049330259005556,0.00339682068096449,0.999999999999999
33,1.4439486596328,0.0553343009023388,0.203389819935726,0.999999999999998,0.952423460036583,0.0384580025415154,0.261115547315307,0.996389890285089,0.999999999999998,0.937933333333333,0.0602666666666666,0.984903805557025,0.999999999999998,0.938133333333333,0,0.937599999999999,0.93401502912975,0.233052061626505,0.945116762337138,0.0043012988412133,0.00204117627364622,0.999999999999999
34,1.44720263514716,0.0550286571458645,0.200258833498793,0.999999999999999,0.953309178844511,0.0353371450504224,0.259534775520226,0.99653821822704,0.999999999999999,0.9376,0.0606666666666666,0.985193130077124,0.999999999999999,0.9372,0,0.936901056546112,0.934234085244719,0.230357983231881,0.946633505501006,0.00414659294299608,0.00347670400916968,0.999999999999999
35,1.44817210017745,0.053929602719014,0.198548329840355,0.999999999999998,0.948937848705153,0.0355782975581642,0.254735437150352,0.996497089665699,0.999999999999998,0.936999999999999,0.0611999999999999,0.985714111413583,0.999999999999998,0.936866666666666,0,0.936589396688783,0.932999999999999,0.228079087171648,0.941969854196438,0.00460145782707388,0.00181595246096176,0.999999999999999
36,1.45220599133354,0.0505045515711912,0.197419489821625,0.999999999999999,0.950541689201417,0.033384685473123,0.249790709543851,0.996578807776433,0.999999999999999,0.937799999999999,0.0606,0.986004712293692,0.999999999999999,0.937333333333333,0,0.936933333333333,0.932471828855662,0.22618598050208,0.943550775016363,0.00409268994173963,0.00231446940277758,0.999999999999999
37,1.45478833385413,0.0519474829661521,0.194566385726334,1,0.952446979464826,0.0350843112324461,0.244981123904745,0.996664634557229,1,0.93940696438994,0.0590666666666666,0.985944096908485,1,0.938864245585129,0,0.938133333333334,0.93385675288734,0.221980720061306,0.945167636188234,0.00467934694831586,0.00308028262257191,1
38,1.45711463398031,0.0499481275003469,0.191556261274018,0.999999999999999,0.951991418676955,0.0329999224506281,0.246393721950775,0.996830689689063,0.999999999999999,0.936066666666666,0.0620666666666666,0.985171648259959,0.999999999999999,0.935533333333332,0,0.934866666666666,0.93014290880543,0.221263599797907,0.944428543597348,0.00473960680741885,0.00290844056939132,0.999999999999998
39,1.45978285310299,0.0500965956783157,0.185411067958746,0.999999999999998,0.955378438538504,0.0313076381065211,0.247982290556163,0.996738150702908,0.999999999999998,0.9398,0.0588666666666666,0.986000687953161,0.999999999999998,0.939119490144636,0,0.938284446433366,0.934274659953656,0.21328114377382,0.947177764798581,0.00535924161587409,0.00228610950883093,0.999999999999999
40,1.46424278651986,0.0507399904522448,0.185933655988645,0.999999999999998,0.955906648881037,0.0323913352314024,0.248483520105277,0.99691141011748,0.999999999999998,0.939466666666665,0.0586666666666666,0.987165733506104,0.999999999999998,0.939533333333332,0,0.937866666666665,0.934339769734772,0.213652342055015,0.946611852817361,0.00453228398867239,0.00260175317219781,0.999999999999999
41,1.46704214742305,0.0526233168960555,0.189541681634061,0.999999999999998,0.956529005970212,0.0327254868255313,0.248512611362116,0.996762949690749,0.999999999999998,0.937734751177755,0.0610666666666667,0.986588153277668,0.999999999999998,0.937466666666666,0,0.935066666666666,0.932523696828211,0.216934496549271,0.946721619869848,0.00498149365207798,0.00282229547770624,0.999999999999999
42,1.47014458960948,0.0536301885747902,0.193534163638368,1,0.956447893097325,0.0314556562710446,0.251866886191834,0.996730758695081,1,0.933666666666667,0.0648,0.98407829185961,1,0.933654351580116,0,0.931672314992832,0.929260471070178,0.22167698108002,0.947973266499492,0.00371189375560033,0.00273490866058182,0.999999999999998
43,1.47158089896105,0.0531634501854685,0.198602882589916,0.999999999999998,0.961172769652699,0.0310732313128776,0.258332097851461,0.99683562593575,0.999999999999998,0.935333333333333,0.0635333333333333,0.985468301295718,0.999999999999998,0.935466666666666,0,0.933478994823537,0.931510148838816,0.22594784410417,0.953147945507403,0.00389678186843322,0.00239968403369966,1
44,1.47378399953852,0.0497820776664233,0.194632644491423,0.999999999999999,0.96402859449958,0.0290031384119628,0.263402224408568,0.996763939010645,0.999999999999999,0.937933333333332,0.0607999999999999,0.98454329299639,0.999999999999999,0.938333333333332,0,0.93611947098776,0.933946409617619,0.222043366498884,0.95494792055442,0.00485841891249929,0.00331515580058536,0.999999999999999
45,1.47605843601993,0.0506909823710969,0.197794620418974,0.999999999999999,0.965347272724258,0.0288872955855819,0.259300924136594,0.99661559600076,0.999999999999999,0.938748920756311,0.0598666666666666,0.98609345981333,0.999999999999999,0.939533333333333,0,0.936968653736582,0.934718832159093,0.224606760961951,0.956358384776497,0.00408025285872331,0.00221599399415561,0.999999999999999
46,1.47871523327116,0.0505213258335525,0.195592615719957,0.999999999999999,0.966006254150768,0.0295015992909878,0.261738676099704,0.996598761940072,0.999999999999999,0.937533333333332,0.0609999999999999,0.986469630543652,0.999999999999999,0.93815236850096,0,0.936208884933993,0.93470255192352,0.22337490825275,0.956763512793549,0.00495390582346561,0.00227727282012135,0.999999999999999
47,1.48267321126708,0.0517323930151313,0.19902074871269,0.999999999999999,0.968364030054041,0.0296921699631645,0.259172435808442,0.996544857592821,0.999999999999999,0.9368,0.0618,0.987167550827963,0.999999999999999,0.937066666666667,0,0.935675912916943,0.934833198528229,0.22834579803271,0.95847997249381,0.00488286344191343,0.00246454701212806,1
48,1.48625878425388,0.0511716474640921,0.200376000905595,1,0.968424327186166,0.02959082625312,0.261041468416365,0.996486296577166,1,0.9348,0.064,0.98687321523879,1,0.935009759055714,0,0.933266666666667,0.933333333333333,0.23095635591351,0.959521747681467,0.00466740914764723,0.00261416103124071,0.999999999999999
49,1.48928068194859,0.0518552594538473,0.199277533460572,0.999999999999998,0.970143249226426,0.0309614291728758,0.259511557971091,0.996608077031421,0.999999999999998,0.934133333333333,0.0644666666666667,0.98541922563613,0.999999999999998,0.934133333333333,0,0.932567575075135,0.933013731577581,0.230543423233663,0.961969163172195,0.00543342456196708,0.00263943001556823,0.999999999999999
50,1.49344172405201,0.0480953122968989,0.198719584299381,0.999999999999999,0.970945800758109,0.0277747878925453,0.256798703261613,0.996884824632307,0.999999999999999,0.933745270319558,0.0649333333333334,0.985469601719298,0.999999999999999,0.933666666666666,0,0.932169677407444,0.932066666666666,0.231527013107019,0.961398510378123,0.00583489689073491,0.00298016661312755,1
51,1.4977050973595,0.0471922851854855,0.193862026988101,0.999999999999998,0.969705428049979,0.0290150047976062,0.260911757530456,0.996684592264445,0.999999999999998,0.935002461271721,0.0632,0.986065856414339,0.999999999999998,0.934799999999999,0,0.933697256770643,0.932866666666666,0.225394203410636,0.960535711423705,0.00477681790930506,0.00282837224456591,1
52,1.50062329436351,0.0485194379120875,0.19162820566029,0.999999999999999,0.972705455896408,0.0301209690992125,0.266209291455277,0.996679848005969,0.999999999999999,0.936666666666666,0.0617333333333333,0.98711728767306,0.999999999999999,0.936602546375222,0,0.935739070718922,0.93544666287254,0.223916402550939,0.963998443205125,0.00418621456498759,0.00247352681592181,1
53,1.50317068776143,0.0509571844013702,0.196066482112675,0.999999999999998,0.972971950492107,0.0333917013320049,0.266924571098984,0.996754759258732,0.999999999999998,0.938971446329222,0.0596,0.988850961414737,0.999999999999998,0.938799999999999,0,0.93793411749499,0.937876964018015,0.226689364735872,0.964934531567564,0.00536749358427686,0.002443928183454,0.999999999999999
54,1.5075653055757,0.0529738552243107,0.194723331254669,0.999999999999998,0.973573569619831,0.0353388507129778,0.267463507457832,0.996710938715655,0.999999999999998,0.942290068121568,0.0557333333333333,0.989020098870078,0.999999999999998,0.942457993840294,0,0.941216693597193,0.941466666666666,0.224053861793559,0.967611874388063,0.00466746908313681,0.00309686356454347,1
55,1.50993309596428,0.0517964837095122,0.192574375767457,0.999999999999999,0.974674906368224,0.0343967930018397,0.266115509717629,0.996553568657255,0.999999999999999,0.945066666666667,0.0533333333333333,0.989230799532807,0.999999999999999,0.9454,0,0.943866337897783,0.94320466087306,0.219742064505593,0.968198005280654,0.00457275725530944,0.00243267430417257,1
56,1.5131644780403,0.0501333333333333,0.190761027232138,0.999999999999999,0.975667005123214,0.0329774462341273,0.261932032386014,0.996628639742406,0.999999999999999,0.9482,0.0502,0.989086282578207,0.999999999999999,0.948692384788736,0,0.946933333333333,0.94672761812213,0.214947144951044,0.969502240458148,0.00522753826026041,0.0027056471040786,0.999999999999998
57,1.51698051415532,0.0490210901774101,0.188668319786401,1,0.975251062707431,0.0311767311816396,0.262154305371137,0.99675160658972,1,0.9484,0.0499999999999999,0.988590849345639,1,0.948996919195193,0,0.9478,0.946932677816878,0.211995421422351,0.969365093991718,0.00464780158422381,0.00245817463039652,1
58,1.52030213557755,0.0516144630236517,0.191272057149501,0.999999999999999,0.976599999999999,0.034173354819704,0.264224539153365,0.996713334476472,0.999999999999999,0.949898305572779,0.0488666666666666,0.989872012058183,0.999999999999999,0.950333333333333,0,0.9498,0.948420802465266,0.213418736841457,0.97232932505305,0.00500906013788609,0.00253234807468535,0.999999999999999
59,1.52406748621644,0.0504937933735298,0.189313620805207,1,0.975017929743881,0.0337423961452812,0.259545598657083,0.996511200168245,1,0.951098212441772,0.0474666666666666,0.990111803427978,1,0.951666666666667,0,0.951,0.950264030353906,0.212536024163005,0.970933333333334,0.00404886419559205,0.0025633654614251,0.999999999999999
60,1.526331486538,0.0502274963003621,0.190167381048116,0.999999999999999,0.976787024726805,0.0326034041865151,0.256626535056031,0.9967106908565,0.999999999999999,0.951,0.0476,0.990595953175356,0.999999999999999,0.951466666666666,0,0.951174400527514,0.949861948867799,0.212826524981889,0.972109511912463,0.00414183291238124,0.00207028295706607,0.999999999999999
61,1.52949335846073,0.046932750550386,0.181166765325044,1,0.978442296835411,0.0331728072926676,0.25866513623565,0.996644324802503,1,0.952533333333333,0.0461333333333333,0.991170222182397,1,0.953066666666667,0,0.952773993304742,0.951291633557202,0.205077848081296,0.97351361892807,0.00482897326850028,0.0032649362138097,0.999999999999999
62,1.53188554274827,0.0476666666666667,0.180745603417431,0.999999999999999,0.978437375995838,0.0337549714649981,0.257565549261732,0.99674788496949,0.999999999999999,0.94973687256547,0.0489333333333333,0.990881577937898,0.999999999999999,0.950266666666666,0,0.950009690668718,0.948815899646177,0.205128201663146,0.973559661614245,0.00482793949679497,0.00224008264056335,1
63,1.53584984325303,0.0485477318720596,0.183788089548168,0.999999999999999,0.977999999999999,0.0351236200612786,0.260286351525177,0.996610522132181,0.999999999999999,0.947207430388672,0.0514666666666666,0.990886102918459,0.999999999999999,0.947679694185863,0,0.947474789646733,0.94568182465578,0.20954748521991,0.97376939482594,0.00424109679810542,0.00222506873730594,1
64,1.5389461596342,0.0494185291238191,0.185389257748356,1,0.979078653286296,0.0360857926074452,0.262460880942415,0.996637380298071,1,0.948333333333333,0.0504666666666666,0.991510580328574,1,0.948897301223819,0,0.948733333333333,0.946755619399587,0.210842900059561,0.973623547340941,0.0047828040700163,0.00342727748683634,0.999999999999999
65,1.54103224206367,0.0518288271002881,0.184570732408777,0.999999999999999,0.979450055003263,0.0363333333333333,0.260808523346123,0.996865220837213,0.999999999999999,0.946339481674326,0.0521333333333333,0.992521709004083,0.999999999999999,0.9472,0,0.946866666666666,0.944724577727787,0.210416054914544,0.973526566361462,0.00479972110607365,0.002477863248442,1
66,1.54460491166528,0.0525310951922039,0.185319242494,0.999999999999999,0.979760358905601,0.0384488906783358,0.265824610182841,0.996561672195335,0.999999999999999,0.946933333333333,0.0516666666666666,0.992350095255963,0.999999999999999,0.947666666666666,0,0.947342016943467,0.944999999999999,0.211855953781968,0.973463756780618,0.00412567221324336,0.00250700361153226,1
67,1.54710511513784,0.0538616861310228,0.184544049200857,0.999999999999999,0.978224912508288,0.0400506271228162,0.270346892288925,0.996507138423563,0.999999999999999,0.9472,0.0509333333333333,0.992176447141341,0.999999999999999,0.9482,0,0.947933333333333,0.946266564646787,0.211008588768784,0.971497445225523,0.00503310718065138,0.00236101546292426,1
68,1.55123912190245,0.0507804782320477,0.182672843086681,0.999999999999999,0.979387369302061,0.0368618365240655,0.270105064540931,0.996921898015679,0.999999999999999,0.9498,0.0482,0.992538390287015,0.999999999999999,0.9508,0,0.950441460967193,0.949466666666667,0.207234467330937,0.972452325737431,0.00440240631095066,0.00234241635733372,1
69,1.55443465890922,0.0501554043121458,0.181308138605112,0.999999999999999,0.983390794605567,0.0357785749184202,0.275500627589529,0.996589535146716,0.999999999999999,0.950933333333333,0.0478,0.994071161130471,0.999999999999999,0.951533333333333,0,0.951363022147413,0.950133333333333,0.205163915023916,0.976973081586941,0.00473846225413381,0.00282282806794462,0.999999999999999
70,1.55741238708202,0.0482920441695472,0.179446509831774,1,0.98381803645104,0.0337706575365617,0.273222116438591,0.996851095162505,1,0.951101561605798,0.0472,0.993729609147546,1,0.951866666666667,0,0.951660211091527,0.950133333333334,0.204676271736403,0.978157587743636,0.00498881229626049,0.00303025723374426,1
71,1.56030896572421,0.0500298485369106,0.181455681957222,0.999999999999999,0.985466666666666,0.0340843078202789,0.274658087660518,0.996577103661659,0.999999999999999,0.949948319811907,0.0487333333333333,0.993598616261776,0.999999999999999,0.9504,0,0.9504,0.9482,0.207047771401668,0.97954107541261,0.00501678763416228,0.00247526544474275,1
72,1.56427272370013,0.0489352472635068,0.182232423699498,0.999999999999999,0.986519488278695,0.0364138634948216,0.279550014234368,0.996856490954691,0.999999999999999,0.951866666666666,0.0471333333333333,0.993385541208724,0.999999999999999,0.952304381585615,0,0.952333333333333,0.950402073574876,0.207508000913341,0.98025154578042,0.00497474830960863,0.00281412258237458,1
73,1.56761487479504,0.0503416011812783,0.181157150284235,1,0.986168009731953,0.0364639283936966,0.281978385469315,0.996640453294725,1,0.954311144361119,0.0446,0.994192019571893,1,0.954733333333334,0,0.954733333333334,0.953000000000001,0.206448436429658,0.980982560489518,0.00504151283498805,0.00312866047203486,1
74,1.5706134906125,0.0471650566398784,0.181655464114403,1,0.9858,0.034206026251241,0.281105736080384,0.996609231701125,1,0.9548,0.0442666666666666,0.99366996694106,1,0.955133333333334,0,0.955132358655113,0.9536,0.206960934680665,0.980543005604758,0.00472093532083748,0.00285600219635584,1
75,1.5735425797369,0.0443333333333333,0.174512934672713,1,0.986142120721025,0.0331525188997909,0.283778407389429,0.996731405707599,1,0.956793111161762,0.0424666666666666,0.993466263278227,1,0.957,0,0.957066666666667,0.955817855188294,0.200234165871622,0.980695047582147,0.00510641249419687,0.00273392360979908,0.999999999999999
76,1.57727579201645,0.0431755369070958,0.167960914578286,0.999999999999999,0.986066666666666,0.0326955946272971,0.285850749853981,0.996850967873892,0.999999999999999,0.957133333333333,0.0423333333333333,0.993166578509925,0.999999999999999,0.957231767375117,0,0.957333333333333,0.955866666666667,0.192780400571904,0.980825312234286,0.00535651456416343,0.00212815764033708,0.999999999999999
77,1.58236780124039,0.0447658757766635,0.168731087595104,0.999999999999999,0.983204914011435,0.0333718020258366,0.288499835418547,0.996875477543481,0.999999999999999,0.952333333333333,0.0471333333333333,0.993097095083914,0.999999999999999,0.95259403523226,0,0.9526,0.951666666666667,0.197436269523667,0.97706529720111,0.00492105100844172,0.00288246446453851,1
78,1.5855935949475,0.0433613138900518,0.169105878814498,0.999999999999999,0.983266666666666,0.0326672433249299,0.291797171472604,0.996505223998017,0.999999999999999,0.954599999999999,0.0449999999999999,0.992754421295307,0.999999999999999,0.954799999999999,0,0.954799999999999,0.9538,0.197381352986332,0.977625466430385,0.00499891046652027,0.00194127918559783,1
79,1.59044175552225,0.0467104133719205,0.179743903438527,0.999999999999999,0.985696794008463,0.0341128986338741,0.287707240784121,0.99665759932965,0.999999999999999,0.955333333333333,0.0444666666666667,0.993751487781642,0.999999999999999,0.955399999999999,0,0.955399999999999,0.954533333333333,0.205735080325381,0.980346341989433,0.00394617462321432,0.0024209276204292,0.999999999999999
80,1.59276154259259,0.0478161588860206,0.17809331400954,1,0.987066666666666,0.0353992355441135,0.285165593614217,0.996760329827394,1,0.957253223540492,0.0424,0.99323536284694,1,0.9574,0,0.9574,0.956933333333334,0.203071354132672,0.981636591222298,0.00524955476691108,0.00315639184768974,0.999999999999998
81,1.59609545199271,0.0473933291991561,0.181539724027153,0.999999999999999,0.986625129020133,0.0358,0.286075917520751,0.996601521208678,0.999999999999999,0.9584,0.0410666666666667,0.99243942172418,0.999999999999999,0.958666666666667,0,0.958666666666667,0.957733333333333,0.206114312347664,0.981702610312586,0.00382334431809597,0.00402056040976514,0.999999999999999
82,1.59569329496287,0.0482807707850713,0.18135854999699,0.999999999999999,0.987075557498862,0.0368341320140846,0.287037116506956,0.996717696580506,0.999999999999999,0.9594,0.0396666666666667,0.991542036043046,0.999999999999999,0.959933333333333,0,0.96,0.958533333333333,0.205564049608027,0.982610511665939,0.00393971263676269,0.00209719332450268,0.999999999999999
83,1.59863339067528,0.0454052645693875,0.169489805956162,1,0.9875847240514,0.0349333333333333,0.288576292708983,0.996590207285744,1,0.959066666666667,0.0399333333333333,0.992419319625892,1,0.959646899920798,0,0.9596,0.958466666666667,0.195677660353188,0.983068362960712,0.00494107678405415,0.00227956868445472,1
84,1.60288816639285,0.0444,0.169139757033935,1,0.986537373304488,0.0360254438909591,0.285853867486859,0.996697266570771,1,0.955733333333334,0.0434,0.991311950173045,1,0.956133333333334,0,0.956066666666667,0.954872773345908,0.196957040667654,0.981107056927589,0.00436828623623344,0.00221775981154192,0.999999999999999
85,1.60633521975051,0.0458435179452443,0.168516640337386,1,0.986826732469606,0.0376344740373145,0.284831249424512,0.996865844758147,1,0.957452460790791,0.0418666666666666,0.992404974595602,1,0.9578,0,0.957733333333333,0.956319087695,0.194219471459275,0.982133333333333,0.00501365097498935,0.0029402060213936,1
86,1.60966586740568,0.0483482631326605,0.172551306790081,1,0.986133603486242,0.0396,0.284577598859455,0.996888726298298,1,0.956059780453395,0.0431333333333333,0.993005767427797,1,0.956466666666667,0,0.956333333333334,0.954415512769299,0.197244496062514,0.980875287696142,0.00443516596937909,0.0031027122171344,1
87,1.61181067273057,0.0500763004937358,0.174668318073607,1,0.986067237792156,0.0402224680693866,0.284925859987401,0.996637808086002,1,0.954133333333334,0.0449333333333333,0.992453054044098,1,0.954800000000001,0,0.954466666666667,0.952445513595167,0.200021353352169,0.981458717634099,0.00452228964227042,0.00326111081812149,0.999999999999999
88,1.61382936144391,0.0498656221655491,0.179267783938059,1,0.98889932675335,0.0412722096079935,0.290415843853785,0.996647220081738,1,0.956247120174138,0.043,0.99368609321032,1,0.956733333333333,0,0.956589443610159,0.954707231217396,0.203756760078657,0.9835533083557,0.00491605912980764,0.00291124520553382,0.999999999999999
89,1.61706478901914,0.0490572430666234,0.179446753136453,1,0.9902,0.0398137098658202,0.289182934075171,0.996602910372725,1,0.957866666666666,0.0413333333333333,0.993932342513236,1,0.958333333333333,0,0.958133333333333,0.956733333333333,0.202855275261382,0.985479562816021,0.0049898308296993,0.00327494777482081,1
90,1.61983786602447,0.0496591313941736,0.180807341497314,1,0.991456454074427,0.0403940075359904,0.29658688879169,0.99681088107126,1,0.955866666666667,0.0436,0.993699405965923,1,0.9562,0,0.956133333333334,0.955,0.2072662598927,0.986846156983009,0.00500167980228659,0.00305632735556328,1
91,1.62298902158043,0.0488884130824837,0.177565985544781,0.999999999999999,0.992489352640841,0.0387298589658943,0.298138229232735,0.996792934710483,0.999999999999999,0.958533333333332,0.0410666666666667,0.994181355798948,0.999999999999999,0.958666666666666,0,0.958799999999999,0.957758270646255,0.201880543616884,0.987473139054334,0.0057357646555356,0.00266163606711116,0.999999999999999
92,1.62765370072605,0.0474,0.174917167683297,1,0.993070204346431,0.0364514685915438,0.296923798898421,0.996656594436379,1,0.9578,0.0418,0.995219681906758,1,0.957933333333334,0,0.958066666666667,0.956266666666667,0.198982398903558,0.988888327482669,0.00448520963687054,0.00267204655189502,0.999999999999999
93,1.63060490233133,0.0469512329887716,0.175377032158512,1,0.992533333333333,0.0364719117238681,0.294775693364733,0.996672391954554,1,0.956133333333333,0.0434666666666666,0.994090357153874,1,0.956333333333333,0,0.956333333333333,0.954733333333333,0.20209320758138,0.988849492418657,0.00376543874166294,0.00323584558329538,0.999999999999999
94,1.63146845953161,0.0460050456915183,0.172633771619782,1,0.991733333333333,0.037969253050885,0.294779812300836,0.996778312745875,1,0.957733333333333,0.0419333333333333,0.993903355228929,1,0.957933333333333,0,0.957866666666667,0.956466666666667,0.19896653471119,0.987635087630537,0.00460343696882894,0.00262904604887232,0.999999999999999
95,1.6346896160443,0.0442507778385631,0.170485962812072,0.999999999999999,0.992393674218558,0.0364735869358047,0.295256678571411,0.996728685426416,0.999999999999999,0.958666666666667,0.0410666666666666,0.994474747163072,0.999999999999999,0.958866666666667,0,0.958733333333333,0.957382060511278,0.196488530921562,0.988254965855895,0.00493801306922964,0.00308861592732391,1
96,1.63771280634812,0.0427544341802528,0.16684301471139,1,0.9916,0.0366168471922775,0.296039997361462,0.996706189132444,1,0.959133333333334,0.0408,0.994389949968239,1,0.9592,0,0.959133333333334,0.9584,0.194535231238345,0.988386882712892,0.00470110344437424,0.00351453856188485,0.999999999999999
97,1.63965605885173,0.0384053948335254,0.161462618488727,1,0.991705668167017,0.0336838738020788,0.286153954688453,0.996777963256087,1,0.957333333333333,0.0426,0.994701606620219,1,0.9574,0,0.957333333333333,0.956197142566879,0.188537814638147,0.988709054204634,0.00427243154907721,0.00241707786068819,1
98,1.64269820076821,0.0393750230886574,0.161483774710084,1,0.9906,0.0366953585453386,0.290703499441012,0.996599391546277,1,0.9576,0.0424,0.994867142072916,1,0.9576,0,0.9576,0.956479927573821,0.189120140595104,0.987533333333334,0.00472410693739962,0.00252622072170836,1
99,1.64630866450022,0.0394052192162577,0.158581672373435,1,0.989810461868281,0.0386911237457218,0.285575489509357,0.996646544052127,1,0.956666666666667,0.0433333333333333,0.995143526884006,1,0.956666666666667,0,0.956666666666667,0.9556,0.188462996014709,0.987309532147414,0.00464269748648208,0.00266117393737737,0.999999999999999
100,1.64956093396888,0.0383416229255006,0.152068813719215,1,0.990133333333334,0.0370750385500483,0.285303110085317,0.996742359149071,1,0.957866666666667,0.0421333333333334,0.99618652616499,1,0.957866666666667,0,0.957866666666667,0.957,0.181921323305372,0.987501271280321,0.00454900856287545,0.00311459935987985,0.999999999999999
101,1.65192707935346,0.0376799686281732,0.148966348991207,1,0.990342689892403,0.0353710633717027,0.283573816851557,0.996793701517525,1,0.9552,0.0448,0.995627397684848,1,0.9552,0,0.9552,0.954400000000001,0.179998610111683,0.987670467704074,0.00418201027255061,0.00256224945518826,0.999999999999998
102,1.65460280610974,0.0378833179970853,0.148445044985974,1,0.990733333333333,0.0366167852183952,0.278455956213241,0.996967813458446,1,0.953666666666667,0.0463333333333333,0.994720549160917,1,0.953666666666667,0,0.953666666666667,0.953066666666667,0.180768763242403,0.987266666666666,0.00459963949251691,0.00305866845474719,0.999999999999999
103,1.65706777885012,0.0372666666666667,0.146567396379203,0.999999999999999,0.989969339903551,0.0360272316344097,0.277715217601953,0.996576539890852,0.999999999999999,0.954799999999999,0.0452,0.995691135482402,0.999999999999999,0.954799999999999,0,0.954799999999999,0.953933333333333,0.177519025893542,0.986618944074981,0.00452740903109884,0.0026680983617516,0.999999999999999
104,1.66003831146591,0.0368992034420952,0.141567885879233,1,0.98857245777917,0.035828801109026,0.27347972893621,0.996809787484564,1,0.9536,0.0464,0.99523352733517,1,0.9536,0,0.9536,0.9528,0.1730442381209,0.985627385350965,0.00481383260356619,0.00323680994960699,0.999999999999999
105,1.66255488804706,0.0373252321156931,0.142779146095819,0.999999999999999,0.9906,0.0345652088090552,0.277069433287189,0.996702839016476,0.999999999999999,0.955133333333333,0.0448666666666667,0.994245168763633,0.999999999999999,0.955133333333333,0,0.955133333333333,0.954533333333333,0.172906813275228,0.988331709892388,0.00510751122432267,0.00236146758514463,1
106,1.6670451648115,0.0394666666666667,0.142028114419943,1,0.990828144191464,0.0352,0.277852541595649,0.996701603100706,1,0.952266666666666,0.0477333333333333,0.993780856629668,1,0.952266666666666,0,0.952266666666666,0.951466666666667,0.173146833181825,0.988762795138367,0.004474409766247,0.00285281988558603,1
107,1.66974842838136,0.0409336754654577,0.141660407660985,1,0.99147270661766,0.0359139094406343,0.282918341616411,0.996717599850028,1,0.951,0.049,0.993905745300418,1,0.951,0,0.951,0.95,0.172223337050515,0.98952038588001,0.00427894758697937,0.00313051192442398,1
108,1.67159535893548,0.0400079175398398,0.139106036037788,1,0.991874181644903,0.0352082041008403,0.287624578815315,0.996579484663052,1,0.947733333333333,0.0522666666666666,0.993877667068262,1,0.947733333333333,0,0.947733333333333,0.946333333333333,0.172224874372124,0.9892,0.00464564968886456,0.00272693074310039,0.999999999999998
109,1.67480268062032,0.0399162381175727,0.140482042718844,1,0.992605847216308,0.0352411216378092,0.288432710771437,0.996675233661235,1,0.948333333333333,0.0516666666666667,0.99349060775547,1,0.948333333333333,0,0.948333333333333,0.947333333333334,0.172054499575519,0.990219968487722,0.00534883486850238,0.00347578119517068,1
110,1.67774974534629,0.0400968952073355,0.139825441491997,1,0.992533333333333,0.0357348798930353,0.296234623318358,0.996627510417049,1,0.9468,0.0532,0.993196644297916,1,0.9468,0,0.9468,0.945654923799686,0.171619474969604,0.990135408207454,0.00448901952320431,0.00268364949603306,0.999999999999999
111,1.68077870444964,0.0380065223669631,0.14159193685191,1,0.992157140353023,0.0342,0.300006108208322,0.996678370084906,1,0.947666666666667,0.0523333333333333,0.99380860290165,1,0.947666666666667,0,0.947666666666667,0.946773813811357,0.17230375910283,0.988997594033366,0.00476803558140099,0.00313626930132013,0.999999999999999
112,1.68352134246384,0.0362002603368431,0.140086471531973,1,0.991858416805559,0.0331767361328218,0.30550641769271,0.996869299647511,1,0.9496,0.0504,0.993865986860947,1,0.9496,0,0.9496,0.949,0.170064245910357,0.988822991271935,0.00469251842925861,0.00340461212280287,1
113,1.68568956021785,0.0359298691647404,0.140631449257492,1,0.992266666666666,0.0321158206270109,0.30342819549586,0.996657578782046,1,0.949066666666666,0.0509333333333333,0.993842202198293,1,0.949066666666666,0,0.949066666666666,0.948333333333333,0.169993328672985,0.989615199483521,0.00498021860766909,0.00304419206479982,1
114,1.68895309994947,0.0346683157579978,0.137134247966154,0.999999999999999,0.991941596028682,0.032176345231553,0.300882517914512,0.996659410778113,0.999999999999999,0.948333333333333,0.0516666666666667,0.994089452683514,0.999999999999999,0.948333333333333,0,0.948333333333333,0.9476,0.168150619890243,0.988769175680572,0.00436332350554718,0.00262655444464945,0.999999999999999
115,1.69188642143877,0.0336272046019551,0.140221407910671,0.999999999999999,0.993354800356132,0.0298417678005624,0.298809858375701,0.996733985433764,0.999999999999999,0.9516,0.0484,0.995367014615483,0.999999999999999,0.9516,0,0.9516,0.950895548439878,0.169635958315884,0.990655552298935,0.00445819144914952,0.00205706916716969,1
116,1.69594884762386,0.0321639271665661,0.136361417668632,1,0.993394777137651,0.0282692133059011,0.300815559482236,0.996798997799665,1,0.950133333333333,0.0498666666666666,0.995671496589908,1,0.950133333333333,0,0.950133333333333,0.949266666666666,0.165907751207689,0.990666666666666,0.00417378095498955,0.00275838613424862,1
117,1.69834928483903,0.0322704345829295,0.140518108972418,0.999999999999999,0.992976005385099,0.0275472690033958,0.297179763719809,0.996586697776132,0.999999999999999,0.947733333333333,0.0522666666666666,0.994366809877969,0.999999999999999,0.947733333333333,0,0.947733333333333,0.946466666666666,0.171253492404105,0.99,0.00491926206586657,0.00322012452060942,1
118,1.70118011469042,0.0350645909019381,0.148716694079011,1,0.993333333333333,0.0298932701534784,0.296966326835293,0.996726893093095,1,0.944866666666667,0.0551333333333333,0.993093421661682,1,0.944866666666667,0,0.944866666666667,0.943933333333333,0.180890833602681,0.990468664786364,0.00543230539408935,0.00286517213530926,0.999999999999999
119,1.70554727074202,0.0354665795040126,0.145803152830582,0.999999999999999,0.993599999999999,0.0306959161616642,0.302489137705942,0.996631003537898,0.999999999999999,0.943999999999999,0.056,0.992534967759393,0.999999999999999,0.943999999999999,0,0.943999999999999,0.942799999999999,0.178829258519791,0.990950325558612,0.00388392207492614,0.00329492539502325,1
120,1.7065518324219,0.0355848340132345,0.148013098708553,0.999999999999999,0.993277450418842,0.0316679396616199,0.303789675671609,0.996649356465934,0.999999999999999,0.938999999999999,0.061,0.99184144435457,0.999999999999999,0.938999999999999,0,0.938999999999999,0.937599999999999,0.184067221740872,0.990073148146454,0.00529323639824503,0.00248714512358592,1
121,1.71134057262861,0.0381037330493032,0.154599706068314,1,0.992992035194344,0.0349299582915587,0.309265498803508,0.996559808705474,1,0.9388,0.0612,0.992483381630606,1,0.9388,0,0.9388,0.9374,0.191540589295514,0.990239441367196,0.00481920693469473,0.00265848904078525,1
122,1.71503829682647,0.0401012209743693,0.155041594866154,1,0.992918224058273,0.0367109650589314,0.315849349845619,0.996719747703105,1,0.940866666666667,0.0591333333333333,0.992207498125412,1,0.940866666666667,0,0.940866666666667,0.9396,0.190656610618038,0.990330875693514,0.00422094073957648,0.00271309137879109,1
123,1.7175413143599,0.0422509038542037,0.155857954634335,0.999999999999999,0.993247007897627,0.0387002348483893,0.321738661547487,0.996496397702196,0.999999999999999,0.942266666666666,0.0577333333333333,0.992151013094445,0.999999999999999,0.942266666666666,0,0.942266666666666,0.941092138446036,0.188983382436842,0.991332025737695,0.00541591789005993,0.00194815769015874,0.999999999999999
124,1.72344451029109,0.0407462835913703,0.158054124580917,1,0.992933333333333,0.0370311503654494,0.318554814976714,0.996829903386584,1,0.9422,0.0578,0.99122509823837,1,0.9422,0,0.9422,0.940971413342608,0.189926326314912,0.9914,0.0051172613960399,0.00238302385883906,1
125,1.72808821703725,0.04041396472792,0.158688442434464,0.999999999999999,0.992561133024495,0.0363600645544011,0.326681814810251,0.996795752887129,0.999999999999999,0.944333333333333,0.0556666666666667,0.991713701507593,0.999999999999999,0.944333333333333,0,0.944333333333333,0.943359560540734,0.189667795196337,0.991133333333333,0.00553598593170384,0.00362426775367853,0.999999999999999
126,1.73139183469499,0.0402093831319167,0.158194954326891,1,0.992816778697581,0.0353872429143208,0.324609507867391,0.996730390644368,1,0.943266666666667,0.0567333333333333,0.990443134688735,1,0.943266666666667,0,0.943266666666667,0.9426,0.188540492732269,0.991476545390005,0.00478893298870983,0.00310946800760609,1
127,1.73429964664993,0.0356697904013165,0.149632544553471,1,0.994007913983175,0.0307333333333333,0.323175235240781,0.996597243059419,1,0.946133333333334,0.0538666666666667,0.991863992212385,1,0.946133333333334,0,0.946133333333334,0.945,0.177875937296327,0.992163714316652,0.00481461089221991,0.00329293627827718,1
128,1.73693868639521,0.0351849993377011,0.147368786212751,1,0.992933333333333,0.0308300112746601,0.327285875111412,0.996671429660054,1,0.9464,0.0536,0.991318117250624,1,0.9464,0,0.9464,0.945,0.173935077723978,0.9911888789681,0.00484818497639968,0.00267681144419542,1
129,1.74071022908591,0.0353333333333333,0.147690959890341,1,0.994,0.0300796768089562,0.3303164397395,0.996786121951071,1,0.9472,0.0528,0.993009296636556,1,0.9472,0,0.9472,0.945933333333334,0.173808666019916,0.992469335955573,0.00362335124412038,0.00360213089020691,1
130,1.74074716757303,0.0335698255988587,0.141759594399061,1,0.995066666666667,0.0274598354721962,0.332727195406199,0.996684292436732,1,0.946066666666667,0.0539333333333333,0.992174881880687,1,0.946066666666667,0,0.946066666666667,0.944893748841162,0.170016173088341,0.993533333333334,0.00489289832298668,0.00237577205427461,1
131,1.74512884799572,0.0331710407712338,0.138906791148061,1,0.994933333333334,0.0260602020703665,0.336241282553147,0.996791564416272,1,0.948200000000001,0.0518,0.993406029527084,1,0.948200000000001,0,0.948200000000001,0.947200000000001,0.166294294093745,0.994,0.0044630426406341,0.00257809552146171,0.999999999999999
132,1.74840826441297,0.0325333333333333,0.141837114755637,1,0.994733333333333,0.0245835226022361,0.336663822727523,0.996619933549415,1,0.945866666666667,0.0541333333333333,0.9932224112706,1,0.945866666666667,0,0.945866666666667,0.944866666666667,0.168418896153394,0.994066666666666,0.00403786383120979,0.00328157683938496,0.999999999999999
133,1.74973056283975,0.0333423521613302,0.14163000974176,0.999999999999999,0.994696111455941,0.0266071460427702,0.335105402644685,0.996626380137367,0.999999999999999,0.947666666666666,0.0523333333333333,0.992962218948721,0.999999999999999,0.947666666666666,0,0.947666666666666,0.946666666666666,0.168058894553628,0.994108175829501,0.0047780299000235,0.0036125077808951,0.999999999999999
134,1.75176991251325,0.0328813167341947,0.140551802957066,1,0.995026416223218,0.0265287022059463,0.334299210297098,0.99672552228818,1,0.948666666666667,0.0513333333333333,0.993277802172263,1,0.948666666666667,0,0.948666666666667,0.948,0.165340709167188,0.994381759016079,0.00515943887198878,0.00237921153336225,1
135,1.756640231115,0.0346036388126846,0.139632857115399,1,0.995344772504185,0.0276870030019909,0.338725512226707,0.996549658314986,1,0.947666666666667,0.0523333333333333,0.993286417189389,1,0.947666666666667,0,0.947666666666667,0.946933333333334,0.164419324833817,0.994466666666667,0.00428326905683525,0.00328763039802455,1
136,1.75838921003872,0.0372452343060793,0.140343645922849,1,0.995466666666667,0.0285333333333333,0.344664403113982,0.996596234639254,1,0.9466,0.0534,0.992541790836371,1,0.9466,0,0.9466,0.9456,0.164328534020264,0.994466666666667,0.00423787928976745,0.00338437054176838,0.999999999999999
137,1.75986967070996,0.038063174973165,0.139133983485386,1,0.995319950274091,0.0285596570146168,0.344544841779525,0.996566918300674,1,0.947266666666667,0.0527333333333333,0.993276307028921,1,0.947266666666667,0,0.947266666666667,0.9464,0.162404619398383,0.9944,0.0050395850498367,0.00271428899567268,0.999999999999999
138,1.76396188871111,0.0385188665098761,0.138056239235915,1,0.995709161995987,0.0292693251963583,0.341907174435675,0.996753969686416,1,0.949866666666666,0.0501333333333333,0.99293524504487,1,0.949866666666666,0,0.949866666666666,0.948998347873385,0.160025690603683,0.995,0.0046535976245811,0.00295081655863903,1
139,1.76696552961625,0.039130651459764,0.138451003520224,1,0.995704529706053,0.0312054731053394,0.346690921333918,0.996414088153763,1,0.950533333333333,0.0494666666666667,0.993906465209372,1,0.950533333333333,0,0.950533333333333,0.949590891304816,0.160602752085047,0.994500622309267,0.00491551861879083,0.00249134145567068,1
140,1.77124896710117,0.0414423466021983,0.136616025337068,1,0.995533333333334,0.0326153139615474,0.340081236076006,0.996857023894014,1,0.949600000000001,0.0504,0.993809864856141,1,0.949600000000001,0,0.949600000000001,0.948533333333334,0.159088206948671,0.994466666666667,0.00503099843952906,0.00347713046882977,0.999999999999999
141,1.77398504639175,0.0417415376376894,0.138998042287701,1,0.994866666666667,0.0343333333333333,0.334693309197742,0.996697823427144,1,0.952533333333333,0.0474666666666666,0.994906701004822,1,0.952533333333333,0,0.952533333333333,0.9512,0.159018768560923,0.993666666666667,0.00472982498179924,0.0023357259105214,1
142,1.77823214234377,0.0421817930725391,0.141460498932217,1,0.994457164445429,0.036595875986039,0.338946639895563,0.99670771274886,1,0.952533333333333,0.0474666666666667,0.995692132749534,1,0.952533333333333,0,0.952533333333333,0.951333333333333,0.160716612284413,0.992533333333333,0.00590895905965304,0.00191561354779044,0.999999999999998
143,1.78521468887896,0.0433827826410776,0.140612113603967,1,0.993933333333333,0.0379680414761407,0.342092426563398,0.996574794157971,1,0.9552,0.0448,0.995545861317021,1,0.9552,0,0.9552,0.953666666666667,0.159275294646289,0.992119763829618,0.00406888474005302,0.00318454305305574,0.999999999999999
144,1.78679342864858,0.0409908458273812,0.140955264301131,1,0.9932,0.0350993942913168,0.339186151352631,0.996703432273169,1,0.955466666666667,0.0445333333333333,0.995494692987607,1,0.955466666666667,0,0.955466666666667,0.953866666666667,0.157970467301632,0.991257051081296,0.00532517990881601,0.00345434155654139,1
145,1.79008898185288,0.0388425986515277,0.136823717642617,0.999999999999999,0.993136505927599,0.0336685582915056,0.34409996156977,0.996851715775116,0.999999999999999,0.955799999999999,0.0442,0.995398148298568,0.999999999999999,0.955799999999999,0,0.955799999999999,0.954177221841093,0.154357656669679,0.991150249443606,0.00566409091210275,0.00242726531595053,0.999999999999999
146,1.79588318768873,0.0400470519462116,0.137705671951163,1,0.993666666666666,0.0329089261105959,0.352116647478872,0.996569520355237,1,0.951266666666666,0.0487333333333334,0.993704254117698,1,0.951266666666666,0,0.951266666666666,0.9494,0.156522369451645,0.990836424097664,0.00457149511632859,0.00342849001364803,1
147,1.79793589133608,0.0378108969353755,0.133856179970383,1,0.994133333333334,0.0306167545902957,0.354147194682457,0.99655439715505,1,0.949,0.051,0.992318193404202,1,0.949,0,0.949,0.947066666666667,0.155917858417967,0.991085713428412,0.0043359896010097,0.00282541011267331,1
148,1.80053195402212,0.0390294921041443,0.135721551003756,1,0.993733333333333,0.0313394067548289,0.353595154667589,0.996652299090229,1,0.947666666666666,0.0523333333333333,0.99089494152018,1,0.947666666666666,0,0.947666666666666,0.946178116092755,0.158358082278947,0.990952608279923,0.00400549490546605,0.00247225855439432,0.999999999999999
149,1.80329259506529,0.0391587094450229,0.137000072549174,1,0.993533333333333,0.0323811597930129,0.356406610257639,0.996726699526775,1,0.948666666666667,0.0513333333333333,0.990102215040942,1,0.948666666666667,0,0.948666666666667,0.947133333333333,0.161552571457804,0.991699041803384,0.00512096795502476,0.00298061625450976,0.999999999999999
150,1.80715227543767,0.0412145816607579,0.142326627408681,0.999999999999999,0.992575427454056,0.0342676616584292,0.358029941819035,0.996586513141601,0.999999999999999,0.949333333333333,0.0506666666666666,0.990236977642726,0.999999999999999,0.949333333333333,0,0.949333333333333,0.947978926533904,0.166313914722984,0.990338294100657,0.00441067383494081,0.00246429841529501,1
151,1.8106048892817,0.0415076430134686,0.142778024723108,1,0.992533333333335,0.0340283207173745,0.353288331891831,0.996548894964357,1,0.946733333333334,0.0532666666666666,0.990713594927917,1,0.946733333333334,0,0.946733333333334,0.9452,0.167875935133813,0.990866666666668,0.00502988409853664,0.00207914211215374,0.999999999999999
152,1.81594751714926,0.041908624682805,0.13982668711299,1,0.9924,0.0337311770543435,0.356891039436438,0.996706031445046,1,0.946133333333333,0.0538666666666667,0.990494541941704,1,0.946133333333333,0,0.946133333333333,0.944666666666667,0.166257407791237,0.990750667602112,0.004342520530247,0.00277100983251605,1
153,1.81880129809898,0.0401665884940764,0.138365473294233,1,0.990679559470777,0.0340321125323807,0.356567278243906,0.996779743006772,1,0.944266666666666,0.0557333333333333,0.990308944815493,1,0.944266666666666,0,0.944266666666666,0.9432,0.167066666666667,0.988733333333333,0.00377809969690863,0.00227857029932391,1
154,1.82152864411384,0.0411436863089708,0.142385901068311,1,0.990552357388797,0.0353426349551154,0.361538554679139,0.996789472202082,1,0.944133333333334,0.0558666666666667,0.990480070971844,1,0.944133333333334,0,0.944133333333334,0.943133333333334,0.170990312029318,0.98849711650211,0.00430057010932924,0.0024565609437853,0.999999999999999
155,1.82488755962889,0.0409617148021705,0.143118148552181,1,0.991266666666667,0.0352606939276037,0.36462452400472,0.99681049632007,1,0.944266666666667,0.0557333333333333,0.990512628670764,1,0.944266666666667,0,0.944266666666667,0.943133333333333,0.171848753578995,0.988983325067452,0.00474246613749212,0.00242694486467119,0.999999999999999
156,1.82911312559372,0.0415916041436877,0.139364679266119,0.999999999999999,0.991266666666666,0.0371336224914411,0.369317461885431,0.996614932878243,0.999999999999999,0.944999999999999,0.055,0.990661386493871,0.999999999999999,0.944999999999999,0,0.944999999999999,0.943785976846618,0.168395801558714,0.988488748724983,0.00528432167335716,0.00198377723347241,1
157,1.83512534925828,0.0415658691571314,0.140585848226973,0.999999999999999,0.992466666666666,0.0368061099254594,0.369091460143518,0.996723735734001,0.999999999999999,0.945866666666666,0.0541333333333333,0.989717801405562,0.999999999999999,0.945866666666666,0,0.945866666666666,0.944666666666666,0.166850780459611,0.989933333333333,0.00401567736181494,0.00304569488707307,0.999999999999999
158,1.83685201750819,0.0422894123897715,0.13811975125038,0.999999999999999,0.993666666666666,0.0379253753021496,0.380636071924504,0.996928221056293,0.999999999999999,0.9498,0.0502,0.990653094102887,0.999999999999999,0.9498,0,0.9498,0.948733333333333,0.163343321715287,0.991223067858188,0.0044853071531768,0.00286490764328355,1
159,1.83982845161711,0.0413969864313021,0.138803878032007,0.999999999999999,0.993135709393137,0.0375558932099134,0.37629127545981,0.996709497017053,0.999999999999999,0.950133333333333,0.0498666666666666,0.99035342834238,0.999999999999999,0.950133333333333,0,0.950133333333333,0.949533333333333,0.165438051237064,0.99077719891375,0.00463985614739761,0.00294708658249688,0.999999999999999
160,1.84294285722464,0.0399261424686463,0.138351866430077,1,0.9938,0.0357697452147566,0.375701695291665,0.996584330327924,1,0.952333333333333,0.0476666666666667,0.990361143540014,1,0.952333333333333,0,0.952333333333333,0.951666666666667,0.164164488334286,0.992055716391786,0.00560292259766071,0.00264820205370175,1
161,1.84838823834623,0.0419591931911432,0.139782458890691,1,0.9936,0.0377333333333333,0.378904358566057,0.996611758611998,1,0.952333333333334,0.0476666666666666,0.99061355581691,1,0.952333333333334,0,0.952333333333334,0.951811047782614,0.16660526290162,0.992073957059009,0.00529863852753787,0.00334981288336902,1
162,1.85199042474549,0.0437333333333333,0.139755056400133,1,0.993683732528272,0.0388,0.386779621761992,0.996842396251978,1,0.952666666666667,0.0473333333333333,0.990544462731689,1,0.952666666666667,0,0.952666666666667,0.952533333333334,0.164478412650107,0.992618635676669,0.00538226007753688,0.00291586433771963,1
163,1.85655816603927,0.0429889105945628,0.13971028285531,0.999999999999999,0.994199999999999,0.0382094741599018,0.385605497269026,0.996673641884528,0.999999999999999,0.953799999999999,0.0462,0.991109750741171,0.999999999999999,0.953799999999999,0,0.953799999999999,0.953666666666666,0.164023056849176,0.993511209472249,0.0051925708125192,0.00271157279355953,0.999999999999999
164,1.86116428317129,0.0424422744724572,0.13612400133418,1,0.994733333333334,0.0382745692512225,0.388073098413907,0.996793377915398,1,0.955066666666667,0.0449333333333333,0.992250274431549,1,0.955066666666667,0,0.955066666666667,0.954800000000001,0.15974520917644,0.993772100700762,0.00501343952214996,0.00255821476944392,1
165,1.86573385978819,0.0415809425160233,0.132564747238214,0.999999999999999,0.994733333333333,0.0375145794764858,0.389953010319651,0.996780767283745,0.999999999999999,0.954199999999999,0.0458,0.990386802074285,0.999999999999999,0.954199999999999,0,0.954199999999999,0.953866666666666,0.157121157842548,0.993533333333332,0.00382194329319527,0.00318037787442175,0.999999999999999
166,1.86693085011326,0.040821389184352,0.132198979358427,1,0.9946,0.0368,0.380621236108384,0.9965396946767,1,0.951400000000001,0.0486,0.990838970579909,1,0.951400000000001,0,0.951400000000001,0.9512,0.158866698863897,0.993473880694243,0.00537785623007429,0.00215015397623859,1
167,1.87283228496926,0.0411172359514024,0.131919844008609,1,0.993747513066713,0.0364084698326799,0.378150252864518,0.996847534665149,1,0.9516,0.0484,0.992312369341114,1,0.9516,0,0.9516,0.951533333333333,0.157189100901703,0.99286869400237,0.00548180718559876,0.00260093652806907,1
168,1.8782276725455,0.0390091563170019,0.130002919222742,0.999999999999999,0.992567507378101,0.0354997190020572,0.372991424262572,0.996545679107351,0.999999999999999,0.949066666666666,0.0509333333333333,0.991698270044782,0.999999999999999,0.949066666666666,0,0.949066666666666,0.949,0.156883901769684,0.991266666666666,0.00476355841018793,0.00245146350820299,1
169,1.88257031317196,0.0423855422913634,0.134003778136382,1,0.991981961519544,0.0385729607712918,0.375897110934847,0.996593557516902,1,0.9498,0.0502,0.991394237445396,1,0.9498,0,0.9498,0.9498,0.16036547619568,0.990950554941362,0.0039058198606306,0.00316518489747438,1
170,1.8838529640172,0.0406140941795463,0.130817221884002,1,0.992123920371858,0.0381445568545273,0.376858657120295,0.99672645355135,1,0.9526,0.0473999999999999,0.991040612095592,1,0.9526,0,0.9526,0.9526,0.156854142466656,0.990866666666666,0.00455480614414548,0.00348903381605993,1
171,1.88586072237643,0.0420233128394334,0.131839753301214,1,0.992619046228792,0.0391759621280487,0.374648209564212,0.996645084054583,1,0.951466666666666,0.0485333333333333,0.991504457717346,1,0.951466666666666,0,0.951466666666666,0.951466666666666,0.15823899212549,0.991721149670475,0.00550094522042998,0.0032961301494461,1
172,1.8900186965189,0.0453435182491726,0.133391828005651,0.999999999999999,0.993804032137412,0.0421559696981476,0.370109092079949,0.996539621865266,0.999999999999999,0.9508,0.0492,0.991577209999333,0.999999999999999,0.9508,0,0.9508,0.9508,0.16078779608181,0.993111958738051,0.0049646376475918,0.00281283062078859,1
173,1.89408565203086,0.0476429985966975,0.130878467408095,1,0.993436525839569,0.0442678911627303,0.367878911850528,0.996619205149255,1,0.949933333333334,0.0500666666666666,0.992283942757785,1,0.949933333333334,0,0.949933333333334,0.949933333333334,0.159466044782611,0.992866666666666,0.00530065204759759,0.00296165781837836,1
174,1.89851590744061,0.0475193341626695,0.134369537874561,1,0.993343948539358,0.0444830114351533,0.369823264262212,0.99666450074274,1,0.952933333333333,0.0470666666666666,0.993442092714021,1,0.952933333333333,0,0.952933333333333,0.952933333333333,0.159709570459371,0.9928,0.00550226116886178,0.00304582980177524,1
175,1.90317948146656,0.0459333333333333,0.134115100997462,1,0.9942,0.0414525135574973,0.365174232070426,0.996528656442512,1,0.951533333333333,0.0484666666666666,0.994078704292958,1,0.951533333333333,0,0.951533333333333,0.951533333333333,0.160522019888657,0.9938,0.00476347869425964,0.00308870002536188,0.999999999999999
176,1.9063668858652,0.046246565395092,0.137591859809557,1,0.994058994357209,0.0406,0.374704185271308,0.996648378023796,1,0.949066666666667,0.0509333333333333,0.994003631344235,1,0.949066666666667,0,0.949066666666667,0.949066666666667,0.166152381205212,0.993416147998198,0.00338202176271352,0.00214169536861338,0.999999999999999
177,1.90873140303058,0.0466811070965091,0.136333366562057,0.999999999999999,0.995078542240518,0.0419421990063753,0.372295052100404,0.996591915090814,0.999999999999999,0.953333333333333,0.0466666666666667,0.994750017878026,0.999999999999999,0.953333333333333,0,0.953333333333333,0.953333333333333,0.16406051212187,0.994466666666666,0.00458951354174349,0.00289121669240205,1
178,1.91197299555858,0.0442318228876426,0.132240193829007,1,0.996133333333333,0.0406197124173838,0.37699952666909,0.996476222402176,1,0.954666666666667,0.0453333333333333,0.994614238675251,1,0.954666666666667,0,0.954666666666667,0.954666666666667,0.161047051311647,0.995306924237027,0.00426135174408352,0.00311387928314176,0.999999999999999
179,1.91416693191705,0.0438811027382694,0.128436352516726,1,0.996466666666666,0.0396145432263847,0.380767107862757,0.99665348104731,1,0.9568,0.0432,0.995996868175533,1,0.9568,0,0.9568,0.9568,0.154788074290214,0.995666666666666,0.0046966645267857,0.00294400310476724,1
180,1.91749855640244,0.0454547676554128,0.129625844978854,1,0.996333333333334,0.0413733526256487,0.381914616158351,0.996648638168829,1,0.956666666666667,0.0433333333333333,0.995517542063523,1,0.956666666666667,0,0.956666666666667,0.956666666666667,0.155362221820653,0.995628388647517,0.00522543408822071,0.00264291983032755,1
181,1.92245052376384,0.0455414689830103,0.131066666666667,0.999999999999999,0.996799999999999,0.0410218012944098,0.378495691657997,0.996518853644918,0.999999999999999,0.9588,0.0412,0.995836781582979,0.999999999999999,0.9588,0,0.9588,0.9588,0.154881921356923,0.996032227549512,0.00527978792456559,0.00323073234643709,1
182,1.92638973173323,0.0434282269307896,0.125762071394187,1,0.996536903890059,0.0388880468234946,0.377260130924792,0.996973914772758,1,0.9596,0.0404,0.995411125852572,1,0.9596,0,0.9596,0.9596,0.149237534730027,0.9954,0.00540988562899765,0.00231151367151904,0.999999999999999
183,1.93227522469013,0.0428199935405968,0.122854309264423,1,0.9966,0.0380771701220563,0.376422699472871,0.996634286504713,1,0.9594,0.0406,0.995598257074852,1,0.9594,0,0.9594,0.9594,0.146945370036172,0.995866666666667,0.00420488810425349,0.00287066848592369,1
184,1.93485330420292,0.0390958789879911,0.119780247313566,0.999999999999999,0.995584282223769,0.0349618978444358,0.385174080429991,0.996596452807132,0.999999999999999,0.959666666666666,0.0403333333333333,0.995077705446176,0.999999999999999,0.959666666666666,0,0.959666666666666,0.959666666666666,0.142791228515667,0.994713790491875,0.00511942068317072,0.00283811758716615,1
185,1.93926729103612,0.0412056415437372,0.124238524461431,1,0.995666666666666,0.0370684552026942,0.3854494360401,0.996622283106208,1,0.958866666666666,0.0411333333333334,0.995543224822482,1,0.958866666666666,0,0.958866666666666,0.958866666666666,0.148052069901377,0.995052777867906,0.00498721338854717,0.00281412377006775,1
186,1.94348149265372,0.0423988668158717,0.122040814881091,1,0.995225456755549,0.038410013956698,0.390219700296535,0.996546714548504,1,0.958266666666667,0.0417333333333333,0.995813487842177,1,0.958266666666667,0,0.958266666666667,0.958266666666667,0.146630740178977,0.994666666666667,0.00469156394501362,0.00347144301870734,1
187,1.9458527750928,0.0424864401872774,0.119738256629126,1,0.994665254175824,0.0389406343678228,0.394774580422021,0.996714048247257,1,0.960066666666667,0.0399333333333333,0.99584705799856,1,0.960066666666667,0,0.960066666666667,0.960066666666667,0.144442309725715,0.993866666666667,0.00391529385645653,0.00319483501309159,0.999999999999999
188,1.9472546819325,0.0418187838176283,0.119475909453745,1,0.994333333333333,0.0389384970015334,0.396264021739428,0.996891339182968,1,0.960333333333333,0.0396666666666666,0.99604867496624,1,0.960333333333333,0,0.960333333333333,0.960333333333333,0.14509644838083,0.993513167038369,0.00417184825123123,0.00303254170218815,0.999999999999999
189,1.94947320194428,0.0406997537821556,0.121266666666667,1,0.994066666666667,0.0378315887327319,0.397767734793741,0.996834754616436,1,0.959333333333333,0.0406666666666667,0.996294238864288,1,0.959333333333333,0,0.959333333333333,0.959333333333333,0.14698428611856,0.99329254476794,0.00464229278030596,0.00241850504188283,1
190,1.95380841654715,0.0419795478694345,0.122221886734991,0.999999999999999,0.993666666666666,0.0392035741888488,0.395587006188862,0.996720658499856,0.999999999999999,0.960466666666666,0.0395333333333333,0.997066666666666,0.999999999999999,0.960466666666666,0,0.960466666666666,0.960466666666666,0.147142562078561,0.992599999999999,0.00465357986774422,0.00294047234077745,1
191,1.95715550045178,0.0410203558566171,0.120360887516304,1,0.9932,0.0389545383292869,0.395967137208469,0.996714524685055,1,0.959933333333333,0.0400666666666667,0.996044218419642,1,0.959933333333333,0,0.959933333333333,0.959933333333333,0.14696916102978,0.9924,0.00377866664670906,0.00298041487910872,1
192,1.95871780328949,0.0394876479483009,0.11872055010082,1,0.993918299339588,0.0359995529227834,0.400431015713406,0.996808582331853,1,0.9564,0.0436,0.995189489657089,1,0.9564,0,0.9564,0.9564,0.147701857496751,0.993000000000001,0.00467030443880488,0.00264230978351934,0.999999999999999
193,1.96258909173254,0.0389208538751117,0.121004139401758,0.999999999999999,0.994445219006151,0.0351349007165328,0.39639635127558,0.996899709781322,0.999999999999999,0.956466666666666,0.0435333333333333,0.995504116177179,0.999999999999999,0.956466666666666,0,0.956466666666666,0.956466666666666,0.1510467057677,0.993533333333333,0.00489221766960819,0.00250321680628783,1
194,1.96727771876703,0.0379976845835123,0.120188726707865,1,0.9942,0.0333463156558107,0.392325151605376,0.996589045161073,1,0.956333333333333,0.0436666666666666,0.995881142012987,1,0.956333333333333,0,0.956333333333333,0.956333333333333,0.149261390106217,0.993103021838022,0.00443908537619101,0.00240867544972195,1
195,1.97127209897533,0.0381246917159421,0.118443354767411,0.999999999999999,0.994199999999999,0.0330117535206891,0.391785343445438,0.996785379649182,0.999999999999999,0.953666666666666,0.0463333333333334,0.99587056886409,0.999999999999999,0.953666666666666,0,0.953666666666666,0.953666666666666,0.150038183471139,0.993199999999999,0.00537571982666243,0.0023962910351741,1
196,1.97701394568294,0.0372615039244405,0.115856647348529,0.999999999999999,0.994266666666666,0.0316412167474929,0.388770437644915,0.996497571331021,0.999999999999999,0.952,0.048,0.996046165040981,0.999999999999999,0.952,0,0.952,0.952,0.148214010641206,0.993216814188197,0.0046946963157731,0.00239190452281422,0.999999999999999
197,1.98156562248022,0.0381463726567948,0.117937678682301,1,0.994538058763695,0.0317974213355155,0.384252396066848,0.9968365578078,1,0.949733333333333,0.0502666666666667,0.995636709898928,1,0.949733333333333,0,0.949733333333333,0.949733333333333,0.152047317390097,0.993803787540206,0.00371115211578373,0.00305185061640408,1
198,1.98287207166624,0.0382105408116315,0.116977219854146,1,0.995154440461561,0.0317793722387912,0.385876201704321,0.996594794364261,1,0.948333333333334,0.0516666666666667,0.996866666666667,1,0.948333333333334,0,0.948333333333334,0.948333333333334,0.15286046093354,0.994066666666667,0.00443871179145064,0.00212557607822037,1
199,1.98745872386998,0.04,0.118150900321465,1,0.996133333333333,0.0334862847526784,0.388310085221031,0.996790955907131,1,0.947,0.053,0.99667456729598,1,0.947,0,0.947,0.947,0.155892192631788,0.995266666666667,0.00425107439350792,0.00264454909056,1
200,1.99065162659844,0.0392042475240376,0.115476175119545,1,0.996,0.0314558146284903,0.3836735595093,0.996630326251791,1,0.9456,0.0544,0.997085903976376,1,0.9456,0,0.9456,0.9456,0.153371181980303,0.995133333333334,0.0048038468745552,0.00228810812253827,0.999999999999999
201,1.99565958603724,0.039575216448107,0.114301089975556,1,0.995733333333333,0.0312741691951,0.389234238416196,0.99697171449245,1,0.9472,0.0528,0.99637966162961,1,0.9472,0,0.9472,0.9472,0.15048773765643,0.995034382497614,0.00441402167589816,0.00320582028959642,1
202,1.99807074471567,0.0395025221255188,0.117277124753618,1,0.9962,0.0293014623022595,0.389643879940086,0.996421687480269,1,0.943866666666667,0.0561333333333333,0.995274753063461,1,0.943866666666667,0,0.943866666666667,0.943866666666667,0.154110374721451,0.995594416196743,0.00471146772881224,0.00293035366548764,1
203,2.0016295366186,0.038154297155582,0.116775471853332,1,0.997266666666666,0.0272666666666667,0.391652125632357,0.996632651814016,1,0.944266666666667,0.0557333333333333,0.99527276419518,1,0.944266666666667,0,0.944266666666667,0.944266666666667,0.153587660009302,0.996866666666667,0.00501708830242719,0.0026516617047099,1
204,2.00633774887909,0.0393067304840278,0.116300679234069,0.999999999999999,0.997533333333333,0.0291846718718626,0.395408098309902,0.996640333708253,0.999999999999999,0.944533333333333,0.0554666666666667,0.995709478297457,0.999999999999999,0.944533333333333,0,0.944533333333333,0.944533333333333,0.153779619801905,0.997066666666666,0.00355009559262745,0.00362872763887846,0.999999999999999
205,2.0061713473112,0.0375333333333333,0.1150701520535,0.999999999999999,0.997333333333333,0.0278666666666667,0.402203230809218,0.996597013217411,0.999999999999999,0.945866666666666,0.0541333333333333,0.995835667254922,0.999999999999999,0.945866666666666,0,0.945866666666666,0.945866666666666,0.151929487217453,0.996999999999999,0.0049789417106362,0.00253589145702479,0.999999999999999
206,2.01093877997355,0.0362123373890738,0.113596032560422,1,0.997533333333333,0.0274562304456165,0.405490181028517,0.996847078020804,1,0.9496,0.0504,0.99599734869956,1,0.9496,0,0.9496,0.9496,0.147699885975618,0.997466666666666,0.00647008865840967,0.00329185469093475,1
207,2.01733001391057,0.0360796432524684,0.10996825767869,0.999999999999999,0.997266666666666,0.0273292476937745,0.405873476342043,0.996618402010762,0.999999999999999,0.9486,0.0514,0.995278026607456,0.999999999999999,0.9486,0,0.9486,0.9486,0.145277407945872,0.997266666666666,0.00466661804697362,0.00370736019413249,1
208,2.01913066490059,0.0340615130618286,0.113605845391621,1,0.9972,0.0266615562656187,0.401901789351322,0.996633201093384,1,0.9492,0.0508,0.995241440286288,1,0.9492,0,0.9492,0.9492,0.148543823502533,0.9972,0.00474700591717692,0.00264243860675532,1
209,2.02338006129341,0.032808741033735,0.113001892454966,1,0.997466666666667,0.0265491030135118,0.410563995090792,0.996597051142587,1,0.9508,0.0492,0.994627641673696,1,0.9508,0,0.9508,0.9508,0.147598226027575,0.997466666666667,0.00463584891432154,0.00323352724229033,0.999999999999999
210,2.02621749100412,0.0344173204644808,0.113381066146251,1,0.997945253678795,0.0273739272771654,0.405272146165686,0.996842483482262,1,0.948466666666667,0.0515333333333333,0.994491366718469,1,0.948466666666667,0,0.948466666666667,0.948466666666667,0.149839613653623,0.997866666666667,0.00434404283076784,0.00265584919447001,0.999999999999999
211,2.02963813847819,0.0348,0.11369064258625,0.999999999999999,0.997733333333332,0.027635893489242,0.410875367507923,0.996729510897468,0.999999999999999,0.947199999999999,0.0528,0.99496899181254,0.999999999999999,0.947199999999999,0,0.947199999999999,0.947199999999999,0.1512,0.997733333333332,0.00431473627860579,0.00265441723539033,1
212,2.03300798533034,0.0357842768041514,0.113723457721514,1,0.9982,0.0277816402696558,0.408606827754673,0.996620735292631,1,0.9456,0.0544,0.995143888893925,1,0.9456,0,0.9456,0.9456,0.152480496285672,0.998133333333333,0.00561803919109318,0.0028447308043175,0.999999999999999
213,2.03864614342644,0.0360666666666667,0.11186422561945,1,0.998466666666667,0.0277600147330967,0.409002221093988,0.99681719115536,1,0.947666666666667,0.0523333333333333,0.995972641866483,1,0.947666666666667,0,0.947666666666667,0.947666666666667,0.149484907131654,0.998466666666667,0.00414678180006743,0.00392044004030672,1
214,2.03910757418207,0.0362,0.110158042644204,1,0.998088989450535,0.0278,0.409905203259457,0.996611565363761,1,0.944533333333334,0.0554666666666667,0.996179721666619,1,0.944533333333334,0,0.944533333333334,0.944533333333334,0.150305510950326,0.998,0.00513342824176414,0.00261946888996396,1
215,2.04423380773751,0.0356289110463325,0.109166748699575,1,0.998266666666667,0.0277333333333333,0.41326648962659,0.996733606070595,1,0.943933333333334,0.0560666666666667,0.995727867047817,1,0.943933333333334,0,0.943933333333334,0.943933333333334,0.150308348317081,0.998266666666667,0.00458528652796442,0.00271299317965874,0.999999999999999
216,2.04806121309812,0.036094776518597,0.110065378372919,0.999999999999999,0.998266666666666,0.0275718751814426,0.41457789218387,0.996659634817748,0.999999999999999,0.943466666666666,0.0565333333333333,0.995193917594489,0.999999999999999,0.943466666666666,0,0.943466666666666,0.943466666666666,0.151991345913055,0.998266666666666,0.00409618457670127,0.00245559622329786,1
217,2.05142123847139,0.0327598330625856,0.107216652227173,1,0.998023871545697,0.0248,0.411797902962785,0.996795034976166,1,0.944933333333333,0.0550666666666666,0.994821147995878,1,0.944933333333333,0,0.944933333333333,0.944933333333333,0.147726706659964,0.998,0.00398312361715335,0.00315650759697995,1
218,2.05311697613123,0.0316447782902947,0.105218969334689,1,0.998266666666666,0.0238,0.411021411764806,0.996679876758667,1,0.945933333333333,0.0540666666666666,0.994700753945761,1,0.945933333333333,0,0.945933333333333,0.945933333333333,0.143927284630935,0.998133333333333,0.00465026041618184,0.00235698155387556,1
219,2.05782534589443,0.0317228993596807,0.108720594398932,1,0.997333333333333,0.0256922603930193,0.412049803026023,0.996901882938384,1,0.9466,0.0534,0.994344128254087,1,0.9466,0,0.9466,0.9466,0.146695275375421,0.996933333333333,0.00462183572421275,0.00278628176806954,1
220,2.06160259534914,0.0338376972473796,0.1065928724259,1,0.9974,0.0274036783705748,0.41370383099076,0.996658017753251,1,0.946533333333334,0.0534666666666667,0.994818309302614,1,0.946533333333334,0,0.946533333333334,0.946533333333334,0.144210438307011,0.997066666666666,0.0045923346230345,0.00325434671728005,1
221,2.06436099468819,0.0325995633700348,0.102050029860032,0.999999999999999,0.997599999999999,0.0253548212238357,0.410560995757282,0.996713644377668,0.999999999999999,0.944466666666666,0.0555333333333333,0.994591103861973,0.999999999999999,0.944466666666666,0,0.944466666666666,0.944466666666666,0.140686118707565,0.997266666666666,0.00485360915549042,0.00253138330411832,1
222,2.06915490715662,0.032176549402586,0.105238087124417,1,0.996933333333333,0.0252923064796524,0.416227480315965,0.996611085565663,1,0.9442,0.0558,0.994803728755967,1,0.9442,0,0.9442,0.9442,0.142163957361148,0.9964,0.0053878168644311,0.00254735179654501,1
223,2.07502209929804,0.031986377972478,0.107150543698652,1,0.997066666666667,0.0253374945819113,0.413811641764589,0.996605901665454,1,0.947266666666667,0.0527333333333333,0.995215781969067,1,0.947266666666667,0,0.947266666666667,0.947266666666667,0.1416,0.9964,0.00462158849061692,0.0026789237743337,1
224,2.07905317151586,0.0312531106473313,0.106152787280722,0.999999999999999,0.997399999999999,0.0249794728674588,0.41205872812322,0.996594613751958,0.999999999999999,0.949133333333333,0.0508666666666666,0.994770870517477,0.999999999999999,0.949133333333333,0,0.949133333333333,0.949133333333333,0.139812499732973,0.996442600628484,0.00468235241789356,0.0030955583064633,1
225,2.08235220084577,0.0312149496732098,0.106592421039231,0.999999999999999,0.996866666666666,0.0272654172318042,0.42158501691955,0.996734095013632,0.999999999999999,0.951133333333333,0.0488666666666666,0.994600984520652,0.999999999999999,0.951133333333333,0,0.951133333333333,0.951133333333333,0.138572525250059,0.996399999999999,0.00446513431971111,0.00292039448523771,0.999999999999999
226,2.08556889323981,0.0309613438803566,0.103290702980334,1,0.996895144247185,0.0280515981225396,0.419768817411879,0.996709815819859,1,0.9532,0.0468,0.994926351817418,1,0.9532,0,0.9532,0.9532,0.135014373853098,0.996184609655459,0.00472079124521358,0.00283347673824014,1
227,2.08950501766732,0.0317452398828641,0.102084544124754,0.999999999999999,0.997466666666666,0.0277782768360653,0.422681264451906,0.996644669848906,0.999999999999999,0.952333333333333,0.0476666666666666,0.994804843164304,0.999999999999999,0.952333333333333,0,0.952333333333333,0.952333333333333,0.134132890568611,0.996697169272538,0.0057675994669064,0.00256715160972941,1
228,2.09619236952367,0.0313333333333333,0.103502882697197,1,0.997509025487288,0.0283827092151365,0.423900556838305,0.996499938119064,1,0.953066666666667,0.0469333333333333,0.994927114551544,1,0.953066666666667,0,0.953066666666667,0.953066666666667,0.135902660756616,0.996866666666667,0.00518855140184189,0.00319947503679427,1
229,2.10036185622248,0.0294872877051303,0.105613156530751,1,0.997466666666667,0.0267218252388649,0.427036661931577,0.996549037890135,1,0.953866666666667,0.0461333333333333,0.994411162486056,1,0.953866666666667,0,0.953866666666667,0.953866666666667,0.135925067271234,0.9966,0.00583150909526328,0.00281485882947942,1
230,2.1066979133743,0.0311253294078858,0.105325861921371,1,0.9974,0.0280109555514255,0.434163586415143,0.996794152756987,1,0.955133333333333,0.0448666666666667,0.994562376048277,1,0.955133333333333,0,0.955133333333333,0.955133333333333,0.13497026096793,0.9966,0.00509731435666497,0.0027675504952125,1
231,2.11160602203987,0.0354703608619954,0.10918211714317,1,0.997933333333333,0.0305213610425283,0.430126346048762,0.996435631617068,1,0.951933333333334,0.0480666666666667,0.993628976528016,1,0.951933333333334,0,0.951933333333334,0.951933333333334,0.139728534973164,0.997109863788345,0.00527345489427432,0.00261638333623933,1
232,2.11714596483393,0.0359440394641301,0.110091350032387,1,0.998110659357643,0.030259296859316,0.428480235826188,0.996267429584931,1,0.949666666666666,0.0503333333333333,0.994258428301035,1,0.949666666666666,0,0.949666666666666,0.949666666666666,0.141405643430813,0.997066666666667,0.00525194851696619,0.00224721309586324,0.999999999999999
233,2.12350742830611,0.0349333333333333,0.109051476908379,1,0.997866666666667,0.0307542712060602,0.429313354983276,0.996537956132923,1,0.949866666666667,0.0501333333333333,0.992405508734158,1,0.949866666666667,0,0.949866666666667,0.949866666666667,0.139847566699629,0.997,0.00475010657909224,0.0026571200567811,0.999999999999999
234,2.12795190073358,0.0322666666666667,0.102891067897023,1,0.998933333333334,0.0274723558788249,0.430240983418142,0.996913550845907,1,0.9482,0.0518,0.99185587180359,1,0.9482,0,0.9482,0.9482,0.136794014695089,0.998333333333334,0.00456538721026803,0.00259415701406402,0.999999999999999
235,2.13214658377638,0.033109921025478,0.106077812042033,0.999999999999999,0.998866666666666,0.0274373329514106,0.425627673974214,0.99647747484584,0.999999999999999,0.948266666666666,0.0517333333333333,0.992997567576436,0.999999999999999,0.948266666666666,0,0.948266666666666,0.948266666666666,0.139281958095124,0.998066666666666,0.003591020953923,0.00283753802924634,1
236,2.13364121058182,0.0328315522430419,0.106747030670111,1,0.9986,0.0270050470525973,0.426653134448105,0.996694847960864,1,0.947266666666667,0.0527333333333333,0.993251356247557,1,0.947266666666667,0,0.947266666666667,0.947266666666667,0.140256607393666,0.997861910209225,0.00486674532266079,0.00308541851815357,0.999999999999999
237,2.13744192286143,0.0324847907351883,0.108919566738179,1,0.998625031881833,0.0264257482084779,0.422519259930103,0.996702819407742,1,0.9436,0.0564,0.992604359830147,1,0.9436,0,0.9436,0.9436,0.144393453380394,0.998066666666666,0.00428616298859275,0.00262186325079862,1
238,2.1409992668932,0.0321983694880534,0.110423728258289,0.999999999999999,0.998666666666666,0.0266231494969991,0.415904404495406,0.99661606666673,0.999999999999999,0.942933333333333,0.0570666666666667,0.991332720526558,0.999999999999999,0.942933333333333,0,0.942933333333333,0.942933333333333,0.146807689709908,0.998266666666666,0.00559314460439424,0.00278983393333551,1
239,2.14700115298481,0.0322520981478821,0.110729457833676,1,0.998593723393059,0.0267533055832748,0.416662760229532,0.996852958849904,1,0.9416,0.0584,0.990902928381792,1,0.9416,0,0.9416,0.9416,0.147227400788117,0.998,0.00486095176639825,0.00333223231532897,1
240,2.15028331540885,0.032463112557307,0.110978750518197,1,0.998933333333334,0.0265927229017592,0.426315466799528,0.996884277350025,1,0.9434,0.0566,0.992044258028172,1,0.9434,0,0.9434,0.9434,0.145645934958514,0.998133333333334,0.00500482865302055,0.00277471751181701,1
241,2.15502620290371,0.0332949910581281,0.110794268145025,0.999999999999999,0.998866666666665,0.027540512958138,0.435647204087578,0.99633178632907,0.999999999999999,0.942733333333333,0.0572666666666667,0.991906497105653,0.999999999999999,0.942733333333333,0,0.942733333333333,0.942733333333333,0.145554754798861,0.99794758434368,0.00673242490181332,0.0031636443988868,1
242,2.16271701839992,0.0310791616824325,0.108416991786236,1,0.998933333333333,0.0259135367455703,0.440900660735227,0.996671150523011,1,0.945666666666667,0.0543333333333333,0.993090236382981,1,0.945666666666667,0,0.945666666666667,0.945666666666667,0.143132176994457,0.998266666666667,0.00472319039991521,0.0034737917797074,1
243,2.16541911405861,0.0295823237675909,0.106791811762616,1,0.998496626106337,0.0254111351358353,0.442848964399221,0.996653375446142,1,0.9512,0.0488,0.994770165894878,1,0.9512,0,0.9512,0.9512,0.138012982241669,0.998066666666667,0.00581170792635723,0.00290808624925897,1
244,2.17156231066393,0.0294666666666667,0.107023500036982,1,0.998666666666666,0.0244893919183754,0.438916725327584,0.996670555631326,1,0.949733333333333,0.0502666666666667,0.994339479316224,1,0.949733333333333,0,0.949733333333333,0.949733333333333,0.139300324696777,0.998108424398583,0.00551577337037308,0.00215630163624278,0.999999999999999
245,2.17883483818327,0.0278666666666667,0.10467326061714,1,0.998866666666667,0.0238523870320156,0.437442780069091,0.996752406208278,1,0.954533333333334,0.0454666666666666,0.994791678209865,1,0.954533333333334,0,0.954533333333334,0.954533333333334,0.134980301793211,0.998466666666667,0.00550581594332815,0.0023560992149432,1
246,2.18554519586347,0.0270919740320059,0.105568802869392,1,0.9992,0.0226891347971725,0.433426298761297,0.996704350488875,1,0.9558,0.0442,0.994863615792369,1,0.9558,0,0.9558,0.9558,0.13466362986113,0.998733333333333,0.00563692438662231,0.00289866099149521,0.999999999999999
247,2.1915297942717,0.0293644659854077,0.105280002721338,1,0.999133333333333,0.0246841221880566,0.434024353929431,0.996920556154178,1,0.954933333333333,0.0450666666666666,0.994878082743823,1,0.954933333333333,0,0.954933333333333,0.954933333333333,0.136133333333333,0.998666666666666,0.00528891548274932,0.00302933112387114,1
248,2.19648174071685,0.0302,0.105117254750466,1,0.9992,0.025,0.435391005677624,0.996548893671084,1,0.951933333333333,0.0480666666666667,0.994104976601056,1,0.951933333333333,0,0.951933333333333,0.951933333333333,0.138324255209327,0.998987880103479,0.00656291630596052,0.0027328414168625,1
249,2.20474799816028,0.0319437366594322,0.106994585963916,1,0.9998,0.0259289495683209,0.434828545115687,0.996896801253875,1,0.951533333333333,0.0484666666666667,0.994451370210893,1,0.951533333333333,0,0.951533333333333,0.951533333333333,0.139305515964386,0.999733333333333,0.00618964620940061,0.00328695764515844,1
250,2.21114328871728,0.0318140126585093,0.104987557114531,1,0.999933333333334,0.0253473355935564,0.439300893297202,0.997101829000394,1,0.952133333333334,0.0478666666666667,0.994485615077277,1,0.952133333333334,0,0.952133333333334,0.952133333333334,0.136806934602502,0.999933333333334,0.00434440419348531,0.00263654402142406,0.999999999999999
251,2.21489987839413,0.0309333333333333,0.0999903631337772,1,1,0.0249741522848673,0.436633288843577,0.996779890031863,1,0.953533333333334,0.0464666666666667,0.994891984830838,1,0.953533333333334,0,0.953533333333334,0.953533333333334,0.130254517844813,1,0.00483383853315404,0.00302352238919254,1
252,2.21890954740125,0.0308631586576086,0.101158054803456,1,1,0.0251532062195759,0.430360977203424,0.996837702948938,1,0.9524,0.0476,0.994682251962198,1,0.9524,0,0.9524,0.9524,0.132335520903985,1,0.00470956970951639,0.00315158390094692,1
253,2.2223665769866,0.0309664158503026,0.100524826119887,1,1,0.0252666666666667,0.433912834414938,0.996812063330644,1,0.954866666666667,0.0451333333333333,0.995021315049379,1,0.954866666666667,0,0.954866666666667,0.954866666666667,0.129325572655287,1,0.00525330248286975,0.00228738510965593,1
254,2.22895793262693,0.0316429541488047,0.0990955884766268,0.999999999999999,0.999999999999999,0.0250444565783733,0.425332208573839,0.996524919441848,0.999999999999999,0.955266666666666,0.0447333333333333,0.994022590035499,0.999999999999999,0.955266666666666,0,0.955266666666666,0.955266666666666,0.127650224610714,0.999999999999999,0.00551684887705932,0.0023731299681327,1
255,2.23582586273885,0.0321023410588423,0.0977840787533039,1,1,0.0257602477541934,0.421823069157184,0.99658646830483,1,0.955933333333333,0.0440666666666666,0.994403110441239,1,0.955933333333333,0,0.955933333333333,0.955933333333333,0.125825230861916,1,0.00450678490412655,0.00273020850270971,1
256,2.23979797820427,0.0329064973046618,0.0990658914525861,1,1,0.0272881042919325,0.424162028169396,0.996744550102954,1,0.957066666666667,0.0429333333333333,0.994966955077552,1,0.957066666666667,0,0.957066666666667,0.957066666666667,0.1262,1,0.00514549556508931,0.00232775087200925,1
257,2.24609787788985,0.0343070428324997,0.100397842702503,0.999999999999999,0.999999999999999,0.0286790440526205,0.418681592084169,0.996659102666252,0.999999999999999,0.9542,0.0458,0.994874584978649,0.999999999999999,0.9542,0,0.9542,0.9542,0.129245695866961,0.999999999999999,0.00488816440733725,0.00198312591433702,1
258,2.25257477938484,0.0343260725729376,0.102086137697956,1,1,0.0298666666666667,0.421228190664005,0.996637208046483,1,0.954266666666667,0.0457333333333333,0.994955985356423,1,0.954266666666667,0,0.954266666666667,0.954266666666667,0.131469275629068,1,0.00562769280384579,0.00232618099085898,1
259,2.25986150997666,0.0356868816939471,0.106357390314009,1,1,0.0316833615347556,0.419626078112982,0.996753097529632,1,0.9554,0.0446,0.995124164156356,1,0.9554,0,0.9554,0.9554,0.133588740948467,1,0.00509881572277119,0.00290958380715593,1
260,2.26480887091917,0.0357510394982257,0.108325345695812,1,1,0.0331333333333333,0.424646311132769,0.996598184156074,1,0.954666666666667,0.0453333333333333,0.994773848708109,1,0.954666666666667,0,0.954666666666667,0.954666666666667,0.136895533780122,1,0.00553864709813021,0.00341456227150631,1
261,2.26961951707709,0.0360891129848879,0.105567190600189,1,1,0.0333600925861753,0.421374577180165,0.996742352414663,1,0.955266666666667,0.0447333333333333,0.995014596326696,1,0.955266666666667,0,0.955266666666667,0.955266666666667,0.133663814122457,1,0.00448007246871058,0.00272868510530358,1
262,2.27333109982236,0.0372049631634445,0.106779370775396,1,1,0.0335870517592012,0.4263619792881,0.99636906580081,1,0.953533333333333,0.0464666666666667,0.994446236771676,1,0.953533333333333,0,0.953533333333333,0.953533333333333,0.135849433264766,1,0.00370167603811645,0.00233870642552235,1
263,2.27642958103078,0.0370928958771562,0.106994126860237,1,1,0.0321564367323081,0.427821689547897,0.996680400282568,1,0.950666666666667,0.0493333333333333,0.993384287235086,1,0.950666666666667,0,0.950666666666667,0.950666666666667,0.138308904692057,1,0.00433016650268704,0.00309425088849301,0.999999999999999
264,2.27924305589459,0.0349253215487271,0.106890286785599,1,1,0.0311118341328612,0.423747409720362,0.996642199370605,1,0.950866666666667,0.0491333333333333,0.993818650490635,1,0.950866666666667,0,0.950866666666667,0.950866666666667,0.139162693697999,1,0.00555515637870764,0.00333876295257163,1
265,2.2842017022334,0.0344402298703135,0.10336099897372,1,1,0.0313633712091829,0.430783488605438,0.996600336888432,1,0.951266666666667,0.0487333333333333,0.995117728431344,1,0.951266666666667,0,0.951266666666667,0.951266666666667,0.13472690732572,1,0.0046358460029949,0.00301474046776836,1
266,2.28776057300012,0.0325937709007861,0.105120641316701,1,1,0.0293851975282336,0.428205849690558,0.996782262787894,1,0.9502,0.0498,0.995110878080971,1,0.9502,0,0.9502,0.9502,0.136891176238547,1,0.00531781821573417,0.00318188038428956,1
267,2.29251522125633,0.0312666666666667,0.101714320524424,1,1,0.0287687743409963,0.424472479255025,0.996492015110777,1,0.9526,0.0474,0.995585496164249,1,0.9526,0,0.9526,0.9526,0.132103736488638,1,0.00531109891633173,0.00257257412348076,1
268,2.2987761112248,0.0303334848591661,0.101638452338527,1,1,0.0276788334524789,0.419761125269759,0.996648165895742,1,0.953733333333333,0.0462666666666667,0.995925754754243,1,0.953733333333333,0,0.953733333333333,0.953733333333333,0.131405732644403,1,0.00527225244710013,0.00204884742573481,1
269,2.30618599768472,0.0290952785139597,0.102596686414359,1,1,0.0271567650467814,0.415769434924133,0.996868295326891,1,0.951733333333333,0.0482666666666666,0.99576487339534,1,0.951733333333333,0,0.951733333333333,0.951733333333333,0.134538486279922,1,0.00484180125174885,0.00250373612247545,1
270,2.31152793115946,0.031034702577473,0.101802442278161,1,1,0.028983171796226,0.425221927689072,0.996803381841342,1,0.951933333333334,0.0480666666666667,0.995201381371971,1,0.951933333333334,0,0.951933333333334,0.951933333333334,0.13383148649114,1,0.00498846400988275,0.00244941402930945,1
271,2.31739701610817,0.0297093040109822,0.0971736733038322,1,1,0.0274108351212377,0.427275045289292,0.996802952615886,1,0.951466666666666,0.0485333333333333,0.995020902983818,1,0.951466666666666,0,0.951466666666666,0.951466666666666,0.129611907150631,1,0.00531177047730735,0.00291159919576334,1
272,2.32295916587417,0.030283087361598,0.100628888751739,1,1,0.0278546116251896,0.431970939087238,0.996730508034925,1,0.952866666666667,0.0471333333333334,0.995961232803478,1,0.952866666666667,0,0.952866666666667,0.952866666666667,0.131443376859957,1,0.00406919981527707,0.00298573801823609,1
273,2.32547600338648,0.0286515598117614,0.101030666032017,1,1,0.0263333333333333,0.439389862935045,0.996742318022849,1,0.954266666666667,0.0457333333333333,0.996309912373408,1,0.954266666666667,0,0.954266666666667,0.954266666666667,0.130160803222851,1,0.00503407946204129,0.00341635612785144,0.999999999999999
274,2.32921414079076,0.0280666666666667,0.0951096621505653,1,1,0.0261666187955853,0.441587852562685,0.99664556911061,1,0.955133333333333,0.0448666666666666,0.996090530078273,1,0.955133333333333,0,0.955133333333333,0.955133333333333,0.124450328072977,1,0.00469778572637328,0.00332523880623629,1
275,2.33241109648605,0.029410763272116,0.0958253484520012,1,1,0.0275392921188594,0.441616766517689,0.996327705715327,1,0.951666666666667,0.0483333333333333,0.995392667055692,1,0.951666666666667,0,0.951666666666667,0.951666666666667,0.127444566189252,1,0.00572451734644878,0.00370179558865145,1
276,2.33702904991233,0.0289859198138108,0.0951529804813146,1,1,0.0275333333333333,0.440403265315462,0.99653408560249,1,0.952466666666666,0.0475333333333333,0.994879960288522,1,0.952466666666666,0,0.952466666666666,0.952466666666666,0.127359195334728,1,0.00484677687098216,0.00269340165534858,1
277,2.34200003394541,0.0295706263238798,0.0964374196807052,1,1,0.0283445156781361,0.435802396508104,0.996877393028563,1,0.953133333333333,0.0468666666666667,0.995858398542922,1,0.953133333333333,0,0.953133333333333,0.953133333333333,0.129485580622521,1,0.00452980846110723,0.00247101948913339,1
278,2.34682171778766,0.0303586581230389,0.0977117556448074,1,1,0.0287153116327338,0.443607871733406,0.9966558481211,1,0.949666666666666,0.0503333333333333,0.996210268878258,1,0.949666666666666,0,0.949666666666666,0.949666666666666,0.133900903144388,1,0.00474268786736603,0.0030146136590541,0.999999999999999
279,2.35076366290938,0.0289580993060444,0.0982756688425768,1,1,0.0275092881368553,0.446702480122536,0.996715850604194,1,0.950733333333333,0.0492666666666666,0.996364017877432,1,0.950733333333333,0,0.950733333333333,0.950733333333333,0.133906188081532,1,0.00583914417308092,0.00319930052826972,1
280,2.35696931142536,0.029734071805009,0.0994969929037652,1,1,0.0278287516815618,0.448862216086917,0.996770124153144,1,0.948866666666667,0.0511333333333333,0.995466666666667,1,0.948866666666667,0,0.948866666666667,0.948866666666667,0.136582776454036,1,0.00450582255418124,0.00292678701848314,1
281,2.36069104972465,0.0271168270768935,0.096419419426119,0.999999999999999,0.999999999999999,0.0252770324180338,0.444927303123123,0.996779230848624,0.999999999999999,0.949666666666666,0.0503333333333333,0.996578437731452,0.999999999999999,0.949666666666666,0,0.949666666666666,0.949666666666666,0.132490956355286,0.999999999999999,0.00505820787842148,0.00291775802701829,1
282,2.36560750458724,0.0274,0.0971633119323876,0.999999999999999,0.999999999999999,0.0253889482964445,0.445372008003938,0.996421175420102,0.999999999999999,0.949266666666666,0.0507333333333333,0.996850207162942,0.999999999999999,0.949266666666666,0,0.949266666666666,0.949266666666666,0.132243961674355,0.999999999999999,0.00514573587585545,0.00285664610802392,0.999999999999999
283,2.3710225925207,0.027013175389258,0.0935757850676426,0.999999999999999,0.999999999999999,0.024833152575745,0.446275578712588,0.996710071877773,0.999999999999999,0.950666666666666,0.0493333333333333,0.996655076791954,0.999999999999999,0.950666666666666,0,0.950666666666666,0.950666666666666,0.127437001582951,0.999999999999999,0.00568431129715011,0.00343529880631875,1
284,2.37630542607057,0.0277333333333333,0.0952946749489423,0.999999999999999,0.999999999999999,0.0251266881872477,0.452388172811171,0.996625099525409,0.999999999999999,0.951533333333332,0.0484666666666667,0.996604313858961,0.999999999999999,0.951533333333332,0,0.951533333333332,0.951533333333332,0.127591508030722,0.999999999999999,0.00525217376823391,0.00313415085970868,1
285,2.38133849540064,0.0262862876138354,0.0930691664850407,1,1,0.0244454854933296,0.453841063431318,0.996945653155137,1,0.9526,0.0474,0.996903274808951,1,0.9526,0,0.9526,0.9526,0.122624657999221,1,0.00531117237825485,0.00301301456584362,1
286,2.38681118706784,0.0259201386965379,0.0934876403281949,1,1,0.0237834025129938,0.456752039543933,0.996688355327885,1,0.9494,0.0506,0.997083449497142,1,0.9494,0,0.9494,0.9494,0.125508080761743,1,0.0048707888619747,0.00304196955454269,1
287,2.3911495497202,0.0241938074570606,0.0877981824534883,1,1,0.0223678930774807,0.457646545806034,0.996556953001082,1,0.950466666666666,0.0495333333333333,0.997572471744426,1,0.950466666666666,0,0.950466666666666,0.950466666666666,0.120367977947875,1,0.00509230587691709,0.00283014845157319,1
288,2.3965587064292,0.0254167704265005,0.0927037775090466,1,1,0.0227273276798441,0.461710910720073,0.996516195050775,1,0.949866666666667,0.0501333333333333,0.997378642750625,1,0.949866666666667,0,0.949866666666667,0.949866666666667,0.125388006648379,1,0.00535975866440369,0.0020495226741376,1
289,2.40449188131201,0.0257542960548233,0.0933474269556188,1,1,0.0229927378844124,0.461060886344763,0.996642913101827,1,0.9508,0.0492,0.997364451876648,1,0.9508,0,0.9508,0.9508,0.125091272453633,1,0.00491821154977027,0.00282264370806438,1
290,2.40953065717413,0.0240009118458451,0.0911592879617589,1,1,0.0208966646662429,0.469980838056281,0.996742473786498,1,0.951800000000001,0.0482,0.997374597266949,1,0.951800000000001,0,0.951800000000001,0.951800000000001,0.121606296822542,1,0.0057947096831302,0.00296431573233966,1
291,2.41635057817044,0.0242914241294817,0.0912073822218029,0.999999999999999,0.999999999999999,0.0216235681536661,0.475216512164929,0.996739142028299,0.999999999999999,0.950733333333333,0.0492666666666667,0.996711156751739,0.999999999999999,0.950733333333333,0,0.950733333333333,0.950733333333333,0.123861606836557,0.999999999999999,0.00494648227958279,0.00312271310359737,1
292,2.42059635383474,0.0242072911652453,0.0896999998562388,1,1,0.0221256099384546,0.473899907778189,0.996926385876143,1,0.950666666666667,0.0493333333333333,0.996633924526417,1,0.950666666666667,0,0.950666666666667,0.950666666666667,0.123459978033784,1,0.00474017512443172,0.00343641855644289,1
293,2.4237522222295,0.0240047291389237,0.0911751690861743,1,1,0.0224263357573349,0.480985186886865,0.996772112788353,1,0.948666666666667,0.0513333333333333,0.995769981882993,1,0.948666666666667,0,0.948666666666667,0.948666666666667,0.128215833619,1,0.00473378013127425,0.00314534850618697,1
294,2.42744060342919,0.0226666666666667,0.0883814008554931,1,1,0.0208299205838824,0.474585237868298,0.996673525606455,1,0.950133333333334,0.0498666666666666,0.99585533065332,1,0.950133333333334,0,0.950133333333334,0.950133333333334,0.123165275130838,1,0.0038384408119849,0.00210590021262411,1
295,2.43164624282716,0.0231401531250966,0.0901388324646207,0.999999999999999,0.999999999999999,0.0211445757057053,0.476481670058121,0.996843067396514,0.999999999999999,0.950933333333333,0.0490666666666666,0.995423132416772,0.999999999999999,0.950933333333333,0,0.950933333333333,0.950933333333333,0.125698843155322,0.999999999999999,0.00483491786924688,0.00320781174422102,1
296,2.43553782038071,0.0232440031322731,0.0915337982216727,1,1,0.021642636565326,0.481085408121256,0.996631140945897,1,0.949733333333333,0.0502666666666667,0.994768864637199,1,0.949733333333333,0,0.949733333333333,0.949733333333333,0.127742924736009,1,0.00483325460301391,0.0028181939832574,0.999999999999999
297,2.44028320754246,0.0222811165504182,0.0915108913547893,1,1,0.0209575495127003,0.481199570836136,0.996745541874086,1,0.951866666666666,0.0481333333333333,0.994760970938309,1,0.951866666666666,0,0.951866666666666,0.951866666666666,0.126349703115868,1,0.00469728690396572,0.00292604745584728,1
298,2.44460553342424,0.0201640753372215,0.0905920190027647,0.999999999999999,0.999999999999999,0.0189152288056408,0.479643036361101,0.996723369797574,0.999999999999999,0.9494,0.0506,0.994262223867452,0.999999999999999,0.9494,0,0.9494,0.9494,0.126467045810993,0.999999999999999,0.00515932474005065,0.00308045724534212,1
299,2.44968754440506,0.0192308255930362,0.0892965074734206,1,1,0.0183333333333333,0.481153179862351,0.996704570826884,1,0.951933333333333,0.0480666666666666,0.994947188227778,1,0.951933333333333,0,0.951933333333333,0.951933333333333,0.124592111939261,1,0.00508230293839192,0.00251576585049749,1
300,2.45582969221066,0.0206,0.0926194846370776,1,1,0.0192086400067317,0.482542214348902,0.99663743511618,1,0.954199999999999,0.0458,0.993840322745226,1,0.954199999999999,0,0.954199999999999,0.954199999999999,0.125941537482975,1,0.00491903638646951,0.00264816025925519,1
