"X","PopRatio","KC","LC","aKC","Prol_KC","Diff_KC","preDiff_KC","pDC","iDC","M1","M2","Neutrophil","Th0","Th1","Th2","Th17","Th22","Treg","Fibroblast","Division","Death","ILC3"
0,1.36335026305308,0.0569756907984769,0.258246532390156,0.999999999999999,0.93465809168852,0.03408695880883,0.194783016456385,0.996718320282605,0.999999999999999,0.951693587214176,0.0398,0.993175374839248,0.999999999999999,0.952590340650251,0,0.952639594183478,0.953583134486998,0.290762181360987,0.92,0.00823008665470193,0.00471089882620384,1
1,1.36808302796569,0.056817219341153,0.256139915238984,0.999999999999999,0.935178664204557,0.0326402598075523,0.192871066804934,0.996595382316295,0.999999999999999,0.949761491227106,0.0414666666666666,0.992919951090029,0.999999999999999,0.951066666666666,0,0.951427785725565,0.951327859603645,0.288586461274267,0.921792415675233,0.00468330462339246,0.00257637790724702,0.999999999999999
2,1.37091404648001,0.056610631145188,0.253461793434499,0.999999999999999,0.935117663377341,0.0332727763405683,0.194824297354308,0.996910133696088,0.999999999999999,0.953412060173596,0.0386058334428473,0.994679274372755,0.999999999999999,0.953733333333333,0,0.954962179505395,0.954825382966715,0.2864614638508,0.919580899384335,0.0044302191460672,0.00232178267261813,0.999999999999998
3,1.37380453165758,0.0547978648219398,0.258884201443222,1,0.938741748489974,0.0297153199995948,0.193841331482971,0.996762411991127,1,0.954296590919338,0.0379333333333333,0.995306675942585,1,0.95443254650869,0,0.956587452251515,0.955917818296591,0.289582170544616,0.920657191423847,0.00443360430652046,0.00196513570229682,0.999999999999999
4,1.37710413804354,0.0539292682027104,0.256548982335555,0.999999999999998,0.938087441866018,0.0301401465045594,0.196396409861372,0.996664488949209,0.999999999999998,0.95676472005731,0.0358,0.995368861728815,0.999999999999998,0.95671961260585,0,0.959360013486022,0.957866666666665,0.285951828533669,0.920984444658754,0.00422934406929246,0.00231990546841827,0.999999999999999
5,1.37973363384214,0.0566672985636025,0.259013567953909,0.999999999999999,0.940851310806745,0.0316995539236549,0.195750605102938,0.996669020434627,0.999999999999999,0.955292395914379,0.0378,0.995534098543766,0.999999999999999,0.954345893889652,0,0.958533333333333,0.956746959580994,0.289226547761418,0.922571005996041,0.00506089265365378,0.00221935765506816,0.999999999999999
6,1.38365419525142,0.0578622074534458,0.261595993203153,0.999999999999999,0.941502353957031,0.0314024868681229,0.197998226279118,0.996600853847989,0.999999999999999,0.95711901162785,0.0356232529093488,0.995866666666666,0.999999999999999,0.956605205072477,0,0.960889796769476,0.958507704538665,0.288456197466708,0.925145564071203,0.00532111224007977,0.00237203597216057,0.999999999999999
7,1.38773469700164,0.0559440278901458,0.257981948372724,0.999999999999998,0.940686765235218,0.0291691066787482,0.196173875945508,0.996478828975386,0.999999999999998,0.956119076230686,0.0364,0.995530990574584,0.999999999999998,0.95605860969337,0,0.960010646246858,0.95779888420881,0.286557238491443,0.924927185340827,0.00411007599688972,0.00224588262631411,0.999999999999997
8,1.39032170282391,0.0594019470958602,0.258646455376075,0.999999999999999,0.940295105335085,0.030585401289708,0.19877296317814,0.996976398467375,0.999999999999999,0.957087248605261,0.0354666666666666,0.995066666666666,0.999999999999999,0.957,0,0.960789781410908,0.959445427459389,0.287941612731763,0.924591532072186,0.00428473929228168,0.00280342846421386,0.999999999999998
9,1.3923812014168,0.0607999605514021,0.264831791163735,0.999999999999998,0.940611245820015,0.032315213986774,0.199803287368273,0.996616304758047,0.999999999999998,0.958066666666666,0.0354,0.994345151402857,0.999999999999998,0.956624071232399,0,0.961533333333332,0.959930949727132,0.293045210268102,0.927274527944489,0.00457841477758788,0.00238034123042721,1
10,1.39544175770319,0.0583013331543769,0.263725549726302,0.999999999999999,0.941129847461299,0.030929180785685,0.198547153921822,0.996659067737706,0.999999999999999,0.958946927264709,0.0348,0.994690166408029,0.999999999999999,0.956942828230041,0,0.962683139042856,0.960537929982889,0.289270988296615,0.929355212120431,0.00337217701292249,0.00267315980014794,0.999999999999998
11,1.39641719551125,0.0568300000492225,0.263721721484957,1,0.939614919949171,0.0286203758810476,0.196018963480205,0.996779958099751,1,0.959266666666667,0.0342666666666667,0.9948398601978,1,0.956895907818942,0,0.963382416687021,0.96125730840111,0.288743119518532,0.927754082729233,0.00440737504771232,0.00247969514183005,0.999999999999999
12,1.39897471727694,0.0525648291011708,0.256580344952006,0.999999999999999,0.940743506222044,0.0280615416023216,0.200414369039849,0.996721633840532,0.999999999999999,0.960073392603434,0.0332666666666666,0.995299644124332,0.999999999999999,0.959171929261876,0,0.965066666666666,0.962866666666666,0.281982483450216,0.929253774892685,0.00407487354487452,0.00329719844482811,0.999999999999998
13,1.40006266508016,0.0523417825979813,0.253418075378111,1,0.938577827450378,0.0278167113667431,0.209748301029087,0.996418112594501,1,0.957169195286974,0.0363999999999999,0.995755660394781,1,0.955902325337035,0,0.961683263767812,0.958999250256889,0.281341319065386,0.927402313803852,0.00462022512258543,0.00316971686077545,0.999999999999999
14,1.40209346754291,0.0519671121329057,0.257304122548683,0.999999999999999,0.941466936393747,0.0272329653754186,0.220365705362965,0.996655669962814,0.999999999999999,0.9582198139505,0.0364666666666666,0.996533333333333,0.999999999999999,0.955479172938699,0,0.961933333333333,0.959096844533748,0.283453189851146,0.930954789848018,0.00420626756126319,0.00238544701125692,0.999999999999998
15,1.40460111792586,0.0506398230099412,0.252130537997126,0.999999999999999,0.940763853531005,0.0267201678539579,0.21913679902829,0.996657781586428,0.999999999999999,0.95837943830629,0.0368,0.99696454558551,0.999999999999999,0.954707428577854,0,0.961956069843639,0.958343735843815,0.279528959626426,0.929253985529913,0.00492803447963162,0.00267132232295746,0.999999999999999
16,1.40767725826943,0.0504580429245633,0.252155822791044,0.999999999999999,0.941030230277219,0.0280226059208346,0.220386350402452,0.996665165863089,0.999999999999999,0.957745495450484,0.0362,0.997599999999999,0.999999999999999,0.955051118211919,0,0.961940856629885,0.958708028265232,0.279729455919013,0.928611351141444,0.0050758349278024,0.00302228051463811,1
17,1.41056800011546,0.0529175184697664,0.254943491218231,1,0.942087592466266,0.0304187165445281,0.222533927123052,0.996611000909063,1,0.959066666666667,0.0361333333333334,0.997847679732109,1,0.955354405263617,0,0.9621394220148,0.958463480637728,0.280907029451528,0.929956122905555,0.00428566791349423,0.00232729822337587,0.999999999999998
18,1.41333041373274,0.0527353358400344,0.254288352897102,0.999999999999999,0.945916486673697,0.0297333333333333,0.223956125235527,0.99648652607045,0.999999999999999,0.959266666666666,0.0366666666666667,0.997933333333332,0.999999999999999,0.956157263177801,0,0.961496434560964,0.958455415029292,0.27893695756302,0.93430296679632,0.00427665875624397,0.00273785197988359,0.999999999999999
19,1.41550525615063,0.0533226134938789,0.251881532959155,0.999999999999998,0.948045074028127,0.0325704709915589,0.229379836276425,0.996795787195721,0.999999999999998,0.96087626729118,0.035,0.997733333333332,0.999999999999998,0.956600076315702,0,0.962483517252553,0.958818698881662,0.275979414246025,0.936713347136464,0.00396783762442675,0.0027088675861072,0.999999999999998
20,1.41719296784013,0.0513406094467685,0.250636873611784,1,0.946926085125522,0.0320747725504672,0.235955867873824,0.996494409471563,1,0.959388039501138,0.0366,0.997491185616586,1,0.95559251668162,0,0.961173232821473,0.957566955850415,0.275310835069778,0.935175119571179,0.00418622527415649,0.00222540803904955,1
21,1.41997182423694,0.0509362676044777,0.251382884205983,0.999999999999999,0.948442245077391,0.0310891153482862,0.238122771748265,0.996660593466775,0.999999999999999,0.9588,0.0382666666666667,0.996946003178494,0.999999999999999,0.954423780374843,0,0.9598,0.957000306621365,0.276033887246395,0.936693782851065,0.00450040232203488,0.00256517314816103,1
22,1.42264909725809,0.0512737026194295,0.254272484220425,0.999999999999999,0.949914886928119,0.0310882443622118,0.242804208906483,0.996799173820433,0.999999999999999,0.960623574484039,0.0372666666666666,0.997068154290227,0.999999999999999,0.955701218037185,0,0.961084031821635,0.957338826206148,0.275239156093471,0.938646756957975,0.00383467300770057,0.0026672758308098,0.999999999999998
23,1.42430989379793,0.0505569827428513,0.254193515893803,0.999999999999999,0.950821080526331,0.0296304692398704,0.24962299793721,0.996851204958376,0.999999999999999,0.963889392449066,0.0349333333333333,0.996733333333333,0.999999999999999,0.958971909775061,0,0.964078736336566,0.958900870386634,0.273808371976898,0.939380919761585,0.00428806170512596,0.0028028207794339,0.999999999999999
24,1.42642533714307,0.0491664540791067,0.246974875113105,0.999999999999999,0.952468207107912,0.0279333333333333,0.250734180885113,0.99660677040399,0.999999999999999,0.961915778864441,0.0363333333333333,0.996632300940201,0.999999999999999,0.958009306237489,0,0.962466666666666,0.957687234803979,0.268143436955126,0.940624122750867,0.00340667965130825,0.00216512557033156,0.999999999999999
25,1.4281963213416,0.0469709433296866,0.24611263908792,0.999999999999999,0.952508177855691,0.0263892660786899,0.248322345386631,0.996952264569042,0.999999999999999,0.958507315230843,0.0392666666666666,0.996400948928282,0.999999999999999,0.954533668895331,0,0.959350781830747,0.955049078360908,0.267829701840901,0.941519874013725,0.00549128903616067,0.0017916544701035,1
26,1.43348012581915,0.0471620129854381,0.246337475670328,0.999999999999999,0.95196877620766,0.025392911860244,0.247668718409205,0.996690411859887,0.999999999999999,0.957735238138476,0.039,0.996347102884717,0.999999999999999,0.954521647996517,0,0.959157402861664,0.955306231127351,0.268180432891573,0.940922003087084,0.00337653927931906,0.00264207060818402,1
27,1.43453297206226,0.0471450768967143,0.245324644526017,0.999999999999999,0.954097233362768,0.024428148903627,0.253023890289203,0.996726030842017,0.999999999999999,0.960066666666666,0.0367333333333333,0.996498858635978,0.999999999999999,0.957681085679236,0,0.96146155114605,0.957808522173796,0.267276390562238,0.942883873836628,0.00505266135207933,0.00236779068471537,1
28,1.43838450756032,0.0470813249504914,0.248488622847317,1,0.953214202798033,0.0229514068473041,0.250409596208236,0.996550559095683,1,0.959380747229215,0.0378666666666667,0.99657774059838,1,0.956694642863827,0,0.960726274996218,0.957120470739145,0.271527797095956,0.943365013932079,0.00466467328450714,0.00233057353783387,1
29,1.44168968218043,0.0487222533047899,0.2499947636097,0.999999999999999,0.953061364253989,0.0239702423887761,0.242551183203302,0.996720427098872,0.999999999999999,0.958187906907186,0.0394666666666667,0.996733839630516,0.999999999999999,0.955200371344498,0,0.959317861463712,0.956003602969883,0.271644967391755,0.94322278217739,0.00397367066327544,0.00251838819734555,0.999999999999999
30,1.44373407149553,0.0486404727702573,0.243142306988438,0.999999999999999,0.9551194484336,0.0251502415980074,0.250243353990233,0.996717072303495,0.999999999999999,0.959463627317937,0.039,0.996568071926356,0.999999999999999,0.955549480479632,0,0.960075899989571,0.955748896260159,0.26612774325098,0.945394953787126,0.00424271094013505,0.00198404642567209,0.999999999999999
31,1.44699498241113,0.0478481802949493,0.2390547972361,0.999999999999999,0.954396003982595,0.0231327227051459,0.252870221343105,0.996623438177891,0.999999999999999,0.959284769236962,0.0391333333333333,0.996017441746973,0.999999999999999,0.955302073676405,0,0.959930532078812,0.955734158748459,0.263696590000977,0.945201220130925,0.0054334447453171,0.00263736768652714,0.999999999999999
32,1.4509591482613,0.0475314218282436,0.234043404040396,1,0.955349670622532,0.0225482697530913,0.253173818097744,0.996672982178148,1,0.959547922464989,0.0394666666666667,0.996126115932933,1,0.955812056533111,0,0.960137974662707,0.956172155900925,0.259428586075124,0.945578918927607,0.00500027802985486,0.00254094745828889,0.999999999999998
33,1.45452753645271,0.0456114089975646,0.234892221947998,1,0.958774040642917,0.0209959534395617,0.251995703978423,0.996542934224446,1,0.956066666666667,0.0429333333333333,0.99560434035784,1,0.9524,0,0.9564,0.952,0.26145910698018,0.949683883438402,0.00372224974364245,0.00317480137356734,1
34,1.45532381518177,0.0431644043341841,0.227765955160984,0.999999999999999,0.959503795412819,0.0197932202879873,0.255494310445573,0.996816040283613,0.999999999999999,0.955866666666666,0.0430666666666666,0.995677872413057,0.999999999999999,0.952916501037842,0,0.956312345223025,0.95185417349686,0.256211897648355,0.950874060540799,0.00442360661723656,0.00280299912714754,1
35,1.45768232385716,0.0433270443854672,0.230066219240744,1,0.958395597227273,0.0208548530159142,0.254230675638758,0.996717964421442,1,0.9532,0.0455333333333334,0.996180027462762,1,0.94977817895406,0,0.953569887353356,0.94964818513347,0.259394428584,0.94962143555625,0.00442938352378253,0.00239594885358894,0.999999999999999
36,1.46059515992174,0.0418748181618189,0.225178734744473,1,0.958361454768388,0.0199901084203948,0.251506907512539,0.996604277253934,1,0.950442368674574,0.0477333333333333,0.99539228422763,1,0.947840980866414,0,0.950982963886701,0.94638105529087,0.255648896215449,0.949175692900831,0.00412531516945387,0.00269211371966584,1
37,1.46268848702249,0.0408213637353422,0.225131373778519,0.999999999999999,0.958082309752891,0.0194484697904446,0.25077896731024,0.996600745316644,0.999999999999999,0.951224293232091,0.0468666666666666,0.995403281143875,0.999999999999999,0.949733333333333,0,0.951933333333333,0.948318628935084,0.255057391690273,0.94931740384118,0.00454982882829841,0.00275669050609801,1
38,1.46531128980201,0.0401333333333333,0.220501012315403,0.999999999999999,0.960369931051501,0.017542734159348,0.258393800169816,0.996697277351948,0.999999999999999,0.952332346482364,0.0458981718614195,0.995733913429244,0.999999999999999,0.951154850480244,0,0.952533333333333,0.949469927257928,0.250995025927204,0.951814942002397,0.00428319114239153,0.00304143703461487,1
39,1.46703320452299,0.0381760113912925,0.219980123600941,1,0.962188016257682,0.0156865894115563,0.25376376674999,0.996515081094367,1,0.951169661453743,0.0467333333333333,0.995085351822315,1,0.950188853495346,0,0.951866666666667,0.948742036648782,0.249148180117282,0.953537752143355,0.00387052305395047,0.00316785765800736,0.999999999999998
40,1.46806403799051,0.037341644598249,0.216777958485063,0.999999999999999,0.961479784985103,0.0148782003539542,0.252473320566654,0.996559807391194,0.999999999999999,0.952688354307057,0.0452666666666667,0.994336496282322,0.999999999999999,0.951999999999999,0,0.952894713376228,0.949844781669541,0.24600029967149,0.952984898244117,0.00350028051003806,0.0031932303030841,0.999999999999998
41,1.46841693642133,0.0387163420567196,0.215864699669046,0.999999999999999,0.962163513708278,0.0137333333333333,0.256166627703723,0.996569114787595,0.999999999999999,0.949199905337036,0.0485333333333333,0.99391600790716,0.999999999999999,0.948142741326506,0,0.949461133452977,0.946614866749936,0.247134515602609,0.953519114242865,0.0060211811037666,0.00219409872516667,1
42,1.47403668900314,0.0385865372852052,0.216401313150882,0.999999999999999,0.963080673882783,0.0137698637231193,0.252173958918992,0.996577946544399,0.999999999999999,0.94583463060252,0.0505333333333333,0.994015081662197,0.999999999999999,0.945037688166029,0,0.946327699094379,0.943419366751804,0.24871654272475,0.953002984354836,0.00501053422124096,0.00267748529483632,1
43,1.4774756887179,0.0405893502265874,0.216990028187084,1,0.96429353714985,0.0138009386774191,0.254649601836576,0.996663122724809,1,0.947536477160947,0.0492756401163132,0.993486826134506,1,0.946544342861906,0,0.947817460453486,0.945791993162127,0.247929057509168,0.954397532163646,0.00494833393423311,0.00358271606373029,1
44,1.47949335592165,0.0402261313746854,0.215425194308255,0.999999999999999,0.965555178570482,0.0135277878605497,0.257970144494055,0.996786306350795,0.999999999999999,0.948245825750779,0.0489639046330074,0.993438804969174,0.999999999999999,0.948008291283551,0,0.948651106628117,0.946567300638773,0.24532639320437,0.955735358675765,0.00522909074177083,0.00267048686485061,1
45,1.48322093705958,0.0411464537565133,0.212982805624377,0.999999999999999,0.967198242131545,0.0132860073417712,0.256625206085552,0.996787756813481,0.999999999999999,0.9512,0.0457333333333333,0.993904772943991,0.999999999999999,0.95026908116419,0,0.951662855913886,0.949710490766118,0.239668205190684,0.957574980875702,0.00499814962315169,0.00261377682838551,0.999999999999999
46,1.48667379095929,0.0410876035535219,0.205194868398015,1,0.966669894879513,0.0142983009849893,0.263039261506497,0.996822820610838,1,0.953301606064797,0.0438,0.994599687304064,1,0.952341827096889,0,0.953304956178684,0.952181658709742,0.233775282348687,0.955755221657329,0.00476026420367155,0.00263187562573273,1
47,1.48983801047508,0.0425465374220851,0.207108746846201,0.999999999999999,0.965396141217277,0.0159943381248322,0.265312496233651,0.996754111040704,0.999999999999999,0.953211359541705,0.044,0.994450793752715,0.999999999999999,0.952266666666666,0,0.95333021784277,0.952072403037439,0.236333791593983,0.955455968978175,0.00439135780440503,0.00242775648145474,1
48,1.49276345836343,0.0432963956699879,0.20696558905914,1,0.964719571238103,0.0166666666666667,0.267913756876833,0.996722075285777,1,0.954723610815229,0.0433900213799606,0.994162760689509,1,0.953415428857093,0,0.954442194874765,0.952405677783417,0.236145086367566,0.954827281918695,0.00423151853519887,0.00240805110512633,1
49,1.49548546391056,0.0426597774156905,0.205065926095581,0.999999999999999,0.967024294013864,0.0171333333333333,0.268200313167975,0.996414965848236,0.999999999999999,0.955927496019067,0.0419333333333333,0.994062196141329,0.999999999999999,0.9545361475682,0,0.955705975951672,0.953608746109018,0.234640262472859,0.956917538110366,0.00489651723378098,0.00212978894511489,0.999999999999999
50,1.49962306584885,0.0467350762517918,0.208447650373268,0.999999999999999,0.966840606819896,0.0178600827696021,0.265550505412081,0.996589512925577,0.999999999999999,0.958203242712302,0.038955476267398,0.994781652268067,0.999999999999999,0.957713250400497,0,0.958124545836788,0.956221933204577,0.2366184392784,0.957064222046319,0.00511260466516944,0.0025094778420846,0.999999999999999
51,1.5034946102082,0.0508,0.207792342206694,0.999999999999999,0.96861903543981,0.0198,0.264591877858866,0.996739457324216,0.999999999999999,0.957302564158732,0.0398666666666666,0.994629123063577,0.999999999999999,0.956942462374521,0,0.957538208903877,0.955201314514853,0.235889564734251,0.959583815326737,0.00465638909270363,0.00320841324617211,0.999999999999999
52,1.50567163408917,0.0510472350970249,0.204168064333345,1,0.969754609408628,0.0184784316283758,0.26837615244558,0.996467694517531,1,0.956789311911757,0.0397726223022669,0.99449873854772,1,0.956805484929039,0,0.957380554653378,0.954630728915725,0.232560729422331,0.960633332762663,0.00476977356721156,0.00198880715034617,0.999999999999999
53,1.5098588563384,0.0495191669853632,0.207743681582838,0.999999999999999,0.969960069305289,0.0183865434822135,0.270383456843059,0.996635791384589,0.999999999999999,0.9576,0.0398196602707528,0.994302755169752,0.999999999999999,0.957693633203968,0,0.957933333333333,0.955176874603388,0.234208297913396,0.962060256318672,0.00419386717648288,0.00257313276035587,0.999999999999999
54,1.51230593655036,0.0492997277239516,0.202051715901488,1,0.971793634060132,0.0177131800418433,0.274205099223043,0.996719998744676,1,0.961436591613136,0.0359333333333333,0.993958728560873,1,0.961814483408802,0,0.961865438003947,0.958752307818087,0.226598724545178,0.963019313611162,0.00488796125848877,0.00225939735667984,0.999999999999999
55,1.5161803089479,0.0498015952132674,0.20591493896145,0.999999999999999,0.973663718841999,0.0183519606963057,0.277030658193048,0.996590734545484,0.999999999999999,0.960633040223619,0.037103889425879,0.992641628156609,0.999999999999999,0.9606,0,0.961062006183166,0.957625818844216,0.2292886718652,0.964900338452459,0.00415136168304448,0.00267385033235544,0.999999999999999
56,1.51842048256406,0.0496819544641275,0.20417377354534,1,0.974518180762873,0.0177195875840375,0.276496563715079,0.996611316919381,1,0.959127921393679,0.0384,0.991701460751036,1,0.959133333333333,0,0.959302260368296,0.956752356865746,0.227236977626369,0.967115509144155,0.00534938339903963,0.00350469097619716,0.999999999999999
57,1.52122150132293,0.0499446837087044,0.206574248977957,1,0.97221707546658,0.0180751173595238,0.282456302359999,0.996829185877448,1,0.960658981066242,0.0364666666666666,0.992373901260335,1,0.960933333333333,0,0.961051735079317,0.958902521953853,0.229186701168131,0.965402088460968,0.00502348084727484,0.00294296845152507,0.999999999999999
58,1.5243784818722,0.0496845261453604,0.20066068202792,1,0.974560112492863,0.0197783477025396,0.282913281580911,0.996656462284937,1,0.963466666666666,0.0342,0.992790855547102,1,0.963933333333333,0,0.963866666666666,0.961995182271439,0.22201889903883,0.968049138213263,0.00413523973985821,0.00290356677311026,0.999999999999999
59,1.52625601763942,0.0480639659655357,0.201550610500867,0.999999999999999,0.972748063272339,0.0207732006663548,0.281979163907222,0.996620612857263,0.999999999999999,0.960119358250863,0.0368,0.992379437685439,0.999999999999999,0.960733333333333,0,0.960456161295897,0.958591780926222,0.223636812369324,0.967718558645187,0.00531168412021582,0.00242500956424677,0.999999999999998
60,1.53066182205143,0.0486913899093139,0.200478076684533,0.999999999999999,0.971601769168203,0.0206734539023415,0.286747952046425,0.996718979748674,0.999999999999999,0.960117765975991,0.0366666666666667,0.992507390786331,0.999999999999999,0.960715492645683,0,0.960892900873765,0.959231673864069,0.223576738020182,0.967208473639109,0.00444315378780687,0.002944943426648,0.999999999999999
61,1.53290346809292,0.0501441577144671,0.202865796864939,1,0.97268166871242,0.0209234137486991,0.289930413458021,0.99685455594829,1,0.961933677170726,0.0338666666666666,0.993320333648259,1,0.962380800538229,0,0.962833406703363,0.961208458766395,0.223306106623191,0.968922731831537,0.00502024092341241,0.00243012761685523,1
62,1.5368738617633,0.0526521125105883,0.206175726903536,0.999999999999999,0.973031466042998,0.0216450517950024,0.29881735034766,0.996687011417205,0.999999999999999,0.961387941976319,0.0346,0.994743224665736,0.999999999999999,0.961466666666665,0,0.962002161390989,0.961260722436247,0.225685462331074,0.968848182988177,0.00489850651970906,0.00233174791147649,1
63,1.54081864597774,0.0546398691168208,0.213039628978338,1,0.974076820394522,0.0236945718105518,0.29692713964003,0.996725031289664,1,0.962388729819745,0.0341333333333333,0.993866666666666,1,0.962973788917828,0,0.963266666666666,0.962723118785338,0.230590377758423,0.9704,0.00428597330514821,0.00239180265383352,1
64,1.54369138605157,0.0563150960375939,0.212718048580085,1,0.976411579775391,0.0229036165958854,0.301208148857144,0.996813345373412,1,0.96223093357732,0.0343333333333333,0.992773886167928,1,0.962466666666667,0,0.962666666666667,0.962866666666667,0.229024155059442,0.972824903103951,0.00475419554359985,0.00234679136228537,0.999999999999999
65,1.54735072320845,0.0555529248399114,0.21401737127736,0.999999999999999,0.975505868174528,0.0213320457924661,0.299577731487421,0.996554487761139,0.999999999999999,0.962177446274129,0.0337333333333333,0.992470748543539,0.999999999999999,0.96297696176774,0,0.962599999999999,0.962533333333333,0.22997847612021,0.971309519361199,0.00460007921788025,0.00288602638299399,1
66,1.55000296410213,0.0593326678928325,0.21494829764594,0.999999999999998,0.976496389820579,0.022544728590315,0.301134817850222,0.996632925004154,0.999999999999998,0.964819006867054,0.0307854729007333,0.993260692402468,0.999999999999998,0.96551985523902,0,0.964979621459952,0.965698311352684,0.229713861555961,0.972578936398542,0.00562972034068374,0.00322194803249414,0.999999999999999
67,1.5537350183167,0.0587434515468505,0.208701385597486,1,0.977563560722491,0.0218,0.301527712069242,0.996613636345263,1,0.964016982934815,0.0318461412129811,0.994011439281411,1,0.965322520873489,0,0.964794386262983,0.964246940187472,0.223749842506015,0.974321915897565,0.0039810205688948,0.00260156981346303,0.999999999999999
68,1.55587831926146,0.0586666666666667,0.208696035161682,0.999999999999999,0.975533333333333,0.0224635979791006,0.308097516509101,0.996881169902537,0.999999999999999,0.961838754732292,0.0332666666666666,0.993733333333332,0.999999999999999,0.963396279025941,0,0.962066666666666,0.962799999999999,0.225054183576154,0.972140553211404,0.00425913973919785,0.00242335435016331,1
69,1.55870318330523,0.0555190551764698,0.202652345135919,0.999999999999999,0.975478578389672,0.02165798733614,0.309300511286253,0.996747659469492,0.999999999999999,0.964229308536826,0.0305988435897818,0.993251423638879,0.999999999999999,0.966066666666666,0,0.964530747997701,0.965,0.218141362324939,0.971540266853798,0.0037297709758103,0.00276908007524761,0.999999999999999
70,1.56020061527011,0.057126064628261,0.208808477996762,1,0.975288494227392,0.0229607925290067,0.309686742534698,0.996743969538792,1,0.964002978091214,0.0310670848902282,0.992406825054382,1,0.965408357108281,0,0.964333333333333,0.96519911117729,0.224750432787671,0.970611232865876,0.00482655853730567,0.00357483617685323,1
71,1.56215355326703,0.0544399455461536,0.207500466683176,1,0.975414068293741,0.0219568036696705,0.311984870449748,0.996659110590648,1,0.964301563869542,0.0304,0.992412598937455,1,0.965586905543048,0,0.964622726445506,0.965696574928977,0.223676540246912,0.970553672864966,0.00463418370491292,0.00355063149461291,0.999999999999999
72,1.56384622820251,0.0523597932352132,0.203049619677553,0.999999999999999,0.974655860962065,0.021195386767423,0.315943407532979,0.996595347404676,0.999999999999999,0.964280817850814,0.0302,0.991219805511648,0.999999999999999,0.965983718619946,0,0.965252599804438,0.965986872580278,0.219804301071454,0.970166325875647,0.00539369767159016,0.00266647367949195,0.999999999999999
73,1.56807084146169,0.0508851518520927,0.205515014900263,0.999999999999999,0.972953357042912,0.0229747427088007,0.317389048763193,0.996522056337382,0.999999999999999,0.961965342293959,0.0316,0.992338405982423,0.999999999999999,0.963827071864733,0,0.962693855016182,0.963772065698321,0.223123506020984,0.968625020984753,0.00579847477918762,0.00278178331075573,1
74,1.57280122739102,0.0524277144090813,0.199415152603722,1,0.974225754494565,0.0233674629408315,0.328942248885568,0.996844111801886,1,0.963415174046597,0.0302666666666667,0.993499612178304,1,0.965466666666667,0,0.964802374595885,0.965501254502251,0.217345724456017,0.969553838947884,0.00536104303841735,0.00252712021711047,1
75,1.57719613094338,0.0520366142711654,0.196841163976925,1,0.973086509825046,0.0226225170545322,0.328979559644259,0.996568069194623,1,0.961412473875047,0.0318666666666667,0.993825384854139,1,0.964009286877447,0,0.963139982632091,0.963285508814179,0.214993152266876,0.968571240839103,0.0046046779665148,0.00249347458024355,1
76,1.58052591275584,0.0515662969863696,0.192709993840116,0.999999999999999,0.972481747819091,0.0224666666666667,0.327574782814903,0.996632180463,0.999999999999999,0.961550172044749,0.0321333333333333,0.994333333333332,0.999999999999999,0.963519743913849,0,0.962329340309715,0.963133333333333,0.210929552857811,0.968207532044012,0.00459591046563589,0.00240904776980677,0.999999999999999
77,1.58387693752006,0.0520834958974326,0.193073984761319,1,0.971604289188476,0.0224686798018008,0.331069602023082,0.996791838574658,1,0.960926474347387,0.0334,0.994732261108064,1,0.962031206849331,0,0.960970239898083,0.962738458035537,0.212345509711083,0.967059386255171,0.00512511273302706,0.00263858447255241,0.999999999999999
78,1.58781529228631,0.0503757804101869,0.188867408829078,0.999999999999999,0.975074480782005,0.0219119005203828,0.334902162581005,0.996584435632042,0.999999999999999,0.966997581423828,0.0283333333333333,0.996016934060092,0.999999999999999,0.967535917204579,0,0.967235852900464,0.968399999999999,0.204749053625335,0.970344361841278,0.00416654306245735,0.00277096403604047,1
79,1.58995674284277,0.0475066323471601,0.186220110940357,1,0.976068175568911,0.019843219986256,0.336467609021656,0.996581288921328,1,0.966133333333333,0.0291333333333333,0.995957611245578,1,0.9664,0,0.96623454847845,0.967238727848753,0.202336083205419,0.97160689687664,0.00442232174977007,0.00327002848977239,1
80,1.59168284216505,0.0480535410111321,0.187898184659638,1,0.976886864655006,0.0192628251729784,0.333142559504339,0.996580750841948,1,0.967165296551753,0.0281333333333333,0.996544727456973,1,0.967451365188244,0,0.9672,0.968117008339385,0.201958827019531,0.973101021162706,0.00420866221798001,0.0025747850692481,0.999999999999999
81,1.59427788796598,0.0468847617408423,0.184983774106506,0.999999999999999,0.97601485208527,0.0180465379951222,0.33478559311747,0.996820405885927,0.999999999999999,0.967905823593495,0.0274666666666666,0.996727608779056,0.999999999999999,0.967309540132957,0,0.967757653435457,0.968280475134951,0.199721533416109,0.972088033553991,0.00505376081663289,0.0031732647434747,1
82,1.59727592127382,0.045972462168263,0.186928908871916,1,0.976174283703018,0.0184091841856252,0.335094058092512,0.996514494689776,1,0.969175348788367,0.0257333333333333,0.997508860373988,1,0.968851603188172,0,0.968864671191762,0.970121829672241,0.19940742013012,0.972084066993494,0.00529460537646957,0.0022689414024539,1
83,1.60200225642396,0.0437643684843686,0.185972258463064,0.999999999999999,0.9778,0.018,0.342063812480818,0.996705204483057,0.999999999999999,0.969466666666666,0.0261333333333333,0.997683471316467,0.999999999999999,0.969149962798542,0,0.969321057546077,0.97077475313396,0.197991745017119,0.974866666666666,0.00493258090315504,0.00246148398435741,0.999999999999999
84,1.60596095926372,0.0383386042292957,0.178818549502403,1,0.977471173807632,0.0152,0.339684580939151,0.996680830449684,1,0.97000056457403,0.0257333333333333,0.997645998341863,1,0.970002979227191,0,0.969653075166044,0.971331147168725,0.190100891894504,0.974827325747902,0.00394812099602995,0.00313805821990419,1
85,1.60726188845673,0.0357596145636931,0.169951812906239,1,0.977652670174943,0.0118839601943222,0.34621108917902,0.996759464944946,1,0.968893219408447,0.0268,0.997651035529447,1,0.9684,0,0.96794146432947,0.970250037782678,0.181169002148375,0.974594820340126,0.00499368567506383,0.00265568869215635,1
86,1.61101966190268,0.033682629594095,0.165990792244318,1,0.97829021657631,0.0112255395368437,0.355225224515571,0.99656057757656,1,0.971376809829536,0.0246,0.997354359615729,1,0.970341256597974,0,0.970053563300217,0.972513842814147,0.176426427514035,0.974866666666667,0.00527510244588022,0.00310518828149981,1
87,1.61451543628614,0.0337089124906901,0.166467881655624,0.999999999999999,0.97814156402343,0.0107024350735744,0.352168584347834,0.99683607896831,0.999999999999999,0.971480826580316,0.0242,0.99704449013145,0.999999999999999,0.970135115579357,0,0.969689654929251,0.972523373193332,0.177154200357806,0.974622933770046,0.00475575971131621,0.00303803657185112,0.999999999999999
88,1.61728872681007,0.0333862392147279,0.167178659167864,1,0.979118017170867,0.0114,0.342477639190708,0.996596548178447,1,0.96978152931681,0.0261333333333333,0.995690375681364,1,0.968466666666667,0,0.967344228191143,0.970513541927205,0.179064302562289,0.975389507303428,0.00441999198696654,0.00285484523577486,1
89,1.61982002100658,0.0327033008365169,0.160168513169978,0.999999999999999,0.977842948683177,0.0115425429619376,0.351873883314647,0.996586782151925,0.999999999999999,0.97070985657574,0.0247333333333333,0.99618084116335,0.999999999999999,0.969364554558281,0,0.968351829135441,0.971331073761509,0.171661854903593,0.974660412940669,0.00441572218449166,0.00326230070353637,1
90,1.62165350860919,0.0304336616587494,0.154420828670192,0.999999999999999,0.976225646317598,0.0109333333333333,0.352673031409084,0.996462545509207,0.999999999999999,0.969933333333333,0.0256,0.996599999999999,0.999999999999999,0.967918919678306,0,0.966988229277572,0.969946865020541,0.167486243511959,0.972787642460415,0.00494008307424703,0.00237089442001525,1
91,1.62577099170863,0.0332214077779324,0.151837971452517,0.999999999999999,0.976075406454391,0.0123333333333333,0.354852965678939,0.99658376512047,0.999999999999999,0.971706023696919,0.0242666666666667,0.996075724594711,0.999999999999999,0.969443900365237,0,0.967961044206861,0.970805075803542,0.165199880012019,0.972333333333333,0.00441775420094238,0.00263450363091491,1
92,1.62867014875633,0.0322984323263846,0.156758534303587,0.999999999999999,0.976503911910127,0.0122386741272854,0.353864774122549,0.996523130962333,0.999999999999999,0.972246479461935,0.0249333333333333,0.99566887829615,0.999999999999999,0.969074165911579,0,0.968275716783442,0.970165869210274,0.168479590826362,0.972866666666666,0.00440325268069826,0.00287439985826936,0.999999999999999
93,1.63116014571006,0.0347464945910801,0.158192118791177,0.999999999999999,0.977545980602063,0.0143198606391322,0.354463240217089,0.996736848045291,0.999999999999999,0.972554015967773,0.025,0.996111572761839,0.999999999999999,0.969384195457589,0,0.967991258543808,0.970033666823826,0.170109684384479,0.97328955261904,0.00442729822533582,0.00317468726273112,1
94,1.63309461078062,0.0350678263696678,0.158293568806232,1,0.977938948246909,0.0143333333333333,0.359386054801535,0.996886898990448,1,0.973057406239823,0.0244666666666667,0.996386424034174,1,0.9696,0,0.968265116238538,0.970262521690142,0.169276153615377,0.973383872867099,0.00461862768420275,0.00210705703307749,0.999999999999999
95,1.63719624327557,0.0354462162721094,0.159953781767009,0.999999999999999,0.976276701071169,0.0139743984433153,0.360112778193103,0.996887462261976,0.999999999999999,0.971734348780782,0.0255333333333333,0.996399999999999,0.999999999999999,0.967658063937024,0,0.966226857996848,0.968789489535091,0.171062449804105,0.972371643907299,0.00440091659053018,0.00184257028900301,0.999999999999999
96,1.64138475822943,0.0359916702078368,0.163850989555728,0.999999999999999,0.974658520211922,0.0137333333333333,0.35827161778996,0.996732044139038,0.999999999999999,0.972266390533322,0.0251333333333333,0.997376145208328,0.999999999999999,0.968240231686668,0,0.966866666666666,0.969080081410843,0.174923944911957,0.970705583228498,0.0036949230077749,0.00279919307470838,1
97,1.64285499568905,0.0365530999604091,0.164073455839256,1,0.971863824078373,0.01416373793768,0.355139087810226,0.99675520238704,1,0.969379854044282,0.0277333333333333,0.997466666666668,1,0.965125528555177,0,0.963825743744034,0.96621774027636,0.176017798694194,0.968733333333334,0.00467910911924989,0.00244466182481049,0.999999999999999
98,1.64652586858933,0.0342750242322599,0.15997241321669,1,0.971892197756601,0.0132457579577818,0.360236904613716,0.996846675495193,1,0.971157919927776,0.0256,0.996814533628853,1,0.967661951538325,0,0.964941132364031,0.967744646963478,0.171903761871695,0.968873566799506,0.00485087071331504,0.00387473882445245,1
99,1.64813309499549,0.0331109146526186,0.157542338938066,0.999999999999999,0.973033172808418,0.0129930281110881,0.362418465498925,0.996720038066425,0.999999999999999,0.972857482454009,0.0241333333333333,0.997127576570653,0.999999999999999,0.969248873576895,0,0.965827941145779,0.970392257642091,0.170427288722272,0.969963816448944,0.00455389198141341,0.00369704652620106,1
100,1.64954529034752,0.0328030237088405,0.156647795825174,1,0.972434185576812,0.0127459793567314,0.355960113697969,0.99649220505812,1,0.974333333333333,0.0216,0.997472708720784,1,0.970786531792393,0,0.967640691024772,0.972686547071812,0.167726121457807,0.969448837682224,0.00421616431732838,0.0029804550177747,1
101,1.65158364880284,0.032195714788531,0.155829578097244,0.999999999999999,0.973581010049625,0.0125175325429854,0.362887260584238,0.996823888017562,0.999999999999999,0.975621133551324,0.0203333333333333,0.9975399455503,0.999999999999999,0.972443171317949,0,0.969818925866118,0.974052139887652,0.166538222885954,0.970397261052671,0.0057510105226934,0.00254484424058726,0.999999999999999
102,1.65687890060971,0.0324123424726463,0.155189442030361,0.999999999999999,0.972951911398653,0.0128381350272989,0.363737324357878,0.996674340186369,0.999999999999999,0.974800644370072,0.0214,0.997133333333333,0.999999999999999,0.971133333333333,0,0.9696,0.972932215434096,0.165390086924385,0.96940742439511,0.00447041702265497,0.00253396789639531,1
103,1.66008736230911,0.0324666666666667,0.156755943007693,1,0.972673555240413,0.0125354651150476,0.358699786366876,0.996450752273149,1,0.974460201129223,0.0218666666666667,0.996683068939667,1,0.970862616848663,0,0.969577574914493,0.973329728951743,0.167496951999213,0.969432925014101,0.0045910970067647,0.00343210093705673,1
104,1.66190072454658,0.0326314724780194,0.161127365653856,0.999999999999999,0.973625980296427,0.0138062060423277,0.362766938490207,0.996757927936767,0.999999999999999,0.973533333333333,0.0228666666666667,0.996466666666666,0.999999999999999,0.970244176824285,0,0.967753526892286,0.972860351494288,0.171820321877885,0.96974467624756,0.00491944861961684,0.00276337698287952,1
105,1.66548390156185,0.0339012888836292,0.159938429398078,1,0.973622654200694,0.0144,0.369459668101437,0.996746103541803,1,0.971631494743321,0.0250666666666667,0.996,1,0.969018902781395,0,0.965949487717084,0.970680705073767,0.17131104378831,0.969618378135362,0.00468512789475933,0.00273539455553978,0.999999999999999
106,1.66864301811451,0.0324558375321897,0.156205812994018,1,0.975828139487445,0.0121333333333333,0.378720065639336,0.996366319279925,1,0.972396935348988,0.0244666666666667,0.995825286593373,1,0.970138518614259,0,0.967645176130311,0.970933333333333,0.167644512098255,0.972494239864268,0.00431273316906895,0.00234726993997203,0.999999999999999
107,1.6719226746091,0.0338,0.158709113772184,1,0.975662824729526,0.0121124918809827,0.384151150753787,0.996643401168601,1,0.972559205323206,0.024,0.996889041045302,1,0.9716,0,0.968748190754876,0.971909057560299,0.169998307083244,0.972653501034083,0.00459462079576776,0.00278273912146238,1
108,1.67495200066408,0.0326666666666667,0.153043139569478,0.999999999999998,0.977051358713957,0.0128666666666667,0.387911547627424,0.996668545556792,0.999999999999998,0.975992895277156,0.0215333333333333,0.997891865351485,0.999999999999998,0.973754940866625,0,0.972101130147537,0.97433588016799,0.164618634431755,0.974199999999999,0.00506289218982146,0.00272795795120608,1
109,1.67886290343846,0.0320004993083188,0.150076513665594,0.999999999999999,0.976155006346044,0.0121333333333333,0.379378534387511,0.996554436782618,0.999999999999999,0.976666423193193,0.0205333333333333,0.997933333333333,0.999999999999999,0.974825263241671,0,0.973737939737495,0.975857466342665,0.161184829788722,0.974310554873981,0.00480133138875812,0.00292320607973445,1
110,1.68201601834779,0.0313120066742549,0.150425526814627,0.999999999999999,0.976557143612403,0.0122484002361189,0.381501400473799,0.996573567925565,0.999999999999999,0.975647059117826,0.0209333333333333,0.997733333333332,0.999999999999999,0.974350718312548,0,0.973271923873679,0.976133333333333,0.162380632602561,0.975067628748711,0.00502403097719698,0.00238965741961225,1
111,1.68644707686996,0.0319177015943679,0.152907828992301,1,0.976694461251917,0.0135333333333333,0.380106611985254,0.996544262188765,1,0.976266666666666,0.0209333333333333,0.996928320293006,1,0.975866666666666,0,0.974733333333333,0.975933333333333,0.165237183504297,0.975133333333333,0.0042449928497526,0.00261790172190649,1
112,1.68919107994632,0.0325025518021249,0.149614849021845,1,0.974876260511231,0.0129532027380072,0.380041101957984,0.996563061022156,1,0.976507585083689,0.0205333333333333,0.997266666666666,1,0.976265149723126,0,0.974473425474131,0.976231184641295,0.161483109431205,0.972999598303322,0.00534640913478805,0.0021377900152341,1
113,1.69461105074201,0.0306451855540643,0.149886133098079,1,0.975466666666667,0.0133416713527179,0.379258777821182,0.996583771399987,1,0.97564659472007,0.0212,0.997514536442212,1,0.975533333333333,0,0.974,0.976102487358563,0.16255569998979,0.973565449413854,0.00449442975943712,0.00291362879778234,1
114,1.69728989352065,0.0308013262535269,0.15083298315994,1,0.976078353191562,0.0137800648148739,0.382950596483821,0.996580646637127,1,0.975597495209744,0.0216666666666667,0.9971497929739,1,0.975925184417702,0,0.974533333333333,0.975680471814012,0.163776383676389,0.974634695755254,0.00511975643730843,0.00306621722532981,1
115,1.70077534487109,0.0288995532664338,0.146044845407088,1,0.976180888430117,0.0127590130561389,0.388485669215705,0.996576140535681,1,0.978818824311381,0.0192,0.9972,1,0.978466666666667,0,0.977478079527772,0.9776,0.158411817803188,0.97413164231076,0.00406903319765342,0.00276536987694478,0.999999999999999
116,1.70299258330497,0.0273198010880987,0.149928230229985,0.999999999999999,0.974926011100975,0.0114992987263745,0.389906792836477,0.996545750286694,0.999999999999999,0.979057702537102,0.0187333333333333,0.997422266646278,0.999999999999999,0.979391456486657,0,0.978020356864226,0.978109222823077,0.162750688703552,0.972700223688425,0.00518618758766608,0.0026710317783887,1
117,1.7071927932194,0.025886333124006,0.150981389551562,1,0.975235769267782,0.0116079799843638,0.393453563740842,0.996476496851214,1,0.977576373857621,0.0204666666666667,0.997026695926768,1,0.9776,0,0.975324049730419,0.976480911877207,0.16488320830492,0.972378937346803,0.00456656842415039,0.00309766112751469,1
118,1.70970050117012,0.027886051887643,0.157306396087355,0.999999999999999,0.975868953038161,0.0115528534903933,0.396897003409622,0.996728655217357,0.999999999999999,0.977866666666666,0.0203333333333333,0.996821428973092,0.999999999999999,0.977133333333333,0,0.975333333333333,0.976133333333333,0.170772738039824,0.972322379576634,0.00414191783189277,0.00365323838706215,1
119,1.71053084309136,0.0285083069654163,0.158993086518036,1,0.975418562978671,0.0117083135668812,0.395620684455506,0.996679213684221,1,0.980099295466914,0.0184666666666667,0.997866666666667,1,0.979445047015868,0,0.976933333333334,0.978098584248123,0.171312641839918,0.971585260881322,0.00482265212384884,0.00320140559885471,0.999999999999999
120,1.71310260641458,0.0254127880733531,0.154318590971861,1,0.975321832072838,0.00992672187512687,0.396266281844002,0.996717544995559,1,0.97813230385303,0.0206,0.997312523562733,1,0.978034402862579,0,0.975346631888093,0.976621762862558,0.168971964987405,0.972017772031546,0.00511415614354074,0.00237589470607285,0.999999999999999
121,1.71779352922015,0.027,0.155390740603225,1,0.977637416007869,0.0114666666666667,0.403573880681429,0.996357580752402,1,0.978933333333334,0.0203333333333333,0.997215148911135,1,0.978389716224509,0,0.97557692425325,0.977112649103149,0.169624302446356,0.974343989531004,0.00521440433944024,0.00294914704533875,1
122,1.72168477354198,0.0265827122220153,0.156905241369567,1,0.978706260465571,0.0103343427224136,0.407063513266849,0.996612736951917,1,0.980159429721118,0.019,0.996447042398798,1,0.97976407684429,0,0.9776,0.979000276974722,0.170266248795901,0.975331420531976,0.00449735538662124,0.00307666424868988,1
123,1.72413075584206,0.0258704108806108,0.156444782485054,1,0.977819223918518,0.00993333333333333,0.412829095414904,0.996700173229193,1,0.982535408767178,0.0164666666666667,0.997410878333388,1,0.982310101091029,0,0.979556642096284,0.981666666666666,0.167950399896075,0.974535144488548,0.00493105318208316,0.00255249202703921,1
124,1.72823170628412,0.0238058467877842,0.153551075671668,1,0.978290348599515,0.00853333333333333,0.405860092543415,0.996663526674643,1,0.981655672681158,0.0175333333333333,0.997373731011208,1,0.981331962025269,0,0.978147296656501,0.980106358001342,0.165261163649397,0.974879522827733,0.00475534230602769,0.00210325140017734,1
125,1.73281513387556,0.0242401377652914,0.155214463362614,0.999999999999999,0.979032494324017,0.00833246895708616,0.402273080816336,0.996850317542724,0.999999999999999,0.981266666666666,0.0180666666666667,0.9972314363401,0.999999999999999,0.981533333333333,0,0.977493946198209,0.979031519300888,0.166303522799649,0.975654535930427,0.00541634037215482,0.00309404039933196,1
126,1.73672372940494,0.0225731773248015,0.15379462139336,0.999999999999999,0.980799999999999,0.00807863042481234,0.404789298567017,0.996634880426796,0.999999999999999,0.981614747618885,0.0174666666666667,0.997799999999999,0.999999999999999,0.982399999999999,0,0.978735451701949,0.979970742983706,0.164722408127194,0.978069731987694,0.00487637773211833,0.00292081042968968,1
127,1.74012000954352,0.022,0.154737634268859,1,0.981,0.00753333333333333,0.41469709149232,0.996605771004258,1,0.9806,0.0185333333333333,0.998133333333333,1,0.9812,0,0.977940515709364,0.979402200392818,0.166951780434657,0.978596899195322,0.00481602821399304,0.00316256565410053,1
128,1.74299723282902,0.0224858226549744,0.156102860668565,0.999999999999999,0.981847447387709,0.00642631388267499,0.414415722458216,0.996642951827708,0.999999999999999,0.980333333333333,0.0185333333333333,0.998333333333333,0.999999999999999,0.981066666666666,0,0.977466666666666,0.979002345396214,0.168295498095863,0.979133333333333,0.004569066572451,0.00280258381928179,1
129,1.74597421569694,0.0235333333333333,0.153168581610887,1,0.983846349012325,0.00656197364739636,0.415591087985523,0.996829225921732,1,0.981333333333333,0.0180666666666667,0.998933333333333,1,0.981666666666667,0,0.978744506820926,0.979866666666667,0.165418059822692,0.981209631980097,0.00441825162445675,0.00249064742941918,1
130,1.74927313485359,0.0215145837973024,0.153376397225033,1,0.985533333333334,0.00569001283869666,0.416008970271418,0.996678419338966,1,0.980866666666666,0.0186,0.998866666666666,1,0.981133333333333,0,0.9784,0.979493610288597,0.165705445991626,0.982995551052608,0.00499035880716184,0.00273842413080431,1
131,1.75321238368438,0.0238208049067022,0.15468276816236,1,0.986556041840763,0.00614857421405517,0.422460380699832,0.996513556075161,1,0.983466666666666,0.0162,0.998866666666667,1,0.983445399532405,0,0.981277991171113,0.982161639120828,0.163944200226419,0.983925124401075,0.00451640758720474,0.00320513588454326,1
132,1.75551132147186,0.0234,0.152798117505151,1,0.98579726805126,0.00617241087549851,0.425122227599326,0.996244187181858,1,0.9856,0.0138666666666667,0.9986,1,0.985650714251153,0,0.983866666666667,0.9842,0.160455134319715,0.982858092552949,0.00435189378494014,0.00298917589897171,1
133,1.75790358814865,0.0219458376187151,0.151376294286801,0.999999999999999,0.986466666666665,0.00658813932700224,0.423203251998679,0.996852950805889,0.999999999999999,0.985199999999999,0.0144,0.998733333333332,0.999999999999999,0.985073079033565,0,0.983706207412392,0.983752429940366,0.160018580594,0.984047731033292,0.00528430565054907,0.00293009596727545,1
134,1.76204206179813,0.0213407682318771,0.149947288688084,0.999999999999999,0.987133333333332,0.00606666666666667,0.429924870261581,0.996599229691882,0.999999999999999,0.984799999999999,0.0147333333333333,0.998933333333332,0.999999999999999,0.984866666666666,0,0.983866666666666,0.983990563470869,0.159147084352615,0.984666666666666,0.00445764972186052,0.003256125767459,1
135,1.76415919754404,0.0229123915291416,0.147952993193328,1,0.987404057225747,0.00553666597633409,0.437240423488273,0.996674411331804,1,0.9854,0.0141333333333333,0.9984,1,0.9854,0,0.9842,0.984933333333333,0.157659611172239,0.984810051270451,0.00467040179586283,0.00306685352742178,1
136,1.76698811197052,0.0240666666666667,0.148737126192911,0.999999999999999,0.987133333333333,0.00480862208619526,0.437605824973311,0.996722301550073,0.999999999999999,0.985399999999999,0.0139333333333333,0.998266666666666,0.999999999999999,0.985666666666666,0,0.984933333333333,0.985133333333333,0.158176764975801,0.984436580499205,0.00457049490880593,0.00274574679851414,1
137,1.77021242018874,0.0243498373965646,0.150281137108114,1,0.988266666666666,0.00489139109894082,0.437420722383571,0.996721375653242,1,0.984533333333333,0.0147333333333333,0.9978,1,0.984799999999999,0,0.983799999999999,0.983933333333332,0.159965044078409,0.985290175788034,0.00485906700000372,0.00288798121387191,1
138,1.77370166072861,0.0220196453987347,0.147934657974143,0.999999999999999,0.987199999999999,0.0041391960880169,0.442613216565757,0.996771620310522,0.999999999999999,0.985199999999999,0.0139333333333333,0.997999999999999,0.999999999999999,0.984999999999999,0,0.984466666666666,0.984466666666666,0.157680499964131,0.983340487150628,0.00495286066226098,0.00335830774657907,1
139,1.77652992188327,0.022853313646336,0.14704334854206,1,0.987389987817791,0.00457664207046654,0.443777013552574,0.996716758551053,1,0.985066666666666,0.0141333333333333,0.9984,1,0.984999999999999,0,0.984223837587902,0.983799999999999,0.157246737990986,0.983778952305984,0.00488556890159416,0.00281766710063623,0.999999999999999
140,1.78020361130819,0.0230790347326899,0.148342313782532,0.999999999999999,0.986124700752895,0.00379932898354681,0.44957975069197,0.996693285973406,0.999999999999999,0.983192063689192,0.0160666666666667,0.998266666666666,0.999999999999999,0.983199999999999,0,0.982066666666666,0.981599999999999,0.160209082652112,0.98268128144633,0.00443181058705937,0.00328911594173027,0.999999999999999
141,1.78214385158832,0.0239333333333333,0.147437962066983,1,0.986883455050936,0.00425569638522488,0.455292256454441,0.996501960972666,1,0.984475555940473,0.0150666666666667,0.999062414299421,1,0.983933333333333,0,0.983067006110381,0.982866666666666,0.159256715795898,0.983937684822443,0.00490771596813215,0.00257797289770448,1
142,1.78629578887706,0.0219406768125898,0.142217249050855,1,0.987611137521637,0.0031135863024112,0.45666357146195,0.996717474066531,1,0.986266666666666,0.0132666666666667,0.999139174248097,1,0.9862,0,0.984330093886462,0.984680991574496,0.152255705567583,0.985133333333333,0.00544745005270472,0.00186376134467958,1
143,1.79267090234074,0.0206769810555541,0.14041415085413,1,0.988533333333334,0.00354387709354012,0.457151858811636,0.996553117383008,1,0.986800000000001,0.013,0.999000000000001,1,0.986588120928646,0,0.985114175027058,0.984945773529868,0.15071469556547,0.985509746898214,0.00610764427601393,0.0034118518057179,1
144,1.79750357106099,0.0203480802870909,0.141428704346624,1,0.990943462549662,0.00317889242179607,0.462757806251283,0.996750192929883,1,0.987266666666667,0.0126,0.999073797504334,1,0.987133333333334,0,0.985066666666667,0.98573412180925,0.150910598910265,0.987560853487376,0.00420946291882991,0.00294206233385813,0.999999999999999
145,1.79978172813845,0.0213261643137212,0.14611071541029,1,0.991548677285363,0.00384736333318833,0.460090480897524,0.99682077697275,1,0.987666666666667,0.0121333333333333,0.998400000000001,1,0.987600000000001,0,0.985866666666667,0.986579418335646,0.155983898475031,0.987659515398042,0.00438031513632882,0.00263760960577005,0.999999999999999
146,1.80283121448877,0.0230548741186296,0.140700411541443,0.999999999999999,0.991154489328443,0.00326666666666667,0.458933522114897,0.996770953189641,0.999999999999999,0.987066666666666,0.0128,0.998266666666666,0.999999999999999,0.986988943091851,0,0.985133333333333,0.985749411465778,0.151298820827939,0.987073674397452,0.00511665018772547,0.00256144717779359,1
147,1.80743781423443,0.020864095035742,0.139984544747702,1,0.991466666666666,0.00412518414393825,0.460403595598618,0.996610867006908,1,0.988333333333333,0.0116,0.998803122515303,1,0.988199999999999,0,0.986866666666666,0.987465873449104,0.150056506536943,0.987756332699672,0.00480589808564779,0.00275524238055948,1
148,1.81098889716414,0.0199618666080674,0.138760879648005,0.999999999999999,0.991333333333333,0.00453333333333333,0.458891762249824,0.996683656734094,0.999999999999999,0.9886,0.0114,0.999199999999999,0.999999999999999,0.988466666666666,0,0.987072873812316,0.987666666666666,0.148644978329403,0.987890687046664,0.00503192095779212,0.00298068299102758,0.999999999999999
149,1.81469568745358,0.0204,0.13541564609069,1,0.991066666666667,0.00468899474236169,0.453665390429932,0.99671594116905,1,0.98854530361881,0.0113333333333333,0.999533333333333,1,0.9884,0,0.986666666666667,0.987666666666667,0.145827363125057,0.988183878913801,0.00496766655648485,0.00338168804811655,1
150,1.81757375581311,0.0208103261209209,0.13487465402549,1,0.991266666666667,0.00577801458152146,0.451885027260243,0.996782814051739,1,0.988133333333333,0.0117333333333333,0.999643017018783,1,0.987933333333333,0,0.986499681147632,0.987733333333333,0.145191312111876,0.98858780396363,0.00391433994590746,0.00205337151587185,1
151,1.82083503160821,0.0222666666666667,0.137934281337549,1,0.99134939391209,0.007,0.453423525980313,0.99665580184884,1,0.987866666666667,0.0120666666666667,0.9994,1,0.987533333333333,0,0.986684867940871,0.987466666666667,0.1486678291268,0.989129609279461,0.00523828901600764,0.00297392468249468,1
152,1.824958065511,0.0227098303696647,0.134623927253268,0.999999999999999,0.990133333333332,0.00754917796744613,0.453313845306472,0.996804855286847,0.999999999999999,0.987866666666666,0.0121333333333333,0.998407020272533,0.999999999999999,0.987466666666665,0,0.986999999999999,0.987666666666666,0.14519939362162,0.98790505935219,0.00447837571456508,0.00203032600934038,1
153,1.82942565356532,0.0243333333333333,0.134332165679997,1,0.990066170757487,0.0078,0.453346709587528,0.996383129326622,1,0.989333333333333,0.0106666666666667,0.998333333333333,1,0.988866666666666,0,0.988533333333333,0.988933333333333,0.144464995552407,0.987387561116003,0.00484802814201702,0.00189881546103383,0.999999999999999
154,1.83482101890172,0.0250666666666667,0.134950728815188,1,0.989910239229531,0.00790875857928121,0.454948105071597,0.996809372987649,1,0.989266666666667,0.0107333333333333,0.998497345805126,1,0.988533333333333,0,0.9884,0.989,0.145470656342309,0.987379308323818,0.00474788195184642,0.00260288394128663,0.999999999999999
155,1.838756706337,0.0249333333333333,0.136522564914366,1,0.989615799143414,0.00766666666666667,0.453831651425573,0.996548316597941,1,0.9892,0.0108,0.998255139772634,1,0.988466666666667,0,0.988559888992336,0.988666666666666,0.147165761829155,0.987333333333333,0.0051848810161052,0.00302530450663512,1
156,1.84272764212664,0.0235816549337146,0.131532735199929,1,0.990572845761113,0.00753135946716522,0.45348751767346,0.996759547919411,1,0.989933333333333,0.0100666666666667,0.998066666666667,1,0.989308043611052,0,0.989171032810807,0.989666666666667,0.141990938613226,0.988796948048153,0.00547411276159638,0.00242733845416921,1
157,1.84834201736225,0.0241838510611998,0.136326898291041,0.999999999999999,0.989246071600844,0.00803362118407766,0.456538631596599,0.996845434283112,0.999999999999999,0.9904,0.0096,0.998221805205346,0.999999999999999,0.990066666666666,0,0.990066666666666,0.990266666666666,0.146321130702325,0.988199999999999,0.00473269505436531,0.00362189857317356,1
158,1.85039514917118,0.0231576156325403,0.13925362822481,1,0.990333333333334,0.00726666666666667,0.456774617851063,0.996749866049138,1,0.990133333333334,0.00986666666666667,0.997466666666668,1,0.989800000000001,0,0.989933333333334,0.989933333333334,0.149643630985633,0.988933333333334,0.00443854330600396,0.00327088664002832,1
159,1.8525557754018,0.0241822763532753,0.142481014340244,1,0.992,0.00727543010917522,0.464303763187347,0.99674876126676,1,0.989,0.011,0.997201329867455,1,0.988666666666666,0,0.98877385917435,0.9888,0.153163175921969,0.990533333333333,0.00545485128616429,0.00271487798835254,0.999999999999999
160,1.8576317287591,0.0250251744334306,0.139608761670853,1,0.992252705177715,0.00707257684479005,0.470817561050179,0.996693303950901,1,0.988533333333333,0.0114666666666667,0.996733333333333,1,0.9884,0,0.988266666666667,0.9884,0.150595203127801,0.991,0.0051664820878427,0.0025376363748308,1
161,1.86251515596561,0.0261757299271194,0.142462554339637,1,0.9932,0.00619637711902845,0.473129428569648,0.996625049199752,1,0.9868,0.0132,0.996837543728419,1,0.9866,0,0.986466666666666,0.986666666666666,0.154424368373805,0.99221562926764,0.00566685963617262,0.00261492743103823,0.999999999999999
162,1.86807525827559,0.0268362744108599,0.148154455605143,1,0.993466666666666,0.00646666666666667,0.469276604483067,0.996608951836105,1,0.9878,0.0122,0.998266666666667,1,0.987466666666667,0,0.9876,0.987733333333333,0.15966814068925,0.992266666666667,0.00589256191099689,0.00314260937472203,1
163,1.87321237657003,0.0251113961129262,0.142458432153348,1,0.993836602956551,0.006166223901684,0.472018503863307,0.996585728463061,1,0.987533333333333,0.0124666666666667,0.998825624940514,1,0.987333333333334,0,0.9872,0.987533333333333,0.153522732093893,0.9928,0.0048900460120648,0.00257251452787297,0.999999999999999
164,1.87755360522931,0.0244625445738324,0.143112810940311,1,0.994900293688321,0.00673333333333333,0.472813530764601,0.996745173702279,1,0.988733333333333,0.0112666666666667,0.999466666666666,1,0.988666666666667,0,0.9886,0.988733333333333,0.152658756951956,0.994006537240535,0.00484585291700254,0.00299064743312564,1
165,1.88103685297401,0.0248185949524374,0.140150213294994,0.999999999999999,0.995199999999999,0.00588680122846988,0.477986932640253,0.996624844979161,0.999999999999999,0.989666666666666,0.0103333333333333,0.999533333333332,0.999999999999999,0.989533333333333,0,0.989533333333333,0.989666666666666,0.148942205293977,0.994333333333333,0.00526171538787419,0.00335278638398149,0.999999999999999
166,1.88462761878004,0.0250899489297302,0.141896459003066,1,0.996333333333333,0.00646666666666667,0.475502198409602,0.996608996542976,1,0.990466666666667,0.00953333333333333,0.99931172247484,1,0.990266666666667,0,0.9904,0.990466666666667,0.149712827889999,0.995126742329351,0.00465877000403781,0.00286070812518808,0.999999999999999
167,1.88801629585719,0.0251135865511454,0.137978674393514,1,0.9964,0.00706666666666667,0.473815261884998,0.996639180375228,1,0.990333333333333,0.00966666666666667,0.999266666666667,1,0.990133333333333,0,0.9902,0.990333333333333,0.145376056617407,0.995466666666667,0.00545205303346443,0.00298071045158716,1
168,1.89266790685036,0.0245668803585493,0.137430248241363,0.999999999999999,0.995666666666666,0.007,0.472978200396424,0.996567211233798,0.999999999999999,0.989266666666666,0.0107333333333333,0.998999999999999,0.999999999999999,0.989266666666666,0,0.989266666666666,0.989266666666666,0.146833195800399,0.994599999999999,0.00549381061541599,0.00270325208419246,1
169,1.89769715170368,0.0217826110555087,0.130167617478109,1,0.996096159024157,0.00618691941248521,0.477159737691731,0.99685253287065,1,0.989266666666667,0.0107333333333333,0.999,1,0.989266666666667,0,0.989266666666667,0.989266666666667,0.139039474227048,0.994484595084626,0.00501977986561268,0.00288598714885875,0.999999999999999
170,1.90162965324754,0.0212833846260985,0.126769877102594,1,0.996426664396777,0.00706666666666666,0.478594047624498,0.996585682383444,1,0.988466666666666,0.0115333333333333,0.999,1,0.988466666666666,0,0.988466666666666,0.988430661997416,0.136201656653419,0.994897660085195,0.00418885618211242,0.00224249762260249,1
171,1.90533090640016,0.0214200775071991,0.119625931992194,1,0.996933333333333,0.00696305600321284,0.474412685525004,0.996706364465694,1,0.988866666666667,0.0112,0.9992,1,0.988866666666667,0,0.988805872142771,0.9888,0.129431958168382,0.996,0.00527282667189456,0.00186500236466052,1
172,1.91182393937631,0.0205080012224372,0.114762622223835,1,0.997359478884299,0.00653333333333333,0.474929470029731,0.996851464172451,1,0.989575106505031,0.0105333333333333,0.999133333333333,1,0.989476253286608,0,0.989466666666666,0.989466666666666,0.123610266849935,0.996009549208519,0.0057635401120075,0.00289217317039743,1
173,1.91731348743402,0.0192666666666667,0.111563009951147,1,0.998133333333333,0.00633333333333333,0.476556677633473,0.996566169105948,1,0.989266666666666,0.0108,0.999333333333333,1,0.989199999999999,0,0.989199999999999,0.989199999999999,0.120077052395161,0.996892227246891,0.00451237063275032,0.00214818175219665,1
174,1.92184637866154,0.02027407968844,0.113305016663839,1,0.998153743819309,0.00726666666666667,0.487069071639119,0.996615208032606,1,0.988647694918292,0.0114,0.9994,1,0.9886,0,0.9886,0.9886,0.122141043965478,0.996707181352935,0.00490398009542834,0.00306844399515814,1
175,1.92528829376486,0.0196710499365131,0.112206999185201,0.999999999999999,0.998533333333333,0.00713333333333333,0.487475245331655,0.996625399146842,0.999999999999999,0.987599999999999,0.0124,0.9994,0.999999999999999,0.987599999999999,0,0.987599999999999,0.987599999999999,0.121748259198965,0.997071328214829,0.00471433977144981,0.00285772032116344,0.999999999999999
176,1.92886282145847,0.0199876659667863,0.111153372157892,1,0.9982,0.00753333333333333,0.482110348926672,0.99647278232393,1,0.987466666666666,0.0125333333333333,0.999,1,0.987466666666666,0,0.987466666666666,0.987466666666666,0.121131989098767,0.996733333333333,0.00506569154437496,0.00364656972084386,0.999999999999999
177,1.931600112783,0.0191749722987936,0.110818477733053,0.999999999999999,0.998402497917517,0.00689455204136462,0.483649413352573,0.996781277258871,0.999999999999999,0.987266666666666,0.0127333333333333,0.998944918028894,0.999999999999999,0.987266666666666,0,0.987266666666666,0.987266666666666,0.121229901543133,0.997246343566948,0.00508876849634907,0.00269995464259229,1
178,1.93609892352161,0.0205089168740082,0.11386501748465,1,0.998733333333333,0.00802523837015087,0.488395188070607,0.996557183378425,1,0.987533333333333,0.0124666666666667,0.999066666666667,1,0.987533333333333,0,0.987533333333333,0.987533333333333,0.124066666666667,0.997237940360277,0.00513549370474946,0.00396387135903107,1
179,1.9380265269637,0.0195493256211727,0.109631321426287,1,0.998400000000001,0.00726666666666667,0.482887440339951,0.99676739594009,1,0.987800000000001,0.0122,0.999082039509041,1,0.987800000000001,0,0.987800000000001,0.987800000000001,0.120699633020269,0.997136944908635,0.0046462631908502,0.00338540103728443,1
180,1.9404398981959,0.0178666666666667,0.107252342053271,1,0.9982,0.00663154050650515,0.479544308564616,0.996708915198306,1,0.989866666666666,0.0101333333333333,0.9994,1,0.989866666666666,0,0.989866666666666,0.989866666666666,0.116517509464861,0.997266666666666,0.00449243105473254,0.00223873589264279,1
181,1.94481305820679,0.0186,0.103254228017939,1,0.998066666666667,0.00733333333333333,0.476124559076872,0.996416527422399,1,0.989933333333334,0.0100666666666667,0.999466666666667,1,0.989933333333334,0,0.989933333333334,0.989933333333334,0.112562542805837,0.997488669910309,0.00499692459305628,0.00242342922082059,1
182,1.94981802561195,0.0202556901077112,0.101210307642252,1,0.998533333333333,0.00891551950349473,0.474526101348783,0.996848851026136,1,0.989133333333333,0.0108666666666667,0.999277833752577,1,0.989133333333333,0,0.989133333333333,0.989133333333333,0.111255357868266,0.997933333333333,0.00391867258798845,0.0031263538089522,0.999999999999999
183,1.9512991829759,0.0203333333333333,0.101029918285836,1,0.998599999999999,0.00856293372509139,0.48031010140195,0.996532810852262,1,0.988666666666666,0.0113333333333333,0.9994,1,0.988666666666666,0,0.988666666666666,0.988666666666666,0.111710773543868,0.997866666666666,0.00461007318298795,0.00327478012033927,1
184,1.95390473923808,0.0197067926085541,0.104387748151295,1,0.998866666666666,0.0082,0.480166284394234,0.996790103557218,1,0.987333333333333,0.0126666666666667,0.999307350978275,1,0.987333333333333,0,0.987333333333333,0.987333333333333,0.116105642718469,0.998333333333333,0.00495385395340359,0.00379180150597303,0.999999999999999
185,1.95614251916982,0.0215333333333333,0.099852617820646,1,0.999133333333333,0.00903256721792675,0.478276981033779,0.996785731496076,1,0.985666666666667,0.0143333333333333,0.9988,1,0.985666666666667,0,0.985666666666667,0.985666666666667,0.113819131154688,0.9986,0.00482540506550528,0.00299138521829085,1
186,1.95973012337396,0.0220561173740987,0.100559358819058,1,0.9992,0.0098,0.479767100299544,0.996624902956999,1,0.986266666666667,0.0137333333333333,0.999066666666666,1,0.986266666666667,0,0.986266666666667,0.986266666666667,0.114020456876286,0.998733333333333,0.00506057983753672,0.00301142269172886,1
187,1.96374591836012,0.020729937439745,0.0984293032992992,1,0.9992,0.00926666666666667,0.482845709089771,0.996764942798924,1,0.9878,0.0122,0.999466666666667,1,0.9878,0,0.9878,0.9878,0.110503076032232,0.998843935825156,0.00507823900162829,0.00343117771978622,1
188,1.96698032822963,0.0208666666666667,0.101179341460419,1,0.999533333333333,0.0094,0.484143233556257,0.996597744172018,1,0.9868,0.0132,0.999511414905754,1,0.9868,0,0.9868,0.9868,0.113756784781251,0.998940830040814,0.00472534475848866,0.003320038256751,1
189,1.96974453847368,0.0203118083462256,0.10276717048694,1,0.999333333333333,0.00860121220364557,0.494026203033994,0.996580878442637,1,0.9876,0.0124,0.999666666666667,1,0.9876,0,0.9876,0.9876,0.115303848681759,0.998795062595646,0.00544028174454821,0.00360773279923299,1
190,1.97322287544764,0.0202167714239663,0.101590199490042,1,0.999466666666667,0.0092,0.50321554124122,0.996739705465488,1,0.987400000000001,0.0126,0.999666666666667,1,0.987400000000001,0,0.987400000000001,0.987400000000001,0.113893212823917,0.999086394012848,0.00519053628422699,0.00241755924242732,1
191,1.97869457717961,0.0208919076669369,0.101825295489327,0.999999999999999,0.998933333333333,0.0100945099339253,0.505054212338544,0.996624458092341,0.999999999999999,0.987133333333333,0.0128666666666667,0.999666666666666,0.999999999999999,0.987133333333333,0,0.987133333333333,0.987133333333333,0.114849956247633,0.998733333333333,0.00504309377626416,0.00281891959843619,1
192,1.98296362559217,0.0210257575268194,0.102803068926799,1,0.9988,0.0106666666666667,0.506455030275665,0.996407545326291,1,0.986533333333333,0.0134666666666667,0.999610336652742,1,0.986533333333333,0,0.986533333333333,0.986533333333333,0.116964286289555,0.998676475591383,0.00472961266063685,0.0032689193064285,1
193,1.98574031674492,0.0216193139958306,0.100669308520433,1,0.999266666666667,0.0117333333333333,0.499738977202622,0.996362706862529,1,0.986666666666667,0.0133333333333333,0.999666666666667,1,0.986666666666667,0,0.986666666666667,0.986666666666667,0.114544984441935,0.999,0.00471799858608125,0.00326209181483978,1
194,1.98857133349706,0.0204145970201695,0.0987613252828863,1,0.999200000000001,0.0109842805345544,0.502342986512919,0.996924380636199,1,0.986733333333334,0.0132666666666667,0.999733333333334,1,0.986733333333334,0,0.986733333333334,0.986733333333334,0.112537592692366,0.998866666666668,0.00521362607788345,0.00232221646837967,0.999999999999999
195,1.99423299355718,0.0196,0.0949657430099708,1,0.999133333333333,0.0102666666666667,0.504957527801021,0.996761255917801,1,0.986466666666666,0.0135333333333333,0.999866666666666,1,0.986466666666666,0,0.986466666666666,0.986466666666666,0.109466237979123,0.99878774463191,0.00521490447933326,0.00231039012314156,1
196,2.00002527191656,0.0194352180330703,0.0944194103217428,0.999999999999999,0.999466666666666,0.00953307654742646,0.507112085332843,0.996598917419438,0.999999999999999,0.987466666666666,0.0125333333333333,0.999866666666666,0.999999999999999,0.987466666666666,0,0.987466666666666,0.987466666666666,0.107746186021125,0.999066666666666,0.00489642207955288,0.00257344024029648,1
197,2.00467129430127,0.0199333333333333,0.0964078060681808,1,0.999133333333333,0.00986666666666667,0.504614961634259,0.996902261649203,1,0.986933333333333,0.0130666666666667,1,1,0.986933333333333,0,0.986933333333333,0.986933333333333,0.110348116171109,0.998733333333333,0.00525939047136625,0.00254010874021574,0.999999999999999
198,2.01012256032883,0.0221333333333333,0.0992937845435889,0.999999999999999,0.999266666666666,0.0115333333333333,0.506604260199511,0.996734490219491,0.999999999999999,0.986733333333333,0.0132666666666667,0.999999999999999,0.999999999999999,0.986733333333333,0,0.986733333333333,0.986733333333333,0.113247441194953,0.998959372611302,0.005267803544205,0.00346757561810923,1
199,2.0137412390968,0.0225333333333333,0.0991343836797141,1,0.999666666666667,0.0120469094691418,0.506185516756661,0.996795229778315,1,0.987533333333333,0.0124666666666667,1,1,0.98751936075057,0,0.987533333333333,0.987533333333333,0.111733686999083,0.9994,0.00540860929147669,0.00284946679566637,1
200,2.01889468987734,0.0225432825708607,0.0979924764646527,0.999999999999999,0.999666666666666,0.0125299627560239,0.511030398822237,0.996739824395009,0.999999999999999,0.986666666666666,0.0133333333333333,0.999999999999999,0.999999999999999,0.986666666666666,0,0.986666666666666,0.986666666666666,0.111724155167988,0.999599999999999,0.00432076546513407,0.00321752572490482,0.999999999999999
201,2.02100434301025,0.023216295089207,0.0984223922495533,1,0.999666666666666,0.0144163063482661,0.507519871006567,0.996554980665569,1,0.987133333333333,0.0128666666666667,1,1,0.987133333333333,0,0.987133333333333,0.987133333333333,0.112100787880323,0.9996,0.00445824005408882,0.00265011353158289,0.999999999999999
202,2.02460361074243,0.0225304781818504,0.0975757845150746,1,0.999400000000001,0.0143530154719192,0.508684314940292,0.996789732364662,1,0.986000000000001,0.014,1,1,0.986000000000001,0,0.986000000000001,0.986000000000001,0.112480554802916,0.999400000000001,0.00476680075275413,0.00321811761809495,0.999999999999999
203,2.02773908020876,0.0233333333333333,0.0967190617395362,1,0.999666666666666,0.0147903837874477,0.51076774285465,0.996700801380844,1,0.9856,0.0144,0.999933333333333,1,0.9856,0,0.9856,0.9856,0.111591695867238,0.999666666666666,0.00516146803566227,0.00308429078364541,0.999999999999999
204,2.03195105369919,0.022321368936645,0.0969369563437261,1,0.999799999999999,0.0135721939259484,0.513221944531983,0.99661003089771,1,0.985066666666667,0.0149333333333333,0.999821655496831,1,0.985066666666667,0,0.985066666666667,0.985066666666667,0.112247742901356,0.999799999999999,0.0045038188482419,0.00295183698651304,0.999999999999999
205,2.03499665360934,0.022571806359283,0.0978033293134913,1,0.9998,0.0151449537671664,0.517771350642957,0.996739124092178,1,0.984866666666667,0.0151333333333333,0.999933333333334,1,0.984866666666667,0,0.984866666666667,0.984866666666667,0.113562987508919,0.9998,0.00539420522332287,0.00312055255663575,1
206,2.03948786273394,0.0206221164308994,0.0933072326170767,1,0.999933333333333,0.0136415641226612,0.5172777815433,0.996795312650227,1,0.9838,0.0162,1,1,0.9838,0,0.9838,0.9838,0.110311434682207,0.999933333333333,0.0049262885047739,0.00282802452477889,0.999999999999999
207,2.04376724665395,0.0210861845448998,0.0921209713927726,0.999999999999999,0.999733333333333,0.0127333333333333,0.51827106494663,0.996758767422621,0.999999999999999,0.9842,0.0158,0.999999999999999,0.999999999999999,0.9842,0,0.9842,0.9842,0.10887509719713,0.999733333333333,0.00495070911171165,0.00301276257938397,1
208,2.04772795830249,0.0197595729171959,0.0930183338319855,1,0.999666666666667,0.0115840697608718,0.516095115421471,0.996523347920023,1,0.984733333333334,0.0152666666666667,1,1,0.984733333333334,0,0.984733333333334,0.984733333333334,0.109296500752481,0.999666666666667,0.00493177254046928,0.00226646278633858,1
209,2.05318578760356,0.0192016875744897,0.0883785376007266,1,0.999733333333333,0.0115333333333333,0.51956926047871,0.996780445858264,1,0.9856,0.0144,0.9999929804385,1,0.9856,0,0.9856,0.9856,0.103803220096206,0.999733333333333,0.00476266642816964,0.00308579775816285,1
210,2.05657055119171,0.0182154438543869,0.0880704224021071,1,0.9998,0.0111396641758673,0.525263560875532,0.996687801309335,1,0.9874,0.0126,0.99997750497664,1,0.987466666666667,0,0.987466666666667,0.987413991539892,0.101717451707478,0.9998,0.00420841098104248,0.00279834191577351,0.999999999999999
211,2.05947045770648,0.0178,0.0894666666666667,1,0.999866666666667,0.0112050340165779,0.521337772946089,0.996938902965131,1,0.988,0.012,0.999933333333333,1,0.988,0,0.988,0.988,0.102004412424392,0.999866666666667,0.0039879380399409,0.00276913687198118,1
212,2.06191677451146,0.0168986112658784,0.0885797422588831,1,0.999933333333334,0.0102398220059524,0.521293196830114,0.99665070375356,1,0.9896,0.0104,0.999866666666667,1,0.9896,0,0.9896,0.9896,0.0998327719382809,0.999933333333334,0.00544757380179765,0.0024136536529268,1
213,2.06817246535894,0.0162723880626433,0.0865198072493311,1,1,0.00964037660096004,0.525103217233615,0.996752619497693,1,0.989933333333333,0.0100666666666667,0.999866666666666,1,0.989933333333333,0,0.989933333333333,0.989933333333333,0.0972442119698774,1,0.00435083124720004,0.00202370853861551,1
214,2.07292049582272,0.0152231427989032,0.0854038395495419,1,1,0.00888672325833144,0.529376787938669,0.996689525120306,1,0.990333333333333,0.00966666666666666,0.999933333333333,1,0.990333333333333,0,0.990333333333333,0.990333333333333,0.0954733514968767,1,0.00481316156768343,0.00205339397521717,1
215,2.07864127462885,0.0147333333333333,0.0837291008699174,1,1,0.00746666666666666,0.53342995216857,0.996523057613387,1,0.991333333333334,0.00866666666666667,0.999866666666667,1,0.991333333333334,0,0.991333333333334,0.991333333333334,0.0926616869189862,1,0.00430271870766909,0.00318375416258472,0.999999999999999
216,2.08082862443213,0.0145599676938047,0.0833477776450096,1,1,0.00783060901642599,0.534282225908255,0.996514760141643,1,0.9908,0.0092,0.9998,1,0.9908,0,0.9908,0.9908,0.092953642455481,1,0.00564185070685862,0.00289439352283566,1
217,2.08654561198505,0.0142,0.0799377469760251,1,1,0.00773333333333333,0.530067172692943,0.99684684478069,1,0.990333333333333,0.00966666666666667,0.9998,1,0.990333333333333,0,0.990333333333333,0.990333333333333,0.0903348979475651,1,0.00456101653961245,0.00302929159176944,1
218,2.08974162595374,0.0141333333333333,0.0811628762939142,1,1,0.00739886552171744,0.539376294933816,0.99672268870726,1,0.990533333333333,0.00946666666666667,0.9998,1,0.990533333333333,0,0.990533333333333,0.990533333333333,0.0914212568613749,1,0.00446180684365774,0.00317390957581995,1
219,2.09233998921029,0.0144666666666667,0.0827682254823396,1,1,0.00677298169553525,0.539519041048193,0.996749294243242,1,0.9908,0.0092,0.9998,1,0.9908,0,0.9908,0.9908,0.092643324571527,1,0.00455220139452399,0.00324521230088356,1
220,2.09507465475637,0.0143079774784594,0.0810284542668596,1,1,0.0058,0.541340813523401,0.996805063000199,1,0.991,0.009,0.999733333333334,1,0.991,0,0.991,0.991,0.0906340563413567,1,0.00487873509979214,0.0025638910198559,1
221,2.09978532389834,0.0133047594709587,0.0808816012755342,1,1,0.0056,0.53984628887353,0.996830022133286,1,0.992666666666667,0.00733333333333333,0.999733333333333,1,0.992666666666667,0,0.992666666666667,0.992666666666667,0.0888743601310734,1,0.00429959525968686,0.00300380468243551,1
222,2.1025062059353,0.0128,0.0792285088714981,1,1,0.00526666666666667,0.538194652667988,0.996829765817522,1,0.993066666666667,0.00693333333333333,0.999666666666667,1,0.993066666666667,0,0.993066666666667,0.993066666666667,0.0869882087037345,1,0.00437901990502167,0.0026144080493558,1
223,2.10616657596596,0.0120666666666667,0.0787116748472013,0.999999999999999,0.999999999999999,0.00546666666666667,0.540240811579572,0.996649396783198,0.999999999999999,0.993666666666666,0.00633333333333333,0.999799999999999,0.999999999999999,0.993666666666666,0,0.993666666666666,0.993666666666666,0.0860202143108012,0.999999999999999,0.00478284703817759,0.00218608228320731,0.999999999999999
224,2.11163579509853,0.0126129714223069,0.0825426961705379,1,1,0.00526666666666667,0.544623132940063,0.996621720147863,1,0.993866666666667,0.00613333333333333,0.999866666666667,1,0.993866666666667,0,0.993866666666667,0.993866666666667,0.0890856461565064,1,0.00530024140323578,0.00267777907697594,0.999999999999999
225,2.11717348041796,0.0119220570372497,0.0827315617218987,1,1,0.00526040933130458,0.550135705466393,0.9965133477287,1,0.994,0.006,0.999933333333333,1,0.994,0,0.994,0.994,0.0893530830031719,1,0.00561633688138411,0.00284789608350937,0.999999999999999
226,2.12303474985732,0.0104666666666667,0.078932959958401,1,1,0.0048,0.550993501674568,0.996726732290249,1,0.993066666666666,0.00693333333333333,0.999866666666666,1,0.993066666666666,0,0.993066666666666,0.993066666666666,0.086305812495194,1,0.00468843957127078,0.00268198775585562,1
227,2.12729451678537,0.0102967301504999,0.0786788379931827,1,1,0.00542173427389097,0.547655335153046,0.996538792789339,1,0.993866666666667,0.00613333333333333,0.999866666666667,1,0.993866666666667,0,0.993866666666667,0.993866666666667,0.085128791692789,1,0.00425770619303003,0.00292672942733983,1
228,2.13012589636099,0.0114,0.0786190856915285,1,1,0.00493333333333333,0.544224775502902,0.996414803113136,1,0.9944,0.0056,1,1,0.9944,0,0.9944,0.9944,0.0850064161710679,1,0.0049697136675279,0.00282546121925507,1
229,2.13469342402939,0.0129058800569103,0.0762475446869566,1,1,0.00586666666666667,0.54776587266288,0.996662878014358,1,0.994666666666666,0.00533333333333334,1,1,0.994666666666666,0,0.994666666666666,0.994666666666666,0.0824867496453424,1,0.00430204756503359,0.00303753572366806,1
230,2.13739276914176,0.014,0.0765829492285038,0.999999999999999,0.999999999999999,0.00586666666666667,0.539420977642169,0.996695521382999,0.999999999999999,0.994666666666666,0.00533333333333333,0.999983673379099,0.999999999999999,0.994666666666666,0,0.994666666666666,0.994666666666666,0.082755359815886,0.999999999999999,0.00491805708544504,0.00306019318364994,1
231,2.1413637540115,0.014,0.0736897731475604,1,1,0.0054,0.539793983552117,0.996647485757051,1,0.993866666666667,0.00613333333333333,0.999916699320218,1,0.993866666666667,0,0.993866666666667,0.993866666666667,0.0806541125157554,1,0.00489111369631896,0.00326688861961872,1
232,2.14484181071911,0.0139969899070477,0.0741653001007895,1,1,0.00526666666666667,0.534431945389496,0.996672657682013,1,0.994666666666666,0.00533333333333333,1,1,0.994666666666666,0,0.994666666666666,0.994666666666666,0.0801195879059347,1,0.00482135220809483,0.00255426684631801,1
233,2.14965267652332,0.0137889524252038,0.070372351201398,0.999999999999999,0.999999999999999,0.00558480177825478,0.532188573119397,0.996840874805139,0.999999999999999,0.994266666666666,0.00573333333333333,0.999999999999999,0.999999999999999,0.994266666666666,0,0.994266666666666,0.994266666666666,0.0765193912497036,0.999999999999999,0.00480000767770361,0.00302525925317333,1
234,2.15337888490116,0.0154,0.0721395163584875,1,1,0.00606666666666667,0.531259625343081,0.996710304066639,1,0.992133333333333,0.00786666666666667,1,1,0.992133333333333,0,0.992133333333333,0.992133333333333,0.0803381786770634,1,0.00385183925449983,0.00276448712794004,1
235,2.15572036601095,0.016716360968878,0.0745988972794795,1,1,0.00716788135817006,0.530697037097764,0.996662440635534,1,0.991933333333334,0.00806666666666667,1,1,0.991933333333334,0,0.991933333333334,0.991933333333334,0.0829953329941472,1,0.00500017861748338,0.00271787418059383,1
236,2.16064037616699,0.0157333333333333,0.0725339141269011,1,1,0.00625708057261982,0.537667962158085,0.996742510819626,1,0.9936,0.0064,1,1,0.9936,0,0.9936,0.9936,0.0792,1,0.00536073661267891,0.00279100549459825,1
237,2.16619264097661,0.0152,0.0726044266536367,1,1,0.00585817656314684,0.531300423469627,0.996365444961974,1,0.994,0.006,1,1,0.994,0,0.994,0.994,0.0787979682860577,1,0.00601827621607246,0.00253041176527157,1
238,2.17360361443992,0.0154666666666667,0.0715379780995464,0.999999999999999,0.999999999999999,0.00550148682825136,0.535181377729161,0.996773893116431,0.999999999999999,0.993799999999999,0.0062,0.999999999999999,0.999999999999999,0.993799999999999,0,0.993799999999999,0.993799999999999,0.0781096833513711,0.999999999999999,0.00576267748811614,0.00253886956710046,1
239,2.1806108949893,0.0153364629188326,0.0708532460454895,1,1,0.00659626594350312,0.533184769468328,0.996637473337634,1,0.992533333333333,0.00746666666666666,1,1,0.992533333333333,0,0.992533333333333,0.992533333333333,0.0789655366481834,1,0.00414219436226257,0.00215427062571192,1
240,2.18494578314763,0.0172132399334491,0.0744141151399711,1,1,0.00722691321116087,0.533285245160821,0.996799186998424,1,0.992533333333333,0.00746666666666666,1,1,0.992533333333333,0,0.992533333333333,0.992533333333333,0.082304953587885,1,0.00380727798643996,0.00297848498617531,1
241,2.18662798273568,0.017,0.0766304396451754,1,1,0.0075053112229871,0.537380376625091,0.996502547257833,1,0.992933333333334,0.00706666666666667,1,1,0.992933333333334,0,0.992933333333334,0.992933333333334,0.0841590630578432,1,0.00499493724868044,0.00277244621022566,1
242,2.19134196863289,0.0154692284719556,0.0764546627811525,1,1,0.0072,0.54200920629806,0.996800245786956,1,0.9922,0.0078,1,1,0.9922,0,0.9922,0.9922,0.0844999626737659,1,0.00531564480563212,0.00279192797202794,1
243,2.19683742134998,0.0165333333333333,0.0767401870497403,1,1,0.008,0.539033277770838,0.996620434514507,1,0.991866666666667,0.00813333333333333,1,1,0.991866666666667,0,0.991866666666667,0.991866666666667,0.085104584127433,1,0.00482989959143653,0.00348760458782217,1
244,2.19978622524441,0.0172666666666667,0.0762064583619849,1,1,0.00813333333333333,0.54035187457132,0.99659582686212,1,0.991933333333333,0.00806666666666667,1,1,0.991933333333333,0,0.991933333333333,0.991933333333333,0.0848435259580493,1,0.00562237512292799,0.00325745222412355,0.999999999999999
245,2.20497343149025,0.0170037251914122,0.0767487255941149,1,1,0.00766289628231628,0.543307775544035,0.996811573748258,1,0.991266666666667,0.00873333333333333,0.999965463167739,1,0.991266666666667,0,0.991266666666667,0.991266666666667,0.0858360456885585,1,0.00461270611058298,0.00331650195190561,0.999999999999999
246,2.20768452899316,0.0176,0.0784666666666667,1,1,0.0088,0.550911440487878,0.996839820191319,1,0.9914,0.0086,0.999876676406822,1,0.9914,0,0.9914,0.9914,0.0872706609062452,1,0.00381739761179274,0.00332663072869983,1
247,2.2087679874483,0.0175333333333333,0.0794000544989034,1,1,0.00973333333333333,0.55712955909367,0.996743454190466,1,0.9916,0.0084,0.999866666666666,1,0.9916,0,0.9916,0.9916,0.0880746769186095,1,0.0050321097520732,0.00257261435895487,0.999999999999999
248,2.21420026665364,0.0186511335261737,0.0814645999312754,1,1,0.010018910570173,0.56331501182297,0.996625120435351,1,0.991666666666667,0.00833333333333333,0.999866666666667,1,0.991666666666667,0,0.991666666666667,0.991666666666667,0.0901304757172697,1,0.00467349537419274,0.00213985765316072,0.999999999999999
249,2.21966897156774,0.0198666666666667,0.0781080673761791,1,1,0.0103706708951694,0.558564955375065,0.996552436777822,1,0.992533333333333,0.00746666666666667,0.999933333333334,1,0.992533333333333,0,0.992533333333333,0.992533333333333,0.0859300473239675,1,0.00462296918488765,0.0025377793074798,1
250,2.22429740283845,0.0194,0.0788608600397923,1,1,0.00920383191230291,0.557640212305155,0.996724094120495,1,0.993266666666667,0.00673333333333333,0.999933333333334,1,0.993266666666667,0,0.993266666666667,0.993266666666667,0.0860400766345982,1,0.00444195112377009,0.00320359583633763,1
251,2.22702525364059,0.0185333333333333,0.0806117048645538,1,1,0.0078281785830172,0.557877626579262,0.996636995654604,1,0.993466666666667,0.00653333333333333,0.999866666666667,1,0.993466666666667,0,0.993466666666667,0.993466666666667,0.0875711044235721,1,0.00490371851308158,0.00260349758117434,1
252,2.2321479037449,0.0165793545201197,0.0806511849947222,1,1,0.00713333333333333,0.556402003921534,0.996633101072863,1,0.992666666666667,0.00733333333333333,0.999866666666667,1,0.992666666666667,0,0.992666666666667,0.992666666666667,0.0883625084006785,1,0.00544091526970515,0.00294554108198254,1
253,2.23771794800708,0.0155333333333333,0.0805810236773281,1,1,0.00666666666666667,0.557384367470845,0.996514072442793,1,0.991866666666666,0.00813333333333333,0.999866666666666,1,0.991866666666666,0,0.991866666666666,0.991866666666666,0.0893285628391331,1,0.00489451551243713,0.00229218033229591,1
254,2.24343558609668,0.0149965263467624,0.082855257146506,1,1,0.00706666666666667,0.560791432476752,0.996606057900619,1,0.992200000000001,0.0078,0.999865842201468,1,0.992200000000001,0,0.992200000000001,0.992200000000001,0.0912703772011585,1,0.0047799128521468,0.00231868578318075,1
255,2.24895719048866,0.0150773929604806,0.0828783337628176,1,1,0.00753333333333333,0.560287191481721,0.996821580997709,1,0.990866666666667,0.00913333333333333,0.99977410623012,1,0.990866666666667,0,0.990866666666667,0.990866666666667,0.0927763886805549,1,0.00509801566925732,0.00297347380182517,1
256,2.2537275857719,0.0171100090488825,0.088733257450347,0.999999999999999,0.999999999999999,0.00906666666666667,0.556787465326276,0.996826570559406,0.999999999999999,0.9902,0.0098,0.999866666666666,0.999999999999999,0.9902,0,0.9902,0.9902,0.0990686347692926,0.999999999999999,0.00467614664173333,0.00251561261945504,1
257,2.2585968408979,0.0158001342560711,0.093726158793992,1,1,0.00873141030217795,0.558202497167159,0.996647325292622,1,0.9912,0.0088,0.99983193053062,1,0.9912,0,0.9912,0.9912,0.103542786440207,1,0.00473099491011006,0.00335268506987553,1
258,2.26170988714883,0.0165257393280675,0.0948255985245233,1,1,0.00813333333333333,0.554789278318586,0.996511904678612,1,0.9906,0.0094,0.999466666666667,1,0.9906,0,0.9906,0.9906,0.105237959101671,1,0.00445438539442102,0.00309204123810873,1
259,2.26479111439686,0.017458800886338,0.0998890832635464,1,1,0.01006682749239,0.552084320568508,0.996463273212402,1,0.990533333333333,0.00946666666666667,0.999333333333333,1,0.990533333333333,0,0.990533333333333,0.990533333333333,0.11057409568204,1,0.00509715304806586,0.0031990805517988,1
260,2.26907081421235,0.0173258769480011,0.101065609092758,1,1,0.0108783655756158,0.548754692815949,0.996603987548082,1,0.9908,0.0092,0.9992,1,0.9908,0,0.9908,0.9908,0.111661440396896,1,0.0051813122839936,0.00249138197853213,0.999999999999999
261,2.27517445656074,0.0169326666795826,0.0973736060501878,1,1,0.0114124188495933,0.548555465761595,0.996417203002578,1,0.990000000000001,0.01,0.999266666666667,1,0.990000000000001,0,0.990000000000001,0.990000000000001,0.108596537917096,1,0.00452412703641175,0.00246116824004164,1
262,2.27980488180632,0.0175495843548537,0.0967192644922485,1,1,0.0119333333333333,0.541591011964521,0.99672806995904,1,0.989133333333333,0.0108666666666667,0.9992,1,0.989133333333333,0,0.989133333333333,0.989133333333333,0.108339341956556,1,0.00559791481093914,0.0030393561669402,1
263,2.2856378962933,0.0183219620509982,0.0959691127268817,1,1,0.0126041362294232,0.544097199132292,0.996760041015504,1,0.988133333333333,0.0118666666666667,0.999238465133257,1,0.988133333333333,0,0.988133333333333,0.988133333333333,0.108696047666777,1,0.00508379456013777,0.0028664931123744,1
264,2.29057101534315,0.0180829995599102,0.0954786945751516,1,1,0.0118714465590699,0.546583369693188,0.996512619175739,1,0.987333333333333,0.0126666666666667,0.999133333333333,1,0.987333333333333,0,0.987333333333333,0.987333333333333,0.108693243276941,1,0.00527713875787812,0.00278130978664445,1
265,2.29628396326461,0.0180150180360532,0.0917801830981665,0.999999999999999,0.999999999999999,0.0122,0.545421711310415,0.996583041288751,0.999999999999999,0.9858,0.0142,0.998866666666666,0.999999999999999,0.9858,0,0.9858,0.9858,0.10685824569957,0.999999999999999,0.00462446465228788,0.00293917415431113,1
266,2.30015386880856,0.0172666666666667,0.0914933099356605,1,1,0.0114049659568324,0.548481324830917,0.996682326170423,1,0.986466666666667,0.0135333333333333,0.999066666666667,1,0.986466666666667,0,0.986466666666667,0.986466666666667,0.105413810614871,1,0.00486091745659063,0.00224785238159131,1
267,2.30616432055026,0.0185218183925988,0.0884382213744312,1,1,0.0122074378666856,0.547760876821852,0.996716661557854,1,0.985933333333333,0.0140666666666667,0.999051598929392,1,0.985933333333333,0,0.985933333333333,0.985933333333333,0.103168015199173,1,0.00394735396647949,0.00282311955026198,1
268,2.30875698984888,0.0191442706428408,0.0859569893332845,1,1,0.011926064658656,0.543407804077784,0.996680298517582,1,0.9856,0.0144,0.998906517847785,1,0.9856,0,0.9856,0.9856,0.100986827797648,1,0.00456792763243868,0.00335510329522667,1
269,2.3114218391003,0.0192021886028759,0.0841197865337049,1,1,0.0120666666666667,0.545672242945767,0.99672112421671,1,0.985133333333333,0.0148666666666667,0.999030792202524,1,0.985133333333333,0,0.985133333333333,0.985133333333333,0.0995638951592296,1,0.00458662432898423,0.00287857235925483,1
270,2.31536986772546,0.0204666666666667,0.0878716335944853,1,1,0.0128867753749938,0.540029873379564,0.996497669733555,1,0.985533333333333,0.0144666666666667,0.999037201355108,1,0.985533333333333,0,0.985533333333333,0.985533333333333,0.102777699876045,1,0.00514028370405541,0.00313764583795894,1
271,2.31985014310442,0.0220147705905367,0.0910388971604482,1,1,0.0136,0.542115839853736,0.996750411368421,1,0.986066666666667,0.0139333333333333,0.999133333333333,1,0.986066666666667,0,0.986066666666667,0.986066666666667,0.105391635559938,1,0.00485300192911632,0.00280536290358936,1
272,2.32450761419117,0.0223372590211889,0.0883145043525955,1,1,0.0144410175395831,0.532402447605873,0.996605876082366,1,0.986666666666667,0.0133333333333333,0.999051322882044,1,0.986666666666667,0,0.986666666666667,0.986666666666667,0.10244970825201,1,0.00569466528309346,0.00286118273170441,1
273,2.33109406595655,0.0205937591940734,0.0875602142496616,1,1,0.0135164586248317,0.532387077631607,0.996690823794896,1,0.987,0.013,0.999466666666666,1,0.987,0,0.987,0.987,0.100905399501126,1,0.00457719249211105,0.0026464006345295,1
274,2.3354955570947,0.0210008164096129,0.0887232200542487,1,1,0.0134460285267624,0.526165512622758,0.996965729167507,1,0.988,0.012,0.999466666666667,1,0.988,0,0.988,0.988,0.101026692107656,1,0.00509082308094664,0.00266546405625109,1
275,2.34106239659177,0.0210189024768678,0.0900944522815129,0.999999999999999,0.999999999999999,0.0132,0.521040581875322,0.99643199602698,0.999999999999999,0.988066666666666,0.0119333333333333,0.999666666666666,0.999999999999999,0.988066666666666,0,0.988066666666666,0.988066666666666,0.102310609882325,0.999999999999999,0.00489222329624194,0.00248502733876025,1
276,2.34669779252906,0.0195971376858913,0.0886977840498035,1,1,0.0123861662339827,0.5209394119358,0.996678295858874,1,0.987666666666667,0.0123333333333333,0.999866666666666,1,0.987666666666667,0,0.987666666666667,0.987666666666667,0.101474926637369,1,0.00443843157005232,0.002971551833308,1
277,2.35014011596918,0.0194300127037224,0.0897005861210008,1,1,0.0116919065063982,0.519494813165793,0.996677807963109,1,0.987933333333333,0.0120666666666667,0.999866666666667,1,0.987933333333333,0,0.987933333333333,0.987933333333333,0.102346712101548,1,0.00559544267714154,0.0032381328618696,1
278,2.35568012433182,0.0215291642440158,0.0920578875550947,1,1,0.0123333333333333,0.522542511379933,0.996854299598609,1,0.988533333333333,0.0114666666666667,0.999970410303622,1,0.988533333333333,0,0.988533333333333,0.988533333333333,0.104178891207635,1,0.00473186000590927,0.00348798656541049,0.999999999999999
279,2.35861029227279,0.0208978158779669,0.0935487533235125,1,1,0.0132,0.525747641473302,0.9967356370267,1,0.988733333333333,0.0112666666666667,1,1,0.988733333333333,0,0.988733333333333,0.988733333333333,0.105365380610248,1,0.00465314643029844,0.00284279408532433,1
280,2.36288020794629,0.0209761187626212,0.0916975132842802,1,1,0.0122266826488346,0.530215002495337,0.996889272064089,1,0.989533333333333,0.0104666666666667,1,1,0.989533333333333,0,0.989533333333333,0.989533333333333,0.102466666666667,1,0.00429448111828609,0.00297188101107059,1
281,2.3659778176651,0.0193931672192694,0.0874395209219614,1,1,0.0112666666666667,0.526559719543258,0.997020315181096,1,0.9898,0.0102,1,1,0.9898,0,0.9898,0.9898,0.097963434591671,1,0.0055477088332734,0.00222505011688373,1
282,2.37383915448375,0.0205459719131327,0.0883764067230084,1,1,0.0122964717327482,0.528753943863879,0.996413911359479,1,0.9904,0.0096,1,1,0.9904,0,0.9904,0.9904,0.098310231260976,1,0.00529347603693588,0.00337123453968825,1
283,2.37827078526191,0.0192666666666667,0.0862982875010352,1,1,0.0115333333333333,0.53145188632501,0.996712523665333,1,0.991866666666667,0.00813333333333334,1,1,0.991866666666667,0,0.991866666666667,0.991866666666667,0.0949742783378676,1,0.00413263618399763,0.00313339838507766,1
284,2.38060562947441,0.0186275573136894,0.0856773002057051,1,1,0.0122666666666667,0.536680828594481,0.996727369610378,1,0.992066666666667,0.00793333333333333,1,1,0.992066666666667,0,0.992066666666667,0.992066666666667,0.0938680945735681,1,0.00403823621955824,0.00300223215003337,1
285,2.38307194659448,0.0199987761356064,0.0852129424817483,1,1,0.012700042843978,0.532818735922076,0.996568258286883,1,0.992133333333333,0.00786666666666666,1,1,0.992133333333333,0,0.992133333333333,0.992133333333333,0.0937143082776775,1,0.00513562222111428,0.00314087185556915,1
286,2.38782397006552,0.0180666666666667,0.0846563982521218,1,1,0.0116666666666667,0.535733533608409,0.996833955783613,1,0.9924,0.0076,1,1,0.9924,0,0.9924,0.9924,0.0926548458371221,1,0.00434298526528171,0.00234841277049187,1
287,2.39257947391964,0.0199987842640555,0.0830346486756083,1,1,0.0126,0.537146275666823,0.996754995899757,1,0.9926,0.0074,1,1,0.9926,0,0.9926,0.9926,0.0910123380323594,1,0.00456765694621817,0.00240494924393144,1
288,2.39775392397622,0.021,0.0830887693424438,1,1,0.0132666666666667,0.533872494764461,0.996781749929097,1,0.993533333333333,0.00646666666666666,1,1,0.993533333333333,0,0.993533333333333,0.993533333333333,0.0900834882960282,1,0.00461000776981503,0.0031923220226522,0.999999999999999
289,2.40115318553945,0.0192666666666667,0.0791225465180606,1,1,0.0112,0.533883553947582,0.996627537122108,1,0.993933333333333,0.00606666666666667,0.999933333333333,1,0.993933333333333,0,0.993933333333333,0.993933333333333,0.0859143404373921,1,0.00621904915205879,0.00340547450918274,1
290,2.40790900925594,0.0222773345209036,0.0828666666666667,1,1,0.0133869262399914,0.538753559392139,0.996714191244361,1,0.993866666666666,0.00613333333333333,1,1,0.993866666666666,0,0.993866666666666,0.993866666666666,0.089502848126165,1,0.00534450200811184,0.0028834547287056,1
291,2.41383498717223,0.0209333333333333,0.0789195843991463,1,1,0.0127333333333333,0.535791636561887,0.996510076649342,1,0.994066666666667,0.00593333333333333,1,1,0.994066666666667,0,0.994066666666667,0.994066666666667,0.0852945985433486,1,0.00456852356054592,0.00309733211486451,0.999999999999999
292,2.41729037881789,0.021133259708753,0.0830518924208555,1,1,0.0130201006063101,0.536428923235292,0.996727407903599,1,0.993133333333334,0.00686666666666667,1,1,0.993133333333334,0,0.993133333333334,0.993133333333334,0.0905168110539362,1,0.0039696029518185,0.0031836327338474,1
293,2.41919029706383,0.0223679051541792,0.0838142246306671,1,1,0.0138625951356678,0.546746226726201,0.996770510200186,1,0.9932,0.0068,1,1,0.9932,0,0.9932,0.9932,0.0910490231646318,1,0.00445377194567844,0.00246193829201571,1
294,2.423847642359,0.0214712148553997,0.0796097633571718,0.999999999999999,0.999999999999999,0.013788613507281,0.544860977185777,0.996712081055553,0.999999999999999,0.993799999999999,0.0062,0.999999999999999,0.999999999999999,0.993799999999999,0,0.993799999999999,0.993799999999999,0.0861575841777151,0.999999999999999,0.00576130809816572,0.00358854897800342,1
295,2.42911407942981,0.0194042535841613,0.0803575529831407,1,1,0.0122666666666667,0.549556883494969,0.996810235072039,1,0.993866666666667,0.00613333333333333,1,1,0.993866666666667,0,0.993866666666667,0.993866666666667,0.0869706739638887,1,0.00440499625704816,0.00294837235222664,0.999999999999999
296,2.43244001661299,0.0186106535903875,0.0851690489324784,1,1,0.012170743376255,0.546977135332988,0.996849672270408,1,0.994933333333333,0.00506666666666667,1,1,0.994933333333333,0,0.994933333333333,0.994933333333333,0.0904073391308019,1,0.00516534628962723,0.00309687708970902,1
297,2.4373950919639,0.0184058081535298,0.0823611117921755,1,1,0.0127545561979244,0.548280135109469,0.996593264403474,1,0.994333333333334,0.00566666666666667,1,1,0.994333333333334,0,0.994333333333334,0.994333333333334,0.0883175131597315,1,0.00500751850010383,0.00333063310919825,1
298,2.44148232418548,0.0162470294626005,0.0786839468003973,1,1,0.0110578208736588,0.552096733388324,0.996643385030796,1,0.994866666666666,0.00513333333333333,1,1,0.994866666666666,0,0.994866666666666,0.994866666666666,0.0841992107011696,1,0.0042438770897313,0.00295483794848099,1
299,2.44462949046402,0.0149921257062133,0.0745194104760287,1,1,0.0109391903894909,0.553380990987561,0.996705826729415,1,0.994933333333334,0.00506666666666667,1,1,0.994933333333334,0,0.994933333333334,0.994933333333334,0.079878934955351,1,0.00490358759338426,0.0029265160146535,1
300,2.44946269795015,0.0159553894507033,0.0759430871841093,1,1,0.0110131016360449,0.552368207942887,0.996597240487817,1,0.995599999999999,0.0044,1,1,0.995599999999999,0,0.995599999999999,0.995599999999999,0.0806588504494268,1,0.00518008635121203,0.00336431156265575,1
