"X","PopRatio","KC","LC","aKC","Prol_KC","Diff_KC","preDiff_KC","pDC","iDC","M1","M2","Neutrophil","Th0","Th1","Th2","Th17","Th22","Treg","Fibroblast","Division","Death","ILC3"
0,1.36335026305308,0.0536788051977989,0.256085442002994,0.999999999999999,0.933816048668291,0.0352077641305552,0.191800573977592,0.996743383273383,0.999999999999999,0.948820328528664,0.0444666666666667,0.991599999999999,0.999999999999999,0.948879490871418,0,0.448939809188987,0.94712054987876,0.292523710783597,0.919666666666666,0.00903183111449013,0.00512487104998005,0.999999999999999
1,1.36856096141065,0.0574125175623907,0.261226073106104,0.999999999999999,0.935803627479667,0.0376854251138133,0.190120222721144,0.996649118636322,0.999999999999999,0.950637698563553,0.0445379744572376,0.990792497518343,0.999999999999999,0.950269838948496,0,0.211670989194196,0.947037349288051,0.294489295929195,0.922971850338503,0.00460171781680535,0.0026527573457837,0.999999999999999
2,1.37122823262662,0.0581580747361819,0.259484836923791,0.999999999999998,0.935195323286966,0.0382578827931554,0.195488633920628,0.996951383141995,0.999999999999998,0.950999999999999,0.0437333333333333,0.991406194340069,0.999999999999998,0.952197653204001,0,0.103715351955195,0.948577897715869,0.294183741776132,0.922082843260985,0.00442838401382433,0.00254211842312512,1
3,1.37381473325881,0.054496490527076,0.256248135113962,1,0.936026134309261,0.0349831447977294,0.199704873186111,0.996720934487837,1,0.9531740633517,0.041902218090517,0.99166281011547,1,0.954081679940575,0,0.0517292229327632,0.951560579335881,0.290620184624149,0.921867347994438,0.00382071693316133,0.00328949655109923,0.999999999999999
4,1.37446609667449,0.0577277987660095,0.258485559570385,0.999999999999999,0.939086999265311,0.0364,0.203018653509705,0.99682217690929,0.999999999999999,0.951579494304998,0.0434666666666667,0.991891016293334,0.999999999999999,0.952999999999999,0,0.0244080388119264,0.950443132915642,0.293673104262472,0.92275504321952,0.00416447675943422,0.00235404335083529,1
5,1.37695447601489,0.0586174856270343,0.261723710412368,0.999999999999999,0.938525307453408,0.0355706456924324,0.200323204494694,0.996522038920205,0.999999999999999,0.950420271277314,0.0440666666666666,0.991556613971618,0.999999999999999,0.951717971914553,0,0.0108042941398075,0.950326870910289,0.298814816483445,0.921872030124402,0.00422629202335292,0.00289357779564589,0.999999999999999
6,1.37873061496253,0.0584909249865159,0.257700293800546,0.999999999999999,0.939986754010939,0.0358225258541804,0.204032299261215,0.996577746701824,0.999999999999999,0.951451451555025,0.0438,0.991833586240631,0.999999999999999,0.952456539189621,0,0.00540702547989216,0.951114943961079,0.293445445316354,0.923471401531132,0.00434597347694453,0.0020310906104177,0.999999999999999
7,1.38192221484066,0.0552445876053648,0.25830060954529,1,0.940793621976482,0.0325959360391801,0.207625013081675,0.99659576802686,1,0.950748067905476,0.0448666666666667,0.990700894157106,1,0.952160382866653,0,0.00273330813953444,0.949747877050454,0.293604354868713,0.924007507777312,0.00454420570832686,0.00258625679811626,0.999999999999999
8,1.3846279479352,0.0554688647613978,0.253900036149905,0.999999999999999,0.9387938370731,0.0314646035229164,0.209013143375022,0.996689679656673,0.999999999999999,0.948415067008936,0.0469333333333333,0.989564624223346,0.999999999999999,0.950328511934718,0,0.00141541846779003,0.946943364688985,0.288905682619322,0.921756110503144,0.00425481274109257,0.00238761192736151,0.999999999999998
9,1.3872133263663,0.0564233807999015,0.254570742119764,1,0.937867273326172,0.0326273368455401,0.204819810777713,0.996721161552949,1,0.949627490210723,0.0451999999999999,0.989312145230443,1,0.951592818636317,0,0.00103055073807931,0.949365709619336,0.28861609135777,0.921937442874256,0.00484448886871385,0.00237062227927532,0.999999999999999
10,1.39059550097083,0.0574355195378277,0.257232750855092,0.999999999999999,0.937492237168599,0.0345382227544905,0.212813941508428,0.996704413893932,0.999999999999999,0.946533333333333,0.0482,0.987521004204546,0.999999999999999,0.948333333333333,0,0.000539475856662168,0.945837264312677,0.291975410359931,0.92148668036706,0.00438103657460769,0.00306055347892279,0.999999999999998
11,1.39243175882279,0.0555838137292879,0.257700864403295,0.999999999999999,0.937532908788375,0.0346466146849936,0.21745703099181,0.996763079457932,0.999999999999999,0.947964320824257,0.0464,0.986995223371194,0.999999999999999,0.950315821116065,0,0.000225825995960737,0.947823962053783,0.290788824430491,0.923287268312007,0.00489401937175228,0.00258682998453313,0.999999999999998
12,1.39564436259918,0.0525301213502969,0.256098980009087,0.999999999999999,0.939921917866936,0.0319477552117849,0.223444335265693,0.996424881565945,0.999999999999999,0.947857480512967,0.0467333333333333,0.986043390189255,0.999999999999999,0.950018648348557,0,0.000110995285276358,0.947641732393781,0.2892804544507,0.924719199289931,0.00411519358773266,0.00274279750703614,0.999999999999999
13,1.39755973945245,0.0540705643990038,0.259192721047031,1,0.944003338322289,0.032396623899838,0.228711666739751,0.996846682586174,1,0.944866666666667,0.0499333333333333,0.98549547919849,1,0.946998877245001,0,9.2827320900118e-05,0.944951343616355,0.294604849863528,0.93046933309323,0.00408848515052823,0.00247245091063527,0.999999999999999
14,1.3998182438437,0.0545594367153267,0.260213032079978,0.999999999999999,0.94430047248081,0.0317710108113283,0.228214836215421,0.996764755328956,0.999999999999999,0.946191165820081,0.0478666666666666,0.988066733988592,0.999999999999999,0.949167828196298,0,6.66666666666667e-05,0.948119816605047,0.291294777821975,0.930282623188538,0.00471143798509085,0.00268256220531055,1
15,1.40256497995847,0.0551819887329359,0.263060687257059,0.999999999999998,0.945213172232783,0.0315328518655554,0.228185782667182,0.996661751480851,0.999999999999998,0.944014689664035,0.0500666666666667,0.98782781608246,0.999999999999998,0.946889488602253,0,8.25937134743782e-05,0.946190121969028,0.29267899549969,0.931788478519758,0.00533374970595281,0.00289992332795702,0.999999999999998
16,1.40597857960355,0.0536085806647625,0.262313580262818,0.999999999999999,0.944305407038042,0.0311105478787728,0.227217545065898,0.996486717527902,0.999999999999999,0.944654979308689,0.0490666666666667,0.988624474630475,0.999999999999999,0.948175522371005,0,6.66666666666667e-05,0.947301212560143,0.292167328350576,0.929661350826634,0.00465385379066112,0.00225121152654743,0.999999999999999
17,1.40926492419395,0.0518940456398921,0.259108773825275,0.999999999999998,0.944627109065775,0.0291866193749575,0.229331084822152,0.99674540613814,0.999999999999998,0.941734971648742,0.0519333333333333,0.98705558749866,0.999999999999998,0.944965329482811,0,0,0.945199999999999,0.290633551568399,0.931648234888421,0.00532218080716295,0.00207003946819536,0.999999999999998
18,1.41383154722398,0.0532258917379238,0.25783176685649,0.999999999999999,0.945027092627013,0.0315734266656459,0.233446466215621,0.996479404708921,0.999999999999999,0.939748881792575,0.0541333333333333,0.986978182424591,0.999999999999999,0.943313119698871,0,0,0.943252328184132,0.288699828774343,0.932686522634145,0.00416552515589687,0.00331855048404727,1
19,1.41499504992612,0.0537920462914082,0.262511176665979,1,0.943221912700681,0.0305246479233799,0.23375385559542,0.996605449906397,1,0.940068370371406,0.0542666666666666,0.987258003978488,1,0.942754875220369,0,0,0.94303427354146,0.291362349165517,0.931718495910253,0.00495048773227069,0.00274608610109099,0.999999999999999
20,1.41809414063527,0.0504120088593246,0.259327347707,0.999999999999999,0.941896164515729,0.0306359722193603,0.240482467045319,0.996596299840883,0.999999999999999,0.940093647416874,0.0544666666666667,0.987916803040847,0.999999999999999,0.942066666666666,0,0,0.943170141466526,0.286849301522727,0.930555495318303,0.00357091584902897,0.00241825999900454,0.999999999999999
21,1.41972871514236,0.050046559964851,0.257370012948228,0.999999999999998,0.939185348476817,0.0315743515414392,0.242281978271593,0.996853160151373,0.999999999999998,0.940799999999999,0.0536666666666666,0.989322716724476,0.999999999999998,0.942799999999999,0,0,0.943799999999999,0.286385455784937,0.928844871547641,0.00430117473591758,0.00297278095121207,0.999999999999999
22,1.42161467394352,0.051091796465043,0.257532452458675,0.999999999999998,0.939918598010184,0.0339393067237129,0.237760051856971,0.996705498129073,0.999999999999998,0.938905726366093,0.0552666666666666,0.988408190760277,0.999999999999998,0.940751555898462,0,0,0.942066666666666,0.285001878625818,0.930994374700117,0.0040080943075358,0.00230185533119474,1
23,1.42404028830954,0.0533248998229585,0.258261027004796,0.999999999999998,0.940933742896873,0.0342666666666667,0.232717071890234,0.996550250178538,0.999999999999998,0.939451443491782,0.0558,0.988418320244218,0.999999999999998,0.940733333333332,0,0,0.941342176977254,0.284121601172697,0.932962412154158,0.00422556154960533,0.00237362580656209,0.999999999999999
24,1.42667751941899,0.0548314339300516,0.256143175616128,1,0.937342887001749,0.0332716466377389,0.234176626643311,0.996874793261313,1,0.938632486650701,0.0561333333333333,0.986726723479335,1,0.941065232485294,0,0,0.941066666666666,0.281875697972326,0.92881339697034,0.00483381721701123,0.00177991193606087,0.999999999999999
25,1.43103445742976,0.0535333333333333,0.247962381097145,1,0.937344035202803,0.0336140034195738,0.239127805933164,0.996496853206766,1,0.939341040625026,0.0557333333333333,0.986752123020365,1,0.94149850424974,0,0,0.941881415855793,0.273929138641611,0.928801829705775,0.00465642317411444,0.0022630332867079,0.999999999999998
26,1.4344594808287,0.0532257538416002,0.244162246617059,0.999999999999997,0.936729391926849,0.0335096183835726,0.241584407163775,0.996620364059499,0.999999999999997,0.934659178762205,0.0607333333333333,0.985738797342648,0.999999999999997,0.936991411044163,0,0,0.937160638840897,0.271888456412647,0.926730744341083,0.00435511815876212,0.00288024303652328,1
27,1.43647949879877,0.0529821872515804,0.246750239467746,0.999999999999999,0.93656787174457,0.0355929638190235,0.246236446920467,0.996657368840677,0.999999999999999,0.933799321155999,0.0606666666666666,0.986778089200837,0.999999999999999,0.938027980484079,0,0,0.937100568212662,0.27379114532904,0.926798182791342,0.0043613375416691,0.00247273458329838,0.999999999999998
28,1.43919243822984,0.0540984761731473,0.241104620578859,0.999999999999999,0.939353340984872,0.036403434107631,0.250161222216435,0.996684767234031,0.999999999999999,0.932604321441824,0.0620666666666667,0.98599457024165,0.999999999999999,0.936505226348417,0,0,0.935689875192831,0.269647618232764,0.929034430121313,0.00443226477390656,0.00278163474309772,0.999999999999999
29,1.44156801248849,0.0526588282136247,0.238328884482218,0.999999999999998,0.941572287285838,0.0374395884140961,0.249778818364402,0.996583449155849,0.999999999999998,0.934596667188853,0.0604666666666666,0.985040923041511,0.999999999999998,0.938523469990867,0,0,0.937850763740015,0.26706487813816,0.930883544308499,0.00477807573544165,0.00266465056468823,0.999999999999999
30,1.44461465861144,0.0521218306857035,0.236755351423576,0.999999999999999,0.939475245071965,0.0375766721864645,0.249651044566901,0.996779819241548,0.999999999999999,0.935093031014814,0.0595333333333334,0.986279842206876,0.999999999999999,0.939154396428996,0,0,0.938954006918691,0.263611688934245,0.929959587112455,0.00361030237725986,0.00294488037934212,0.999999999999999
31,1.44557593698379,0.052596309541064,0.237797689924317,0.999999999999999,0.940703301011804,0.0380213127449499,0.25699400587804,0.996428308854909,0.999999999999999,0.936834989866083,0.0572,0.986696776645552,0.999999999999999,0.941534478829489,0,0,0.941596166956402,0.264058015447856,0.92988309635366,0.0043024246330284,0.00201372642309183,0.999999999999999
32,1.44888442404309,0.0550574434083672,0.24038725534918,0.999999999999999,0.939964629595066,0.0391474626973867,0.260977499861113,0.996817286469626,0.999999999999999,0.935214720666289,0.0582666666666666,0.987109429724301,0.999999999999999,0.94037321375127,0,0,0.940244551479389,0.266096352605128,0.928767624400185,0.00504325518599374,0.00263460358659411,0.999999999999999
33,1.45234444103349,0.0552815578430804,0.242414861865626,1,0.944199461973634,0.0383544447017915,0.26450126233455,0.996674576234793,1,0.931923342483955,0.0612,0.986885650470164,1,0.937660202046727,0,0,0.936955742599011,0.267666027434345,0.93321638975627,0.00490076317115445,0.00219865320436636,0.999999999999998
34,1.45618273991528,0.0545961830826885,0.243396945708925,1,0.945132831408155,0.0396264652947985,0.263770592083627,0.996642583950923,1,0.933936315769838,0.0596666666666667,0.986578306817247,1,0.939333333333333,0,0,0.938733333333333,0.268085966008704,0.934307244496289,0.00478573741422178,0.00229216912388248,0.999999999999999
35,1.45971675217115,0.0545905242370835,0.241528614636766,1,0.949905186058298,0.0389365761619924,0.265294807105843,0.99674760845086,1,0.937023266579953,0.0573333333333333,0.98723775580091,1,0.941533333333333,0,0,0.941130339145374,0.266594264816993,0.939955684404858,0.00484774013563637,0.00213635401517122,1
36,1.4636746079128,0.0590856611179328,0.245049834236681,0.999999999999999,0.949040734232844,0.0426,0.267928263903147,0.996785703816243,0.999999999999999,0.9392,0.0554,0.987382879806587,0.999999999999999,0.943520188292334,0,0,0.943220992903613,0.269507239095016,0.938735869520559,0.00535649625889543,0.00290956738979587,0.999999999999999
37,1.46715853725867,0.0609982045187729,0.24585690770737,0.999999999999999,0.947298602443546,0.0423385158679908,0.267980298699375,0.996592059589865,0.999999999999999,0.938111957413955,0.0564746250716312,0.988643318073678,0.999999999999999,0.941986933922644,0,0,0.941653928989992,0.270856788585522,0.937354898235762,0.00455795468171345,0.00325316531260708,0.999999999999999
38,1.46907287012088,0.0636902095058759,0.249066963728311,0.999999999999999,0.947028665900567,0.0427451331434539,0.269104140451179,0.996687713920866,0.999999999999999,0.935726386818531,0.0590666666666666,0.988323328714064,0.999999999999999,0.939599999999999,0,0,0.939165712607298,0.275198549344742,0.938533139603059,0.003939875749531,0.00306712814780977,0.999999999999999
39,1.47035499994503,0.0667098313391534,0.248639224642141,0.999999999999999,0.948022539809034,0.0428398432512191,0.263145282459871,0.996588055471498,0.999999999999999,0.933133333333333,0.0625333333333333,0.987566047748493,0.999999999999999,0.936466666666666,0,0,0.935956446668571,0.276583111832908,0.940497632327918,0.00437262831504793,0.00299710589536107,0.999999999999999
40,1.47230005763449,0.0669980734657492,0.244953715802344,1,0.950362586964446,0.0433295258218718,0.266244567316017,0.996888912478376,1,0.934915025924784,0.0608891593443788,0.986701461778958,1,0.937958602360095,0,0,0.937743716959948,0.273484854632973,0.943623011497817,0.00441886090092417,0.00288316790035074,0.999999999999998
41,1.47456105852774,0.0662158405721748,0.244689685870061,0.999999999999999,0.947752335828636,0.0418617481396976,0.269845258399257,0.996643980154422,0.999999999999999,0.933026442225749,0.0626723345329394,0.986201887643928,0.999999999999999,0.935488139757881,0,0,0.93535532684259,0.274872843630515,0.941155954054793,0.00432325962870294,0.00250099598027087,0.999999999999999
42,1.47724809754209,0.0688062098568603,0.247364895418109,1,0.951511906037986,0.0437212336079409,0.2751260685163,0.996504661794273,1,0.936125145814227,0.06,0.986544252070494,1,0.938268109224016,0,0,0.938034142312289,0.275697574834138,0.944618861959741,0.00463547557033639,0.00336249065076527,1
43,1.47897602289226,0.0689141032960983,0.248597082649422,1,0.949114414897367,0.0451630908707003,0.284363276449359,0.996898211522304,1,0.937343138834939,0.0586,0.988440977922678,1,0.939395375878461,0,0,0.939224794562891,0.276475021467506,0.942181116843154,0.00433471814483477,0.00223325616354547,0.999999999999999
44,1.48198543637408,0.0687832360151222,0.247123794845277,1,0.950775105926155,0.0459740959323121,0.280888164846625,0.996631267160943,1,0.937334174528049,0.0591333333333333,0.989156904579608,1,0.938997093181649,0,0,0.938572506317642,0.274937755821598,0.944234338936612,0.00596857137921617,0.00205437043488788,0.999999999999999
45,1.48778622516861,0.0732279593734179,0.248079559792779,0.999999999999999,0.953913859421769,0.0481206754321027,0.287288111508357,0.996363857340092,0.999999999999999,0.940259769071083,0.0567624986712575,0.989675992451694,0.999999999999999,0.94153036923836,0,0,0.941133333333333,0.275093174891423,0.94841918247203,0.00487190154245228,0.00193451826687339,0.999999999999999
46,1.49215642354406,0.0747437593358397,0.251650950185977,1,0.954244614182636,0.0496547386706461,0.286628300307274,0.996867284443956,1,0.935357661539686,0.0618666666666667,0.989294444211341,1,0.936147387858675,0,0,0.93624840082683,0.277705543372079,0.948245417895195,0.00491414164165381,0.00300529388309165,0.999999999999999
47,1.49500472298856,0.0766044513107136,0.250941004170292,1,0.956979965223261,0.0480684569386841,0.287680751681964,0.996753653881565,1,0.94,0.0574666666666667,0.989452809068721,1,0.940751509322135,0,0,0.9406,0.274777920659144,0.950835196120409,0.00516092114346915,0.00244730307267039,1
48,1.4990615948208,0.0756178383184524,0.252205991439252,0.999999999999999,0.959382023309867,0.0484404808128088,0.28547029402516,0.996680643342357,0.999999999999999,0.940403253219701,0.0572,0.98880469761183,0.999999999999999,0.941067138943287,0,0,0.940805748660151,0.274436866956962,0.952659148254279,0.00426792481128119,0.00306218298560263,1
49,1.50086907608494,0.07329444146539,0.250225711884336,1,0.958982166579652,0.0478300585158137,0.28618097719137,0.996863085717266,1,0.940200000000001,0.0572666666666666,0.988385862607426,1,0.941066666666667,0,0,0.94036722599295,0.274220342995318,0.952850391669614,0.00436227974846621,0.00264291984792964,0.999999999999999
50,1.50337012312748,0.0719739952654909,0.250597248717744,1,0.958528478110136,0.048081172829781,0.29155276205973,0.996596600923896,1,0.937466666666667,0.0594666666666667,0.987428039213043,1,0.938530606905398,0,0,0.937533333333333,0.274435944821969,0.952333333333333,0.00490942142240014,0.00205566403962567,0.999999999999999
51,1.50756015204053,0.0704397699294249,0.249693690147004,1,0.959185556465027,0.0470720298302991,0.296138126943104,0.996620870268769,1,0.9386,0.0582666666666667,0.985892827379478,1,0.939484953993479,0,0,0.938722196055624,0.273596791459022,0.95340275544552,0.00425109421763582,0.00261369649851532,1
52,1.51002862759491,0.069184735033184,0.250726169461423,0.999999999999998,0.960819454156583,0.0451240510027312,0.30083602674095,0.996789880943514,0.999999999999998,0.939066666666666,0.0580666666666667,0.987144308942616,0.999999999999998,0.940133333333332,0,0,0.938874426335182,0.274406849964253,0.954468453129137,0.0048097574025187,0.00316611491048247,1
53,1.51251057481142,0.0704312404245561,0.251786609042951,0.999999999999999,0.962519894163355,0.0461789508707891,0.30254634758776,0.996535318100501,0.999999999999999,0.939022603314692,0.0580666666666666,0.988245560135013,0.999999999999999,0.9403831783895,0,0,0.93952500259555,0.276478036481603,0.955524272391201,0.00502262231775951,0.00243218543021917,0.999999999999999
54,1.5164286379972,0.0704056965856794,0.252291493509384,0.999999999999999,0.961828457603978,0.0461312285660199,0.31277314947707,0.996634594403622,0.999999999999999,0.939666666666666,0.0572,0.988769296562584,0.999999999999999,0.941775399225884,0,0,0.940160679129397,0.277671408131006,0.955172899230177,0.00521538670360712,0.00253584992457646,1
55,1.52049196430549,0.0678540416355097,0.245868779585534,1,0.963006486003232,0.0446706154483397,0.31494383952936,0.996646528584499,1,0.940087952673104,0.0568666666666666,0.988805039268457,1,0.942374996692584,0,0,0.941066666666667,0.271548859292521,0.956094556728734,0.00507359908694138,0.00223678700105964,0.999999999999999
56,1.52480531428632,0.0663630881929785,0.245402172185541,1,0.964647223913665,0.0440156729161549,0.310046177367598,0.99700754167376,1,0.939894119705282,0.0566666666666666,0.989661422438258,1,0.942733333333333,0,0,0.941700172805208,0.272699162861351,0.956737271871182,0.00538758700418038,0.00255898857131609,1
57,1.52911837620873,0.0658795305967232,0.244372340253103,0.999999999999999,0.963949233860619,0.0430128261977963,0.31429680673238,0.996881667671405,0.999999999999999,0.94208243668593,0.0544666666666667,0.989615753073234,0.999999999999999,0.944666666666666,0,0,0.943817657044141,0.271542823117116,0.95623540015856,0.00459503140267469,0.00310675242616057,0.999999999999999
58,1.53126703392578,0.0641901642804012,0.242415494329409,1,0.967135155043909,0.0408686577662004,0.317154213236157,0.99667305560933,1,0.943905279088062,0.0528666666666667,0.989819954840729,1,0.946277912235844,0,0,0.945489921029626,0.268914120262061,0.959650948171038,0.00500877173281709,0.00391253682244403,0.999999999999999
59,1.53290999523002,0.0626126450225792,0.23872514920697,1,0.968284380595491,0.0388818524846235,0.31361530371082,0.996879172034768,1,0.944029015877958,0.0526,0.989966482271397,1,0.946700498866261,0,0,0.946196273237928,0.263868444340811,0.96288434875264,0.00429691631625216,0.00314678840307457,1
60,1.53467303780392,0.0629992787382238,0.236813930429795,0.999999999999999,0.969234997877301,0.0377857903190012,0.309707704156668,0.996941822034264,0.999999999999999,0.943266666666666,0.0535333333333333,0.990166275294152,0.999999999999999,0.945866666666666,0,0,0.945357152275474,0.261545781751602,0.963549075245799,0.00409220379694003,0.00292951900635279,0.999999999999999
61,1.53635506726765,0.0625627926048948,0.229262367063367,1,0.969866666666666,0.0385954685274508,0.310953180356569,0.99674451452793,1,0.94602392495652,0.0514666666666667,0.990879700858493,1,0.947933333333334,0,0,0.947489631314206,0.253040259652311,0.964829103921543,0.00529695211829657,0.00295170489089645,0.999999999999999
62,1.53995819972946,0.0621304336336098,0.223296258626993,0.999999999999999,0.972040762788407,0.0381490633498425,0.312175498122274,0.996695785246425,0.999999999999999,0.947533333333333,0.0501333333333333,0.992241057335149,0.999999999999999,0.949333333333333,0,0,0.9488,0.246155052937896,0.967366142794856,0.00428944153742187,0.00280867925093873,0.999999999999999
63,1.54223851175437,0.0611840026469756,0.218182195226859,1,0.972545202533221,0.0355676255365193,0.316654783557308,0.996798823653996,1,0.946567479598858,0.0510666666666666,0.992878240141704,1,0.9484,0,0,0.948066666666667,0.238954989825824,0.968143203728428,0.0037168860650103,0.00319669222116214,1
64,1.54304077473393,0.0608569503603993,0.213216592131076,0.999999999999999,0.973133333333333,0.0340288037258397,0.318239845376508,0.996499903377696,0.999999999999999,0.947046238874828,0.0509333333333333,0.99384069582485,0.999999999999999,0.94860149046526,0,0,0.947733333333333,0.235343510631486,0.968823362748057,0.00356613303584851,0.00285109935081323,1
65,1.54414410086525,0.0618036009318653,0.213013737825924,0.999999999999999,0.974933333333333,0.0343529450108193,0.321189247610798,0.99672085580113,0.999999999999999,0.950547783560666,0.0477333333333333,0.994482130968832,0.999999999999999,0.951999999999999,0,0,0.950996271371647,0.233368762723777,0.971837137394398,0.0046153214602551,0.00292144073258569,0.999999999999999
66,1.54675969679845,0.060482510267439,0.212800331915619,1,0.977346370743442,0.0337249575565208,0.323666520191648,0.996721790478137,1,0.950835473844206,0.0474,0.995160475115653,1,0.952333333333333,0,0,0.951733333333333,0.231723943048078,0.973680210470537,0.005870954330692,0.00298567520369381,1
67,1.5512225302661,0.0636863253661044,0.216132447162455,0.999999999999999,0.977001084028719,0.0367202431193379,0.331037482475765,0.996313170116893,0.999999999999999,0.947330993738669,0.0505333333333333,0.994692868305428,0.999999999999999,0.949133333333333,0,0,0.948942340140675,0.235748245759964,0.972482640243878,0.0043480658683208,0.00222028127177483,1
68,1.5544765204059,0.0614982698338151,0.212047413294854,0.999999999999999,0.977056383008647,0.0335654620206545,0.331188563967399,0.996820570844212,0.999999999999999,0.948184011341311,0.0496,0.993785411548897,0.999999999999999,0.950266666666666,0,0,0.950066666666666,0.230745919760973,0.972202705254955,0.00595873174123244,0.00338640500281969,0.999999999999999
69,1.55847514192358,0.0617891684617489,0.211555578494727,0.999999999999999,0.977486502580376,0.03203532918854,0.32672413398527,0.996594937154194,0.999999999999999,0.948133333333333,0.0498666666666666,0.993533333333333,0.999999999999999,0.950133333333333,0,0,0.949866666666666,0.230267878100451,0.972084861489113,0.004728288016908,0.00262763000824373,0.999999999999999
70,1.56174896521176,0.0651188619990656,0.216806448319382,1,0.978600000000001,0.0357228652733803,0.327338911249556,0.996616402926876,1,0.948039412053834,0.0508,0.993480040448579,1,0.9492,0,0,0.949051447522328,0.236153299739688,0.973644708934393,0.00471382935278829,0.00289046064011176,0.999999999999999
71,1.56454313944224,0.063883281662587,0.215862761060168,1,0.981788290618427,0.0364676428594621,0.326113718741982,0.996830332495839,1,0.949466666666667,0.0500666666666667,0.992806147595796,1,0.949933333333333,0,0,0.9498,0.235222040036508,0.976025701758336,0.00535217281040387,0.00268389615074082,0.999999999999999
72,1.56871777338425,0.0651864826807909,0.217548293539924,1,0.981376318196793,0.0352252001774096,0.320526125363183,0.996762493989059,1,0.947211252999295,0.0522666666666667,0.992262672944406,1,0.947733333333333,0,0,0.947533333333333,0.238715269903513,0.976428029073323,0.0043380574308751,0.00222706872904084,0.999999999999999
73,1.57195766786153,0.0649451374548876,0.216843743173516,1,0.980099980123125,0.0337868658373011,0.321820620254655,0.996482110307513,1,0.949466666666667,0.0501333333333334,0.993050835887553,1,0.949866666666667,0,0,0.94953476676275,0.238061571383617,0.974883576146769,0.00463681189955774,0.00277203878071491,1
74,1.57488901226452,0.0652717776621897,0.207888339856292,1,0.980477626943911,0.0347004649254142,0.329283520970987,0.996579089545253,1,0.9502,0.0495333333333333,0.992429380295908,1,0.950466666666667,0,0,0.9502,0.230932489212644,0.975527026229249,0.00452416146327579,0.00248622782630185,0.999999999999999
75,1.5780854724957,0.0651545883177285,0.204411024313152,1,0.9788,0.0325217444506485,0.334998980296544,0.996899996896566,1,0.948533333333334,0.0511333333333333,0.99226458101715,1,0.948866666666667,0,0,0.948733333333334,0.228845693160284,0.974199227213216,0.00474097214500421,0.00330335618567022,1
76,1.58035415335615,0.0656560247461818,0.20820714289621,0.999999999999999,0.979465848091687,0.0344555434241728,0.340129556382111,0.996595454825811,0.999999999999999,0.948466666666666,0.0513333333333333,0.991105655569611,0.999999999999999,0.948666666666666,0,0,0.948466666666666,0.233439550625428,0.9744,0.00480385245008788,0.0034366208962045,0.999999999999999
77,1.58251486342093,0.0647755616748917,0.208811422658218,1,0.980619473665132,0.0330796557471007,0.339649802972606,0.996641347583261,1,0.949733333333333,0.0498666666666666,0.990902458396763,1,0.950133333333333,0,0,0.9498,0.233071409772995,0.975868883214823,0.00568555701817943,0.00327719882434153,1
78,1.58632612605912,0.0645915191860921,0.207349365809248,1,0.978688395771937,0.032438757907095,0.340915402415622,0.99631353934635,1,0.950333333333334,0.0495333333333333,0.99152621907078,1,0.950466666666667,0,0,0.950076930288557,0.232527073600313,0.974146333760686,0.00479075351583336,0.00286049537105615,1
79,1.58938814498422,0.0688403517775572,0.210657179155755,0.999999999999998,0.980413837500764,0.0367763033050228,0.339399433549064,0.996765084798177,0.999999999999998,0.949722552614339,0.05,0.99222374035788,0.999999999999998,0.949999999999999,0,0,0.949733333333332,0.234283515959763,0.975135720176377,0.00444117109773825,0.00259700823780552,0.999999999999998
80,1.59231923557121,0.0680717265614846,0.206647920924007,1,0.976465743284664,0.0363470708571282,0.333864585043179,0.996885776897324,1,0.949151625391751,0.0507333333333333,0.990925327168702,1,0.9492,0,0,0.949133333333333,0.231891456992566,0.972507648083096,0.00491277865182368,0.00314268640663084,1
81,1.59513778750197,0.0674577141598318,0.203896172370604,0.999999999999999,0.976824007565677,0.0346534254071289,0.337127509024166,0.996805027930204,0.999999999999999,0.949466666666666,0.0505333333333333,0.991594036431903,0.999999999999999,0.949466666666666,0,0,0.9492,0.228408144268972,0.972123994188866,0.00470941727525578,0.00280875502404464,1
82,1.59815878972878,0.0649812675933397,0.200332334264213,0.999999999999999,0.975466394818288,0.0314260510258691,0.338723414906028,0.996717613907255,0.999999999999999,0.948133333333333,0.0518666666666666,0.991921501947472,0.999999999999999,0.948133333333333,0,0,0.948,0.226361355700761,0.971043173882252,0.00476516283032696,0.00245386042165936,0.999999999999999
83,1.60185261798891,0.0666307798086835,0.200883710969293,0.999999999999999,0.978150691503868,0.0306,0.343436750746355,0.996704753826399,0.999999999999999,0.948533333333333,0.0514666666666666,0.991631938132623,0.999999999999999,0.948533333333333,0,0,0.948333333333333,0.226752726964091,0.973770845010443,0.00497566903434342,0.00346061999752451,1
84,1.60424316045827,0.0673319495166071,0.199545098581154,0.999999999999999,0.978453489862687,0.031877922116908,0.340610349346149,0.99664877893991,0.999999999999999,0.9478,0.0522423443342484,0.993666495173206,0.999999999999999,0.947765260002294,0,0,0.947666666666667,0.225685961345348,0.97393354961921,0.00469044016342572,0.00200162781389198,1
85,1.60853974916319,0.0688686952190039,0.201488526049922,0.999999999999999,0.977822412306284,0.0329097438937237,0.346843885721852,0.996770437966226,0.999999999999999,0.946091100970179,0.0538666666666666,0.993208525142072,0.999999999999999,0.946066666666666,0,0,0.946066666666666,0.22868063522862,0.974024285631004,0.00505712185970504,0.00308502153820651,0.999999999999999
86,1.61171195091966,0.0686537200835661,0.202755543568238,1,0.977896961924911,0.0328617166961803,0.357750970264674,0.996768959033545,1,0.944066666666667,0.0559333333333333,0.993752884941311,1,0.944066666666667,0,0,0.944066666666667,0.228591511730005,0.973758922770121,0.00458701058988329,0.00285237947985914,1
87,1.61450767661012,0.0673699156994146,0.199031450371986,0.999999999999999,0.978954185800158,0.031575466887845,0.358838058035434,0.996573574602214,0.999999999999999,0.947666666666667,0.0523333333333333,0.993874904831901,0.999999999999999,0.947666666666667,0,0,0.947666666666667,0.222127490759021,0.97422954413768,0.00527797845016999,0.00248274772970295,0.999999999999999
88,1.61902059806621,0.0683670136683765,0.199105444457386,1,0.981066666666667,0.0321558664374462,0.357212802727739,0.996560587384527,1,0.951,0.049,0.993237677335479,1,0.950962144179348,0,0,0.951,0.220103846674149,0.976044489556721,0.00482941866065092,0.00241004437474608,1
89,1.62285664710425,0.0703323527548253,0.196631318776646,0.999999999999999,0.981398455300109,0.0330270529519961,0.357783218734726,0.996633249479575,0.999999999999999,0.950266666666666,0.0497333333333333,0.992012396405744,0.999999999999999,0.9502,0,0,0.9502,0.219195737679413,0.976085251289047,0.00527149512518185,0.00339210934706326,0.999999999999999
90,1.62590662080675,0.0728327513256058,0.195988241815823,0.999999999999999,0.981356026597522,0.033695569051101,0.356642789691515,0.996767957469191,0.999999999999999,0.949466666666666,0.0504666666666667,0.994066666666666,0.999999999999999,0.949466666666666,0,0,0.949466666666666,0.218155509717298,0.976706944592982,0.0052894845587582,0.00313206165187666,1
91,1.6293059952202,0.0722868428337972,0.193664940509615,0.999999999999999,0.981467424398918,0.0333776266430433,0.35526634288195,0.996769385511431,0.999999999999999,0.949733333333333,0.0501333333333333,0.994012083835212,0.999999999999999,0.949733333333333,0,0,0.949733333333333,0.215427261443967,0.977778700431174,0.00470719479134846,0.00248784517417525,1
92,1.63292199485695,0.0708405315377178,0.192395579142642,1,0.981379903846255,0.0341790269171151,0.346763860732496,0.996727342390005,1,0.949266666666667,0.0506666666666666,0.994441878243249,1,0.949266666666667,0,0,0.949266666666667,0.213783981043441,0.977346870778133,0.00520091829709173,0.00282830707070476,1
93,1.63679628391376,0.0681858617658601,0.185823087586745,1,0.981677040677724,0.0342052130882234,0.352838637911224,0.996664146441604,1,0.952466666666666,0.0474666666666667,0.994874807999729,1,0.952466666666666,0,0,0.952466666666666,0.205877286620815,0.977866666666666,0.00549040031089396,0.00275459658815636,1
94,1.64127423728066,0.068464617910888,0.184943932413437,1,0.982840217063428,0.0342723773879344,0.359663363814896,0.996681636998625,1,0.957,0.043,0.996059113391571,1,0.957,0,0,0.957,0.202760281716008,0.979355836580594,0.00446652955890736,0.00227496044209828,0.999999999999999
95,1.64487120321129,0.0662320503058488,0.181367255075343,1,0.98519864029546,0.0334821776417782,0.366014456121557,0.99680534091689,1,0.9594,0.0406,0.996940519261347,1,0.9594,0,0,0.9594,0.196694211015745,0.981689863110284,0.00489242461540421,0.00289649085512409,0.999999999999998
96,1.64813889500898,0.070258528449212,0.186417847848402,1,0.983807384451628,0.0363674520412254,0.371225546314578,0.996772904166441,1,0.958866666666667,0.0411333333333333,0.996411139851894,1,0.958866666666667,0,0,0.958866666666667,0.202653685185712,0.98055399793102,0.0045244399358638,0.00240475153997024,1
97,1.65163243589955,0.069682940298381,0.190801031306123,1,0.984709786369264,0.0350665478620303,0.371258892983001,0.996663086917982,1,0.958333333333334,0.0416666666666666,0.997255646460246,1,0.958333333333334,0,0,0.958333333333334,0.206555247254229,0.982009931051858,0.0039467353465026,0.00246155251652255,1
98,1.65408541203479,0.0674574722261061,0.188418965511823,1,0.985013715176072,0.0351151027707599,0.376058838255024,0.996580894367699,1,0.956266666666667,0.0437333333333333,0.996768942041021,1,0.956266666666667,0,0,0.956266666666667,0.205733280379921,0.98193609251156,0.00580604568909689,0.00279164985177699,1
99,1.65896436002831,0.065913122749345,0.190180189270942,0.999999999999999,0.985521097081736,0.0335847311596126,0.37779896858409,0.996763355431116,0.999999999999999,0.953533333333333,0.0464666666666667,0.996591381440837,0.999999999999999,0.953533333333333,0,0,0.953533333333333,0.208099540758467,0.982286828816852,0.00464863688046265,0.00217331048553386,0.999999999999999
100,1.66307083829693,0.0665443468981021,0.193852281319724,0.999999999999999,0.985988543376676,0.0345274358404185,0.382973578816844,0.996681461602671,0.999999999999999,0.952199999999999,0.0478,0.996930752186572,0.999999999999999,0.952199999999999,0,0,0.952199999999999,0.212791417927165,0.9822,0.00427128244887789,0.00253428569452744,1
101,1.66584871555609,0.064165572787746,0.193646196596153,0.999999999999999,0.985419318475059,0.0322546122867652,0.384812199754658,0.996648269531891,0.999999999999999,0.951733333333333,0.0482666666666667,0.996549530097744,0.999999999999999,0.951733333333333,0,0,0.951733333333333,0.213111354580457,0.981402610870265,0.00489302333710977,0.00261902379143748,0.999999999999999
102,1.66963498044663,0.0635863693460699,0.19313306276343,1,0.985285219059485,0.0311619371771676,0.385271820568208,0.996580689891899,1,0.9506,0.0494,0.996531742837075,1,0.9506,0,0,0.9506,0.212796176911304,0.981004491664156,0.00545388208523487,0.00146240093775141,0.999999999999999
103,1.67629929699426,0.0603974995075447,0.190979082579278,0.999999999999999,0.98522375657917,0.0290165523605377,0.390560226724301,0.99676007440533,0.999999999999999,0.951,0.049,0.996812992255978,0.999999999999999,0.951,0,0,0.951,0.210061043066227,0.979578079830197,0.00557848784699117,0.00377466749437505,1
104,1.67932303978325,0.0623049650753411,0.191938755022466,0.999999999999999,0.98634733379579,0.0301433011012135,0.391250644419245,0.996569342189212,0.999999999999999,0.949866666666667,0.0501333333333333,0.996646633908185,0.999999999999999,0.949866666666667,0,0,0.949866666666667,0.212481830946753,0.980412112018766,0.00427011014201736,0.00340492815659279,0.999999999999999
105,1.68077595982498,0.0622311303165038,0.191657854099987,1,0.985933333333334,0.0308292454143822,0.385735282188936,0.996741736334825,1,0.946733333333334,0.0532666666666666,0.995884671537994,1,0.946733333333334,0,0,0.946733333333334,0.213539591589888,0.981051732037166,0.00459022996462779,0.0035212407216399,0.999999999999999
106,1.6825726912459,0.0644142296866957,0.193537307910882,0.999999999999999,0.986458261922474,0.0322423104924665,0.37693448698542,0.99682631161052,0.999999999999999,0.947666666666666,0.0523333333333333,0.994882593125776,0.999999999999999,0.947666666666666,0,0,0.947666666666666,0.215017047082796,0.981301063032589,0.00484407175496643,0.00308705565666921,0.999999999999999
107,1.68552899855098,0.0611369802890869,0.192632443963439,1,0.987681175320223,0.0316708564402243,0.382267463582546,0.996619633357555,1,0.951466666666667,0.0485333333333333,0.994410893899675,1,0.951466666666667,0,0,0.951466666666667,0.212596144546412,0.983662335013321,0.0046958386230183,0.00233257507950554,1
108,1.68951234778478,0.0575599471256145,0.190901930980688,1,0.988463892682707,0.0292795185744226,0.389470883218079,0.996717125153786,1,0.952,0.048,0.994934185776162,1,0.952,0,0,0.952,0.210199812663041,0.98392641662897,0.00499221427597852,0.00325504641414725,0.999999999999999
109,1.69244731433752,0.0587344396054724,0.194067219255299,1,0.990466666666666,0.0279356058781021,0.383801361858706,0.996683641844348,1,0.950733333333334,0.0492666666666667,0.994437113663218,1,0.950733333333334,0,0,0.950733333333334,0.213107121426368,0.985667194324111,0.00440919070532636,0.00317661184056093,0.999999999999999
110,1.69433111097481,0.0627267168461716,0.194355278976536,1,0.989533333333333,0.0304711270299412,0.386475448073186,0.996731209341043,1,0.9516,0.0484,0.994255130072981,1,0.9516,0,0,0.9516,0.212344919719539,0.985012362340705,0.0053519323005468,0.00362279557307469,1
111,1.69726084112729,0.0624669188219509,0.192212441647253,1,0.9882,0.0312319583094315,0.388645209439974,0.996791483534022,1,0.9488,0.0512,0.9932,1,0.9488,0,0,0.9488,0.212534255976473,0.983474730519119,0.0050420760608371,0.00333456359057118,1
112,1.70015893517881,0.0579607404562123,0.18548974815215,0.999999999999999,0.988280824046385,0.0288028214077075,0.394250861800867,0.99676847925067,0.999999999999999,0.9468,0.0532,0.993151138800897,0.999999999999999,0.9468,0,0,0.9468,0.206717000850762,0.983860357559921,0.0041633892629203,0.00240553132062485,1
113,1.70314757306618,0.0564671940887145,0.18018328002761,1,0.989333333333333,0.0290801255359581,0.393326095756676,0.996733418223515,1,0.948333333333333,0.0516666666666666,0.993295306377633,1,0.948333333333333,0,0,0.948333333333333,0.20246253540329,0.985429488227253,0.00473641017554027,0.00320477287202483,1
114,1.70575617742248,0.0557801506613203,0.176395813004896,0.999999999999999,0.987628905114365,0.0284990097116526,0.390796268738126,0.996621191240051,0.999999999999999,0.946733333333333,0.0532666666666667,0.992029412472748,0.999999999999999,0.946733333333333,0,0,0.946733333333333,0.199263620192641,0.983680102137537,0.00452548863151218,0.00228088950252162,1
115,1.70958491625259,0.0545097354753434,0.176006011635276,1,0.988,0.0274666666666667,0.38780729796095,0.996810832898942,1,0.946066666666667,0.0539333333333333,0.992618377772198,1,0.946066666666667,0,0,0.946066666666667,0.198897140490411,0.983945202320497,0.00410859847965048,0.00272824904753072,0.999999999999999
116,1.7119447408209,0.0548,0.175797711184144,1,0.988733333333333,0.027,0.393830021015253,0.99650331926973,1,0.948066666666667,0.0519333333333333,0.993512504336081,1,0.948066666666667,0,0,0.948066666666667,0.19810577065733,0.984712109080614,0.00405359542292093,0.00275586195579196,0.999999999999999
117,1.71416638880494,0.0544161570733698,0.173789939079303,0.999999999999999,0.988466666666666,0.0260603794705608,0.398797753304224,0.9966565027632,0.999999999999999,0.946,0.054,0.991704255885388,0.999999999999999,0.946,0,0,0.946,0.198528839645386,0.984878249087641,0.00436163538602922,0.00285700592870311,1
118,1.71663129628904,0.0525809306775164,0.172842156610227,0.999999999999999,0.988933333333333,0.0274635733487278,0.397579373869343,0.996759393291547,0.999999999999999,0.948333333333333,0.0516666666666667,0.992411784835828,0.999999999999999,0.948333333333333,0,0,0.948333333333333,0.196052905230685,0.985147762437189,0.00476977615145447,0.00247620730111407,0.999999999999999
119,1.72043465392097,0.0518197971317733,0.169870296526205,0.999999999999999,0.988466666666666,0.0264,0.400915887131336,0.996745029552107,0.999999999999999,0.948933333333333,0.0510666666666666,0.993836406560651,0.999999999999999,0.948933333333333,0,0,0.948933333333333,0.193529823785344,0.984880181788468,0.00495940543973369,0.00288378585550447,1
120,1.72400562178203,0.0505108604842858,0.171014764508138,1,0.989465473705667,0.0248081081957458,0.402112440208111,0.996629263110342,1,0.950333333333333,0.0496666666666667,0.995006390235853,1,0.950333333333333,0,0,0.950333333333333,0.193798582740816,0.986223036286039,0.00548179004384793,0.00300199566068935,1
121,1.72828080123946,0.0465287759112681,0.165859807041279,0.999999999999999,0.989199999999999,0.0233364745139318,0.401441110540558,0.996738982774732,0.999999999999999,0.948533333333333,0.0514666666666666,0.99483645654828,0.999999999999999,0.948533333333333,0,0,0.948533333333333,0.190573726838676,0.985464320751635,0.00419412351610228,0.00320237258169797,1
122,1.72991877637428,0.0449338266272257,0.161312865310267,1,0.98826991515931,0.0212,0.397193417523292,0.996545910492723,1,0.9476,0.0524,0.994761152439884,1,0.9476,0,0,0.9476,0.185861320056874,0.985249171608376,0.00476534345228592,0.00320652720988704,1
123,1.73261540186092,0.0443683254224033,0.158809587622181,1,0.988533333333333,0.0201390464798645,0.397348003353055,0.99639276695949,1,0.943733333333333,0.0562666666666666,0.994325235740354,1,0.943733333333333,0,0,0.943733333333333,0.185506655387449,0.986005218763738,0.00505801466710951,0.00282184807556611,1
124,1.73648981853856,0.04,0.15260617517835,1,0.988623449744941,0.0188422178475531,0.396591103170846,0.996534799814464,1,0.9436,0.0564,0.994805681976298,1,0.9436,0,0,0.9436,0.179395111854544,0.986551260326642,0.00502058393868491,0.00275664623304867,1
125,1.7404211233142,0.0403193483470013,0.153048711478428,1,0.989550410342616,0.0191125469827001,0.401579093676382,0.996678374117628,1,0.9452,0.0548,0.99493700125455,1,0.9452,0,0,0.9452,0.179078130404387,0.987533333333333,0.00406884383514019,0.00319532780764116,0.999999999999999
126,1.74194140906001,0.0386900715790356,0.15076352746783,1,0.990314514693858,0.0179604302081181,0.405022421202081,0.996687439732982,1,0.9482,0.0518,0.99465882350766,1,0.9482,0,0,0.9482,0.175328374383829,0.987709228889686,0.0053050952129718,0.00257320878114505,1
127,1.7466869389978,0.0406039387049289,0.147947230585696,1,0.989666666666667,0.0190666666666667,0.407911205904799,0.99665904293295,1,0.9506,0.0494,0.995383052336158,1,0.9506,0,0,0.9506,0.172455676379674,0.987605636124215,0.00383513244320671,0.00284262480571309,0.999999999999999
128,1.74842053912507,0.0405004353910293,0.144891929737601,0.999999999999999,0.989320105259802,0.019387843016328,0.41012733445443,0.99661523033218,0.999999999999999,0.952666666666666,0.0473333333333333,0.9966,0.999999999999999,0.952666666666666,0,0,0.952666666666666,0.168177941788909,0.9868,0.00520632932057858,0.00254128030953711,0.999999999999999
129,1.75308016555374,0.0418783695614262,0.146975230530562,1,0.990765179276488,0.0194,0.413099006128337,0.996554209540826,1,0.9506,0.0494,0.995510583073633,1,0.9506,0,0,0.9506,0.170845543530005,0.988133333333333,0.00481496498766765,0.00287760934930326,1
130,1.75645579705833,0.0404877219037083,0.149181584689658,1,0.990447876991667,0.0187408221344332,0.411349167398295,0.99682807310067,1,0.947733333333333,0.0522666666666667,0.99492212401411,1,0.947733333333333,0,0,0.947733333333333,0.173190105099619,0.987404200495091,0.00525141857625988,0.00324048430865371,1
131,1.75998791421017,0.0423413163688342,0.145836898424506,1,0.990590760767262,0.0197548472745438,0.411440070429593,0.996609898030419,1,0.947266666666666,0.0527333333333333,0.994575087237756,1,0.947266666666666,0,0,0.947266666666666,0.170950778467072,0.986829300284501,0.00422053201163913,0.00321853587712167,1
132,1.761751415297,0.0425637377088801,0.147052849406905,1,0.989723062136904,0.0197437270430477,0.419265327669106,0.996700348681039,1,0.947266666666666,0.0527333333333333,0.995289935753826,1,0.947266666666666,0,0,0.947266666666666,0.172642448605043,0.985884969537978,0.00486296530728991,0.00217640884635675,1
133,1.76648445994432,0.0441333333333333,0.14868175845154,1,0.988882996148285,0.0210759098995018,0.41760177563127,0.996698248015907,1,0.949933333333333,0.0500666666666666,0.995332903384445,1,0.949933333333333,0,0,0.949933333333333,0.173011188145598,0.98528051825089,0.00455221348129895,0.00239916351602586,1
134,1.77028778924946,0.0427625546737116,0.145386307045107,0.999999999999999,0.989866666666665,0.02,0.417144219733062,0.996751315576509,0.999999999999999,0.949066666666666,0.0509333333333333,0.994132106596774,0.999999999999999,0.949066666666666,0,0,0.949066666666666,0.169771929770686,0.986425492950941,0.00414220231239144,0.00212189056212108,1
135,1.77385521857949,0.0433031708591758,0.143606428957148,1,0.9908,0.018956346937144,0.411765089254177,0.996643635440833,1,0.952866666666667,0.0471333333333333,0.994639253210303,1,0.952866666666667,0,0,0.952866666666667,0.166529371422699,0.9885547162601,0.00465373097815733,0.00331331216945305,1
136,1.77623292747839,0.0437471484548696,0.142166514779876,0.999999999999999,0.990601898715774,0.0183333333333333,0.412614675304588,0.996712729995918,0.999999999999999,0.9502,0.0498,0.994446414949151,0.999999999999999,0.9502,0,0,0.9502,0.165680784110394,0.988561856034055,0.00477868128257282,0.00228147092684207,1
137,1.78066855473908,0.0421726434642103,0.139173255353865,1,0.991458857083474,0.0188666666666667,0.415535759825972,0.996639963445314,1,0.954333333333334,0.0456666666666667,0.995817033062813,1,0.954333333333334,0,0,0.954333333333334,0.160491640666939,0.989746426813395,0.00459196830158873,0.00306981304222832,1
138,1.78337900874485,0.0437846694604499,0.138859891691766,1,0.992043360945407,0.0183333333333333,0.419344649205391,0.996775471813297,1,0.955066666666666,0.0449333333333333,0.996486512921889,1,0.955066666666666,0,0,0.955066666666666,0.161478011737153,0.9898,0.00462384661998888,0.00214205717869908,0.999999999999999
139,1.78780497993857,0.0440582116687361,0.138525009684677,0.999999999999998,0.992399999999999,0.0185379445210443,0.417809579998744,0.996646574408443,0.999999999999998,0.956266666666666,0.0437333333333333,0.996427231795737,0.999999999999998,0.956266666666666,0,0,0.956266666666666,0.162838217052672,0.990239731362052,0.0044767976026318,0.0026084366600126,1
140,1.79114524493611,0.0457003544466108,0.139414938446396,1,0.992471117702343,0.0182666666666667,0.418261008928613,0.996772040570798,1,0.9526,0.0474,0.995364603290343,1,0.9526,0,0,0.9526,0.166460394877078,0.990631186816887,0.00483714571194567,0.00226187486032421,1
141,1.79573489400018,0.0470666666666667,0.140310828797837,0.999999999999999,0.992156926059467,0.0172144146640795,0.427061893503361,0.996728539550019,0.999999999999999,0.950066666666666,0.0499333333333333,0.995304143682768,0.999999999999999,0.950066666666666,0,0,0.950066666666666,0.167702999093835,0.990140112294333,0.00416804111426701,0.00259394807758291,1
142,1.79856154779256,0.0457936399831968,0.135979165399502,0.999999999999999,0.992933333333333,0.014841282874492,0.426892232287327,0.996718345772197,0.999999999999999,0.949533333333333,0.0504666666666666,0.995167404253289,0.999999999999999,0.949533333333333,0,0,0.949533333333333,0.162928143314106,0.990859333259117,0.00515247861223189,0.00293915767182402,1
143,1.8025423417289,0.047500178712787,0.135894582899533,0.999999999999999,0.993833003565781,0.0154038767654269,0.426238255872627,0.996453541243132,0.999999999999999,0.948733333333333,0.0512666666666667,0.995036260244416,0.999999999999999,0.948733333333333,0,0,0.948733333333333,0.164336479627838,0.990533367736449,0.00446010800095943,0.00228760704590806,1
144,1.80641977535666,0.0487695276080524,0.135509840492567,0.999999999999999,0.993776705400382,0.0162584857260882,0.432192601212064,0.996784967505898,0.999999999999999,0.949666666666667,0.0503333333333333,0.994575696628005,0.999999999999999,0.949666666666667,0,0,0.949666666666667,0.163621699796294,0.990940059194932,0.00531528295790685,0.00313012021306885,0.999999999999999
145,1.8103670965513,0.0496287418496249,0.133788246484779,1,0.994609096464281,0.0169247631624227,0.432711907914162,0.996547480954146,1,0.9494,0.0506,0.994147078465308,1,0.9494,0,0,0.9494,0.162941193815774,0.991877186671306,0.00576778176827909,0.00277826740466957,1
146,1.81577921498985,0.0493658404223606,0.129638784703151,1,0.993947887405132,0.0170136824134225,0.424497571945113,0.996868054674514,1,0.950933333333333,0.0490666666666666,0.994053800899947,1,0.950933333333333,0,0,0.950933333333333,0.158666002681865,0.991154746563689,0.00511326409959637,0.00279778029915604,1
147,1.81998362234733,0.0473898501931088,0.125602961965904,1,0.993315769958138,0.015216068320929,0.428760529055602,0.996824951858951,1,0.950666666666667,0.0493333333333333,0.993865637875539,1,0.950666666666667,0,0,0.950666666666667,0.156014239792737,0.991333333333333,0.00502666639509303,0.00288163634844428,1
148,1.82388754190168,0.0495295404808157,0.126284273045378,1,0.993526258209729,0.0159596469386248,0.428643715895553,0.9966866383745,1,0.951733333333333,0.0482666666666666,0.993647263315269,1,0.951733333333333,0,0,0.951733333333333,0.156407037405161,0.99095903950526,0.00543211254000961,0.00277479631030483,0.999999999999999
149,1.82873114906036,0.0497702402959688,0.12644899301021,1,0.993308720265623,0.018671342132522,0.42788247806471,0.996602306212703,1,0.950133333333333,0.0498666666666667,0.992283700731476,1,0.950133333333333,0,0,0.950133333333333,0.156641587079523,0.990496900791469,0.0054041430407441,0.00240232434785981,1
150,1.83422066840787,0.0470983547246487,0.124983770615536,0.999999999999999,0.993383600824176,0.0175584174394736,0.430508590891942,0.996755005905973,0.999999999999999,0.947399999999999,0.0525999999999999,0.992219190529143,0.999999999999999,0.947399999999999,0,0,0.947399999999999,0.156686137284854,0.989765052492326,0.00448915319970911,0.00304289471440397,1
151,1.83687342561347,0.0442941687582032,0.126121839995687,1,0.992563992557307,0.0162811540036686,0.430675027281266,0.996783791813525,1,0.947266666666667,0.0527333333333333,0.99226463212111,1,0.947266666666667,0,0,0.947266666666667,0.15703929226994,0.989835586571603,0.00519880592121557,0.0030663722939125,1
152,1.84079043627535,0.0456445410498986,0.12577725041736,1,0.993175932104751,0.0171333333333333,0.433334629258329,0.99664455945253,1,0.9488,0.0512,0.992987328354758,1,0.9488,0,0,0.9488,0.155774437901085,0.989931267079189,0.00465390077587025,0.00328650366517315,1
153,1.84320261165363,0.0436879822273838,0.126909179792637,0.999999999999999,0.992921438268089,0.0166495758027213,0.421927316965874,0.996547019562565,0.999999999999999,0.9462,0.0537999999999999,0.991410532873136,0.999999999999999,0.9462,0,0,0.9462,0.157963746612982,0.989799999999999,0.00441742462347787,0.00255648948844275,0.999999999999999
154,1.84663269215465,0.0417342806315988,0.122467552762827,1,0.992539204661974,0.0164780403999816,0.419253720913763,0.996787281191038,1,0.946133333333333,0.0538666666666666,0.990766017101505,1,0.946133333333333,0,0,0.946133333333333,0.155535465083006,0.989649756429235,0.00467482909603631,0.00297667447364184,1
155,1.84976855999669,0.0428666666666667,0.12094530401481,0.999999999999999,0.992266666666666,0.0176452993305551,0.419323806795602,0.996534828529833,0.999999999999999,0.943733333333333,0.0562666666666667,0.989289110405692,0.999999999999999,0.943733333333333,0,0,0.943733333333333,0.156470153033032,0.989265795535321,0.00440368087197554,0.00309460337614846,1
156,1.85219005039107,0.0402811634942187,0.118897464224423,0.999999999999999,0.991738582408165,0.0168101423702413,0.417956138520685,0.996594878943582,0.999999999999999,0.9448,0.0552,0.988706415116589,0.999999999999999,0.9448,0,0,0.9448,0.152732535505517,0.989439921895358,0.00542183874991508,0.00259457618385031,1
157,1.85733082745486,0.0447333333333333,0.123992484393564,1,0.992298490097287,0.0185825218623254,0.424157396847174,0.996697555202392,1,0.943933333333334,0.0560666666666667,0.988056444994027,1,0.943933333333334,0,0,0.943933333333334,0.157370071468923,0.990557104110582,0.00568487089153204,0.00261211771463536,1
158,1.86303794665547,0.0446518067408836,0.122614317104093,1,0.992066666666667,0.0185965879107937,0.429342110149521,0.996635343494515,1,0.944200000000001,0.0558,0.988367982725794,1,0.944200000000001,0,0,0.944200000000001,0.156512086990231,0.990866666666667,0.00458739719817008,0.00269898830976835,1
159,1.86655612407336,0.0437570521762156,0.121209861877786,0.999999999999999,0.992343647756285,0.0181065165360548,0.427550776500463,0.996667374159866,0.999999999999999,0.945266666666666,0.0547333333333333,0.987986210708586,0.999999999999999,0.945266666666666,0,0,0.945266666666666,0.155391326723595,0.991193213158699,0.00453608147738978,0.00233519952986502,1
160,1.87066419375087,0.0439318086619878,0.124939103718885,1,0.991933333333334,0.0185333333333333,0.428276412668229,0.996652826845211,1,0.946000000000001,0.054,0.98797476681756,1,0.946000000000001,0,0,0.946000000000001,0.158213274054692,0.990666666666667,0.0041944445747895,0.00254129185386129,1
161,1.87363197640647,0.0440529913225099,0.121141875755294,0.999999999999999,0.991851944964021,0.0196764520778802,0.424145898247176,0.996736221808759,0.999999999999999,0.946199999999999,0.0538,0.988163091005968,0.999999999999999,0.946199999999999,0,0,0.946199999999999,0.155768958640143,0.990733333333332,0.00415340994943967,0.00254299826528769,1
162,1.87664929523307,0.0449965871255073,0.123214054087509,0.999999999999999,0.992533333333332,0.0211817344717883,0.421472399739487,0.996596703455155,0.999999999999999,0.945,0.055,0.986730130675474,0.999999999999999,0.945,0,0,0.945,0.158616378593233,0.991270834693082,0.00404466343075987,0.0037306333285204,1
163,1.87723861960312,0.0433286144545775,0.121299106919922,0.999999999999999,0.990681108778164,0.0198867732094379,0.427973710794957,0.996809948628503,0.999999999999999,0.944733333333333,0.0552666666666667,0.984568678220388,0.999999999999999,0.944733333333333,0,0,0.944733333333333,0.157374616999437,0.989599999999999,0.00435293491006419,0.00317901519186322,0.999999999999999
164,1.87944234703444,0.0445534619436651,0.120992262759873,0.999999999999999,0.990758714830056,0.0192295335492869,0.41958827643747,0.996773930098185,0.999999999999999,0.945133333333333,0.0548666666666666,0.985448657594331,0.999999999999999,0.945133333333333,0,0,0.945133333333333,0.15929618371412,0.989666666666666,0.00464512980420839,0.00248873495736908,1
165,1.88349516682651,0.0438146233658273,0.117943228564181,1,0.9904,0.0199337450069601,0.420303402479933,0.996479591486347,1,0.943866666666667,0.0561333333333334,0.985231426726895,1,0.943866666666667,0,0,0.943866666666667,0.158612560010445,0.9896,0.00499686270938475,0.00209899606821773,1
166,1.88895328463926,0.0424029533740609,0.114028058180182,0.999999999999999,0.988770956130762,0.0197408792944004,0.41435232752689,0.996807461975775,0.999999999999999,0.942599999999999,0.0574,0.984541337523693,0.999999999999999,0.942599999999999,0,0,0.942599999999999,0.156198670454417,0.987933333333333,0.0048561343944872,0.00335429420522939,1
167,1.89179019059776,0.0427506829816302,0.118559179408767,1,0.987346902140314,0.0210940975845617,0.415310349789355,0.996675437303915,1,0.938666666666666,0.0613333333333333,0.984474293423858,1,0.938666666666666,0,0,0.938666666666666,0.163903353304554,0.986412757154072,0.00515162825740344,0.00264764098936844,1
168,1.89652720914881,0.0440521033345726,0.117994708616663,1,0.987933333333333,0.0224639103039142,0.414123228010789,0.996853986204826,1,0.938266666666667,0.0617333333333333,0.986140660301919,1,0.938266666666667,0,0,0.938266666666667,0.164175206881917,0.986733333333333,0.00377390565153568,0.00275980399217619,1
169,1.89845048053863,0.0463764158964271,0.118063826118389,1,0.989333333333333,0.0241667924041524,0.42048418971903,0.996997935804448,1,0.940866666666667,0.0591333333333333,0.985924995614045,1,0.940866666666667,0,0,0.940866666666667,0.163750143256706,0.987866666666667,0.00470158226506133,0.00253317051833913,1
170,1.9025671028612,0.0489729735682688,0.119803708116926,1,0.990057954654957,0.0252310766972941,0.427377865989966,0.996640632687564,1,0.9396,0.0604,0.986018308263008,1,0.9396,0,0,0.9396,0.165130079109367,0.9888,0.004715635984505,0.00263663502972921,1
171,1.90652254168457,0.0507537023831584,0.120733992840099,0.999999999999999,0.990063795843575,0.0265296757556553,0.419387946740518,0.996514883227961,0.999999999999999,0.9416,0.0584,0.985903987495912,0.999999999999999,0.9416,0,0,0.9416,0.164077503714974,0.988733333333333,0.00552324166357273,0.00283097072703591,0.999999999999999
172,1.9116554169134,0.0509737350789945,0.12021282980277,0.999999999999999,0.992252363295018,0.0263333333333333,0.423776024195389,0.996714864909637,0.999999999999999,0.9426,0.0574,0.986707096530505,0.999999999999999,0.9426,0,0,0.9426,0.162238476890125,0.9912,0.00454392380562724,0.00319168622412185,1
173,1.91411298551658,0.0516727097569093,0.121707494131605,1,0.992933333333333,0.0248666666666667,0.42581327127789,0.996589886988448,1,0.9422,0.0577999999999999,0.987385496982781,1,0.9422,0,0,0.9422,0.1628,0.991666666666666,0.00459185887402023,0.00245278905587337,1
174,1.91820740683242,0.050240652252433,0.123378580653964,1,0.99244579612333,0.0250238269650751,0.421789283369201,0.996637276990275,1,0.939533333333333,0.0604666666666667,0.987982401426261,1,0.939533333333333,0,0,0.939533333333333,0.165445675037281,0.990869384811167,0.00464708141190749,0.00242711421172502,0.999999999999999
175,1.92237159189595,0.0499807139102128,0.122112402309964,0.999999999999999,0.9924,0.0252826485215528,0.420174244731547,0.996727539303666,0.999999999999999,0.941266666666666,0.0587333333333333,0.99000834058153,0.999999999999999,0.941266666666666,0,0,0.941266666666666,0.163545126588167,0.991133333333333,0.00442356395156888,0.00320597826360112,1
176,1.92467150127038,0.0487949942417388,0.118820160560907,1,0.992333333333334,0.0265243362265321,0.426785187380937,0.996531563947773,1,0.941466666666667,0.0585333333333333,0.988770819215408,1,0.941466666666667,0,0,0.941466666666667,0.160185331555986,0.991133333333334,0.00553552419208189,0.00246565361687088,1
177,1.93057999367907,0.0488878286689833,0.120955659366235,1,0.9928,0.0263333333333333,0.42233434447095,0.996655243410155,1,0.939000000000001,0.061,0.989663253538669,1,0.939000000000001,0,0,0.939000000000001,0.163733333333333,0.991533333333333,0.00459545817756885,0.00242976194778447,1
178,1.93476104349268,0.0481676787401658,0.120868754441272,1,0.993921121578433,0.0266140984151899,0.423111122398044,0.996712722298928,1,0.939266666666667,0.0607333333333333,0.990346603100112,1,0.939266666666667,0,0,0.939266666666667,0.162124461815794,0.9926,0.00463611441990578,0.00326679629241206,1
179,1.9373291527462,0.0474630820755089,0.122480075041228,1,0.994082359122874,0.0235934266345697,0.423222409331106,0.996717216974868,1,0.9378,0.0622,0.990526350542393,1,0.9378,0,0,0.9378,0.164813390319065,0.992536290491963,0.00432118791720939,0.00350290740607979,1
180,1.93891443143554,0.0462523661948814,0.124138008564145,0.999999999999999,0.993666666666666,0.023530982052494,0.426043302778607,0.996305594104992,0.999999999999999,0.936666666666666,0.0633333333333333,0.990483449357128,0.999999999999999,0.936666666666666,0,0,0.936666666666666,0.166511249384527,0.992532309965824,0.0047707815039287,0.00246427219278162,0.999999999999999
181,1.94338655562516,0.0465871864144979,0.126620691324575,1,0.994519377737743,0.0236263116321168,0.423634421927425,0.996394777383406,1,0.9344,0.0656,0.989822642014874,1,0.9344,0,0,0.9344,0.171080017914953,0.993368666572891,0.00497192461548534,0.00263591198852735,1
182,1.94792633115816,0.0494596008489458,0.130050948337641,1,0.9948,0.025586165816117,0.429350799234371,0.996537534508651,1,0.9344,0.0656,0.989924854674979,1,0.9344,0,0,0.9344,0.174752096193037,0.993612301026037,0.00472379342206426,0.00280432154272852,1
183,1.95166532097383,0.0478322362800234,0.12784687950029,1,0.995290044569649,0.0240553421576486,0.431216085799753,0.996395870368807,1,0.935533333333334,0.0644666666666667,0.99185828991269,1,0.935533333333334,0,0,0.935533333333334,0.17231982544224,0.994666666666667,0.00552138991654711,0.00327848178018429,0.999999999999999
184,1.9560427270017,0.0453771836097941,0.129350650175955,1,0.994490197265262,0.0232534291977113,0.427899592355479,0.996501791381649,1,0.935866666666667,0.0641333333333333,0.992029892471622,1,0.935866666666667,0,0,0.935866666666667,0.17291286408775,0.993741609243337,0.00426530526230041,0.00325411854414998,1
185,1.95802065142739,0.0445207625477351,0.126628729934712,1,0.995170940001452,0.0222098233437433,0.420768634852443,0.996672500901753,1,0.938533333333333,0.0614666666666666,0.99225178617379,1,0.938533333333333,0,0,0.938533333333333,0.167811158987306,0.994322989369007,0.00467160513306189,0.00290853242157993,1
186,1.96147278420643,0.042935976649574,0.12421164550512,1,0.995,0.0207771513337835,0.421121689706187,0.996688417845122,1,0.937533333333333,0.0624666666666666,0.991995428444612,1,0.937533333333333,0,0,0.937533333333333,0.167079038583051,0.994133333333333,0.00467937965385607,0.00263266854990525,0.999999999999999
187,1.96533382432241,0.0428032792552574,0.123212892272098,1,0.995266666666667,0.0203402256893191,0.416049601367826,0.996806533108392,1,0.934,0.0659999999999999,0.992146979389114,1,0.934,0,0,0.934,0.170058135210649,0.994533333333334,0.00417844336797127,0.00245082191237082,1
188,1.96872917720473,0.0454742855250984,0.122308106982557,1,0.994800000000001,0.0232361953540886,0.407826086815777,0.99672829779744,1,0.932333333333334,0.0676666666666667,0.990184244405506,1,0.932333333333334,0,0,0.932333333333334,0.170488590519559,0.994133333333334,0.00486287393560304,0.00264195959067995,1
189,1.97310155607566,0.0450454951116601,0.124747038555971,1,0.995547388352212,0.0239758775498329,0.411481087494318,0.996722539617878,1,0.932466666666667,0.0675333333333334,0.989516662511898,1,0.932466666666667,0,0,0.932466666666667,0.171269361994302,0.9952,0.00404575613314319,0.00251591128657852,1
190,1.97612009532297,0.045682471687756,0.127201421838202,0.999999999999999,0.995630456394484,0.0235461613159198,0.405662723756721,0.996510746928787,0.999999999999999,0.9346,0.0654000000000001,0.98941187377068,0.999999999999999,0.9346,0,0,0.9346,0.172413578973813,0.995333333333333,0.00434878721026008,0.00269304028181543,1
191,1.97917930179216,0.0481214394124184,0.128591788560462,1,0.996933333333333,0.0245456503505631,0.410308979147487,0.99684207542916,1,0.9358,0.0642,0.989398792398712,1,0.9358,0,0,0.9358,0.173184523650432,0.996799999999999,0.00369880999460495,0.00269104783458181,1
192,1.98104189851362,0.0483333333333333,0.125942041620473,1,0.996886767998647,0.0242961321033822,0.412824101432436,0.996737239965612,1,0.934466666666667,0.0655333333333333,0.987963847871775,1,0.934466666666667,0,0,0.934466666666667,0.171234677198637,0.996733333333333,0.00416506065739573,0.00330221624798241,1
193,1.98275122944057,0.044678050761829,0.123098425071525,1,0.997426438470468,0.0211737933839674,0.412292094185008,0.996550723240745,1,0.936866666666667,0.0631333333333333,0.989156111081611,1,0.936866666666667,0,0,0.936866666666667,0.166695608785182,0.9972,0.00457222153680127,0.00319908852993794,1
194,1.98547381059811,0.0435909216172069,0.124793872304892,1,0.9972,0.022,0.412098650843948,0.996630782241529,1,0.934666666666667,0.0653333333333334,0.989558389544325,1,0.934666666666667,0,0,0.934666666666667,0.169236673044881,0.997066666666667,0.00429753431484439,0.00264162519761888,1
195,1.98866494966439,0.0418289178341208,0.123505516308735,0.999999999999999,0.996799999999999,0.0213882588001692,0.409046229143967,0.996747612086552,0.999999999999999,0.937666666666666,0.0623333333333333,0.990329633290824,0.999999999999999,0.937666666666666,0,0,0.937666666666666,0.16636191328725,0.996666666666666,0.00460088687576034,0.00315963500916014,1
196,1.99153111673514,0.0423046062889971,0.119853557871943,1,0.996666666666666,0.0207016857423376,0.400698300027102,0.99661162376522,1,0.9404,0.0596,0.990923057948416,1,0.9404,0,0,0.9404,0.16117611414906,0.996533333333333,0.00436167673196125,0.00262202726099159,1
197,1.99499568278879,0.0431756724662187,0.121406481968179,1,0.9976,0.0188199941175428,0.396769465245084,0.996820760913004,1,0.9392,0.0608,0.989777097496993,1,0.9392,0,0,0.9392,0.1652,0.9974,0.00441900200739143,0.00214216314834612,1
198,1.99953796648299,0.0435356538217473,0.119049993876339,1,0.997666666666667,0.0191361629275822,0.396827926002569,0.996526233426211,1,0.941666666666666,0.0583333333333333,0.989740152441721,1,0.941666666666666,0,0,0.941666666666666,0.163168765168545,0.9972,0.00425930821403591,0.00274598497398499,1
199,2.00256391375703,0.0445157262740278,0.116194540630476,1,0.997933333333333,0.019675941329092,0.408689193342044,0.996689383268973,1,0.9408,0.0592,0.989280454798484,1,0.9408,0,0,0.9408,0.16178731631352,0.997517900063188,0.00497979664104327,0.00247245956013193,1
200,2.00758501651489,0.0424150494375616,0.114940461189342,0.999999999999999,0.998466666666666,0.0173311246701783,0.409269242261397,0.996852024078403,0.999999999999999,0.939999999999999,0.06,0.989678699421045,0.999999999999999,0.939999999999999,0,0,0.939999999999999,0.160814642951521,0.997999999999999,0.00488136474256692,0.00302773484887986,1
201,2.01130633611562,0.0419779127690198,0.112466666666667,1,0.998133333333333,0.0164649160038402,0.409130227247469,0.996726176389322,1,0.9436,0.0564,0.990331489861488,1,0.9436,0,0,0.9436,0.156157398739714,0.9978,0.0052830434068889,0.00328562979207349,1
202,2.01532374677494,0.0380084530712935,0.108759304874361,1,0.9984,0.0157486711781329,0.410973849050381,0.996781201086009,1,0.9444,0.0556,0.989466517108114,1,0.9444,0,0,0.9444,0.150988812298865,0.998,0.00486785990289907,0.00286008316084427,1
203,2.01923571200497,0.0365849579292742,0.107402142325551,1,0.998733333333333,0.0138,0.409239614486696,0.996651112244859,1,0.944666666666667,0.0553333333333333,0.988821448441719,1,0.944666666666667,0,0,0.944666666666667,0.149092986921823,0.998133333333333,0.0036917878392584,0.00255739778888464,0.999999999999999
204,2.0213916971919,0.0337534571250891,0.104542944261619,1,0.998933333333333,0.0136,0.40952830814694,0.996485051461624,1,0.943733333333333,0.0562666666666667,0.988429803935907,1,0.943733333333333,0,0,0.943733333333333,0.147149250735452,0.99830998212531,0.0052228989540048,0.00265365245367122,1
205,2.02658515073571,0.0322138140081373,0.101302735100659,1,0.999533333333333,0.0132666666666667,0.40490934111943,0.996758971304331,1,0.9458,0.0542,0.990278555254833,1,0.9458,0,0,0.9458,0.143152183254146,0.999143049992167,0.00526878811243966,0.00268192136025951,0.999999999999999
206,2.03177191339089,0.0322,0.100434084909353,0.999999999999999,0.999666666666666,0.013,0.405664845513609,0.996633652813302,0.999999999999999,0.943866666666667,0.0561333333333333,0.988808458082532,0.999999999999999,0.943866666666667,0,0,0.943866666666667,0.142925657153827,0.999266666666666,0.00413313576126227,0.00250611461490594,1
207,2.03507764925854,0.0318,0.0998580594123794,1,0.999466666666667,0.0127333333333333,0.406618656518437,0.996755522988444,1,0.945333333333333,0.0546666666666667,0.988904773420422,1,0.945333333333333,0,0,0.945333333333333,0.141460055844808,0.999066666666666,0.00608015637395317,0.00322595510664111,1
208,2.04088617046414,0.0324404734883232,0.101453969589835,1,0.9996,0.0139581968668827,0.412419939911135,0.996566467663637,1,0.9404,0.0596,0.987591699028617,1,0.9404,0,0,0.9404,0.145508965954948,0.999133333333333,0.00423285439790592,0.00273015722706201,1
209,2.04395300433851,0.0343464052182362,0.0998233066016918,0.999999999999999,0.999466666666666,0.0153843796090467,0.415960279671246,0.996586482916387,0.999999999999999,0.938466666666667,0.0615333333333333,0.987585683340417,0.999999999999999,0.938466666666667,0,0,0.938466666666667,0.146744656978623,0.999133333333333,0.0042138149674856,0.00258153723361625,1
210,2.04728930331657,0.032463680575316,0.0950269561286131,1,0.999533333333333,0.0145333333333333,0.426209224724695,0.996526022251405,1,0.937066666666667,0.0629333333333333,0.987710066970013,1,0.937066666666667,0,0,0.937066666666667,0.143321276197859,0.999066666666667,0.00464831391105676,0.00285558676081495,1
211,2.05095953443502,0.0300771879973712,0.0948937005356285,1,0.999590947947399,0.0134666666666667,0.426185656912968,0.996600910345436,1,0.937266666666666,0.0627333333333333,0.988741542499967,1,0.937266666666666,0,0,0.937266666666666,0.142968058419752,0.99912677406396,0.00530736360609593,0.00284495757152115,1
212,2.05600982956928,0.0300231011605574,0.0966585845000617,0.999999999999999,0.999333333333333,0.0138080254831484,0.430431213765292,0.996896790250842,0.999999999999999,0.932333333333333,0.0676666666666666,0.988949788632895,0.999999999999999,0.932333333333333,0,0,0.932333333333333,0.148620900138816,0.998933333333333,0.00453095452447421,0.00289849614660086,1
213,2.05936618004055,0.0306142485027912,0.0979911847279835,0.999999999999999,0.999133333333333,0.0137843720136721,0.423585781483756,0.996768419286268,0.999999999999999,0.930666666666666,0.0693333333333334,0.988771930542402,0.999999999999999,0.930666666666666,0,0,0.930666666666666,0.149648209365799,0.998627828123898,0.00364564734873152,0.00250114872500301,1
214,2.06172312179936,0.0289368915684582,0.0963658917243094,1,0.9994,0.0131859493088424,0.421964900948021,0.996838611245841,1,0.9306,0.0694000000000001,0.98949078908243,1,0.9306,0,0,0.9306,0.147421625533613,0.9988,0.00467364022778241,0.0023616998512199,1
215,2.06647725616059,0.0261333333333333,0.0947022928293299,0.999999999999999,0.999199999999999,0.0116,0.423974624912271,0.99683393005257,0.999999999999999,0.930133333333333,0.0698666666666667,0.989183485751722,0.999999999999999,0.930133333333333,0,0,0.930133333333333,0.1454,0.998533333333333,0.00426557660322271,0.00265988348060313,1
216,2.06965761932845,0.0235333333333333,0.0923372003099244,1,0.999200000000001,0.0109514764063618,0.427706181580881,0.996634373740685,1,0.925933333333334,0.0740666666666667,0.988764637496653,1,0.925933333333334,0,0,0.925933333333334,0.146591301653107,0.998309582284388,0.00582734070296983,0.00256625195528264,1
217,2.07640695650241,0.0234666666666667,0.0903729254856534,1,0.999266666666667,0.0118666666666667,0.427397346328388,0.996822944615316,1,0.926466666666667,0.0735333333333333,0.987770002076187,1,0.926466666666667,0,0,0.926466666666667,0.145258874974897,0.998719078722701,0.00585692127190133,0.00335800950612415,1
218,2.08159571427655,0.0229481390617238,0.0900673635357949,1,0.9992,0.0114801484172632,0.425392569293445,0.996704856265098,1,0.923866666666667,0.0761333333333334,0.986602753603072,1,0.923866666666667,0,0,0.923866666666667,0.14709846296629,0.998666666666667,0.00440500261698105,0.00268408247449188,1
219,2.08517797426977,0.0212484616534231,0.0915683076609076,1,0.9992,0.0109329094823972,0.425950559570758,0.996764765155988,1,0.922466666666666,0.0775333333333333,0.986143683210059,1,0.922466666666666,0,0,0.922466666666666,0.149239492357638,0.998721769142044,0.00572472751049604,0.00277253189006366,1
220,2.09133382755323,0.0185222238792277,0.0852966755579717,1,0.999066666666667,0.00944337842680888,0.43109959309897,0.996737016591983,1,0.923133333333334,0.0768666666666667,0.986822652998154,1,0.923133333333334,0,0,0.923133333333334,0.143230336645608,0.998933333333334,0.00459052379870058,0.00308113656501178,1
221,2.09435103787875,0.0175333333333333,0.0834999984718622,1,0.999333333333333,0.00908541229824991,0.430810272527052,0.996778867353378,1,0.929333333333333,0.0706666666666667,0.988996932754139,1,0.929333333333333,0,0,0.929333333333333,0.137102344520902,0.9992,0.00432824158195498,0.00372078188114029,1
222,2.09550301781736,0.0179513248114525,0.0829211525132907,0.999999999999999,0.999466666666666,0.0082,0.423985795819851,0.996839288855945,0.999999999999999,0.930533333333333,0.0694666666666667,0.98975637013083,0.999999999999999,0.930533333333333,0,0,0.930533333333333,0.135933333333333,0.999333333333332,0.00539736280412419,0.00249241427861573,1
223,2.10159034621916,0.0184291284217395,0.0809855924005877,0.999999999999999,0.999399999999999,0.00832443793728092,0.420256636934562,0.996936373538431,0.999999999999999,0.930133333333333,0.0698666666666666,0.990847935172446,0.999999999999999,0.930133333333333,0,0,0.930133333333333,0.135170482627244,0.999333333333333,0.00479188384577655,0.00275179039713963,1
224,2.1058777869162,0.0186666666666667,0.0857797488688347,1,0.999333333333333,0.00924487439417332,0.422275037240678,0.996492171926087,1,0.928866666666667,0.0711333333333334,0.990165807113513,1,0.928866666666667,0,0,0.928866666666667,0.141168922873754,0.999266666666666,0.0049112032542973,0.00372125865884804,1
225,2.10828944426495,0.0167333333333333,0.0834085802556537,1,0.999066666666667,0.00798283047477149,0.417764411529899,0.996773188274665,1,0.9296,0.0704000000000001,0.990174691037285,1,0.9296,0,0,0.9296,0.138740655622381,0.999,0.00445123925948275,0.00328433805494963,0.999999999999999
226,2.11069332268481,0.0155971590466559,0.0850537440151941,1,0.999266666666667,0.00693333333333333,0.418233834013937,0.996594448487914,1,0.928333333333333,0.0716666666666667,0.990905795026519,1,0.928333333333333,0,0,0.928333333333333,0.141461809107848,0.999266666666667,0.00443586396021694,0.00296454417235787,1
227,2.11368114877395,0.0136666666666667,0.0829059685564771,1,0.999466666666667,0.00593333333333333,0.411139076610509,0.996621984763856,1,0.928733333333333,0.0712666666666668,0.990404234215982,1,0.928733333333333,0,0,0.928733333333333,0.139328046265931,0.999466666666667,0.00472736464957581,0.00266073819700782,1
228,2.1180493381483,0.0136666666666667,0.0803623435058654,1,0.999133333333333,0.0064,0.410704542509989,0.996647236286544,1,0.9296,0.0704000000000001,0.989280308712797,1,0.9296,0,0,0.9296,0.138013407720505,0.999133333333333,0.00490991303792695,0.00300749633234907,1
229,2.12207875059243,0.0131787014747729,0.0795954844727288,1,0.998733333333333,0.00586666666666666,0.408727139623246,0.996761198553187,1,0.924933333333333,0.0750666666666667,0.987599251159304,1,0.924933333333333,0,0,0.924933333333333,0.141270132807405,0.998733333333333,0.00489032454730928,0.00313451293889518,1
230,2.12580472109669,0.0142496473339113,0.0836505172287509,0.999999999999999,0.998999999999999,0.00677936677657166,0.40024798649714,0.996694645329129,0.999999999999999,0.9256,0.0744000000000001,0.986774672281269,0.999999999999999,0.9256,0,0,0.9256,0.1444,0.998999999999999,0.0040049261513922,0.0020895822039781,1
231,2.12973464798788,0.0131820833657184,0.0842398373697961,0.999999999999999,0.999066666666665,0.00561357948457649,0.403931629403633,0.996646034543854,0.999999999999999,0.925466666666666,0.0745333333333334,0.986706989828308,0.999999999999999,0.925466666666666,0,0,0.925466666666666,0.144915695564039,0.999066666666665,0.00591719475878392,0.00312703994216735,1
232,2.13567693737408,0.0126063152944669,0.0824959230756426,0.999999999999999,0.998799999999999,0.00573333333333333,0.408697481818261,0.996736397621128,0.999999999999999,0.925266666666666,0.0747333333333334,0.987830227831847,0.999999999999999,0.925266666666666,0,0,0.925266666666666,0.142502454060297,0.998799999999999,0.00493171066583474,0.00240352110152711,1
233,2.14107633351988,0.0139333333333333,0.0819323282030017,1,0.999066666666666,0.00646666666666667,0.403532865971295,0.996902618357527,1,0.928666666666667,0.0713333333333333,0.986381591053879,1,0.928666666666667,0,0,0.928666666666667,0.139304408834491,0.999066666666666,0.00483830424326659,0.0024392838306378,1
234,2.14610822816046,0.0118298853819517,0.0815163709019919,1,0.99901151435921,0.00606666666666667,0.402570325580689,0.996813629229527,1,0.927866666666667,0.0721333333333334,0.987703241329835,1,0.927866666666667,0,0,0.927866666666667,0.139734914050764,0.998999999999999,0.00549319341691242,0.00312569507704224,1
235,2.15104267035428,0.0115333333333333,0.0840783475497206,1,0.998933333333333,0.0062,0.396409928488272,0.996793957408448,1,0.930133333333333,0.0698666666666668,0.987810644052451,1,0.930133333333333,0,0,0.930133333333333,0.140905898247843,0.998933333333333,0.00458735880466242,0.00258299131253797,0.999999999999999
236,2.15526898742368,0.0105389127901343,0.0845164446874572,0.999999999999999,0.998866666666666,0.00600852205439716,0.396047289191879,0.996705148851426,0.999999999999999,0.929533333333333,0.0704666666666666,0.988475494619717,0.999999999999999,0.929533333333333,0,0,0.929533333333333,0.140979421091968,0.998838453839752,0.00529160833069388,0.00291525043554606,1
237,2.16029162737938,0.010250480719166,0.0858248446011289,1,0.998733333333333,0.00553333333333333,0.399200314851818,0.996734361988759,1,0.9322,0.0678,0.98883581477091,1,0.9322,0,0,0.9322,0.139550407831977,0.998733333333333,0.00483624248765484,0.0030745052998776,0.999999999999999
238,2.16409749347578,0.0102426455026507,0.0863155709324424,1,0.999,0.00626666666666667,0.398371111059987,0.996654765863161,1,0.934133333333334,0.0658666666666667,0.990092253278313,1,0.934133333333334,0,0,0.934133333333334,0.138307979547808,0.999,0.00499002335151399,0.00211151505005074,1
239,2.17032686607592,0.0107333333333333,0.0844050898423581,1,0.999200979914883,0.00706666666666667,0.400557564652543,0.996580551291032,1,0.932866666666667,0.0671333333333334,0.990655137989123,1,0.932866666666667,0,0,0.932866666666667,0.137290985938859,0.999200000000001,0.00484879982859274,0.0037225253136867,1
240,2.17267351682145,0.0112,0.0844615277196483,1,0.999266666666666,0.00726666666666667,0.399841980838434,0.996463081963866,1,0.9332,0.0668000000000001,0.992253354581691,1,0.9332,0,0,0.9332,0.136689005199366,0.999266666666666,0.00461894731308513,0.00230959814049745,0.999999999999999
241,2.17769097860983,0.0128,0.0846633078227642,1,0.999197702783597,0.00786666666666667,0.395959096978732,0.996896476410349,1,0.933533333333334,0.0664666666666667,0.993344872374066,1,0.933533333333334,0,0,0.933533333333334,0.13763630089087,0.999133333333334,0.00527086238592157,0.00309475397917001,1
242,2.18242987025569,0.0117333333333333,0.0859861831256498,0.999999999999999,0.999266666666666,0.00721650282690085,0.395245548526105,0.996625411892248,0.999999999999999,0.9346,0.0654,0.993826878145008,0.999999999999999,0.9346,0,0,0.9346,0.138875189782312,0.999266666666666,0.0048586270629814,0.0031495053239056,1
243,2.18603822290804,0.0107667458439009,0.082811611967556,1,0.999066666666667,0.007,0.395658572833253,0.996685595518906,1,0.9358,0.0642,0.993325693928706,1,0.9358,0,0,0.9358,0.136005808770251,0.999066666666667,0.00517723110980269,0.00286923397268024,1
244,2.19108359286815,0.0102800473346087,0.0830860379870138,1,0.999333333333334,0.007,0.392629140372743,0.99661267955178,1,0.935933333333334,0.0640666666666667,0.994028821916753,1,0.935933333333334,0,0,0.935933333333334,0.136550291435519,0.999333333333334,0.00430037820291427,0.00304695566940253,1
245,2.19382994641626,0.0115836118581057,0.0826856225081439,1,0.999666666666666,0.00813333333333333,0.393301793788279,0.996648343166893,1,0.936666666666667,0.0633333333333333,0.994382900568483,1,0.936666666666667,0,0,0.936666666666667,0.1345867418655,0.999666666666666,0.00471567384698907,0.00279306797222267,1
246,2.19804781675948,0.0118666666666667,0.0870747911104538,1,0.999600000000001,0.0085558963020956,0.390815880584496,0.996559526839936,1,0.9382,0.0618,0.993900211601545,1,0.9382,0,0,0.9382,0.138238188252579,0.999600000000001,0.00449365240769782,0.00299262576501761,1
247,2.2012028467518,0.0122666666666667,0.0871759311977438,0.999999999999999,0.999666666666666,0.00846666666666666,0.389953747350992,0.996782289771848,0.999999999999999,0.937533333333333,0.0624666666666667,0.992481823493416,0.999999999999999,0.937533333333333,0,0,0.937533333333333,0.139757805633672,0.999666666666666,0.00368148373981519,0.00223352656150796,1
248,2.20439009421467,0.0120193122536803,0.0890660946852631,1,0.999733333333334,0.00786666666666667,0.387994598608361,0.996684994732291,1,0.9376,0.0624,0.991371259667078,1,0.9376,0,0,0.9376,0.140002772247802,0.999733333333334,0.0044234148713178,0.00289526802706474,1
249,2.20775872598064,0.0114660533863182,0.0883015069935924,1,0.9996,0.00713333333333333,0.391741156599451,0.996602869101489,1,0.9398,0.0602,0.991818463474084,1,0.9398,0,0,0.9398,0.138345699243187,0.9996,0.00413172903448232,0.00312385534221632,1
250,2.20998386791943,0.0122,0.086380716064958,1,0.999533333333333,0.008,0.399817938581137,0.996828318749768,1,0.941266666666667,0.0587333333333333,0.993029216498315,1,0.941266666666667,0,0,0.941266666666667,0.134714925810442,0.999533333333333,0.00460797006959866,0.00249085668008131,1
251,2.21455401655073,0.0132666666666667,0.0858125215262959,1,0.999533333333334,0.00893333333333333,0.391259654989913,0.996328672013779,1,0.941266666666667,0.0587333333333333,0.991439144153751,1,0.941266666666667,0,0,0.941266666666667,0.135017940262321,0.999533333333334,0.00407723948165864,0.00296801810152182,1
252,2.21701044721336,0.0120666666666667,0.0812091420669884,1,0.9994,0.00826666666666667,0.391832301575851,0.996533083814816,1,0.939133333333333,0.0608666666666667,0.991673798398456,1,0.939133333333333,0,0,0.939133333333333,0.133498607195838,0.9994,0.00472378612031033,0.00320727343891169,1
253,2.22037257167135,0.0126,0.0790496383492389,1,0.999333333333333,0.00824132269954389,0.395632818895722,0.996744115437107,1,0.938133333333333,0.0618666666666667,0.990727453840107,1,0.938133333333333,0,0,0.938133333333333,0.131586046864036,0.999333333333333,0.00479869476437624,0.00356146481093256,1
254,2.22297165828672,0.0135205510770759,0.0815908879453155,0.999999999999999,0.999266666666666,0.00926098688104293,0.395511215586827,0.996584622108664,0.999999999999999,0.940133333333333,0.0598666666666667,0.991604484768939,0.999999999999999,0.940133333333333,0,0,0.940133333333333,0.132263058621841,0.999266666666666,0.0047631549826075,0.00319926450222487,1
255,2.22644814250127,0.0160998063237011,0.0853875466867582,1,0.999533333333333,0.0112353079009708,0.40394594237409,0.996571565605493,1,0.9374,0.0626,0.992614590686871,1,0.9374,0,0,0.9374,0.138823252070485,0.999533333333333,0.00405491275174003,0.00272966376681295,1
256,2.22939874064211,0.0166307066774278,0.087199501965247,1,0.9994,0.0108,0.416973476073197,0.996863205570342,1,0.938066666666666,0.0619333333333333,0.992583291124136,1,0.938066666666666,0,0,0.938066666666666,0.138780176931834,0.9994,0.004258715860951,0.00304427035106801,1
257,2.23196811167985,0.0171331815573517,0.0874379792633266,1,0.999528355942256,0.0115333333333333,0.41498586756212,0.996575065123216,1,0.9384,0.0616,0.992579222607322,1,0.9384,0,0,0.9384,0.139073004569434,0.999466666666666,0.00509103717414413,0.00307867241861678,1
258,2.23631084776914,0.0163333333333333,0.0877071487096679,1,0.999666666666667,0.0108666666666667,0.412339790831285,0.996744464244412,1,0.938466666666667,0.0615333333333333,0.993096503012758,1,0.938466666666667,0,0,0.938466666666667,0.139561532930428,0.999666666666667,0.00465040069643654,0.00278998339675778,1
259,2.24047131915779,0.0184727848393619,0.090829389620843,1,0.999666666666667,0.0128,0.410762390882938,0.99658832086902,1,0.938866666666667,0.0611333333333334,0.991930527997983,1,0.938866666666667,0,0,0.938866666666667,0.14180005100013,0.999666666666667,0.00509429041566734,0.00278140609568965,1
260,2.24565327014123,0.017226664046882,0.0919109540009059,1,0.9996,0.0124666666666667,0.417106446433966,0.996682843458776,1,0.938266666666667,0.0617333333333333,0.990792528099678,1,0.938266666666667,0,0,0.938266666666667,0.144421663964757,0.9996,0.00445422008991624,0.00305643065136054,1
261,2.24873263547229,0.0173083815900332,0.0892441174083217,1,0.999666666666667,0.0114666666666667,0.417517642264537,0.996522048292025,1,0.938333333333334,0.0616666666666666,0.990716422690576,1,0.938333333333334,0,0,0.938333333333334,0.142787382091798,0.999666666666667,0.00552863692000245,0.00258055245285731,1
262,2.25536208922569,0.0165333333333333,0.0905333333333334,1,0.999466666666667,0.0109333333333333,0.421367250990048,0.996582025224105,1,0.936666666666666,0.0633333333333333,0.989748692786727,1,0.936666666666666,0,0,0.936666666666666,0.144953089848632,0.999466666666667,0.0047661913922427,0.00383382357716129,1
263,2.25746491624903,0.0148718538952535,0.0867032134479903,0.999999999999999,0.999666666666666,0.0101333333333333,0.416972941386747,0.996529562419723,0.999999999999999,0.936533333333333,0.0634666666666667,0.989996082880032,0.999999999999999,0.936533333333333,0,0,0.936533333333333,0.141430509746449,0.999666666666666,0.00432867113111143,0.00319439771457725,1
264,2.26002549869229,0.0143333333333333,0.0875282127436669,0.999999999999999,0.999733333333332,0.0104666666666667,0.42260970349602,0.996698242911776,0.999999999999999,0.935533333333333,0.0644666666666667,0.99074772000677,0.999999999999999,0.935533333333333,0,0,0.935533333333333,0.142138128780993,0.999733333333332,0.00491582249757222,0.0023765247246485,1
265,2.26576437640787,0.0133333333333333,0.0890666666666667,1,0.999666666666666,0.00953333333333333,0.419226869609075,0.99647698030153,1,0.935733333333333,0.0642666666666668,0.989473525045997,1,0.935733333333333,0,0,0.935733333333333,0.144674320330829,0.999666666666666,0.00555315329678433,0.00219246420090089,1
266,2.27337890604151,0.0126,0.089378048833603,1,0.9998,0.0092,0.419439585303565,0.996622912115336,1,0.935866666666667,0.0641333333333333,0.989649787788624,1,0.935866666666667,0,0,0.935866666666667,0.145562331483761,0.9998,0.0053238351448331,0.00286066640121134,1
267,2.27897862190528,0.0123206514098254,0.0864573870716693,1,1,0.00866666666666667,0.417665114459432,0.996652654592661,1,0.9356,0.0644,0.990209306670398,1,0.9356,0,0,0.9356,0.14297925845734,1,0.00550184871615916,0.003297049309137,1
268,2.28400331261947,0.0124302458416104,0.0835207125910958,1,1,0.00833333333333333,0.425651500809848,0.996641812711096,1,0.936666666666666,0.0633333333333334,0.989946242280617,1,0.936666666666666,0,0,0.936666666666666,0.138632386727267,1,0.00500797676282719,0.00284039307387019,1
269,2.28895408094543,0.0120566181530437,0.0789595128348103,0.999999999999999,0.999999999999999,0.0084,0.424896926271544,0.996324695565071,0.999999999999999,0.938333333333333,0.0616666666666667,0.990189407898482,0.999999999999999,0.938333333333333,0,0,0.938333333333333,0.132629542375634,0.999999999999999,0.00501173769148371,0.00289020216309719,1
270,2.293810178351,0.0101333333333333,0.075371862956917,1,1,0.00733333333333333,0.423907178818905,0.996641724982774,1,0.940133333333333,0.0598666666666667,0.990953069055007,1,0.940133333333333,0,0,0.940133333333333,0.127863508122011,1,0.00379691346823758,0.00193862937099418,1
271,2.29807272932752,0.0106,0.0700079122238288,0.999999999999999,0.999999999999999,0.00746666666666667,0.423566947006193,0.996577085333213,0.999999999999999,0.939533333333333,0.0604666666666667,0.990712286529198,0.999999999999999,0.939533333333333,0,0,0.939533333333333,0.122907467589465,0.999999999999999,0.00551275186170549,0.00238360730359792,1
272,2.30526373110263,0.00973333333333333,0.0715185055940363,1,1,0.00646666666666667,0.428187228927745,0.996584311061419,1,0.936066666666667,0.0639333333333333,0.9901540405116,1,0.936066666666667,0,0,0.936066666666667,0.127245994649837,1,0.0042260848461905,0.00263777739210821,1
273,2.30883110038003,0.0102720660420915,0.0733367199826449,1,1,0.00733333333333333,0.428121167424526,0.99658777848081,1,0.936933333333333,0.0630666666666667,0.989695602160666,1,0.936933333333333,0,0,0.936933333333333,0.128359064715278,1,0.00507275030897246,0.00255905689126517,0.999999999999999
274,2.31451741826818,0.00991659329641521,0.0754670247272562,1,1,0.007,0.432664588957745,0.996756051798764,1,0.935,0.065,0.9891272672274,1,0.935,0,0,0.935,0.132598399819496,1,0.00435286211934201,0.00221759924013914,1
275,2.31945952139468,0.01,0.072587533473167,1,1,0.00673333333333333,0.436968526935101,0.996635246501535,1,0.933866666666667,0.0661333333333333,0.988477191634035,1,0.933866666666667,0,0,0.933866666666667,0.130566029153342,1,0.00455023034595039,0.00227209472122619,1
276,2.32468656515325,0.00903278300660607,0.0720392629769833,1,1,0.00644087488999741,0.447780738427303,0.996743260560454,1,0.9364,0.0636,0.98839988519216,1,0.9364,0,0,0.9364,0.128675608814331,1,0.00468271930459191,0.0023003802640191,1
277,2.33022475671451,0.00853333333333333,0.0714805603236026,1,1,0.00606666666666667,0.448209508463763,0.996633813097153,1,0.937333333333333,0.0626666666666667,0.988695055393458,1,0.937333333333333,0,0,0.937333333333333,0.127837713260922,1,0.00517698524087182,0.00314514638696534,1
278,2.33494110917333,0.00926666666666667,0.071647693306482,0.999999999999999,0.999999999999999,0.0068,0.458972128348658,0.996579565460207,0.999999999999999,0.940266666666667,0.0597333333333333,0.991175561025816,0.999999999999999,0.940266666666667,0,0,0.940266666666667,0.126385509802576,0.999999999999999,0.00468436286407287,0.00272393469178253,1
279,2.33951859350439,0.00880340641958718,0.0685731475843604,0.999999999999999,0.999999999999999,0.00623279466259188,0.463482301540551,0.996731154267733,0.999999999999999,0.94,0.06,0.99108245670265,0.999999999999999,0.94,0,0,0.94,0.123406113805924,0.999999999999999,0.00443558540091832,0.00283926913053163,0.999999999999999
280,2.3432462048824,0.0088,0.0690758144501608,1,1,0.00613333333333333,0.45783702746206,0.996577968418738,1,0.9406,0.0594,0.990977783069817,1,0.9406,0,0,0.9406,0.123359638170977,1,0.00414277864174275,0.00275423893016611,0.999999999999999
281,2.34649989529188,0.00873333333333333,0.0704666666666667,0.999999999999999,0.999999999999999,0.00593333333333333,0.455387801798943,0.996787932331896,0.999999999999999,0.941666666666666,0.0583333333333333,0.991331307707915,0.999999999999999,0.941666666666666,0,0,0.941666666666666,0.123190512105621,0.999999999999999,0.00480684102750991,0.00248227859487189,1
282,2.35195448079667,0.00984233107909975,0.0682550521800011,0.999999999999999,0.999999999999999,0.00706666666666667,0.450537786807349,0.996935236927755,0.999999999999999,0.941199999999999,0.0588,0.991253417895859,0.999999999999999,0.941199999999999,0,0,0.941199999999999,0.121766438138107,0.999999999999999,0.00446743535004035,0.00294243106027856,1
283,2.35546011862998,0.00909049725796883,0.0688647498735622,1,1,0.00686666666666667,0.449039582003599,0.996915306557866,1,0.940733333333333,0.0592666666666666,0.991943213300806,1,0.940733333333333,0,0,0.940733333333333,0.122325666179105,1,0.00468531616600747,0.00206032617506661,1
284,2.36164317786544,0.0084,0.0725396868227709,1,1,0.00604296692165811,0.449471904506997,0.996667966891853,1,0.937266666666667,0.0627333333333333,0.991299639854585,1,0.937266666666667,0,0,0.937266666666667,0.128557881899118,1,0.00441630944523643,0.00297626569424331,1
285,2.3650440473658,0.00975137309159001,0.0749007494667415,1,1,0.00700933053578317,0.452963698248034,0.996651944162858,1,0.938533333333333,0.0614666666666667,0.990235427577327,1,0.938533333333333,0,0,0.938533333333333,0.128440819138984,1,0.00547510659628089,0.00344594465724322,1
286,2.36974951614485,0.0100666666666667,0.0761034780978601,1,1,0.0072,0.458897309096327,0.996828351855715,1,0.936666666666667,0.0633333333333333,0.992015180473973,1,0.936666666666667,0,0,0.936666666666667,0.132067060131263,1,0.00542345270630565,0.0026883547818841,0.999999999999999
287,2.37623101312785,0.00925172369073807,0.0740668608812724,0.999999999999999,0.999999999999999,0.00596831777498798,0.461671811375904,0.996523409567238,0.999999999999999,0.938066666666666,0.0619333333333334,0.991816278861496,0.999999999999999,0.938066666666666,0,0,0.938066666666666,0.127925370198383,0.999999999999999,0.00558417181277227,0.00374782345745902,1
288,2.38050117612735,0.01,0.0777345162164624,1,1,0.0062,0.464046032032306,0.996679863716591,1,0.937933333333333,0.0620666666666666,0.991604735749907,1,0.937933333333333,0,0,0.937933333333333,0.13161410833907,1,0.00357362138030774,0.00288463067678677,1
289,2.38214131930742,0.00929981525218303,0.0742175243997804,0.999999999999999,0.999999999999999,0.00566399285412308,0.468827157425575,0.996875548427259,0.999999999999999,0.941066666666666,0.0589333333333333,0.992478422072029,0.999999999999999,0.941066666666666,0,0,0.941066666666666,0.125881927428671,0.999999999999999,0.00408091005901578,0.00298324699044898,1
290,2.38467902182556,0.00953095951879603,0.0715148044673948,1,1,0.0054,0.467315521235544,0.99672047311323,1,0.940666666666667,0.0593333333333333,0.99229618724825,1,0.940666666666667,0,0,0.940666666666667,0.123897171142409,1,0.00362970392068347,0.00405278010682474,0.999999999999999
291,2.38367012091984,0.0094,0.0738235052180283,1,1,0.0058,0.467887545672085,0.996590016148202,1,0.939333333333333,0.0606666666666667,0.991620878082632,1,0.939333333333333,0,0,0.939333333333333,0.127897586986867,1,0.00452725083039966,0.00286866259058451,1
292,2.38762364814999,0.010451861373107,0.075580907124236,1,1,0.00613333333333333,0.469368391633322,0.996699497640082,1,0.940933333333333,0.0590666666666667,0.992940010473509,1,0.940933333333333,0,0,0.940933333333333,0.12627179568998,1,0.00418250514846717,0.00271336747014266,0.999999999999999
293,2.39113139601315,0.0104666666666667,0.0787365255438289,1,1,0.00573333333333333,0.470997971607265,0.996759554675868,1,0.940133333333333,0.0598666666666667,0.993436239300817,1,0.940133333333333,0,0,0.940133333333333,0.130165487547437,1,0.00458099029549056,0.00237797812295943,1
294,2.39639908758468,0.0105333333333333,0.0800717157397809,1,1,0.00562697994558711,0.472667930313067,0.996810627423604,1,0.940133333333333,0.0598666666666667,0.993020471597536,1,0.940133333333333,0,0,0.940133333333333,0.131460178241943,1,0.00436563234183293,0.00331262155900628,1
295,2.39892252166386,0.00850031961765537,0.0790082120805484,1,1,0.00507116040758378,0.47529024428545,0.996878666645014,1,0.940266666666667,0.0597333333333333,0.992957788833994,1,0.940266666666667,0,0,0.940266666666667,0.130260771281196,1,0.00541980842532143,0.00303793536011009,1
296,2.40463645060374,0.00866666666666666,0.0802065062874453,1,1,0.0054,0.477012809124388,0.996843539090185,1,0.937266666666666,0.0627333333333333,0.993111790629245,1,0.937266666666666,0,0,0.937266666666666,0.134553523311841,1,0.00465697800133594,0.00278933012816724,1
297,2.40912746475646,0.0078,0.0797644145970808,0.999999999999999,0.999999999999999,0.0052,0.484078652743508,0.996827608536595,0.999999999999999,0.937266666666666,0.0627333333333333,0.993412501602428,0.999999999999999,0.937266666666666,0,0,0.937266666666666,0.133717458274421,0.999999999999999,0.00493678770223935,0.00296416063269984,1
298,2.4138797748074,0.0084,0.0798602245173307,1,1,0.00558489101263792,0.47815637602395,0.996730445553368,1,0.935133333333333,0.0648666666666667,0.992540444608827,1,0.935133333333333,0,0,0.935133333333333,0.13680224571703,1,0.00519542202650583,0.00310238567765068,1
299,2.41893211291784,0.0074,0.0767339260962806,1,1,0.00493333333333333,0.47426499410613,0.996599013288986,1,0.936,0.064,0.991896551889021,1,0.936,0,0,0.936,0.132510065535373,1,0.00427747058305391,0.00221488702361386,1
300,2.4236346359103,0.00806666666666666,0.077536857510108,1,1,0.0058,0.469125897648101,0.996775672525175,1,0.938600000000001,0.0614,0.991610881204687,1,0.938600000000001,0,0,0.938600000000001,0.130045911487157,1,0.00506566074741877,0.00291433913058064,1
