"X","PopRatio","KC","LC","aKC","Prol_KC","Diff_KC","preDiff_KC","pDC","iDC","M1","M2","Neutrophil","Th0","Th1","Th2","Th17","Th22","Treg","Fibroblast","Division","Death","ILC3"
0,1.2904752884973,0.120136608929803,0.270563196633664,0.999999999999998,0.923298170840578,0.0594463655532722,0.23871254368992,0.996740038001434,0.999999999999998,0.957569730687971,0.0361333333333333,0.997002773180279,0.999999999999998,0.95815856667949,0,0.959565297008129,0.955739500551431,0.300625924047362,0.904666666666666,0.0103845049307268,0.00525214873089509,0.999999999999998
1,1.29684037228724,0.120652932590068,0.268652497822078,1,0.921835801645202,0.0606428125056712,0.240149522404754,0.996523563803102,1,0.95598471406005,0.0374,0.996333333333333,1,0.956830982807802,0,0.958767861182786,0.955798966073124,0.299906286337227,0.904536374406851,0.00361906796491433,0.00275537117463863,0.999999999999999
2,1.29796044915429,0.115276703561933,0.265105645620691,1,0.922103022785417,0.0588966148572517,0.243846348814549,0.997019872844213,1,0.95486498057567,0.0397333333333333,0.995775338098603,1,0.954574017193848,0,0.956453397491608,0.953804150109923,0.296372547330966,0.90283966635879,0.00402604581398941,0.00191315633147175,0.999999999999999
3,1.30070289613603,0.11479727301047,0.262836883943198,1,0.926614417510293,0.0578764758116273,0.24430150972455,0.996673315929936,1,0.954562673583677,0.0396666666666666,0.995388118043371,1,0.955009220309423,0,0.957041874127337,0.955133333333333,0.293509113752942,0.907004976547292,0.0039817384870093,0.00308598318707531,0.999999999999999
4,1.30178129412247,0.108533011163527,0.258422456276185,1,0.928649138501774,0.0558233756646647,0.247009001203517,0.996924601716618,1,0.9548,0.0406,0.994726551978036,1,0.954866666666667,0,0.956432150084135,0.9556392321058,0.290825495506133,0.911286971587968,0.00388922313148991,0.00265577748213489,0.999999999999999
5,1.30338697059612,0.10947083066326,0.257446306148544,1,0.934365624555647,0.0568395176311296,0.255936687984881,0.996682716569631,1,0.953180727254436,0.0428666666666667,0.994826549902149,1,0.952198299519949,0,0.95485720637969,0.953447437729964,0.290976769467586,0.918676199418595,0.00429860558725123,0.00253737620973,0.999999999999998
6,1.30568253401901,0.104411859595479,0.256533261408023,0.999999999999999,0.935347991259546,0.0558968757527477,0.25107189432626,0.99684902612608,0.999999999999999,0.954399999999999,0.0418,0.995135063455502,0.999999999999999,0.954252596479076,0,0.956203621220703,0.955149883988084,0.288346142120105,0.918958429435792,0.00554112783171969,0.00263598723213703,0.999999999999999
7,1.30947138431931,0.10785812097636,0.261333262772347,1,0.93482736394941,0.0566935909732543,0.248867801596426,0.996643231028493,1,0.954431309518872,0.0428,0.995845302870092,1,0.954318240042009,0,0.9558,0.9548,0.292659015665826,0.919915586132984,0.00425355741496667,0.00207802823780155,0.999999999999998
8,1.31227491309267,0.106741734588964,0.259997282117223,0.999999999999999,0.936358137102401,0.0562533039262653,0.246875253658492,0.996542628510817,0.999999999999999,0.954799999999999,0.0424,0.996414147294238,0.999999999999999,0.954999999999999,0,0.9564,0.955898921822036,0.293627376251677,0.921624622906903,0.00491469059863138,0.00266263509012995,1
9,1.31523022903937,0.107753955525366,0.259555581624908,0.999999999999999,0.937279329373967,0.0552954428547289,0.251901205596494,0.99686091438341,0.999999999999999,0.955380449633544,0.0422666666666667,0.996359997390001,0.999999999999999,0.954733333333332,0,0.956950156610175,0.955999999999999,0.29305849801997,0.923353118341666,0.00437160751885676,0.0021614474598768,0.999999999999998
10,1.31813709835995,0.105486832538399,0.255291540392189,0.999999999999999,0.937638736379499,0.0542405386394959,0.255338087906525,0.996685482971234,0.999999999999999,0.954606355671712,0.0426666666666667,0.995888587646147,0.999999999999999,0.954779965022106,0,0.956599999999998,0.955856312292915,0.289716712521226,0.923278226107234,0.00483013999394838,0.00288736314183267,1
11,1.32069794460256,0.10346789081689,0.255981888021904,1,0.942377996009136,0.052831246192767,0.254880684884725,0.996740565926677,1,0.954133333333333,0.0434666666666666,0.996303606891271,1,0.9538,0,0.956266666666666,0.955,0.292054494560456,0.929020308742646,0.00423694002857942,0.0026249035350247,0.999999999999999
12,1.32282695788622,0.10421780802664,0.256035414054795,0.999999999999999,0.943362863317721,0.0520518642394429,0.253199205426206,0.996525633434104,0.999999999999999,0.953871264872169,0.0435333333333333,0.996560482273232,0.999999999999999,0.953679209364024,0,0.955933333333333,0.95492297561826,0.291409541299049,0.930387708401088,0.00323457273588041,0.00280557025336972,0.999999999999999
13,1.32339445393508,0.102782069027545,0.25395174192208,1,0.944336725182111,0.0525386506999823,0.257719953475296,0.996755679783637,1,0.954840890830065,0.0435333333333333,0.996447766283006,1,0.952933333333334,0,0.956,0.9554,0.287679721604929,0.931428690327062,0.00451894984338691,0.00216812428225888,0.999999999999999
14,1.32650552344485,0.10077854664453,0.254323851129343,1,0.943045785214572,0.0533252988940202,0.260830867268556,0.996694905771384,1,0.952066666666666,0.0458666666666667,0.995259246184214,1,0.950655239070573,0,0.953533333333333,0.953268547002954,0.289787868365822,0.930342053281097,0.00419724387492002,0.00265336674623506,0.999999999999999
15,1.32855348498357,0.0989279791531844,0.250314900165523,0.999999999999999,0.945181717912739,0.0521679332998264,0.264822614192949,0.996591040943663,0.999999999999999,0.952055634437931,0.0460666666666667,0.995538959218524,0.999999999999999,0.95032385919411,0,0.953333333333333,0.952733333333333,0.285765231779471,0.933217269099932,0.00513329305367995,0.00251240533210867,1
16,1.33203547449981,0.0957813548569397,0.244262791848452,1,0.946567358176234,0.0485756925948662,0.265664420285707,0.996418792544091,1,0.956710042924354,0.0416666666666666,0.995814605844898,1,0.954612860381769,0,0.957742746466558,0.956994374285048,0.277585830949955,0.934116700747056,0.00522626765099713,0.00305367238625341,0.999999999999999
17,1.33492944846418,0.0903723119937889,0.243349361215709,1,0.948362904258428,0.0441102120979531,0.26835785510047,0.996607732349373,1,0.9562,0.0421333333333333,0.995733333333334,1,0.9548,0,0.957349684679454,0.956509077477727,0.27732489612422,0.936043513754807,0.00562894652849311,0.00217585462905454,0.999999999999999
18,1.33951743642807,0.0884628464555793,0.240377496136018,0.999999999999999,0.947864404669492,0.0441045735065291,0.274642716422737,0.996415834944503,0.999999999999999,0.9558,0.0422666666666666,0.996003256674055,0.999999999999999,0.954934802650186,0,0.957533333333333,0.956,0.273772598313948,0.935560348798746,0.0044244344747995,0.00220248251345305,0.999999999999999
19,1.3424937798232,0.0900801093051504,0.240662891225071,0.999999999999999,0.951068563453992,0.0470372901010004,0.283755708935907,0.996926791150376,0.999999999999999,0.958066666666666,0.0400666666666666,0.99527188708954,0.999999999999999,0.957085521936027,0,0.9598,0.958266666666666,0.272802375666985,0.938057190553194,0.00435190800659572,0.00256039734431488,0.999999999999999
20,1.3448988717438,0.0907927519248429,0.243643398511459,0.999999999999999,0.952602483252636,0.0460027824062756,0.285006227486606,0.996827326236781,0.999999999999999,0.960866666666666,0.0380666666666667,0.995264259591771,0.999999999999999,0.958933333333333,0,0.961933333333333,0.960133333333333,0.273690036754415,0.940188386928333,0.00508423908316673,0.0022197742733665,0.999999999999999
21,1.3487144284167,0.0930099549215869,0.247751025499397,1,0.954154606955464,0.0492935175854669,0.289318975246566,0.996647153817499,1,0.960941082664644,0.0378666666666667,0.996253793040011,1,0.959933333333333,0,0.962133333333334,0.9596,0.277474472802759,0.943551709428377,0.00420433194321438,0.00295045456299418,1
22,1.35031563663564,0.0977308204876781,0.247324405643842,0.999999999999999,0.955888808477116,0.0508169871766958,0.294083137857157,0.996812267634218,0.999999999999999,0.959999999999999,0.0390666666666666,0.996208500192467,0.999999999999999,0.958563805966278,0,0.960933333333333,0.958393003940358,0.277438567248545,0.945332236892807,0.00402885329792573,0.00225742762505376,0.999999999999999
23,1.35270762042085,0.0966334918709529,0.241466716301616,0.999999999999999,0.95549277883571,0.0522950567159611,0.299078345300153,0.996425646065993,0.999999999999999,0.958599999999999,0.0404666666666667,0.995969290293213,0.999999999999999,0.957121038313006,0,0.959533333333333,0.956629327844505,0.273298505303955,0.945403701769643,0.00412056529600832,0.00278428892240446,0.999999999999999
24,1.35442503114639,0.0988094731454579,0.235132504573539,0.999999999999999,0.958449851115253,0.0552587826685347,0.301708712468816,0.996698242768877,0.999999999999999,0.960199999999999,0.0380666666666667,0.995005279659506,0.999999999999999,0.959361808970565,0,0.961933333333333,0.959199999999999,0.265699283786442,0.948686109419938,0.0047278064290868,0.00235734467653374,0.999999999999999
25,1.35763564387942,0.096099970702817,0.232119375538744,0.999999999999999,0.956589959133209,0.0535796341020619,0.299004113858008,0.996780422016389,0.999999999999999,0.957611307663701,0.0408666666666666,0.994472129307234,0.999999999999999,0.957333333333333,0,0.959133333333333,0.956360625917044,0.264728926099834,0.946408116629849,0.00391453190895994,0.00314793837437368,0.999999999999999
26,1.35867199664752,0.0970828852693979,0.23145185401319,1,0.955805500726224,0.0548773566948303,0.299304320924584,0.996687845320818,1,0.9574,0.0412,0.995142570524127,1,0.956933333333333,0,0.9588,0.956283499708399,0.265538165284485,0.945602347872962,0.00468089659413766,0.00204578260799635,0.999999999999999
27,1.36225225222846,0.0943332276067861,0.22732346860646,1,0.956632917817177,0.0559122186925659,0.30195751118116,0.99665340447159,1,0.957036473010282,0.0415333333333333,0.995230214562799,1,0.956046177941314,0,0.958466666666667,0.956266666666667,0.261690574783134,0.945734090487993,0.00434356208274409,0.0020953435033381,0.999999999999999
28,1.36531489305176,0.0955279615202439,0.226699647942194,0.999999999999999,0.956849620570798,0.0580516086878974,0.304021644082057,0.996883694823153,0.999999999999999,0.957133333333333,0.0415333333333333,0.995033717860392,0.999999999999999,0.955866666666666,0,0.958466666666666,0.957066666666666,0.260800237047054,0.946983471733137,0.0049244274744254,0.00222012250314487,0.999999999999999
29,1.3690071209044,0.0968612051150669,0.2282587221574,0.999999999999999,0.95488241350782,0.0584180203639659,0.30203506487987,0.996684508059491,0.999999999999999,0.955841287372375,0.0428,0.99464986828665,0.999999999999999,0.9552,0,0.9572,0.955933333333333,0.263377305962444,0.944930060468912,0.00463806792282398,0.00313436352043813,0.999999999999999
30,1.371065702939,0.0981278378590413,0.227373697447671,0.999999999999999,0.954698706680974,0.0587254617022178,0.301007248041351,0.99690143149268,0.999999999999999,0.954466666666666,0.0439999999999999,0.994076163818753,0.999999999999999,0.953733333333332,0,0.955999999999999,0.954933333333333,0.263234602140541,0.945747465086521,0.00453204021547192,0.0024942420573295,0.999999999999999
31,1.37385965810314,0.0999368624910385,0.231206206450327,1,0.96166187746963,0.0607067865910256,0.30143380703432,0.996800361793716,1,0.955466666666667,0.0428,0.994190667354558,1,0.955333333333334,0,0.9572,0.956,0.264884853421536,0.953362937782321,0.00434881574305992,0.00315759694171314,0.999999999999999
32,1.37549622555829,0.102306288282947,0.232869629603009,1,0.963433636779907,0.0641808723688782,0.302366394926078,0.996882873644193,1,0.957266045608216,0.041,0.994449716877635,1,0.957363446349457,0,0.959,0.957866666666667,0.266096488540099,0.954985951523057,0.00430961829125642,0.00325538257947442,0.999999999999999
33,1.3769463228007,0.100457547298297,0.231674633231916,0.999999999999999,0.961386837283117,0.0643581115064469,0.305759549485787,0.996410429024542,0.999999999999999,0.9556,0.0423333333333333,0.993819333479393,0.999999999999999,0.955466666666666,0,0.957666666666666,0.956666666666666,0.266183732569942,0.952611351968926,0.00452934490450047,0.00383389586759297,0.999999999999998
34,1.37781212237324,0.102600164677353,0.23223417790682,1,0.96260404262414,0.0660472376093849,0.299002713268796,0.996756973025644,1,0.9552,0.0428666666666667,0.994207601147238,1,0.95520603517319,0,0.957133333333333,0.956666666666666,0.269056947892839,0.95445180568892,0.00455952683271133,0.00270670672995277,0.999999999999999
35,1.38036496037139,0.102121103688633,0.232681695185889,1,0.962787461025973,0.0683709159572488,0.298800913812325,0.996702464127711,1,0.954866666666667,0.0433333333333333,0.993849463323699,1,0.955333333333333,0,0.956666666666667,0.956266666666667,0.269914141723801,0.955645355862387,0.0047999902558034,0.00247752393809137,0.999999999999999
36,1.38348023886349,0.100621316389925,0.227947995184066,0.999999999999999,0.964910061832577,0.0662874468577744,0.295859486621311,0.996960737154134,0.999999999999999,0.9572,0.041,0.993954476665561,0.999999999999999,0.957731706359877,0,0.959,0.9584,0.263237351219823,0.95843463050982,0.00408789773173817,0.00296463982877156,1
37,1.38494201195947,0.0977629047723301,0.226522505548882,0.999999999999999,0.965734950122561,0.0647248767949284,0.298111076812867,0.996750029291676,0.999999999999999,0.953266666666666,0.0451333333333333,0.993786259890726,0.999999999999999,0.953519910723643,0,0.954866666666666,0.954666666666666,0.264961160629259,0.959792168227547,0.00396165363819315,0.00270175888740798,0.999999999999999
38,1.38668689313048,0.0986315017997294,0.226963176134492,1,0.96648836777529,0.0656704779342068,0.298147630960361,0.996467741258074,1,0.953466666666666,0.0445333333333333,0.992554862049478,1,0.953866666666666,0,0.955466666666666,0.955266666666666,0.263441287711633,0.961631647540045,0.00460923655677874,0.00261465432411988,0.999999999999999
39,1.38945275416977,0.0985003291385164,0.226918076978053,0.999999999999999,0.967018349803449,0.0661358536445504,0.294380817300303,0.996921235847709,0.999999999999999,0.951550003996956,0.0465333333333333,0.993090149940582,0.999999999999999,0.951733333333333,0,0.953466666666666,0.953333333333333,0.264593286781218,0.962138801066981,0.00491566453528588,0.00258334436245298,1
40,1.39269340285752,0.0981399591437263,0.231637714702928,1,0.969913047912906,0.0684051956847272,0.295757564506867,0.996808311242195,1,0.951967204881242,0.0461333333333333,0.993180156183024,1,0.952666666666667,0,0.953866666666667,0.953733333333333,0.270109076831689,0.965466666666667,0.00477118778283658,0.00276526290887444,1
41,1.39548704119612,0.0978772781722779,0.228535280072786,0.999999999999999,0.970733515406231,0.066157864184946,0.291951859352197,0.9964961885399,0.999999999999999,0.951298105929673,0.0466666666666666,0.992270624808022,0.999999999999999,0.951333333333332,0,0.953333333333333,0.953199999999999,0.26791108786097,0.966688509986654,0.00462382807786371,0.00265402831908646,0.999999999999998
42,1.39823587123324,0.0991920679346604,0.229329190144492,1,0.973081432207982,0.0662800149857382,0.292456427704847,0.996772311586177,1,0.951266237851038,0.0464666666666666,0.992599806432102,1,0.951333333333334,0,0.953533333333334,0.9532,0.268251008801699,0.968975633134871,0.00390131942849931,0.00336311846379598,1
43,1.39898840312802,0.0975131974645493,0.224736809689865,0.999999999999998,0.97297871520303,0.062188059724365,0.295398005897041,0.996675540794536,0.999999999999998,0.951199999999999,0.0467333333333333,0.99247740198136,0.999999999999998,0.951066666666665,0,0.953266666666665,0.952799999999999,0.263451020651484,0.968599156917685,0.00442044621314588,0.00309313420777129,0.999999999999998
44,1.40084529723087,0.0958970700872216,0.221433620544493,0.999999999999999,0.975601806554988,0.060855818670209,0.300439121144636,0.996589454459869,0.999999999999999,0.953466666666666,0.0447333333333333,0.991864318672685,0.999999999999999,0.952787074230845,0,0.955266666666666,0.955133333333333,0.257876125438894,0.9714728456489,0.00418498828139383,0.00257904556205207,1
45,1.40309497453688,0.0949688087552404,0.223317782239423,1,0.976848110150458,0.0608435754214243,0.302007485285366,0.996311507306263,1,0.951933333333334,0.0460666666666666,0.99100484578621,1,0.951579796062171,0,0.953933333333333,0.953866666666667,0.260187433227913,0.97271646488081,0.00398825473013927,0.00311675852044482,0.999999999999999
46,1.40431776648904,0.0940133414106815,0.220768570408791,0.999999999999999,0.975569384458017,0.0611629266484685,0.303378584785431,0.996672011274598,0.999999999999999,0.95520844901759,0.0429333333333333,0.991799999999999,0.999999999999999,0.954362125878794,0,0.957066666666666,0.957,0.255219579038226,0.972450136981307,0.00484858245300671,0.00261410262126629,0.999999999999998
47,1.40736206503118,0.0920657014183017,0.216758679890264,1,0.976920640351081,0.0599294926252247,0.304446012863923,0.996666789062902,1,0.952836103784677,0.0457333333333333,0.990572471179257,1,0.951297298120616,0,0.954266666666667,0.9542,0.254787890196172,0.973233975368046,0.00455609867627884,0.00362447598975428,1
48,1.40867319545911,0.0972927420246707,0.223878178924116,1,0.977065757069332,0.0624516554932247,0.302647539943516,0.996748159476792,1,0.949742611700322,0.0491333333333333,0.989412730247189,1,0.948066666666666,0,0.950866666666666,0.950866666666666,0.264858213222548,0.973543391675263,0.00494353043913115,0.0030218765881367,0.999999999999999
49,1.41138017772996,0.0945586151525822,0.218846693765503,0.999999999999999,0.978447391618927,0.0600418438673048,0.305915953102546,0.996680272880706,0.999999999999999,0.94945646806613,0.0496666666666666,0.98962042569055,0.999999999999999,0.947307641627992,0,0.950333333333333,0.950333333333333,0.259345569744951,0.974206301862245,0.00486812199582526,0.00284835326776354,1
50,1.4141367472645,0.0926567478039788,0.215148961958119,1,0.979799999999999,0.0559980869361114,0.300564769987811,0.996504841887019,1,0.951066666666667,0.0478,0.988554283127974,1,0.949146547142265,0,0.9522,0.9522,0.254111164181947,0.975640277037027,0.00521418489104475,0.0038328769435646,1
51,1.41599582980916,0.0903384758426744,0.209905473057717,0.999999999999999,0.980333333333333,0.0520608126753899,0.300908167948667,0.996532053842842,0.999999999999999,0.9502,0.0486,0.986890162063869,0.999999999999999,0.94792698486033,0,0.9514,0.9514,0.250346684209721,0.975697960480585,0.00486984048679142,0.0028691868264208,0.999999999999999
52,1.41882874704914,0.0871279279186807,0.207312898724388,0.999999999999999,0.980533333333333,0.0490676543707091,0.304289434807174,0.996872515208676,0.999999999999999,0.953066666666666,0.0458,0.987888483442898,0.999999999999999,0.950798083057675,0,0.954199999999999,0.954199999999999,0.245539810638072,0.976079435918494,0.00427012400551662,0.00276372531838711,1
53,1.42096606881096,0.0845668398370109,0.207629235561962,0.999999999999999,0.982266559047153,0.0454189987916718,0.301791392922882,0.996766994862882,0.999999999999999,0.949500299671679,0.0489333333333333,0.985977678206716,0.999999999999999,0.947851864753397,0,0.951066666666666,0.951066666666666,0.248613294512587,0.978253813611478,0.00430696056008406,0.00324441835996908,1
54,1.4224533090518,0.0861826517741787,0.210350445304258,0.999999999999999,0.98408353177016,0.0474639965104093,0.302875437427495,0.996654343818772,0.999999999999999,0.948859359141729,0.0494666666666666,0.987365226633281,0.999999999999999,0.94673958823109,0,0.950533333333333,0.950533333333333,0.251496162070532,0.979127876908538,0.00479468236794408,0.0032329714724202,1
55,1.42467476988292,0.0873871752514505,0.210711842582111,1,0.984561558323401,0.0487759382159882,0.310628453250382,0.99655338089957,1,0.946,0.0524,0.98605600114372,1,0.944266666666666,0,0.947599999999999,0.947599999999999,0.25472677028403,0.979923385270436,0.00477348753222692,0.00274915868925087,0.999999999999999
56,1.42746380179346,0.0839821447298129,0.2099044433097,0.999999999999999,0.985399999999999,0.0487349897638508,0.315106309721898,0.996773788597805,0.999999999999999,0.945205192738611,0.0532666666666667,0.986756557462673,0.999999999999999,0.944230321330393,0,0.946733333333333,0.946733333333333,0.254479641793972,0.980970317574675,0.0059817408031888,0.00258965635839187,0.999999999999999
57,1.43230587955103,0.0872948338850577,0.213292260924652,0.999999999999998,0.985936500798263,0.0486447605360516,0.313427933463382,0.996548723657324,0.999999999999998,0.947194791704471,0.0509333333333333,0.986302949153365,0.999999999999998,0.945399999999999,0,0.949066666666665,0.949066666666665,0.256419936470623,0.981933333333332,0.00365712490832533,0.00213160879692822,1
58,1.43449088524673,0.0882100570435057,0.21357569002877,1,0.985297708992773,0.0484035573524322,0.309877978572564,0.996422412043278,1,0.945291128290817,0.053,0.984759123203314,1,0.942763602899581,0,0.947000000000001,0.947000000000001,0.259123096720751,0.980589663867129,0.00573872788471411,0.00277170161208776,0.999999999999999
59,1.4387470573911,0.0852510623871606,0.211371240780939,0.999999999999999,0.984414700719257,0.0460151682744082,0.308322806329171,0.996719516806464,0.999999999999999,0.942066666666666,0.0566666666666667,0.984105610477891,0.999999999999999,0.938988690055499,0,0.943333333333333,0.943333333333333,0.261113246809098,0.980935835826556,0.00419610755312567,0.0028162946880386,1
60,1.44072292125418,0.0867268534973372,0.21446643177513,0.999999999999999,0.983813706364372,0.0467850555956356,0.317986005266055,0.996858448754642,0.999999999999999,0.9416,0.0573333333333333,0.98495987367569,0.999999999999999,0.938533333333333,0,0.942666666666666,0.942666666666666,0.264495312670417,0.979866666666666,0.00480662901814812,0.00225066931371166,0.999999999999999
61,1.44440535098616,0.0849622709395738,0.210507742847509,1,0.982594279249277,0.0469772788333026,0.315372836172778,0.996587004424765,1,0.939103941994313,0.0601333333333333,0.983178292927665,1,0.936302116238229,0,0.939866666666667,0.939866666666667,0.264229491240537,0.978051126432547,0.00542444274662766,0.00270634832941214,0.999999999999999
62,1.44833138110687,0.0863915275042779,0.211776681987956,0.999999999999999,0.983436767432599,0.0469795483971066,0.317058229167023,0.996708948245731,0.999999999999999,0.940933333333332,0.0581333333333333,0.985117367369266,0.999999999999999,0.93844161762306,0,0.941866666666666,0.941866666666666,0.264450234263433,0.978900369499494,0.00518390488135574,0.00367660320371063,0.999999999999999
63,1.4505144534274,0.0848657548221349,0.210701405575202,1,0.984533333333333,0.0447368772505357,0.315584245850948,0.996647305334651,1,0.939466666666667,0.0594,0.98435929551388,1,0.937140237391494,0,0.9406,0.9406,0.264931683510415,0.9794,0.00337464178569179,0.0025913008350703,1
64,1.45165070079823,0.0840005218269135,0.210916523504671,0.999999999999999,0.985383230381229,0.0441474176331934,0.312731346552257,0.996808674858037,0.999999999999999,0.939066666666666,0.0598,0.984801852557962,0.999999999999999,0.937678453797406,0,0.940199999999999,0.940199999999999,0.264990052105756,0.979489727604134,0.00555627454135637,0.00248646994722983,0.999999999999998
65,1.45601020807523,0.0845746759969632,0.210687918815772,0.999999999999999,0.985608778540262,0.0429089397933134,0.305708549511933,0.996838640275372,0.999999999999999,0.937733333333333,0.0612,0.986126646458897,0.999999999999999,0.936605528067362,0,0.9388,0.9388,0.266052754323895,0.98014451529313,0.00520297844761688,0.00269022086413785,0.999999999999999
66,1.45959979965014,0.0833986436611319,0.21487036592063,0.999999999999999,0.986866666666666,0.040478530974818,0.306339299409188,0.996652260091628,0.999999999999999,0.935866666666666,0.0629333333333334,0.986701059137772,0.999999999999999,0.935133333333333,0,0.937066666666666,0.937066666666666,0.27189129693118,0.982347561912027,0.00563455611191427,0.00289473000277787,1
67,1.46359884929011,0.0818376620180296,0.212229583817085,0.999999999999999,0.985650183023891,0.0387500452043096,0.305017949301505,0.99665258008935,0.999999999999999,0.936737787055828,0.0622666666666667,0.986984078624838,0.999999999999999,0.935933333333332,0,0.937733333333332,0.937733333333332,0.269556413504419,0.982025237717726,0.0051449985503309,0.00373494238343114,1
68,1.46566260587342,0.0834988633609263,0.21328675008909,1,0.986175979878436,0.0407142760706869,0.299345656549653,0.99690407933196,1,0.939,0.0602666666666667,0.986858518205383,1,0.938133333333333,0,0.939733333333333,0.939733333333333,0.26815517862894,0.9836,0.00519478849845211,0.00254552371996014,1
69,1.46954553419232,0.0846414544154242,0.213378331137472,0.999999999999999,0.985841366207335,0.0420875399438121,0.302422311802668,0.996857385708933,0.999999999999999,0.938199999999999,0.061,0.987590410101486,0.999999999999999,0.937584478848862,0,0.938999999999999,0.938999999999999,0.267401889529676,0.982517101131055,0.00437939135552479,0.00275962498308275,1
70,1.47192585463137,0.082076968317073,0.213496027881742,0.999999999999999,0.987086294175647,0.0397646684424746,0.298508962739169,0.996340045434696,0.999999999999999,0.934333333333333,0.0646666666666667,0.986363993365428,0.999999999999999,0.93431523890379,0,0.935333333333333,0.935333333333333,0.269690288152466,0.984050440722158,0.00442575121568127,0.00279303702791565,1
71,1.47423096046726,0.0831522558823189,0.213043307708836,0.999999999999999,0.986645343497644,0.0412095121193431,0.29449705631939,0.996679397296982,0.999999999999999,0.935133333333333,0.0638,0.985559008106088,0.999999999999999,0.935149588041402,0,0.936199999999999,0.936199999999999,0.268994058131253,0.983783344870203,0.00498654270836214,0.00273297778185612,1
72,1.47749697239925,0.0821012860075774,0.213520243967649,0.999999999999998,0.987409302310038,0.0423274137282694,0.297290765077427,0.996518674498734,0.999999999999998,0.9377496229759,0.0614666666666666,0.986595968687633,0.999999999999998,0.937333333333332,0,0.938533333333332,0.938533333333332,0.269251504360117,0.984835085594616,0.00480072304582454,0.00283503474184309,1
73,1.48040127091706,0.0787734967113765,0.208813138284336,0.999999999999999,0.986799999999999,0.0406632143693123,0.301912301369387,0.996676437674617,0.999999999999999,0.939066666666666,0.0601333333333333,0.987463174535268,0.999999999999999,0.939133333333333,0,0.939866666666666,0.939866666666666,0.263945863581581,0.984733333333333,0.00564498707419852,0.00224896033147709,1
74,1.48537319562432,0.0708965440186439,0.2009972773619,1,0.986739087178293,0.0371290959183547,0.301637766915509,0.996638091214643,1,0.936333333333333,0.0633333333333333,0.985608737749604,1,0.935982044869168,0,0.936666666666666,0.936666666666666,0.25928513125379,0.9844,0.0042607247652039,0.00313283678662301,0.999999999999999
75,1.48700930706583,0.0694506076723142,0.200212234293129,1,0.986902199046216,0.0363628700256575,0.313574944731581,0.996590878773492,1,0.938466666666666,0.0610666666666667,0.985735686326407,1,0.9384,0,0.938933333333333,0.938933333333333,0.255465545743638,0.9848,0.00482145274214622,0.00300983104633267,0.999999999999999
76,1.48970320538839,0.0709936569142239,0.199077624438461,1,0.987368269585746,0.0350291076800504,0.308242628196076,0.996682011607026,1,0.940866666666666,0.0586666666666667,0.985662994823177,1,0.9408,0,0.941333333333333,0.941333333333333,0.252513882440229,0.985866666666667,0.00479127784285827,0.0024353456938457,1
77,1.49321284506245,0.0712965018669905,0.197070740538733,1,0.9874,0.0352186631313436,0.311363918569866,0.996665202722199,1,0.9416,0.058,0.985534666755432,1,0.9416,0,0.942,0.942,0.249616614865843,0.985899189555211,0.00373508635536643,0.00236446716816993,0.999999999999999
78,1.49517561382662,0.0692389194895688,0.195843525687254,0.999999999999999,0.986824346156745,0.0334186138643102,0.316075333937694,0.99682534566818,0.999999999999999,0.939066666666666,0.0604,0.986091190202334,0.999999999999999,0.939133333333333,0,0.9396,0.9396,0.249362453420239,0.984937091917773,0.00480578492844125,0.00289029989607208,0.999999999999999
79,1.49803960033567,0.0695416395155277,0.197151718507067,1,0.987551366235418,0.0339599765195573,0.307157359142851,0.996673634436429,1,0.938399999999999,0.0606666666666667,0.986039147684897,1,0.939,0,0.939333333333333,0.939333333333333,0.251783429933909,0.985321998905473,0.00579438227454749,0.00265412414163841,0.999999999999999
80,1.5025880422118,0.070221897578083,0.192598015367032,1,0.985587852342003,0.0333276602859333,0.306217037606362,0.996657259106654,1,0.939200000000001,0.0600666666666666,0.986078889585245,1,0.939800000000001,0,0.939933333333334,0.939933333333334,0.247114334128855,0.983043991141586,0.00470278008342103,0.00292338176212019,1
81,1.50516157231557,0.0679561573841298,0.193132523931898,1,0.9854,0.0315350496075529,0.308160653690158,0.996419897948858,1,0.940666666666667,0.0589333333333334,0.98558665164491,1,0.940933333333333,0,0.941066666666666,0.941066666666666,0.245313374910163,0.983787692782673,0.0044596589551544,0.00298045395770038,0.999999999999999
82,1.50729431328316,0.0685401539710302,0.191803121783151,1,0.984076824779506,0.0303267988854098,0.307382868867296,0.996609365734646,1,0.9402,0.0592666666666666,0.98612791501185,1,0.940666666666667,0,0.940733333333334,0.940733333333334,0.24539774193284,0.982535433429713,0.00528521926657979,0.00184943533422024,1
83,1.51247305086607,0.0687369121313157,0.192012474337031,1,0.984266666666666,0.0299303227404925,0.317520973730859,0.996524671285223,1,0.938533333333333,0.061,0.986600350366501,1,0.938866666666666,0,0.939,0.939,0.247198918955164,0.9828,0.00403578897296824,0.00269855717687093,0.999999999999999
84,1.51449557792043,0.0673622392737162,0.188639500817556,0.999999999999999,0.984463899813018,0.0298478087294502,0.322426031172621,0.996662076472944,0.999999999999999,0.938066666666666,0.0617333333333333,0.986549100148631,0.999999999999999,0.938133333333333,0,0.938266666666666,0.938266666666666,0.244401340863627,0.9832,0.00550567778837287,0.00194761785864033,1
85,1.51988424394999,0.0681412476886198,0.189293587467497,1,0.985014508291281,0.029807928526732,0.322565485644182,0.996772078442602,1,0.939734245689525,0.06,0.987376052661998,1,0.939866666666667,0,0.94,0.94,0.24419463319884,0.984,0.00508379895800236,0.00300441099051949,0.999999999999999
86,1.52304467295882,0.0689053991107285,0.186153398312813,1,0.986489805533692,0.0299788805058584,0.32120244741187,0.996556865735774,1,0.943133333333334,0.0562,0.98905328778631,1,0.9436,0,0.9438,0.9438,0.237463966576676,0.9854,0.00533682742136506,0.00313057221481824,0.999999999999999
87,1.52640489819834,0.0692666666666667,0.186401769046698,1,0.9852,0.0281488551562434,0.324059665494653,0.996751267429244,1,0.944533333333333,0.0546,0.99036166609096,1,0.945199999999999,0,0.945399999999999,0.945399999999999,0.236066501067449,0.983861451376312,0.00380095768824372,0.00257720918358897,1
88,1.52827283391001,0.0702670429703395,0.186470097698976,0.999999999999999,0.985573575090834,0.027804276394528,0.324051249557959,0.996581228448035,0.999999999999999,0.945333333333333,0.0538666666666666,0.991305383801707,0.999999999999999,0.945999999999999,0,0.946133333333333,0.946133333333333,0.23587574589788,0.984211983031583,0.00428428666657034,0.00305361672637815,1
89,1.5301213556489,0.0725111767712496,0.189642167266494,1,0.985497962580083,0.0283679799820764,0.330176277522296,0.996632406295764,1,0.9452,0.0542,0.991737341146413,1,0.945666666666666,0,0.9458,0.9458,0.239115409523275,0.9846,0.00507278608291932,0.00338692796642517,1
90,1.53264038238246,0.0690557928616515,0.184958493197237,1,0.984842586026266,0.0252736407258117,0.33405204823991,0.99688388708516,1,0.942666666666667,0.0563333333333333,0.992586174275771,1,0.943666666666667,0,0.943666666666667,0.943666666666667,0.236723237358644,0.984266666666666,0.00384610955507542,0.00237299459783805,0.999999999999999
91,1.53489813785382,0.0684723052072456,0.179502569295409,1,0.985866666666666,0.0248363328679691,0.335622923144416,0.996572963165927,1,0.9454,0.0535333333333333,0.993222942634345,1,0.946466666666667,0,0.946466666666667,0.946466666666667,0.229162093874094,0.985333333333333,0.00522272766973954,0.00364851963176822,1
92,1.53718877110664,0.0664001110693382,0.179534909757491,1,0.985173170251552,0.0264081649928792,0.3395363196113,0.996737631232741,1,0.941533333333334,0.0573333333333333,0.992891289144247,1,0.942666666666668,0,0.942666666666668,0.942666666666668,0.232265394726035,0.984800000000001,0.00492617416175352,0.00335601221516641,0.999999999999999
93,1.53960240641975,0.0643762112081412,0.178782973157049,0.999999999999999,0.984611399349213,0.0282876349696914,0.338406097491779,0.996682493508705,0.999999999999999,0.947066666666666,0.0522,0.992739426339069,0.999999999999999,0.9478,0,0.9478,0.9478,0.226293007595512,0.983866666666666,0.00586802688862245,0.00232218532498205,1
94,1.54491340581654,0.0637835102667959,0.18215962764569,0.999999999999999,0.985066666666666,0.0287621442914378,0.34179061904634,0.997036042774574,0.999999999999999,0.951466666666666,0.0482666666666667,0.992138871351884,0.999999999999999,0.951733333333333,0,0.951733333333333,0.951733333333333,0.227103056442405,0.984066666666666,0.00436447928970382,0.00253524353776152,0.999999999999999
95,1.54773941665211,0.0635940081032389,0.180781202139327,1,0.986018058425804,0.0294345577499629,0.339289242885455,0.996883238829885,1,0.951866666666667,0.0479333333333333,0.992598602914439,1,0.952066666666667,0,0.952066666666667,0.952066666666667,0.225985413052144,0.984733333333333,0.0045902547458644,0.0030831425886678,1
96,1.55007203354312,0.0622257971520317,0.180132610203665,0.999999999999999,0.98651958509181,0.028908033842832,0.341641011436187,0.996864700163843,0.999999999999999,0.953933333333333,0.0458666666666666,0.992807704398332,0.999999999999999,0.954133333333333,0,0.954133333333333,0.954133333333333,0.224357007070553,0.985066666666666,0.0038796911661263,0.00290823093985314,1
97,1.55143902664299,0.0631500715585824,0.183660175290125,1,0.988066666666667,0.0289432826579374,0.345869828893822,0.996683419684948,1,0.952533333333333,0.0472666666666666,0.993893824344976,1,0.952733333333333,0,0.952733333333333,0.952733333333333,0.229402157285677,0.987133333333333,0.00496010417228203,0.00353560731110188,1
98,1.55364904666675,0.0630789095300961,0.183217917975433,0.999999999999999,0.988282144019651,0.0292985482104546,0.349425827663826,0.996560949156813,0.999999999999999,0.951666666666666,0.0482,0.993179812289548,0.999999999999999,0.9518,0,0.9518,0.9518,0.230051416001639,0.987417235970979,0.00498745954621119,0.00330692641043526,0.999999999999999
99,1.55616496317306,0.0595238813696163,0.17802782411006,1,0.988733333333333,0.0272668470817731,0.349318219234484,0.996710133215951,1,0.952,0.0478,0.993702340610145,1,0.9522,0,0.9522,0.9522,0.225208600075908,0.988466666666666,0.00435204949483908,0.0026453083298262,1
100,1.55882093397526,0.058686898007935,0.179236464970629,0.999999999999999,0.988733333333333,0.0292573554553136,0.351290164473303,0.996815927176195,0.999999999999999,0.954466666666666,0.0454,0.993564698034045,0.999999999999999,0.9546,0,0.9546,0.9546,0.223540092139561,0.9882,0.00477848109697377,0.0034496436076291,1
101,1.5608923536715,0.0560324758915035,0.174224827446698,1,0.989019651553823,0.0299904907163745,0.35127809112038,0.996567258575169,1,0.955333333333333,0.0446666666666666,0.993796554084984,1,0.955333333333333,0,0.955333333333333,0.955333333333333,0.217230889909089,0.988,0.00582435303494768,0.00352076615378766,1
102,1.56448773683489,0.0569880643472223,0.172266198334869,0.999999999999999,0.9892,0.0286382238789849,0.354180097974519,0.9966191277357,0.999999999999999,0.956,0.044,0.993121192443634,0.999999999999999,0.956,0,0.956,0.956,0.214484027229425,0.98788315952176,0.00467085746134433,0.0026420981993583,0.999999999999999
103,1.56766170582126,0.05644151585143,0.167035062612545,0.999999999999999,0.989124538468127,0.0283181416045294,0.356530994808067,0.996764525346624,0.999999999999999,0.956933333333334,0.0430666666666667,0.993783252191674,0.999999999999999,0.956933333333334,0,0.956933333333334,0.956933333333334,0.208311094897339,0.987317707527439,0.004005915311748,0.00237338193827985,1
104,1.57022096587432,0.0598706338785217,0.169809559324002,1,0.989829303145051,0.0305758267346163,0.36406055844893,0.996812707803068,1,0.957733333333333,0.0422666666666667,0.994314206779382,1,0.957733333333333,0,0.957733333333333,0.957733333333333,0.209923410254912,0.988066666666667,0.00407542169457536,0.0027017883317834,1
105,1.57237787378,0.0609208742924696,0.16424735740204,0.999999999999999,0.989569582648759,0.0312065497978061,0.360051391404115,0.996784238786728,0.999999999999999,0.955533333333333,0.0444666666666667,0.993457393915601,0.999999999999999,0.955533333333333,0,0.955533333333333,0.955533333333333,0.207308883297408,0.987638375931868,0.00559796294635611,0.00204759328756537,0.999999999999999
106,1.57796039647522,0.0569384213041943,0.15754052752382,0.999999999999999,0.989666666666666,0.0301875209684328,0.359965778385584,0.996555238416883,0.999999999999999,0.954066666666667,0.0459333333333333,0.992629578616336,0.999999999999999,0.954066666666667,0,0.954066666666667,0.954066666666667,0.202336813985584,0.988038435803467,0.00357434770555296,0.00257226352334468,1
107,1.57954164562868,0.057958942928034,0.159637213253121,0.999999999999999,0.989399999999999,0.0324356532922236,0.358362346149043,0.996586890822598,0.999999999999999,0.954466666666667,0.0455333333333333,0.992120738299657,0.999999999999999,0.954466666666667,0,0.954466666666667,0.954466666666667,0.20297181631971,0.988220566919177,0.00434391980859236,0.00327616006681673,0.999999999999999
108,1.58122821660834,0.0594756216753958,0.160973203370081,0.999999999999999,0.991053878553784,0.0343012713607563,0.360593423177608,0.996777639917512,0.999999999999999,0.956,0.044,0.993496472901918,0.999999999999999,0.956,0,0.956,0.956,0.20233520258189,0.99,0.00425944572454445,0.00297469942783184,1
109,1.58325969370388,0.0585778286512768,0.161105728311431,1,0.99110698005216,0.0352373041128613,0.363878537251943,0.996505965328544,1,0.956133333333333,0.0438666666666667,0.993520850744222,1,0.956133333333333,0,0.956133333333333,0.956133333333333,0.201816119355007,0.990048446321761,0.00446412305869638,0.00208257159665331,1
110,1.58703030814222,0.0583333333333333,0.160662631981791,1,0.9906,0.0352301112973554,0.355397091302637,0.996651752225907,1,0.958,0.042,0.9932,1,0.958,0,0.958,0.958,0.199542408164323,0.9896,0.00498729529728485,0.00284043515434456,1
111,1.59043744025641,0.0612322555715761,0.163988082848785,1,0.992333333333333,0.0350781567317288,0.369744908812886,0.99663723349297,1,0.959133333333334,0.0408666666666666,0.993394773103305,1,0.959133333333334,0,0.959133333333334,0.959133333333334,0.201714980674685,0.9914,0.005016699937586,0.00309768758574246,1
112,1.59338348018641,0.0583022286752439,0.164262893171588,1,0.992950109391514,0.0325723266459857,0.37683289246391,0.996712819822138,1,0.957866666666667,0.0421333333333333,0.993002876121919,1,0.957866666666667,0,0.957866666666667,0.957866666666667,0.203865861191103,0.992266666666667,0.00559913810388318,0.00226496556616388,0.999999999999999
113,1.59868493393781,0.0552209012968631,0.158332353588756,0.999999999999999,0.992824268006209,0.0308751521390137,0.376873031955563,0.996603272571511,0.999999999999999,0.959666666666666,0.0403333333333333,0.9935299801284,0.999999999999999,0.959666666666666,0,0.959666666666666,0.959666666666666,0.195981272623789,0.9918,0.00424837033073378,0.0033790365669986,0.999999999999999
114,1.60007472472845,0.055889744096962,0.156220167956919,1,0.992562955179431,0.0318082990144904,0.387513965434316,0.996574277104132,1,0.957133333333333,0.0428666666666667,0.993072167844919,1,0.957133333333333,0,0.957133333333333,0.957133333333333,0.196215727875995,0.992,0.00465331474546201,0.00341876159827054,0.999999999999999
115,1.60205010201561,0.0556065393875805,0.158628524563244,0.999999999999999,0.993112005111337,0.0327354546096352,0.395829965304113,0.99683949876406,0.999999999999999,0.954999999999999,0.045,0.992600778006268,0.999999999999999,0.954999999999999,0,0.954999999999999,0.954999999999999,0.200238766477554,0.992466666666666,0.00565192674379089,0.00309340064892556,1
116,1.6061489890069,0.0529601413847874,0.15390605227881,0.999999999999999,0.992136044433884,0.0318953821396903,0.3987107772393,0.996688585388653,0.999999999999999,0.953066666666666,0.0469333333333333,0.992694685696837,0.999999999999999,0.953066666666666,0,0.953066666666666,0.953066666666666,0.19678389426884,0.991066666666666,0.00563219484978308,0.00227266964084618,1
117,1.61154488702477,0.05341590601516,0.155798620585862,1,0.992428896279342,0.0324253081099178,0.406149169942292,0.996860092436101,1,0.955066666666666,0.0449333333333333,0.993694248288392,1,0.955066666666666,0,0.955066666666666,0.955066666666666,0.196533632393241,0.991046538542813,0.00494019406102447,0.0027852339142815,1
118,1.615017702031,0.0513361267956377,0.152050684386701,1,0.99337667024809,0.0310061423419198,0.401319221507021,0.996765918189525,1,0.9566,0.0434,0.993903350989204,1,0.9566,0,0.9566,0.9566,0.191960747702636,0.992443656898499,0.00408963477869052,0.00216557822206323,1
119,1.61812508742966,0.0514666666666667,0.14923859064015,1,0.992432500889791,0.0307358678254985,0.397544278884728,0.996683241228506,1,0.955133333333333,0.0448666666666666,0.993928034034105,1,0.955133333333333,0,0.955133333333333,0.955133333333333,0.191818843156247,0.991538275239792,0.00469244251123279,0.00337006302543413,1
120,1.62026486285073,0.0490371518203951,0.142841377487852,1,0.991866666666667,0.0288522205376429,0.398032076997233,0.996729808635511,1,0.9512,0.0488,0.993377525763087,1,0.9512,0,0.9512,0.9512,0.188943453369255,0.990722774786153,0.00489686591246846,0.00255920444462252,1
121,1.62405249358832,0.049852953343139,0.14616433813883,1,0.991733333333334,0.0279416273619672,0.394279017761732,0.996636009037809,1,0.955333333333334,0.0446666666666667,0.993835056184897,1,0.955333333333334,0,0.955333333333334,0.955333333333334,0.188251834400139,0.990733333333334,0.00350075527295189,0.00282635661166067,1
122,1.62514775241586,0.0510980424344196,0.143870203341273,0.999999999999999,0.991266666666666,0.0272104971235141,0.398889240014987,0.99683294978811,0.999999999999999,0.954533333333333,0.0454666666666667,0.995017159513379,0.999999999999999,0.954533333333333,0,0.954533333333333,0.954533333333333,0.186662564236617,0.99060077359532,0.00406860074116871,0.00238206464795198,0.999999999999999
123,1.62784104716329,0.0515658141061377,0.141763752434547,1,0.991266666666666,0.0260666666666667,0.402669254296307,0.996652578408026,1,0.953733333333333,0.0462666666666666,0.993852492456846,1,0.953733333333333,0,0.953733333333333,0.953733333333333,0.185939085315954,0.990266666666667,0.0044640615848944,0.00299158852217148,1
124,1.63023799925563,0.0504275376449686,0.137893903695756,1,0.991979356447328,0.0247581502557304,0.399436263620629,0.996773355117202,1,0.954666666666667,0.0453333333333333,0.994960159401702,1,0.954666666666667,0,0.954666666666667,0.954666666666667,0.181435444223828,0.9912,0.00422144842026416,0.00294254685800811,1
125,1.63227804173075,0.0517169932846983,0.137102353435623,0.999999999999999,0.992133333333333,0.0250655793317364,0.406202127346223,0.996643956912651,0.999999999999999,0.954933333333333,0.0450666666666667,0.994436391220241,0.999999999999999,0.954933333333333,0,0.954933333333333,0.954933333333333,0.180322048168667,0.991532763557516,0.00468257148654782,0.00325573459086828,1
126,1.63449821772858,0.05057562067033,0.136527682423955,1,0.991266666666667,0.0234009726875592,0.404825785003556,0.996622582887637,1,0.9548,0.0452,0.994509916053717,1,0.9548,0,0.9548,0.9548,0.179644705878818,0.990811747659017,0.00510151221553638,0.00216462605803794,1
127,1.63929855291868,0.0485150324558525,0.134066150869129,1,0.991666666666666,0.0231333333333333,0.405700369658402,0.99688272339322,1,0.953666666666667,0.0463333333333333,0.993607646161107,1,0.953666666666667,0,0.953666666666667,0.953666666666667,0.177887000506262,0.991199999999999,0.00521180332769952,0.00268448885795485,1
128,1.6434415758717,0.04923072175454,0.133696818807527,1,0.992333333333333,0.0251465712081389,0.400403041220597,0.99667487016922,1,0.9558,0.0442,0.994651156043252,1,0.9558,0,0.9558,0.9558,0.176134543404306,0.992,0.00459727278701341,0.00305730395197792,1
129,1.64587627136129,0.0478244200085679,0.13057239369814,1,0.992466666666667,0.0236541564959368,0.407531888446181,0.996458680814986,1,0.9564,0.0436,0.993982777977062,1,0.9564,0,0.9564,0.9564,0.17293248367041,0.992133333333334,0.00497853407387036,0.00288630692683614,1
130,1.64931981837689,0.0473270687539758,0.13106333620898,1,0.992333333333333,0.0224666666666667,0.402028146526607,0.99672721840888,1,0.958666666666667,0.0413333333333333,0.99309060953006,1,0.958666666666667,0,0.958666666666667,0.958666666666667,0.171637783669574,0.991733333333333,0.00454030967157183,0.00277766919841587,1
131,1.65222697624194,0.0472434540430341,0.134699416863009,0.999999999999999,0.992254389370494,0.0213319855288036,0.405375863588932,0.996862924553637,0.999999999999999,0.958466666666666,0.0415333333333333,0.99336729339086,0.999999999999999,0.958466666666666,0,0.958466666666666,0.958466666666666,0.175486327004268,0.991597875145736,0.00386070461957941,0.00281818317578419,1
132,1.65394945829469,0.0438474977324725,0.13104732749744,1,0.991505241042977,0.0198417991418286,0.400462766563733,0.996660092416673,1,0.958333333333333,0.0416666666666667,0.9942,1,0.958333333333333,0,0.958333333333333,0.958333333333333,0.171189799162958,0.990666666666667,0.00493419615286808,0.00305802077875825,1
133,1.65694229424115,0.0448455110176612,0.132427410295715,1,0.991066666666667,0.0195378496972995,0.399444898978768,0.996730908565722,1,0.957066666666667,0.0429333333333333,0.994096409996032,1,0.957066666666667,0,0.957066666666667,0.957066666666667,0.174216175275526,0.990185387876811,0.00426265541193403,0.00296858923616831,1
134,1.65908648721932,0.0475805982638758,0.138054711604739,1,0.991666666666667,0.0195746321544158,0.404687859533167,0.996568125320483,1,0.957666666666667,0.0423333333333333,0.993888607011697,1,0.957666666666667,0,0.957666666666667,0.957666666666667,0.178539678030389,0.990733333333334,0.00509847787703818,0.0030243189526625,0.999999999999999
135,1.66230648473147,0.0468346217481985,0.138409765084131,1,0.9928,0.0193333333333333,0.408315239552853,0.996763919072716,1,0.9556,0.0444,0.993855954179852,1,0.9556,0,0.9556,0.9556,0.181438902834462,0.9918,0.00494639396570178,0.0030238883011962,0.999999999999999
136,1.66550227836451,0.0462568382142622,0.139441439192742,0.999999999999999,0.993722801315926,0.019632388151462,0.41373317758206,0.996749856430753,0.999999999999999,0.957333333333333,0.0426666666666667,0.993849811474528,0.999999999999999,0.957333333333333,0,0.957333333333333,0.957333333333333,0.180470588905083,0.992866666666666,0.00377801062193669,0.00276679305615975,0.999999999999999
137,1.66718646352423,0.0482666666666667,0.141841239067111,1,0.9944,0.0205599359601328,0.41953296219114,0.996950113701663,1,0.9584,0.0416,0.993399999999999,1,0.9584,0,0.9584,0.9584,0.18255455660965,0.993133333333333,0.00453699902977917,0.00392588956813971,1
138,1.66809415118217,0.0455303468292618,0.140881369493734,1,0.993426181752496,0.0198193876205608,0.417092905749926,0.996574119420184,1,0.956933333333334,0.0430666666666667,0.993253863017082,1,0.956933333333334,0,0.956933333333334,0.956933333333334,0.183108859046759,0.992349697693819,0.00585316180525838,0.00365758834308391,1
139,1.67175657443292,0.04339027589121,0.139500493743688,1,0.993933333333333,0.0190758417282982,0.416281236522594,0.996529902349276,1,0.9586,0.0414,0.993162163289488,1,0.9586,0,0.9586,0.9586,0.179615332661222,0.993,0.004895280283528,0.00319557401190649,1
140,1.67459806956711,0.0437491476203881,0.138884797604798,1,0.994948096363834,0.020945558855802,0.42237939157143,0.996553412468668,1,0.961533333333333,0.0384666666666667,0.99414706451054,1,0.961533333333333,0,0.961533333333333,0.961533333333333,0.176448522737884,0.994,0.0039992213048506,0.00291707614704062,1
141,1.67641022775937,0.0440208868781762,0.141331605103905,0.999999999999999,0.995843478210604,0.0207895836641886,0.429800101808375,0.996842378155782,0.999999999999999,0.960066666666666,0.0399333333333333,0.99439665289013,0.999999999999999,0.960066666666666,0,0.960066666666666,0.960066666666666,0.180723386780868,0.994466666666666,0.0038959783921598,0.00346141588450659,1
142,1.6771387327918,0.0436277327257257,0.138952249286854,1,0.996666666666667,0.0215845756960042,0.428701873026861,0.996695901106133,1,0.959933333333333,0.0400666666666666,0.993561868053175,1,0.959933333333333,0,0.959933333333333,0.959933333333333,0.177627676815746,0.995266666666667,0.00489901932672708,0.00321888056494328,0.999999999999999
143,1.67984474933679,0.0429280702926768,0.136691981636666,0.999999999999999,0.9964505433628,0.0213896594633471,0.429123249239803,0.996585291922273,0.999999999999999,0.961333333333333,0.0386666666666666,0.994555051092838,0.999999999999999,0.961333333333333,0,0.961333333333333,0.961333333333333,0.174012498100336,0.995453164601367,0.00466162179169696,0.0033360389313351,1
144,1.68207152274458,0.039476516214771,0.134341941941357,1,0.996,0.0202,0.432263665234566,0.996720143944835,1,0.958533333333333,0.0414666666666667,0.994133902754483,1,0.958533333333333,0,0.958533333333333,0.958533333333333,0.174111959779411,0.995137331906044,0.00485381950208133,0.0023881247643591,1
145,1.68621899764669,0.0400924962715367,0.131307369873692,0.999999999999999,0.995599999999999,0.0197788814707865,0.436506767780512,0.99683918922551,0.999999999999999,0.953866666666666,0.0461333333333333,0.993411366758892,0.999999999999999,0.953866666666666,0,0.953866666666666,0.953866666666666,0.175866765523629,0.994599999999999,0.00443742723231368,0.00307446601612493,1
146,1.68851724874248,0.0407930675575532,0.133132224150166,1,0.9952,0.018943105798913,0.438805214597364,0.996740837462666,1,0.9526,0.0474,0.993605568498069,1,0.9526,0,0.9526,0.9526,0.178603929667649,0.99447060245219,0.00505037955990487,0.00269738789068626,0.999999999999999
147,1.6924903157621,0.0426676574686351,0.136385216636389,1,0.995333333333334,0.0199508638847236,0.436473841534271,0.996825703099725,1,0.952866666666667,0.0471333333333333,0.99266219916386,1,0.952866666666667,0,0.952866666666667,0.952866666666667,0.181073601386624,0.994466666666667,0.00435550625743056,0.00312642354287405,1
148,1.69449159383439,0.0412379777598925,0.132008239390403,1,0.995352560956837,0.0199749414092381,0.437869448306416,0.996888722459568,1,0.951266666666667,0.0487333333333333,0.993099071915868,1,0.951266666666667,0,0.951266666666667,0.951266666666667,0.178609748037566,0.994666666666666,0.00518403417045592,0.0030254975612757,0.999999999999999
149,1.69814921597363,0.0432946727527105,0.137306684325411,0.999999999999999,0.995933333333333,0.0216896890961313,0.439433589483331,0.996648859765848,0.999999999999999,0.9498,0.0502,0.993284615224198,0.999999999999999,0.9498,0,0.9498,0.9498,0.184874186093347,0.995318321029582,0.00364150176639674,0.00287560650021525,1
150,1.69939397118195,0.04298295525464,0.137246439587185,1,0.9956,0.0211541917950632,0.439141725187644,0.996713867054409,1,0.949333333333334,0.0506666666666667,0.992817355560726,1,0.949333333333334,0,0.949333333333334,0.949333333333334,0.186590466548038,0.994933333333334,0.00469449183855371,0.00279296914484933,1
151,1.70259733144259,0.043638259740519,0.13513969713631,1,0.995933333333333,0.0231230796184485,0.443738820548592,0.996623389431683,1,0.947866666666666,0.0521333333333333,0.99267323578403,1,0.947866666666666,0,0.947866666666666,0.947866666666666,0.18606023865871,0.995333333333333,0.00440494417712032,0.00216737564874707,1
152,1.70639202562776,0.0447333333333333,0.13446002423765,0.999999999999999,0.996885718212483,0.0225333333333333,0.445989366699526,0.996712775236426,0.999999999999999,0.947933333333333,0.0520666666666667,0.992492041727177,0.999999999999999,0.947933333333333,0,0.947933333333333,0.947933333333333,0.185503249890023,0.996399999999999,0.00444649446584228,0.00301870566074678,0.999999999999999
153,1.70881592891584,0.0425339494077432,0.130450911315761,1,0.9964,0.0220717928241862,0.449147496840177,0.996805985324694,1,0.948333333333333,0.0516666666666666,0.992550933640487,1,0.948333333333333,0,0.948333333333333,0.948333333333333,0.180990198321529,0.996066666666667,0.0044717098190867,0.00278107421237859,1
154,1.71170491397057,0.0439830771795052,0.128075001523337,1,0.9966,0.0226967129826615,0.451856428785457,0.996769317376901,1,0.947133333333333,0.0528666666666667,0.992253303712522,1,0.947133333333333,0,0.947133333333333,0.947133333333333,0.179874727898615,0.9962,0.00465049572573194,0.00260477958902316,1
155,1.71520657633436,0.0440356092726088,0.133184016717968,0.999999999999999,0.996734293868079,0.0219692115409322,0.452723994812187,0.996723451957437,0.999999999999999,0.946333333333333,0.0536666666666666,0.991923016697287,0.999999999999999,0.946333333333333,0,0.946333333333333,0.946333333333333,0.18566531507245,0.996069961276811,0.00439888086235786,0.0032376829991433,1
156,1.71719827054577,0.0439257077425321,0.133959270901441,1,0.9966,0.0226656997824847,0.451071957858171,0.996365993139111,1,0.944466666666667,0.0555333333333333,0.99251729675405,1,0.944466666666667,0,0.944466666666667,0.944466666666667,0.18798599861112,0.996327057102255,0.00450465106184339,0.00232500193565986,0.999999999999999
157,1.72093082854298,0.0415372003415457,0.134480526962216,1,0.996332009962901,0.0206253886485603,0.451559179579864,0.996730221756261,1,0.943133333333333,0.0568666666666667,0.991335213671938,1,0.943133333333333,0,0.943133333333333,0.943133333333333,0.190762935048418,0.9962,0.00448787901430298,0.0029102095751152,1
158,1.72364588851813,0.0403533627010667,0.134086369426311,1,0.996674523283991,0.019348187645009,0.447189230570122,0.996853831236771,1,0.943,0.057,0.990942798184238,1,0.943,0,0.943,0.943,0.190990967008578,0.996533333333333,0.00368745646536641,0.0022967086064902,1
159,1.72604304534704,0.0403233178518661,0.13871750709276,0.999999999999999,0.997023893584477,0.0194,0.44474186075291,0.996819998569473,0.999999999999999,0.9452,0.0548,0.991266614189568,0.999999999999999,0.9452,0,0.9452,0.9452,0.193677123659309,0.996933333333333,0.00509469798179982,0.00318399442973898,1
160,1.7293410019248,0.0402762459122196,0.140295392689818,1,0.997027608627962,0.0195246380359476,0.453183667123381,0.996643940705776,1,0.945333333333334,0.0546666666666667,0.99131253808947,1,0.945333333333334,0,0.945333333333334,0.945333333333334,0.195045027868957,0.996849209560556,0.00500734823738754,0.00268621483860123,1
161,1.73335503308225,0.041107943737825,0.137328036429543,0.999999999999999,0.997799999999999,0.0204285953360178,0.454030458745681,0.996576062135596,0.999999999999999,0.947,0.053,0.990952787815263,0.999999999999999,0.947,0,0.947,0.947,0.190322708582258,0.997666666666666,0.00494387985558725,0.00276984363014743,0.999999999999999
162,1.73712340971572,0.0397005443130895,0.134152130982956,1,0.997266666666666,0.0208,0.464576377527089,0.996768259171575,1,0.945,0.055,0.991222388456375,1,0.945,0,0.945,0.945,0.188334453327902,0.997133333333333,0.00541499641181412,0.0030175773825125,1
163,1.74127786436097,0.0384672634333367,0.134066666666667,1,0.997266666666667,0.0189333333333333,0.464214125067554,0.996421920059179,1,0.944266666666667,0.0557333333333333,0.990244353858214,1,0.944266666666667,0,0.944266666666667,0.944266666666667,0.188581579936297,0.997066666666667,0.00370055061640136,0.00274162119147441,1
164,1.74294762694208,0.037212360200933,0.129834519043173,0.999999999999999,0.996866666666666,0.0190666666666667,0.464646258153955,0.99668674914176,0.999999999999999,0.944666666666667,0.0553333333333334,0.989644359182081,0.999999999999999,0.944666666666667,0,0.944666666666667,0.944666666666667,0.184088811497606,0.996733333333333,0.00470832460080742,0.00310587007552281,0.999999999999999
165,1.74574062125421,0.0350274833380128,0.127986867125565,1,0.997133333333334,0.0191333333333333,0.464523069279241,0.996841983857575,1,0.945400000000001,0.0546,0.990732350940595,1,0.945400000000001,0,0.945400000000001,0.945400000000001,0.181375172622735,0.997,0.00438552617517486,0.00313696711092572,0.999999999999999
166,1.74792028153071,0.0343388580774837,0.127801193156891,1,0.996907438431981,0.0178264636757439,0.465579218903705,0.996278360381643,1,0.944000000000001,0.056,0.99114787889485,1,0.944000000000001,0,0.944000000000001,0.944000000000001,0.182828817318036,0.996733333333334,0.00425237307297488,0.00271191382221068,1
167,1.75049635347922,0.0329698945823919,0.126793209757039,1,0.996822974394942,0.0169719341130019,0.469938376874936,0.996544036545925,1,0.942266666666667,0.0577333333333333,0.990267855960185,1,0.942266666666667,0,0.942266666666667,0.942266666666667,0.182251068047409,0.9966,0.00403783817046827,0.00196981983315376,1
168,1.75411641203762,0.0319074266109945,0.121486323576467,1,0.996455393627902,0.0172550584737518,0.470119167820166,0.996575135277886,1,0.9416,0.0584,0.991320207846845,1,0.9416,0,0.9416,0.9416,0.178197799224334,0.996266666666666,0.00463745800121942,0.0024224733392015,1
169,1.75797527665084,0.0306873418878488,0.120498147480358,1,0.996466666666666,0.0177721689468059,0.472029079950238,0.996606271059376,1,0.940266666666667,0.0597333333333333,0.990124032861752,1,0.940266666666667,0,0.940266666666667,0.940266666666667,0.178530622275213,0.996133333333333,0.00507557603335131,0.00272635649967868,1
170,1.76210514651047,0.0328916112562979,0.121733100269412,0.999999999999999,0.996764322974643,0.0183172813032934,0.475626989550951,0.996566262211083,0.999999999999999,0.939533333333333,0.0604666666666667,0.988118507047709,0.999999999999999,0.939533333333333,0,0.939533333333333,0.939533333333333,0.179746424860849,0.996266666666666,0.00547461757121595,0.00255523679897233,1
171,1.76724269867161,0.031976474844427,0.121081449226303,1,0.996661379460757,0.0180168524547408,0.483875209471626,0.996491474189041,1,0.937933333333333,0.0620666666666667,0.987975134821803,1,0.937933333333333,0,0.937933333333333,0.937933333333333,0.180624230808053,0.996133333333333,0.00390849105977297,0.0025527382873014,1
172,1.76963864285997,0.0333625244401367,0.124085374872607,0.999999999999999,0.996103893050643,0.0198787173498338,0.484220516279381,0.996982236792448,0.999999999999999,0.938066666666666,0.0619333333333333,0.987711229190822,0.999999999999999,0.938066666666666,0,0.938066666666666,0.938066666666666,0.183514441484115,0.995533333333332,0.00458570288688356,0.00332253618538973,1
173,1.7718739914673,0.0297605010539882,0.120459575067853,1,0.994933333333334,0.0178288421914652,0.488459124489749,0.996691696240924,1,0.938,0.062,0.987531289533695,1,0.938,0,0.938,0.938,0.180197686167629,0.994561072345126,0.00508059468978626,0.00232894044659406,0.999999999999999
174,1.77669271971177,0.0293956135250995,0.123332135934808,1,0.993852751012132,0.0178406373192312,0.493275549943128,0.996740834310725,1,0.940066666666667,0.0599333333333334,0.988528295555877,1,0.940066666666667,0,0.940066666666667,0.940066666666667,0.180231822508099,0.993466666666666,0.00473378797735853,0.00288621052752951,1
175,1.7798727131839,0.0295678883315523,0.121349685519793,1,0.993748483851985,0.0174136937254338,0.486662831957761,0.996733599828543,1,0.9404,0.0596,0.987330287796479,1,0.9404,0,0.9404,0.9404,0.178493781366375,0.993175128202277,0.00499243807947491,0.00239828760283802,1
176,1.78448997083116,0.0279554201558558,0.118648311471413,1,0.994266666666667,0.0169557307385986,0.491528684454857,0.996595244623704,1,0.939333333333333,0.0606666666666667,0.987084358349366,1,0.939333333333333,0,0.939333333333333,0.939333333333333,0.176985772891305,0.993533333333333,0.00412984047514412,0.00290988056409676,1
177,1.78666697705724,0.0272,0.120367222397409,1,0.993266666666667,0.0155028743863197,0.498564048320103,0.996608452735532,1,0.9392,0.0608,0.987146430859643,1,0.9392,0,0.9392,0.9392,0.179339819587879,0.992533333333333,0.00521644393467034,0.00287683116265281,1
178,1.79084708593611,0.0287526682049781,0.122092730599487,1,0.992666666666667,0.0152,0.49519720316341,0.996348467990987,1,0.941666666666667,0.0583333333333333,0.989153454726503,1,0.941666666666667,0,0.941666666666667,0.941666666666667,0.179073877794501,0.992,0.00434538222490165,0.00302450759063602,1
179,1.79302679679266,0.0278666666666667,0.119703852623365,1,0.992960503967527,0.0148883833487368,0.500075796632849,0.996559019096578,1,0.940733333333334,0.0592666666666667,0.988250978233782,1,0.940733333333334,0,0.940733333333334,0.940733333333334,0.177990411241518,0.992066666666668,0.00445891407594884,0.0026598752841795,1
180,1.79624971872278,0.0285333333333333,0.124113446258672,0.999999999999999,0.991773491133454,0.0158666666666667,0.505594554539321,0.996567706074209,0.999999999999999,0.938,0.062,0.987871788060149,0.999999999999999,0.938,0,0.938,0.938,0.185078735631398,0.991066666666666,0.00453052058807089,0.00223154229880121,1
181,1.80037226533131,0.0261935612762042,0.122286316732677,1,0.992134594686481,0.0151742562386145,0.508329943778256,0.996865328136603,1,0.938333333333333,0.0616666666666666,0.988533006557797,1,0.938333333333333,0,0.938333333333333,0.938333333333333,0.182584495383101,0.9912,0.00442954521042702,0.0030497506345668,1
182,1.80285640921754,0.0268666666666667,0.116734567209679,1,0.992250987058338,0.0163057447143515,0.505964051159638,0.996721208766903,1,0.937533333333334,0.0624666666666667,0.987620000053622,1,0.937533333333334,0,0.937533333333334,0.937533333333334,0.178514260505055,0.991000000000001,0.00401527761048953,0.00296460770267838,0.999999999999999
183,1.80475061619481,0.028688319500355,0.119777239259791,0.999999999999999,0.991866666666666,0.0185333333333333,0.507442225719451,0.996566634488198,0.999999999999999,0.937133333333333,0.0628666666666667,0.987077435302087,0.999999999999999,0.937133333333333,0,0.937133333333333,0.937133333333333,0.181944891124007,0.990888513264885,0.00425076399243402,0.00319354049863634,1
184,1.8066586409467,0.0278798499873308,0.118801235273833,1,0.991749283412297,0.0178463559111957,0.506923957129351,0.996850034033584,1,0.9372,0.0628,0.986770068912978,1,0.9372,0,0.9372,0.9372,0.181281310512965,0.990942042744534,0.00504508950954389,0.00319519378595604,1
185,1.81000077104057,0.0259594615355095,0.11684307810462,0.999999999999998,0.992627617047808,0.0161333333333333,0.513019463454503,0.996799343418505,0.999999999999998,0.938799999999999,0.0612,0.986919832846527,0.999999999999998,0.938799999999999,0,0.938799999999999,0.938799999999999,0.178202681822527,0.991741013740671,0.00460628235119539,0.00340958230843693,1
186,1.81205735956542,0.0265998468179635,0.119401303813969,0.999999999999999,0.993733333333333,0.0179186877400547,0.51406432353759,0.996711281586718,0.999999999999999,0.942066666666667,0.0579333333333333,0.987916206234167,0.999999999999999,0.942066666666667,0,0.942066666666667,0.942066666666667,0.177555679628713,0.992599999999999,0.00408266282170474,0.00306129855475601,1
187,1.81390813020214,0.0260606927941891,0.115424259887267,0.999999999999999,0.993466666666666,0.0174,0.511020302715015,0.996732105954197,0.999999999999999,0.942533333333333,0.0574666666666666,0.989007998787105,0.999999999999999,0.942533333333333,0,0.942533333333333,0.942533333333333,0.173356634127971,0.992599999999999,0.00395898673521856,0.0027512375067004,1
188,1.81609887634699,0.0251996565366145,0.115966730619826,1,0.994217952473782,0.0167400909767531,0.511325486816253,0.996467486664543,1,0.942133333333333,0.0578666666666666,0.987580175909608,1,0.942133333333333,0,0.942133333333333,0.942133333333333,0.174630576184351,0.993133333333333,0.00462021513811897,0.00286746791844,1
189,1.81928203860317,0.0260774988116629,0.121686071050052,1,0.993747802561794,0.0176803200398697,0.511993800785026,0.996780470376594,1,0.9402,0.0598,0.985428856853782,1,0.9402,0,0.9402,0.9402,0.182371583521321,0.992858285287683,0.00585122644486765,0.00250513089970997,1
190,1.82533711409349,0.025426082918811,0.124129798448183,0.999999999999999,0.9944,0.0173546900907956,0.51524472838611,0.996645702586815,0.999999999999999,0.9424,0.0576,0.985463874723849,0.999999999999999,0.9424,0,0.9424,0.9424,0.182586505372955,0.9938,0.00531384363649196,0.00264651361926827,1
191,1.83020589056946,0.0239062873122709,0.123970652188669,1,0.9952,0.017137788761847,0.521112003275886,0.996565565504398,1,0.942466666666666,0.0575333333333333,0.986306879786573,1,0.942466666666666,0,0.942466666666666,0.942466666666666,0.18242235852594,0.994334993096315,0.00524696735263968,0.00269679292827301,1
192,1.83487323482292,0.0265338870768545,0.126371685044867,1,0.993944256007646,0.0186174555923641,0.522739845990432,0.996456882075815,1,0.940866666666667,0.0591333333333333,0.986661819527699,1,0.940866666666667,0,0.940866666666667,0.940866666666667,0.186274273628966,0.993333333333333,0.00384839249351207,0.00239689862601579,0.999999999999999
193,1.83752225401924,0.0247080066842654,0.125103168119807,1,0.992733333333333,0.0173671770863109,0.5256058787168,0.996596157575016,1,0.940466666666666,0.0595333333333333,0.986342155333136,1,0.940466666666666,0,0.940466666666666,0.940466666666666,0.18555898277506,0.992333333333333,0.00488749220577341,0.00219086702439892,1
194,1.84247736280076,0.0229333333333333,0.121084390558036,0.999999999999999,0.993782714030666,0.0165266069208749,0.525333635603187,0.996841404296412,0.999999999999999,0.941066666666667,0.0589333333333333,0.986313140150005,0.999999999999999,0.941066666666667,0,0.941066666666667,0.941066666666667,0.180894396407917,0.9934,0.0039805041528284,0.00257443439684486,1
195,1.84506801449668,0.0220826508454037,0.123277776411113,1,0.9936,0.0154,0.535372052909325,0.996640896793683,1,0.94,0.06,0.985820663750503,1,0.94,0,0.94,0.94,0.183632337856687,0.993333333333334,0.00565043351448601,0.00252644901656478,1
196,1.85083197837158,0.0229105775479405,0.119468879465145,1,0.99486062109917,0.0152563717245211,0.53653718516833,0.996572059518737,1,0.938733333333333,0.0612666666666666,0.986039545600286,1,0.938733333333333,0,0.938733333333333,0.938733333333333,0.181218603124093,0.994383760154524,0.00437507741301251,0.00263185380081349,1
197,1.85405839237849,0.0239374541247053,0.119039447512597,1,0.994466666666667,0.0145031393041428,0.529928298982186,0.99668300617617,1,0.9392,0.0608,0.986838790169529,1,0.9392,0,0.9392,0.9392,0.180411872529148,0.994014625450447,0.00560988067679493,0.00297151824265078,1
198,1.85883630140912,0.0219475880425555,0.114832950111174,1,0.994333333333333,0.0134666666666667,0.526475840069621,0.996793609279829,1,0.9416,0.0584,0.987461014498063,1,0.9416,0,0.9416,0.9416,0.173877650457026,0.993733333333333,0.0049323112801464,0.00339926388983907,1
199,1.86168598555,0.0219900780092489,0.114929707665366,0.999999999999999,0.994933333333332,0.0139129628218526,0.531390453848404,0.996816379024835,0.999999999999999,0.942866666666666,0.0571333333333333,0.988035420211127,0.999999999999999,0.942866666666666,0,0.942866666666666,0.942866666666666,0.173140145566876,0.994333333333332,0.00461176281406856,0.00243371433633934,1
200,1.86574082787684,0.0217313115383304,0.115586333777545,1,0.995528920437055,0.0131333333333333,0.534560714283875,0.996471189512869,1,0.945733333333333,0.0542666666666666,0.988927618163301,1,0.945733333333333,0,0.945733333333333,0.945733333333333,0.170720850003482,0.994763235670351,0.00429369429513108,0.00292595672609358,1
201,1.86829267170121,0.0220213976049324,0.113573032131659,0.999999999999999,0.994744259125369,0.0133264262109326,0.536815650519123,0.996510775413149,0.999999999999999,0.9446,0.0554,0.989972496704024,0.999999999999999,0.9446,0,0.9446,0.9446,0.17007662822455,0.994,0.00366444432635744,0.00343727050299724,1
202,1.8687170988906,0.0227999346968344,0.112383360901042,0.999999999999999,0.994065985992096,0.0126348091662822,0.542992733539688,0.996511493340021,0.999999999999999,0.9428,0.0572,0.990103154872691,0.999999999999999,0.9428,0,0.9428,0.9428,0.17059442970151,0.992999999999999,0.00536316836706737,0.00341818144530292,0.999999999999999
203,1.87224166967239,0.0252,0.118564390351163,1,0.992999999999999,0.0136122315800218,0.544719458108797,0.996704241702104,1,0.941733333333333,0.0582666666666666,0.988475951291741,1,0.941733333333333,0,0.941733333333333,0.941733333333333,0.177470234582607,0.991871884972257,0.00380762413523639,0.00220138225093397,1
204,1.87524894265976,0.0257908283357192,0.119704425398594,1,0.993230333553158,0.0133333333333333,0.538219939343658,0.996687228852598,1,0.943333333333333,0.0566666666666666,0.989881976966298,1,0.943333333333333,0,0.943333333333333,0.943333333333333,0.176795467350674,0.992266666666667,0.00578228435351579,0.00270481243952949,1
205,1.88101996861253,0.0262,0.117895047285613,1,0.9916,0.0137724203172836,0.538556477366887,0.996822157293854,1,0.944266666666667,0.0557333333333333,0.990104476261596,1,0.944266666666667,0,0.944266666666667,0.944266666666667,0.174219120825029,0.990727434355848,0.00489453586713447,0.00244876471434341,1
206,1.88562051298958,0.0277045292479014,0.119867637450779,1,0.991866666666667,0.0145333333333333,0.541393242939565,0.99680954263909,1,0.947333333333333,0.0526666666666667,0.990857122365023,1,0.947333333333333,0,0.947333333333333,0.947333333333333,0.173361358404243,0.991266666666667,0.00467161525104952,0.00276085375019345,1
207,1.88922348407103,0.0274345526795695,0.120713966941364,0.999999999999999,0.991777816250932,0.0134185168855643,0.547147093702945,0.996601515710525,0.999999999999999,0.944466666666666,0.0555333333333333,0.990309792287108,0.999999999999999,0.944466666666666,0,0.944466666666666,0.944466666666666,0.177082960223246,0.990890156300936,0.00466750471053894,0.00294889601541421,1
208,1.89247031997779,0.0292666666666667,0.12011585524477,1,0.99230382730151,0.0145525603456425,0.548394508810532,0.996850085638717,1,0.942666666666667,0.0573333333333333,0.990261635591827,1,0.942666666666667,0,0.942666666666667,0.942666666666667,0.17839976516565,0.991140038430224,0.00440941227399806,0.00304167962972581,1
209,1.89505871341273,0.0277427588186651,0.120398027698959,1,0.992555109393816,0.0138464834485018,0.553074654084001,0.996640816255225,1,0.9402,0.0598,0.990024293076848,1,0.9402,0,0.9402,0.9402,0.181214169090147,0.991535098561909,0.00462426818760332,0.00255042993545269,1
210,1.89898875866268,0.0304979257085988,0.123741140527326,0.999999999999999,0.994749445237477,0.0147137297024679,0.557020775649816,0.996900330137208,0.999999999999999,0.941066666666667,0.0589333333333333,0.990854186970666,0.999999999999999,0.941066666666667,0,0.941066666666667,0.941066666666667,0.183505186860764,0.993866666666666,0.00487922508177597,0.00337647150638076,1
211,1.9018424708094,0.0311996435041457,0.122265510924238,1,0.9954,0.014223115531907,0.560988158424386,0.996686102611654,1,0.942466666666667,0.0575333333333333,0.991449990231199,1,0.942466666666667,0,0.942466666666667,0.942466666666667,0.180412728777609,0.994423582075719,0.00516239661457252,0.00256928220141756,1
212,1.906774165932,0.0293723759649326,0.123033206621884,1,0.994853849504939,0.0138666666666667,0.569708906462956,0.996664457122135,1,0.944333333333333,0.0556666666666666,0.992088230604514,1,0.944333333333333,0,0.944333333333333,0.944333333333333,0.179354872531243,0.994090362960323,0.00513675462443318,0.00225123544133214,1
213,1.91227619936564,0.0290309786636892,0.12451338569175,0.999999999999999,0.994533333333333,0.0136666666666667,0.564742798346862,0.996699743713701,0.999999999999999,0.9454,0.0546,0.992183283748658,0.999999999999999,0.9454,0,0.9454,0.9454,0.180182405166499,0.993933333333333,0.00507677901724142,0.00291359642020853,1
214,1.91628531688087,0.0273423772198377,0.121550285431105,1,0.995333040206304,0.0126,0.57050119211927,0.996676549626194,1,0.948266666666666,0.0517333333333334,0.993221671733473,1,0.948266666666666,0,0.948266666666666,0.948266666666666,0.174321073595706,0.994933333333333,0.00509290935985005,0.0031597902372379,1
215,1.91993645727383,0.0290562462807495,0.125885568914542,1,0.9968,0.0139969692296009,0.57943753024853,0.996741358789496,1,0.951466666666667,0.0485333333333333,0.993381051371966,1,0.951466666666667,0,0.951466666666667,0.951466666666667,0.175667416471349,0.996333333333334,0.00465514017610304,0.00300819828681529,1
216,1.92309848105008,0.0307973389763744,0.124389962526909,1,0.997066666666667,0.0158666666666667,0.579531402254014,0.996753625028435,1,0.952533333333334,0.0474666666666667,0.992812539452122,1,0.952533333333334,0,0.952533333333334,0.952533333333334,0.172927927688164,0.9966,0.00431746390397015,0.00267856151369878,0.999999999999999
217,1.9262502517474,0.028868221157749,0.12376425020363,1,0.99730689432515,0.0152,0.58503220189631,0.996593671826862,1,0.951666666666666,0.0483333333333333,0.991846736101581,1,0.951666666666666,0,0.951666666666666,0.951666666666666,0.172557367157175,0.996933333333333,0.00520706760602438,0.0028065024024544,0.999999999999999
218,1.93087434107512,0.0293929507560344,0.126598545891503,0.999999999999999,0.998133333333333,0.0148666666666667,0.583524298618171,0.996648262160105,0.999999999999999,0.952333333333333,0.0476666666666666,0.991896021732367,0.999999999999999,0.952333333333333,0,0.952333333333333,0.952333333333333,0.174847221121652,0.997866666666666,0.00486474533952482,0.00216294983323095,1
219,1.93609116869305,0.0321418555214867,0.126231240271568,1,0.9982,0.0169987564738249,0.588996761734866,0.996451255888982,1,0.9512,0.0488,0.991603954756332,1,0.9512,0,0.9512,0.9512,0.175676098779442,0.998020873276005,0.00512135266345403,0.00294619142922679,1
220,1.94021786191453,0.0323808298173674,0.124718598652628,1,0.997933333333333,0.0172186908867279,0.587505524560262,0.996704188520088,1,0.951533333333333,0.0484666666666667,0.992682575134677,1,0.951533333333333,0,0.951533333333333,0.951533333333333,0.173896224592482,0.9976,0.00521980724823447,0.00327083338115515,1
221,1.94399929582384,0.0333657285248948,0.125917133763302,1,0.997400000000001,0.0178444295414077,0.591538271192087,0.996798895309684,1,0.955000000000001,0.045,0.994413188997072,1,0.955000000000001,0,0.955000000000001,0.955000000000001,0.171433822378989,0.997200000000001,0.00454808607076828,0.00302837935217141,1
222,1.94695360461465,0.0347647063155561,0.129509215634798,1,0.9972,0.0171169430883296,0.590749024984314,0.99660890922277,1,0.953866666666668,0.0461333333333333,0.994948321588424,1,0.953866666666668,0,0.953866666666668,0.953866666666668,0.176370116853909,0.997,0.0052585588901455,0.00250534596716382,1
223,1.95218418553235,0.0374387808798311,0.129338928924988,1,0.997666666666667,0.0166236125885731,0.593124980491569,0.996824135996944,1,0.955000000000001,0.045,0.993280236036073,1,0.955000000000001,0,0.955000000000001,0.955000000000001,0.174793474966598,0.9972,0.00486828586215242,0.00288304483250042,1
224,1.9560597416749,0.0374674372774362,0.124849371342836,1,0.997733333333333,0.0171401455952594,0.588706657782448,0.996787039545135,1,0.955266666666667,0.0447333333333333,0.99333961099616,1,0.955266666666667,0,0.955266666666667,0.955266666666667,0.170210411831463,0.997466666666667,0.00497885834647028,0.00291863896453852,1
225,1.96008965386692,0.0413577451770147,0.127258690652982,0.999999999999999,0.997733333333333,0.0186848142767294,0.585447058817803,0.99690002984458,0.999999999999999,0.960066666666667,0.0399333333333333,0.993641111336103,0.999999999999999,0.960066666666667,0,0.960066666666667,0.960066666666667,0.167877655246768,0.997333333333333,0.00388723631225898,0.00224049738339195,1
226,1.96331740980401,0.0403546923424768,0.126398076556707,1,0.997955363568944,0.0182422377426889,0.58776533962957,0.99628133851184,1,0.960533333333333,0.0394666666666666,0.993089885871059,1,0.960533333333333,0,0.960533333333333,0.960533333333333,0.166841437080444,0.997666666666666,0.0047988945109139,0.00228049262805842,1
227,1.9682618320655,0.0399007575063626,0.126622704408022,1,0.9976,0.0158881575328064,0.584644544854183,0.996719227746455,1,0.957866666666667,0.0421333333333333,0.991957693314078,1,0.957866666666667,0,0.957866666666667,0.957866666666667,0.169523355899895,0.9974,0.00508670599748368,0.00278316739754754,1
228,1.97279068077894,0.0407840274575012,0.125900185193964,1,0.9968,0.0156004897103764,0.588407542804284,0.99693909689398,1,0.959733333333334,0.0402666666666667,0.993215874736562,1,0.959733333333334,0,0.959733333333334,0.959733333333334,0.167055536192998,0.9968,0.00440211445704918,0.00321299069906448,1
229,1.97513657304698,0.0425542782022173,0.12602648957496,0.999999999999999,0.997066666666666,0.0157811679929263,0.58435801336291,0.996775330735233,0.999999999999999,0.960466666666666,0.0395333333333333,0.993019237068733,0.999999999999999,0.960466666666666,0,0.960466666666666,0.960466666666666,0.166575587887632,0.997066666666666,0.00507721104801661,0.00238206749299633,1
230,1.98045984965211,0.0407333333333333,0.126036826756804,0.999999999999999,0.997199999999999,0.0155296567939345,0.586305307810757,0.99667799072212,0.999999999999999,0.961733333333333,0.0382666666666667,0.992805111029733,0.999999999999999,0.961733333333333,0,0.961733333333333,0.961733333333333,0.164997845856653,0.997199999999999,0.00476330865530343,0.00298965018701588,1
231,1.98384047837891,0.0426,0.129340014127438,1,0.996533333333333,0.0180757026079067,0.593105476458518,0.996525398564357,1,0.9624,0.0376,0.993193893384176,1,0.9624,0,0.9624,0.9624,0.167756571995548,0.996533333333333,0.00500687787722354,0.00348769676885492,1
232,1.98685429135568,0.0414010346106037,0.12926115772744,1,0.9966,0.0155945825354317,0.593921123942912,0.996562580046046,1,0.9608,0.0392,0.993637971255304,1,0.9608,0,0.9608,0.9608,0.168984671774338,0.996533333333333,0.00495403128381175,0.00292278249664944,1
233,1.99089008672526,0.0401333333333333,0.129321476768605,1,0.997,0.014770422050212,0.594975844796808,0.996584160618695,1,0.9612,0.0388,0.994420868198358,1,0.9612,0,0.9612,0.9612,0.168848563961716,0.997,0.00423494502620862,0.00340596268904203,1
234,1.9925404994424,0.0442551352756203,0.130955222313821,1,0.996466666666666,0.0162871479948713,0.592351687505538,0.99677108555143,1,0.9606,0.0394,0.994445319920449,1,0.9606,0,0.9606,0.9606,0.170946128760955,0.996466666666666,0.00405238724581887,0.00288602462037697,1
235,1.99486452421062,0.0421333333333333,0.1296,1,0.9964,0.0167333333333333,0.592536116132351,0.996586501555426,1,0.963266666666666,0.0367333333333333,0.994546543672636,1,0.963266666666666,0,0.963266666666666,0.963266666666666,0.166638404915761,0.9964,0.00487552083400762,0.00316234974577639,0.999999999999999
236,1.99828206843844,0.0433333333333333,0.131846824120892,1,0.996133333333333,0.0178,0.586965124010927,0.996555606204978,1,0.960999999999999,0.039,0.995335712363879,1,0.960999999999999,0,0.960999999999999,0.960999999999999,0.171242239509696,0.996066666666666,0.00399695921598018,0.0027822626914061,0.999999999999999
237,2.0006253688107,0.0462504408215384,0.134917971823357,1,0.995719111560174,0.0193946546601156,0.585938333935191,0.996428435927729,1,0.9596,0.0404,0.994780525006309,1,0.9596,0,0.9596,0.9596,0.175794019983671,0.9956,0.00571991153142031,0.00406547163637364,1
238,2.0039352832359,0.0456701517232307,0.134614750440393,0.999999999999999,0.996333333333333,0.0185503041761661,0.58794470567743,0.996627289157363,0.999999999999999,0.961199999999999,0.0388,0.994495041012073,0.999999999999999,0.961199999999999,0,0.961199999999999,0.961199999999999,0.173977656789902,0.9962,0.00475577337942425,0.00279670455611538,1
239,2.00786113037322,0.0442256836820346,0.135948542223772,1,0.9966,0.0182666666666667,0.589044402032996,0.99708272666284,1,0.963533333333333,0.0364666666666666,0.995723244260783,1,0.963533333333333,0,0.963533333333333,0.963533333333333,0.173227382880749,0.9964,0.0040058407712616,0.00279325014107365,1
240,2.01029531919496,0.0420399468804759,0.135625218993487,1,0.996918648114879,0.0172860860109324,0.586092042342611,0.996995296836275,1,0.965133333333334,0.0348666666666667,0.996331862449236,1,0.965133333333334,0,0.965133333333334,0.965133333333334,0.171865953488533,0.9966,0.00515056375603695,0.00336724417174889,1
241,2.01388031820788,0.0421825517308608,0.134157993673823,1,0.997533333333334,0.0164482977880672,0.589528370932468,0.996867741769118,1,0.967933333333334,0.0320666666666667,0.996746963548523,1,0.967933333333334,0,0.967933333333334,0.967933333333334,0.167261791013755,0.997133333333334,0.00454693074732259,0.00279995163786184,1
242,2.01739852505274,0.0428666666666667,0.136396584063899,1,0.997375113441389,0.0175754170179792,0.590407687180442,0.99670418987845,1,0.966133333333333,0.0338666666666666,0.996329785853457,1,0.966133333333333,0,0.966133333333333,0.966133333333333,0.171096702999729,0.997066666666667,0.00511595287667617,0.00294121942690446,1
243,2.02176035236168,0.0432666666666667,0.136472530271054,1,0.997733333333333,0.0196,0.595645642455549,0.996659087806351,1,0.966533333333333,0.0334666666666667,0.996694032848311,1,0.966533333333333,0,0.966533333333333,0.966533333333333,0.170553988477379,0.9976,0.00512008139513208,0.00290263460703027,1
244,2.02624349836133,0.0459379373520007,0.136611314892431,1,0.997333333333333,0.0203584521905825,0.592945285458663,0.996641272204316,1,0.964466666666666,0.0355333333333333,0.996735484906029,1,0.964466666666666,0,0.964466666666666,0.964466666666666,0.172754541700938,0.997133333333333,0.00395503266197188,0.00231232386234923,0.999999999999999
245,2.02957202638627,0.0445898958929269,0.136491403402279,0.999999999999999,0.997533333333332,0.0192666666666667,0.596590089410553,0.996407350286027,0.999999999999999,0.963933333333333,0.0360666666666667,0.996918391289125,0.999999999999999,0.963933333333333,0,0.963933333333333,0.963933333333333,0.173221128613347,0.997199999999999,0.00506748922259217,0.00258675305790442,0.999999999999999
246,2.03460685911096,0.0440178383433656,0.137006116614875,1,0.9974,0.0186948592783121,0.591169927283092,0.996916192422,1,0.964333333333333,0.0356666666666667,0.996351355537824,1,0.964333333333333,0,0.964333333333333,0.964333333333333,0.173453693834406,0.997133333333333,0.00560313030876475,0.00316645267384558,0.999999999999999
247,2.03956454014041,0.0397660808081606,0.130955216088099,1,0.997666666666666,0.0164082765075135,0.59700646555967,0.996475379069887,1,0.965666666666667,0.0343333333333333,0.996202412905842,1,0.965666666666667,0,0.965666666666667,0.965666666666667,0.166297657879783,0.997466666666666,0.00465114053658347,0.00262329137557222,1
248,2.04370046938196,0.0407081748495413,0.131708663382931,1,0.997466666666666,0.0154,0.597775138464064,0.996507395023953,1,0.963933333333333,0.0360666666666666,0.99556914268243,1,0.963933333333333,0,0.963933333333333,0.963933333333333,0.168846490918262,0.9974,0.00477498500641103,0.00271131060919292,0.999999999999999
249,2.04791800171621,0.0441934407339264,0.13521962353838,1,0.997600000000001,0.0168666417636941,0.600198194166189,0.996589908229222,1,0.965600000000001,0.0344,0.995044331639122,1,0.965600000000001,0,0.965600000000001,0.965600000000001,0.170563898652782,0.997600000000001,0.00486981211929069,0.00214490926556281,1
250,2.05349837932328,0.0411734990432349,0.1280853729243,1,0.997733333333334,0.0173533510397754,0.605753318709099,0.996514950562816,1,0.965133333333334,0.0348666666666667,0.995444894330833,1,0.965133333333334,0,0.965133333333334,0.965133333333334,0.163733333333333,0.997733333333334,0.00496836714427819,0.00249057276679744,1
251,2.05858652606174,0.0434888322178231,0.12640586863055,0.999999999999999,0.997266666666666,0.0174314345065974,0.612144865930153,0.996796134828676,0.999999999999999,0.964866666666666,0.0351333333333333,0.995714099457409,0.999999999999999,0.964866666666666,0,0.964866666666666,0.964866666666666,0.162352873157725,0.997199999999999,0.00436303187792646,0.00245060173500686,1
252,2.06246388591418,0.0416539577335601,0.125747968533517,0.999999999999999,0.997628856147041,0.0172275399331962,0.61186216397927,0.996971510810088,0.999999999999999,0.964266666666666,0.0357333333333333,0.995141791748446,0.999999999999999,0.964266666666666,0,0.964266666666666,0.964266666666666,0.162401630494657,0.997533333333333,0.00420086605056902,0.002948484713329,1
253,2.06490937960124,0.0416674529701575,0.126189931888615,1,0.9976,0.0188044539206377,0.610304996347149,0.99656889283247,1,0.963866666666667,0.0361333333333333,0.995620692410205,1,0.963866666666667,0,0.963866666666667,0.963866666666667,0.162790388158731,0.9976,0.00510275177001345,0.00292841071566556,1
254,2.06936806064663,0.0424736374457972,0.121976379090667,1,0.9968,0.0170666666666667,0.606685560887149,0.99648157828217,1,0.964466666666667,0.0355333333333333,0.996660493271936,1,0.964466666666667,0,0.964466666666667,0.964466666666667,0.157905755909618,0.9968,0.00437203270830144,0.00330442270545038,1
255,2.07157733868776,0.04292065014036,0.120657058029369,1,0.9968,0.0178816931952579,0.610355436883068,0.996752929439044,1,0.965066666666667,0.0349333333333333,0.996628665426814,1,0.965066666666667,0,0.965066666666667,0.965066666666667,0.156258893478712,0.9968,0.00437237551652756,0.00313543879589716,1
256,2.07396133460855,0.0439239931957706,0.121130098748931,1,0.996666666666666,0.0187196757372466,0.611251371250971,0.996829839424707,1,0.964,0.036,0.996855611436152,1,0.964,0,0.964,0.964,0.158646101519076,0.996666666666666,0.00553805531208439,0.0023009349180613,1
257,2.08067499714122,0.0428720241691751,0.120617185222769,1,0.997,0.0184666666666667,0.614319279145602,0.996517593767932,1,0.9656,0.0344,0.996198913398127,1,0.9656,0,0.9656,0.9656,0.15659886255279,0.997,0.00470997919466812,0.00337871140451001,0.999999999999999
258,2.0834449327467,0.0412545932285352,0.118448948429221,1,0.9972,0.0194542143381318,0.624704115705916,0.996539952266248,1,0.964333333333333,0.0356666666666667,0.996150765659179,1,0.964333333333333,0,0.964333333333333,0.964333333333333,0.1552599620659,0.9972,0.00534284441087872,0.00274549883241824,1
259,2.08885635923074,0.0398611179739349,0.117615948284876,1,0.997066666666666,0.0181195881423568,0.619234840304655,0.996575455475698,1,0.963933333333333,0.0360666666666667,0.995785359487019,1,0.963933333333333,0,0.963933333333333,0.963933333333333,0.15454376605211,0.997066666666666,0.0051711275975868,0.00297360686434099,1
260,2.09342297783512,0.039301672660671,0.116995545049671,0.999999999999999,0.997799999999999,0.0163920724502929,0.617233523410943,0.996927460588125,0.999999999999999,0.966066666666666,0.0339333333333333,0.995616616495154,0.999999999999999,0.966066666666666,0,0.966066666666666,0.966066666666666,0.151318418208494,0.997799999999999,0.004706451829519,0.00233610592913106,1
261,2.0983851144084,0.0398440200993631,0.118364537948269,1,0.998266666666667,0.0181623271951998,0.611671129340744,0.996599023765795,1,0.9676,0.0324,0.995203839655161,1,0.9676,0,0.9676,0.9676,0.151218804088058,0.998266666666667,0.00512661267202192,0.00297488002667368,1
262,2.10276038582063,0.040469342152368,0.116696864909072,0.999999999999999,0.998133333333333,0.0191904428030981,0.60747657504632,0.996442912069661,0.999999999999999,0.969799999999999,0.0302,0.995195391957194,0.999999999999999,0.969799999999999,0,0.969799999999999,0.969799999999999,0.147551262537556,0.998133333333333,0.00470227701641032,0.0026400253992897,1
263,2.10687976450046,0.0414666666666667,0.117871771942829,1,0.998733333333333,0.0197870829192436,0.610223674745248,0.996676120041978,1,0.970266666666666,0.0297333333333333,0.99580458836898,1,0.970266666666666,0,0.970266666666666,0.970266666666666,0.14805659683543,0.998733333333333,0.00458932989417954,0.00242445960106848,1
264,2.11144088591378,0.0407052689081815,0.115838724769784,1,0.998933333333333,0.0182456328857874,0.607787323089001,0.996638871187363,1,0.968,0.032,0.995287702835554,1,0.968,0,0.968,0.968,0.148342326167665,0.998933333333333,0.00469339346767793,0.00333069875596243,1
265,2.11420018600877,0.0427977601884243,0.117019665619097,1,0.998666666666666,0.0191049508920635,0.607291836013957,0.996515025479151,1,0.9698,0.0302,0.99415406135674,1,0.9698,0,0.9698,0.9698,0.148015701967708,0.998666666666666,0.00518396801821821,0.00233000449332372,1
266,2.12023403622396,0.0424666666666667,0.119709009049198,1,0.9986,0.0183333333333333,0.605629752395703,0.996807978174795,1,0.969466666666667,0.0305333333333333,0.994182381352558,1,0.969466666666667,0,0.969466666666667,0.969466666666667,0.151020278835334,0.9986,0.00526984945144037,0.00339112299578061,1
267,2.12421737600001,0.0444666666666667,0.121640542244989,1,0.9988,0.0194457346627445,0.601806154239612,0.996715355456028,1,0.969066666666667,0.0309333333333333,0.993170265986093,1,0.969066666666667,0,0.969066666666667,0.969066666666667,0.153368944152487,0.9988,0.00523139509496754,0.00239740394467512,1
268,2.13023738924489,0.0445747481358236,0.124079494995458,1,0.9984,0.0208023598685737,0.607181645048204,0.996676690338456,1,0.9694,0.0306,0.993809391604952,1,0.9694,0,0.9694,0.9694,0.155745999462714,0.9984,0.00436326303064382,0.00294107582110421,1
269,2.13326698561316,0.0478806494712055,0.131952660923662,1,0.998533333333333,0.0222285759512917,0.605776868463381,0.996280839121746,1,0.9716,0.0284,0.99425240587766,1,0.9716,0,0.9716,0.9716,0.160971797127018,0.998533333333333,0.00511785086122047,0.00303395616074692,1
270,2.13771248937917,0.048205112011423,0.130313147961326,1,0.998266666666666,0.0235187451685372,0.610113400318272,0.996843026108533,1,0.972,0.028,0.995327685921203,1,0.972,0,0.972,0.972,0.158659954463267,0.998266666666666,0.0052465962785942,0.00274025923253345,0.999999999999999
271,2.14302785578607,0.0462208166336261,0.125554940483692,1,0.9986,0.0228640549378446,0.610617268572545,0.996830492870658,1,0.971666666666667,0.0283333333333333,0.99558802542634,1,0.971666666666667,0,0.971666666666667,0.971666666666667,0.154657710614015,0.9986,0.00417886519854918,0.00269127666280093,1
272,2.14621579945612,0.0459333333333333,0.127028604026145,0.999999999999999,0.998866666666666,0.0224325471048594,0.601903587720781,0.996771353882304,0.999999999999999,0.972599999999999,0.0274,0.996331988090936,0.999999999999999,0.972599999999999,0,0.972599999999999,0.972599999999999,0.155375521839886,0.998866666666666,0.00498175158855856,0.00213551407697772,1
273,2.15232443937248,0.0461216020965854,0.130163781713205,1,0.998866666666667,0.0225333333333333,0.59654329233019,0.996762409033084,1,0.9722,0.0278,0.997310964703037,1,0.9722,0,0.9722,0.9722,0.158985091090608,0.998866666666667,0.0053957287376399,0.00226507562821995,1
274,2.15906262057108,0.0445080129032399,0.131769113015851,1,0.998866666666667,0.0224351186473047,0.604224290269277,0.996587028310017,1,0.970266666666667,0.0297333333333333,0.997696642415342,1,0.970266666666667,0,0.970266666666667,0.970266666666667,0.162635562752455,0.998800000000001,0.00538114819110833,0.00262820797224952,1
275,2.16500639089429,0.0453670166675946,0.13603800195765,1,0.999066666666667,0.0228,0.610406767639708,0.996568007453088,1,0.971733333333333,0.0282666666666667,0.997274096337039,1,0.971733333333333,0,0.971733333333333,0.971733333333333,0.164775736764293,0.999066666666667,0.00508057262398345,0.00216974991054985,1
276,2.17130834067163,0.044364185528925,0.137133333333333,1,0.999266666666667,0.0236205941429601,0.615141753381973,0.99649115620767,1,0.971,0.029,0.996666666666667,1,0.971,0,0.971,0.971,0.166716849599461,0.999266666666667,0.00534076413760616,0.00277087700070553,1
277,2.17672055415757,0.0442666666666667,0.133732497978973,1,0.999733333333333,0.0218666666666667,0.617747550532348,0.996683986750231,1,0.970933333333333,0.0290666666666667,0.997488826057488,1,0.970933333333333,0,0.970933333333333,0.970933333333333,0.163444087703365,0.999733333333333,0.00457226678173274,0.00318413564667796,1
278,2.17974212773111,0.0445403470248503,0.131890181271257,1,1,0.0228575452266167,0.620552951187317,0.996979306083258,1,0.9728,0.0272,0.997978230727745,1,0.9728,0,0.9728,0.9728,0.159752414531416,1,0.00424361799119739,0.00289528075635754,1
279,2.18268115520428,0.043322523942838,0.13291330142137,1,1,0.0215177010882786,0.614277922293051,0.996742282832196,1,0.973666666666667,0.0263333333333333,0.998241861429614,1,0.973666666666667,0,0.973666666666667,0.973666666666667,0.159720604760184,1,0.00440980469294054,0.00274093311774379,1
280,2.18632376974192,0.0417277140157177,0.130104373086297,1,1,0.0205871886706919,0.620120515074438,0.996691231867965,1,0.971733333333334,0.0282666666666667,0.998509672108517,1,0.971733333333334,0,0.971733333333334,0.971733333333334,0.15927561585081,1,0.00486841574864075,0.00303187163667224,1
281,2.1903390497881,0.0394707867496047,0.128689933130141,0.999999999999999,0.999999999999999,0.0200666666666667,0.629225727043263,0.99676551631776,0.999999999999999,0.972266666666666,0.0277333333333333,0.998611806287345,0.999999999999999,0.972266666666666,0,0.972266666666666,0.972266666666666,0.157205604229946,0.999999999999999,0.00507072058746029,0.00201810608693572,0.999999999999999
282,2.19702531053254,0.0365995150885023,0.127481581055465,1,1,0.0192,0.629726604138904,0.996718875523497,1,0.973533333333334,0.0264666666666667,0.998477873640029,1,0.973533333333334,0,0.973533333333334,0.973533333333334,0.154793069533702,1,0.00463874807847321,0.00218293527581177,1
283,2.20233691987145,0.0351333333333333,0.121323318303533,1,1,0.0197137622285675,0.635126381705725,0.99676946930091,1,0.971866666666667,0.0281333333333333,0.998533333333333,1,0.971866666666667,0,0.971866666666667,0.971866666666667,0.15015109897102,1,0.00503421440945069,0.00278784776459146,1
284,2.20728417606899,0.0350919990670076,0.121427948664274,1,1,0.020184850808901,0.631866666666667,0.99663492031258,1,0.971800000000001,0.0282,0.998666666666667,1,0.971800000000001,0,0.971800000000001,0.971800000000001,0.150623703093439,1,0.00488809026338998,0.00299759318833709,1
285,2.21145039648833,0.0334591297265152,0.120602322923167,1,1,0.0190905377885751,0.639387056397826,0.996734638085707,1,0.969466666666667,0.0305333333333333,0.999113246396534,1,0.969466666666667,0,0.969466666666667,0.969466666666667,0.15177680033582,1,0.00459026771656551,0.00294550756283985,1
286,2.21504763200343,0.0324877382643178,0.118157435489581,1,1,0.020089293754132,0.640950546112986,0.996712594115095,1,0.9688,0.0312,0.998776245597104,1,0.9688,0,0.9688,0.9688,0.149835560085057,1,0.00486349437633172,0.00271549564323721,1
287,2.21976129055966,0.0327353394507656,0.117644807279299,1,1,0.0213333333333333,0.642525407975278,0.9965865922217,1,0.9678,0.0322,0.998911903052651,1,0.9678,0,0.9678,0.9678,0.150590007427304,1,0.00566368561545322,0.00227201120200491,1
288,2.22728999813281,0.0324,0.12025541468587,0.999999999999999,0.999999999999999,0.021,0.639669184862568,0.996675913539235,0.999999999999999,0.969599999999999,0.0304,0.998753383414624,0.999999999999999,0.969599999999999,0,0.969599999999999,0.969599999999999,0.15142169027347,0.999999999999999,0.00482541864143397,0.00358310672225618,0.999999999999999
289,2.23005698704496,0.0313189984529157,0.117508127838033,1,1,0.0193445121609518,0.640861314042668,0.996581384294032,1,0.971933333333333,0.0280666666666667,0.998895461954963,1,0.971933333333333,0,0.971933333333333,0.971933333333333,0.146609140639329,1,0.00427020508139837,0.00223342509046807,1
290,2.23459912249481,0.0317241052644689,0.115583021412031,1,1,0.0207855069653734,0.643149214185192,0.996730329272738,1,0.971199999999999,0.0288,0.998266666666666,1,0.971199999999999,0,0.971199999999999,0.971199999999999,0.145131696764709,1,0.00478571346285077,0.00244891873672106,1
291,2.23982092193927,0.0308543077900223,0.112604028819676,1,1,0.0207127422238264,0.640948054972517,0.996772599687943,1,0.974733333333333,0.0252666666666667,0.998066666666666,1,0.974733333333333,0,0.974733333333333,0.974733333333333,0.138812580859998,1,0.00478599838188374,0.00350386168354527,1
292,2.24250841365281,0.0302880912892129,0.110712262629776,1,1,0.0203333333333333,0.638803548753743,0.996681748296621,1,0.974866666666666,0.0251333333333333,0.998502988030423,1,0.974866666666666,0,0.974866666666666,0.974866666666666,0.136905268171529,1,0.00491585070330452,0.00290385596379797,1
293,2.24700685530463,0.0309827870692071,0.11228163251809,1,1,0.0216460919941752,0.635020038963409,0.996702941931775,1,0.975933333333334,0.0240666666666667,0.998268571469678,1,0.975933333333334,0,0.975933333333334,0.975933333333334,0.137375039749616,1,0.00438916283141747,0.00285515101024715,1
294,2.25040273876213,0.0313383838412331,0.112575239069725,1,1,0.0221740947593169,0.631233807314014,0.996725344407172,1,0.974,0.026,0.998460564987994,1,0.974,0,0.974,0.974,0.139460794324966,1,0.00505248643045095,0.00377770663446172,1
295,2.25327150670634,0.0298666666666667,0.107317388650183,1,1,0.0213678620546002,0.632009520698119,0.996713467806901,1,0.975133333333333,0.0248666666666667,0.998266666666666,1,0.975133333333333,0,0.975133333333333,0.975133333333333,0.132762393593186,1,0.00444105965356992,0.00293097550788746,1
296,2.25663367688567,0.0286124686401192,0.105391225498528,1,1,0.0195535344181802,0.631931475470016,0.996608948984257,1,0.975533333333333,0.0244666666666667,0.998574430702614,1,0.975533333333333,0,0.975533333333333,0.975533333333333,0.130490060317643,1,0.00426283804292377,0.00226147300268521,1
297,2.26115002463521,0.0285107023545233,0.102520544363263,1,1,0.0196535436408053,0.633947736601975,0.996735468073361,1,0.9768,0.0232,0.998207346277706,1,0.9768,0,0.9768,0.9768,0.126109033267313,1,0.00490165838883362,0.00253726330392859,1
298,2.26634553330472,0.0260516737879907,0.102554597933103,1,1,0.0186554394980906,0.641135027575413,0.996791748577141,1,0.977866666666667,0.0221333333333333,0.998666666666667,1,0.977866666666667,0,0.977866666666667,0.977866666666667,0.125214308547448,1,0.00430633461878252,0.00330031547775309,1
299,2.26852577056004,0.0266827553359358,0.100328752083504,1,1,0.0190778362080688,0.641083739071659,0.996729054290005,1,0.974666666666667,0.0253333333333333,0.998356525830602,1,0.974666666666667,0,0.974666666666667,0.974666666666667,0.126168383620123,1,0.00485087592970281,0.00294993267629436,0.999999999999999
300,2.27283810931877,0.0276666666666667,0.103695293821736,1,1,0.0215209552274533,0.634770084562982,0.99671034019507,1,0.9746,0.0254,0.998533333333333,1,0.9746,0,0.9746,0.9746,0.129558027049477,1,0.00395433371172512,0.00315442168866024,0.999999999999999
