"X","PopRatio","KC","LC","aKC","Prol_KC","Diff_KC","preDiff_KC","pDC","iDC","M1","M2","Neutrophil","Th0","Th1","Th2","Th17","Th22","Treg","Fibroblast","Division","Death","ILC3"
0,1.36335026305308,0.0557176592512356,0.254348411418016,0.999999999999999,0.934894839349344,0.0337086159395923,0.195938506495783,0.996637943374521,0.999999999999999,0.945785785984338,0.0452,0.991787315906953,0.999999999999999,0.461179844258262,0,0.946806614213037,0.945765510173638,0.291373332182487,0.918733333333333,0.00786645501522801,0.00523508913993027,0.999999999999999
1,1.36693773641136,0.0558929950382707,0.253772144128775,1,0.934673069199109,0.0329926011810942,0.194620247883307,0.996697764265825,1,0.947451182445425,0.044,0.990489069335267,1,0.218812022299098,0,0.947603518722905,0.948313455666211,0.288287871736374,0.918764232137494,0.00467553036159065,0.00241061175364647,1
2,1.37000194844113,0.0519939656872871,0.252601356996015,1,0.933212094933158,0.0315951826617199,0.201555262989669,0.997068778309285,1,0.948079755716761,0.0436,0.990423107270036,1,0.106619124033302,0,0.947635287973005,0.949270547798807,0.286903809912435,0.918805541268047,0.00517623199735182,0.00212007959471299,0.999999999999999
3,1.37418888318748,0.048943656097168,0.253744576506052,0.999999999999999,0.937912980507769,0.0288467228181524,0.202279166307753,0.996694811694328,0.999999999999999,0.948637115174941,0.0428,0.990984473368261,0.999999999999999,0.0534901604618336,0,0.949762439587949,0.949553093031367,0.287998653815011,0.924129709961172,0.0049148008945856,0.00280833209672595,1
4,1.37708356919227,0.0516031962751281,0.247394495137118,0.999999999999998,0.937736819502793,0.0291434066626828,0.204991826405231,0.996603986423992,0.999999999999998,0.952790305429828,0.0402666666666667,0.991866666666665,0.999999999999998,0.0261689839411814,0,0.951955732875812,0.952454185649701,0.280260406857475,0.923612851697104,0.0046320105481514,0.00213962087733677,1
5,1.38051579805598,0.052185293068267,0.245790943416619,0.999999999999999,0.93812955403612,0.0314443453284812,0.207326375139701,0.996716314644526,0.999999999999999,0.954171042108689,0.0390666666666666,0.99242828309013,0.999999999999999,0.0122442612740314,0,0.952348388181963,0.953464821627522,0.278497483159124,0.923623400719914,0.00362634644285872,0.00268958374490836,0.999999999999999
6,1.38180901375952,0.0507028505311883,0.246562589898469,0.999999999999999,0.939778790972991,0.0315872469109792,0.212401531101775,0.996542264799605,0.999999999999999,0.95627358442402,0.0359331650745472,0.993667984604039,0.999999999999999,0.00648923314801848,0,0.955600319684968,0.957267976476652,0.27775292777511,0.926326301054617,0.00427462247025821,0.00197916737654852,1
7,1.38488877369777,0.0520931903053389,0.246737325663279,0.999999999999999,0.940253143073758,0.0315668623207811,0.214148611385691,0.996647099682027,0.999999999999999,0.957429078798039,0.0354213183190738,0.993667955417003,0.999999999999999,0.0027137899043593,0,0.955468927304491,0.958252835819193,0.278954663470281,0.926077382906801,0.00569903272616719,0.00222930512589677,0.999999999999999
8,1.38968721570629,0.0516108078208488,0.237076983271066,0.999999999999999,0.939690737170242,0.0325798876739525,0.220715033992037,0.996546577070564,0.999999999999999,0.959436484686096,0.0343541826683441,0.992982843260753,0.999999999999999,0.000877987176776295,0,0.955808373881312,0.960099944562668,0.269659840041121,0.926197909746571,0.0038104219422802,0.00307157992183306,0.999999999999999
9,1.39071397501653,0.0517418993671561,0.230608185782373,0.999999999999999,0.93902363782957,0.0321792235464176,0.224104559424971,0.996800857448677,0.999999999999999,0.961266666666666,0.0343333333333333,0.994024417521349,0.999999999999999,0.000448377919609654,0,0.955957240294018,0.960167368603994,0.265726336529161,0.926272909548058,0.00429110665428405,0.00207381925740887,0.999999999999999
10,1.39371540083984,0.050516234273583,0.228215043346492,0.999999999999999,0.938805609554012,0.0333938213593148,0.230628994850776,0.996722668234021,0.999999999999999,0.963988080743927,0.0319333333333333,0.993589923999783,0.999999999999999,0.000201788028041905,0,0.958411647750427,0.962987455624443,0.263911893663266,0.927285840411654,0.00474473358891733,0.00230513763703688,0.999999999999999
11,1.39707183932273,0.0450621319703319,0.226768057342595,0.999999999999999,0.941618547739292,0.0306894875925539,0.231310603571307,0.996686908770102,0.999999999999999,0.963165219980246,0.0322,0.994153802488894,0.999999999999999,0,0,0.958763396136476,0.961386116221231,0.262525538350895,0.931412976322883,0.00493110231191956,0.00281334649828249,0.999999999999999
12,1.40003049633252,0.0453043280581553,0.221198496275251,1,0.94287734540103,0.0333073079619614,0.237284238112146,0.996708777489163,1,0.964603483145105,0.0307333333333333,0.994184056074253,1,0,0,0.960227850262978,0.961759208581259,0.256619197615547,0.933541484757379,0.00407892203560449,0.00307937436530217,0.999999999999999
13,1.40142989355348,0.0437367599902709,0.216625015603387,0.999999999999999,0.94227457206861,0.0319559994277547,0.238105463673883,0.99657206363042,0.999999999999999,0.963363189955626,0.0308666666666667,0.994086454882539,0.999999999999999,0,0,0.958715191249374,0.961276234169198,0.252405223751869,0.93240606679185,0.00345809342723278,0.00263465183509985,0.999999999999999
14,1.40258388921629,0.044643981789308,0.215736608596712,0.999999999999999,0.944127022761601,0.0315931457886244,0.242858607469084,0.996851645115857,0.999999999999999,0.966194759761869,0.0288,0.994725694908865,0.999999999999999,0,0,0.961410720926935,0.964317959844924,0.250049152778604,0.934634422437818,0.00457806852932857,0.00252660095866315,0.999999999999999
15,1.40546124458016,0.0442348091345201,0.214167480502473,0.999999999999999,0.943215387511686,0.0301860220239428,0.248316084568635,0.996550565653395,0.999999999999999,0.964812914748708,0.0299333333333333,0.994600255974248,0.999999999999999,0,0,0.96149812745994,0.96299752525903,0.248079148918721,0.934339731727152,0.00567048506907031,0.00240847495342229,0.999999999999998
16,1.41004587337712,0.041923628470375,0.211091576656826,0.999999999999999,0.942091826466978,0.0291252978116454,0.25034829366105,0.996737870598683,0.999999999999999,0.966159864177041,0.0294,0.994051296593304,0.999999999999999,0,0,0.961778305261603,0.964116256259114,0.246042197904741,0.933554750124112,0.00430726228055957,0.00254514774100778,0.999999999999998
17,1.41253053571204,0.0398697098535222,0.208918478781013,1,0.939879494201639,0.0298,0.250628044422868,0.996783297127292,1,0.966358434601081,0.0289333333333333,0.994217445123051,1,0,0,0.963360699043983,0.964239352258584,0.24407349740988,0.931214085328773,0.0046533957101202,0.00202523133640542,0.999999999999999
18,1.41624289814278,0.0434666666666667,0.210002325820544,0.999999999999999,0.939236432972733,0.031,0.249180257768165,0.996583323732275,0.999999999999999,0.964942137240253,0.0295333333333333,0.994201870461981,0.999999999999999,0,0,0.963224642282348,0.963935583928509,0.246048147578748,0.931540204984792,0.00480352586434524,0.00241065701776742,1
19,1.41963178165293,0.04292670269515,0.205944965594857,1,0.940317135906466,0.0293989961055116,0.248763995242541,0.996700104903528,1,0.964803471588472,0.0298,0.994144580099833,1,0,0,0.963412304360088,0.96343839441021,0.243044813820819,0.933142818373154,0.00560369556851898,0.00286219737831456,0.999999999999999
20,1.42352369961309,0.0435051405562629,0.205961456549922,0.999999999999999,0.93731095062029,0.0295858195541608,0.251007494188785,0.996876715223806,0.999999999999999,0.965480822979363,0.0286666666666667,0.994531928265955,0.999999999999999,0,0,0.964799461645468,0.964576551824106,0.24461938254225,0.929734943895587,0.00473659462923141,0.00218106740637641,0.999999999999999
21,1.42716155317982,0.0417487890563111,0.20484617348525,0.999999999999998,0.937591671152951,0.0296196562122643,0.260053186134992,0.996581433132054,0.999999999999998,0.966239025544263,0.0272666666666666,0.995890459777686,0.999999999999998,0,0,0.966403913879823,0.966825979987029,0.241964502230269,0.929599855747865,0.00459667865247287,0.00256081929351742,0.999999999999999
22,1.4300670533846,0.0390633688209954,0.199027254248165,1,0.938482981843294,0.0286158980413926,0.262527333453379,0.996582285719947,1,0.968596313250168,0.0263333333333333,0.9960150804664,1,0,0,0.967812404900519,0.968412619571348,0.235333549700118,0.931223383195699,0.00478755122590101,0.00276444548053701,0.999999999999999
23,1.432864892453,0.0361955109487977,0.196714245249238,0.999999999999999,0.937823929849947,0.0287893585032929,0.267898507886537,0.99673505312282,0.999999999999999,0.96783020551333,0.0274666666666667,0.995396817564643,0.999999999999999,0,0,0.965885405524771,0.967999897105139,0.233894869443548,0.928573959361027,0.00482653662395556,0.00275345209027327,0.999999999999999
24,1.4358353425004,0.0373056300381867,0.194254722753323,1,0.939093155273148,0.0293276243322275,0.267457042172472,0.996550452708681,1,0.966679805675413,0.029,0.994813016290829,1,0,0,0.964958656799998,0.966223542305778,0.232372511353698,0.92949014680217,0.00378968062094247,0.00293660374864457,0.999999999999999
25,1.43706022042352,0.037838989295001,0.19386452403059,1,0.941163618972582,0.0297398634906349,0.268527222114407,0.996858358813148,1,0.966732931882682,0.0292,0.995055175337227,1,0,0,0.965533333333333,0.966206676258668,0.231786949227822,0.930510005915431,0.00393712938696362,0.00323863543126952,0.999999999999999
26,1.43806399830145,0.0373533231894653,0.195165059354757,1,0.94098783085359,0.0293722570315226,0.270860331965665,0.996659523803817,1,0.966319710211534,0.0293333333333333,0.995166526521318,1,0,0,0.965020121390916,0.966006736767087,0.234775085656894,0.930244343370713,0.00387251508489107,0.00290752113421678,1
27,1.43936695001133,0.0349959732534361,0.193593764688487,1,0.943389412037899,0.0285003676690469,0.270536637390731,0.996570616128612,1,0.968725279060131,0.0269333333333333,0.995507757059239,1,0,0,0.967180495524575,0.968121747011594,0.231020130217656,0.932663108942549,0.00447063113674253,0.00244181359059222,1
28,1.44228716293486,0.035371554727381,0.189121856419968,0.999999999999999,0.947100542054342,0.0289571653501052,0.271948412124344,0.996771450022609,0.999999999999999,0.969556461961228,0.0274203906850951,0.995988480801403,0.999999999999999,0,0,0.967194067393837,0.968812050826902,0.227315882492769,0.937391036258436,0.00517184846724789,0.00251941686809741,0.999999999999999
29,1.44611273098088,0.0360230345391184,0.18870267481239,1,0.948534251906279,0.028576597834492,0.270829899822858,0.996737234604965,1,0.970558953629662,0.0267333333333333,0.995769668031183,1,0,0,0.968276280504627,0.970094473060694,0.225058047840211,0.939433830360536,0.00437625413389732,0.00297955168459331,0.999999999999999
30,1.44813252017421,0.0369802891709478,0.188992964487624,0.999999999999999,0.94902694301782,0.0287952896168968,0.269839794821757,0.996746372669012,0.999999999999999,0.968680131389025,0.0288666666666667,0.996391076145917,0.999999999999999,0,0,0.96570941542536,0.968313698570921,0.22582101355255,0.940679914189302,0.00509540707252273,0.00277323156012629,1
31,1.45139879588325,0.0401287944697772,0.19695303144092,0.999999999999999,0.951524871718884,0.0300621804306997,0.272296386289962,0.996717920881123,0.999999999999999,0.967917079925886,0.0296,0.996031306612574,0.999999999999999,0,0,0.965163122654978,0.967288383458453,0.232044554402415,0.94327180616006,0.00443767333745712,0.00311621314683869,1
32,1.45331676161272,0.0402242046576254,0.197165916755419,0.999999999999999,0.951775763469425,0.0297917915544255,0.270424143608747,0.99692904187435,0.999999999999999,0.969871493951207,0.0282666666666666,0.997261245310457,0.999999999999999,0,0,0.967066666666666,0.968047366137106,0.23157004037293,0.943355278460969,0.00441395710013884,0.00243663763825978,0.999999999999999
33,1.45619043312973,0.0384807964126072,0.192843023329063,0.999999999999999,0.950444261373202,0.0282326510033305,0.265441731490822,0.996643659942527,0.999999999999999,0.967924051595021,0.0298666666666667,0.997466666666665,0.999999999999999,0,0,0.964662668148822,0.966074520804181,0.227925599589548,0.94184422822272,0.00458270656270251,0.00244073314989389,0.999999999999999
34,1.45930955432148,0.0379459539120014,0.188944256166242,1,0.953055048177459,0.0278281785286374,0.272450403751454,0.996596018668852,1,0.969114514658711,0.0288,0.997452614240666,1,0,0,0.965654180382227,0.966375866331972,0.221716139285744,0.944555610577381,0.00438196090466838,0.0028323378227583,1
35,1.4615709340905,0.0382256310181384,0.182093433080343,0.999999999999999,0.954440211896,0.0270405823787654,0.275976240373964,0.996665685181783,0.999999999999999,0.968827342776256,0.0291333333333333,0.997749547778399,0.999999999999999,0,0,0.965216911108517,0.966638090153516,0.21466470116865,0.944625803826879,0.00400562759232468,0.0022337246274867,0.999999999999999
36,1.46416069596194,0.0412698318428478,0.185378082014708,0.999999999999999,0.959229138527762,0.0283891320437467,0.276230772393183,0.996387741216164,0.999999999999999,0.968569385287996,0.0290666666666667,0.997767044624316,0.999999999999999,0,0,0.964996395084474,0.967066666666666,0.216958513215812,0.95125111795475,0.00470973133396492,0.00212333190056004,0.999999999999999
37,1.46794760035639,0.0368681061480132,0.181525203120741,1,0.95773314575196,0.0267125732764151,0.278959257651654,0.996660242402623,1,0.968219833106252,0.0289333333333333,0.998466666666667,1,0,0,0.964821494956871,0.967100701681424,0.213088683632743,0.950297196269979,0.00487071708650897,0.00269334009307285,0.999999999999999
38,1.47114387568897,0.0387605946000351,0.183641348430562,1,0.957214581087639,0.0278592199090822,0.283349257595555,0.996758459993729,1,0.969017553920311,0.0281333333333333,0.998542814849176,1,0,0,0.965249754536161,0.968113023354027,0.212995667491485,0.948527209022706,0.00443312793274659,0.00176062436195698,0.999999999999998
39,1.47507551294989,0.0390808806811961,0.179695561910119,1,0.957162551592518,0.0279348759545411,0.28333641667418,0.996844349721742,1,0.970121234700666,0.0282,0.998398383043047,1,0,0,0.966270116990899,0.968629803776511,0.209146525105283,0.948281448717687,0.00356371546150348,0.00263986378140138,0.999999999999999
40,1.47643826394081,0.0373862386218372,0.176722670884319,1,0.95827032375178,0.0268425908372562,0.287022329021433,0.996752925956212,1,0.96788422457854,0.0303333333333333,0.997545156911031,1,0,0,0.964291003660469,0.966288414076474,0.2061810780558,0.949180864556387,0.00509677503976164,0.00295682555626543,1
41,1.47959776724115,0.0382044481797783,0.179460684039612,1,0.958486946201051,0.0280227393298055,0.291651440827242,0.996766000482637,1,0.965766772114685,0.0318666666666667,0.996812702624104,1,0,0,0.963298067188742,0.964534300557122,0.210849202732849,0.950854981406134,0.00417970214741261,0.00320359925894594,0.999999999999999
42,1.48104200689552,0.037043519727618,0.180393872607692,0.999999999999999,0.959151576549963,0.0263971372456638,0.291971195413976,0.996657633295322,0.999999999999999,0.962823110438859,0.0346666666666667,0.996999999999999,0.999999999999999,0,0,0.959632147511954,0.961666666666666,0.212070284539431,0.951099679301177,0.00469447653966302,0.00183631138599053,0.999999999999998
43,1.4852601290038,0.0361933325622563,0.18290898623842,1,0.959838070760817,0.0265498312289536,0.284829429866759,0.996672095138602,1,0.962266666666667,0.0352,0.996866666666667,1,0,0,0.95953039023548,0.9614,0.214460602586448,0.953465416505067,0.00446253232890999,0.00342302038123534,0.999999999999999
44,1.4868040746533,0.0369134070221218,0.181545752774337,1,0.961976133723632,0.0269984036602455,0.286322794212662,0.996817253393968,1,0.958814166805179,0.0383333333333333,0.997106227796331,1,0,0,0.955841662774213,0.958066666666667,0.215854791995082,0.955160431967712,0.00418694695720901,0.00320118978788564,0.999999999999998
45,1.48826970242927,0.0392206166763279,0.184319497576359,1,0.963039699740032,0.029224700648118,0.288355868101831,0.99654201313337,1,0.959702436784613,0.0377333333333333,0.996695436976776,1,0,0,0.957469019372571,0.958556742754011,0.21819874962373,0.95826513002812,0.00468578085826812,0.00322693007489027,1
46,1.49044086585054,0.0388948325588652,0.186363174111834,1,0.961107259437421,0.0298069124791618,0.287067330952843,0.996824245704059,1,0.961419824500957,0.0352,0.997533333333334,1,0,0,0.959189381574232,0.960400469376816,0.218586569852741,0.954721097878306,0.00521186088846565,0.00284643236898801,0.999999999999999
47,1.49396639718122,0.0357135834043031,0.183146203004142,1,0.959975324600268,0.0267815618775314,0.288193645221229,0.996598540752715,1,0.957795715874338,0.0390662245605002,0.997285595250032,1,0,0,0.955059953664865,0.956585141375329,0.217469921346709,0.953215036553788,0.00537554976024997,0.00240944223502209,1
48,1.49839766215433,0.0340498059899403,0.176573551532072,0.999999999999999,0.95976154607386,0.0261825184620824,0.290059437099174,0.996773340060287,0.999999999999999,0.959012350815025,0.0380666666666667,0.997614256569141,0.999999999999999,0,0,0.956076208290381,0.956786568283246,0.211135161326829,0.953472825382933,0.00357357575580436,0.00268705980472246,0.999999999999999
49,1.49971065356138,0.0327637381677073,0.176716889959829,0.999999999999999,0.95945216690563,0.0266666666666667,0.287949720208157,0.996642894997616,0.999999999999999,0.956861198872164,0.0395333333333333,0.99691798423994,0.999999999999999,0,0,0.954429848001643,0.955081469309699,0.210852115043527,0.952474478785577,0.0051220172023473,0.00297318329167706,0.999999999999999
50,1.50293328266995,0.0312673399504909,0.172439570967161,1,0.960528738042563,0.0261333333333333,0.284783800308026,0.996714308602095,1,0.955772897472212,0.0403892548051789,0.9972,1,0,0,0.953875222726179,0.954133333333333,0.205068012790944,0.954379621240072,0.00455054783597399,0.00380465305612533,1
51,1.50405394861638,0.0315858812370471,0.172377447205832,0.999999999999999,0.958141730418824,0.0268924319836017,0.281622179846273,0.996497752701178,0.999999999999999,0.95292649691729,0.0423290453402909,0.996999999999999,0.999999999999999,0,0,0.951553680611719,0.951105982106599,0.206276033827279,0.951707859290695,0.00482253062237019,0.0032311787314271,0.999999999999999
52,1.50644742771159,0.0303186981144345,0.174764756398288,0.999999999999999,0.959259403025303,0.0262014931424539,0.277579931149374,0.996809596972372,0.999999999999999,0.954456723133569,0.0404666666666667,0.997486612809803,0.999999999999999,0,0,0.953601084707686,0.952418198392318,0.208429735938404,0.952769166085682,0.00431683581219862,0.00289983937647994,0.999999999999998
53,1.50858205834726,0.0323556879178194,0.173685034407684,1,0.960583542572727,0.0288,0.284979982499415,0.996561410148589,1,0.956257764813478,0.0384666666666667,0.997768707918668,1,0,0,0.956138085860056,0.954750842122765,0.205082460373237,0.953789322516416,0.00461982586871491,0.00243137781792593,1
54,1.5118835118123,0.0313342087894711,0.175147130532442,1,0.961755905678148,0.0273101829918621,0.284128729802,0.996890618329191,1,0.957847800234464,0.0364,0.997854048746022,1,0,0,0.958515646653786,0.9566,0.204646803928592,0.956357725394519,0.00506613453721167,0.00239474049359884,0.999999999999998
55,1.51582179311838,0.0302666666666667,0.169979445508552,1,0.959152360613689,0.0285394731161104,0.287509111982948,0.996609532682887,1,0.958908397473944,0.0344666666666667,0.997957095096358,1,0,0,0.95997547080353,0.958016250861868,0.200592400268224,0.955106202410687,0.00402753428202297,0.00305694354078521,0.999999999999999
56,1.51729303571615,0.0300531359331485,0.16815554992087,0.999999999999999,0.963528310079458,0.0278516896363143,0.289635867717867,0.996678940825204,0.999999999999999,0.958918116242337,0.0350666666666667,0.997511082527511,0.999999999999999,0,0,0.9605961600795,0.958333333333333,0.199323650311068,0.958606791119664,0.00551318905196886,0.00238954035433692,0.999999999999999
57,1.52203252613108,0.0297333333333333,0.171915539082043,1,0.96281701650122,0.0283996248230512,0.286096879363669,0.996524426455107,1,0.959066666666667,0.0347333333333333,0.997746061932395,1,0,0,0.960866666666667,0.958666666666667,0.202553105928787,0.958518229736985,0.00365356204406144,0.00244436307810481,0.999999999999999
58,1.52383106530079,0.028709731843579,0.171459152165042,1,0.964358522236827,0.0263124399234254,0.282944497538875,0.996682581074187,1,0.956670061204366,0.0374666666666667,0.99777008229107,1,0,0,0.958400368803101,0.9564,0.203823601345155,0.959993838132701,0.00546043607409317,0.00273885066115883,0.999999999999999
59,1.52790511534287,0.0294273671634186,0.168547348050553,0.999999999999998,0.966796381131583,0.0261623776222682,0.285349271930552,0.996616730033255,0.999999999999998,0.958677093934902,0.0366666666666667,0.998054017532421,0.999999999999998,0,0,0.959712641166748,0.957785706484206,0.199029412084005,0.961580895204311,0.00424803001588429,0.00184115211948563,0.999999999999999
60,1.53158259639278,0.0293734067996721,0.16545549682367,1,0.96828527251223,0.0259126946574785,0.276908820447861,0.996733941197266,1,0.958021955629599,0.0368666666666667,0.998205931944298,1,0,0,0.959043718736725,0.956823932841457,0.195547627423868,0.963831917416649,0.00519023896727041,0.00308437411345848,0.999999999999999
61,1.53480790235323,0.0278361202902468,0.162159086022834,1,0.96452768112207,0.0252647710503015,0.275004500000594,0.996505589830121,1,0.957143146427947,0.0367333333333333,0.997951717468087,1,0,0,0.958200000000001,0.956630582968814,0.192014072715827,0.960066666666667,0.00397261403227199,0.00268844137331416,0.999999999999999
62,1.53677886069819,0.0265447394097323,0.159074271835797,0.999999999999999,0.966979596659947,0.0244730055611202,0.274668851399145,0.996867172584312,0.999999999999999,0.959066666666666,0.0357333333333333,0.997821664577971,0.999999999999999,0,0,0.959799999999999,0.958133333333332,0.18883526386979,0.962754182841184,0.00406146560341706,0.00292113654685705,1
63,1.5384288423625,0.0244556996565281,0.154193259493987,1,0.969841607245294,0.0222842719915951,0.273580077907915,0.996804777053554,1,0.959601837886416,0.0354,0.998179219478975,1,0,0,0.959848262589713,0.958118990480603,0.182754319647447,0.965505103818827,0.00437661349520557,0.00301716110608809,1
64,1.54041770120491,0.023710331636626,0.150047110907944,0.999999999999999,0.967793981331354,0.0220747258388049,0.275272481345466,0.996826885219751,0.999999999999999,0.95875434738418,0.0359333333333333,0.998122464490834,0.999999999999999,0,0,0.959043190267,0.957981093108431,0.180804018957139,0.964026769913129,0.00463442039496661,0.00291455505647978,1
65,1.543067012216,0.0234416193251133,0.148261081054215,1,0.968628019188119,0.0206059295664854,0.2816032607143,0.996730092230403,1,0.955846510361018,0.0389333333333333,0.998232505157722,1,0,0,0.956109605683003,0.954866666666666,0.180351025939525,0.964374095697004,0.00542229223536179,0.00301417402520249,1
66,1.54678289998762,0.0246,0.147057846172139,0.999999999999999,0.970607737252008,0.0227333333333333,0.282259618605316,0.996701633143631,0.999999999999999,0.956362265952101,0.0386,0.997933333333333,0.999999999999999,0,0,0.957240138780342,0.955507958639469,0.178379221988822,0.966012520902422,0.00457869472972561,0.00301267308556875,0.999999999999999
67,1.54920519548781,0.023987468810451,0.14447502427363,0.999999999999999,0.971844344533284,0.0221051515454119,0.287205347168694,0.996567328022893,0.999999999999999,0.9572,0.0384,0.998079954768246,0.999999999999999,0,0,0.957666666666666,0.956854055484249,0.174616644054655,0.967856424486211,0.00471240866172653,0.00270790765543846,1
68,1.55231057886111,0.023149907690161,0.14399880242422,1,0.971137365251209,0.0232019638117663,0.286765051165274,0.996841574690486,1,0.958400000000001,0.0373333333333333,0.99795892748231,1,0,0,0.958405867630529,0.957669677720716,0.173301547506745,0.967139836423349,0.00403989276425805,0.00269417400669467,0.999999999999999
69,1.55439955232465,0.0242046660434086,0.143086258733564,0.999999999999999,0.967805656464559,0.0254409382555599,0.288093593505871,0.99653881276533,0.999999999999999,0.957999999999999,0.0379333333333333,0.997335903949457,0.999999999999999,0,0,0.958056623599307,0.957479886625297,0.17441779076582,0.964203296105413,0.00503063603059342,0.00241349400399172,1
70,1.55846763671917,0.0238,0.141064040165328,0.999999999999999,0.967601344716203,0.0247136828797365,0.291039253443341,0.99646427814581,0.999999999999999,0.955439893616608,0.0389333333333333,0.996561512186916,0.999999999999999,0,0,0.956189915967277,0.955013512833664,0.173559105017429,0.963536499615622,0.00481992337671897,0.00297508765649632,0.999999999999999
71,1.5613427534842,0.0241175764939229,0.13916117616962,0.999999999999999,0.968018923394182,0.0263255003532136,0.288380554592675,0.996854325011363,0.999999999999999,0.954433876292026,0.0404666666666667,0.995973438532354,0.999999999999999,0,0,0.955460050934649,0.953534837761402,0.172308298834972,0.963509796946176,0.00514179122101871,0.00346995323157579,0.999999999999999
72,1.56395306561401,0.0253144118611131,0.138971823314959,1,0.96768770473117,0.0274464404069939,0.284999135577836,0.996553206803166,1,0.954206133596529,0.0401333333333334,0.996027375604459,1,0,0,0.955254499863175,0.953711683561053,0.170649066064867,0.962939060078708,0.00469212960683286,0.00340801072814751,0.999999999999999
73,1.56596136727094,0.0257192338004106,0.13620584409502,1,0.969204824953997,0.0278522207067571,0.2831100876341,0.996792127740759,1,0.954172146083922,0.0405510334656911,0.995822178072338,1,0,0,0.955533333333334,0.953952579388449,0.169914944720812,0.964149105275746,0.00415267294484256,0.00267615599568561,1
74,1.56827353577144,0.0240185662039776,0.132921767700036,0.999999999999999,0.969715425903985,0.0239615500328388,0.283707711224492,0.996935713981565,0.999999999999999,0.955357025824783,0.0389819183590319,0.995741552637213,0.999999999999999,0,0,0.95689857858273,0.955094076619283,0.165286311398835,0.964496108126335,0.00506923546927507,0.00297856959923472,1
75,1.57153694379025,0.0244008535530745,0.129013381243142,1,0.969171756660108,0.02473543924285,0.290575191777,0.996500112882932,1,0.956282715543713,0.0384666666666666,0.994550592062699,1,0,0,0.958059465305375,0.956625451911936,0.16088675195401,0.96323586076488,0.00547938401549384,0.00238010373837712,0.999999999999999
76,1.5764075772449,0.0251390282318562,0.127993340102502,0.999999999999999,0.97060183105187,0.0259595141836864,0.290021615341141,0.996519504297317,0.999999999999999,0.95438463352679,0.0404,0.99489518850186,0.999999999999999,0,0,0.955926170372206,0.954345150543881,0.161375945378564,0.964914595888915,0.00383560560894865,0.00299059167633783,0.999999999999998
77,1.57773966361115,0.0251333333333333,0.12841189067001,0.999999999999999,0.969493995873403,0.0275147261190942,0.298770372689805,0.99643511669278,0.999999999999999,0.95195741427408,0.0422666666666666,0.994907051578597,0.999999999999999,0,0,0.953474331837411,0.95218657808272,0.161361218380414,0.962912819387811,0.00388542103194173,0.00323239754453804,1
78,1.57867759252567,0.0226265904824275,0.122082001960615,1,0.970731226522318,0.0252317294671199,0.299744024109304,0.996592631400388,1,0.953112854863431,0.0409390376123998,0.995740455248081,1,0,0,0.954764020413682,0.95289416190647,0.154320541967247,0.965547185058477,0.00413548298095413,0.0024502768791942,1
79,1.58133798963731,0.0238,0.118771002098749,0.999999999999999,0.970554811014605,0.0244610325651537,0.299854835436089,0.996679368289848,0.999999999999999,0.951333333333333,0.0430599634184496,0.995826735180721,0.999999999999999,0,0,0.953100624796517,0.951016663307753,0.153018131664868,0.966044669532768,0.00503148180813157,0.00255636304307562,1
80,1.58525198896935,0.0234783875358126,0.117377327105322,1,0.96945221795382,0.024942543973758,0.303173106881447,0.996812508196818,1,0.950758484259922,0.0433607240012537,0.996023209753943,1,0,0,0.952366612142576,0.950546041391728,0.151931521467056,0.964998383223321,0.00484537775926997,0.00272991524145411,0.999999999999999
81,1.58850097640619,0.0234444122000519,0.1183375345584,0.999999999999999,0.970283685803294,0.0235102434582408,0.30191324695799,0.996654022245504,0.999999999999999,0.949844868457213,0.0431333333333333,0.995721817812943,0.999999999999999,0,0,0.951768678990815,0.951062776250014,0.154042927590279,0.966448478061579,0.00474873337678617,0.00265245899542698,1
82,1.59181681976151,0.0225333333333333,0.113294463933875,1,0.972364733022503,0.0203744378298553,0.297964493983424,0.996659606463951,1,0.949809331176029,0.0444666666666666,0.996041515019343,1,0,0,0.951154740189655,0.95027128867852,0.14983328180514,0.970066666666667,0.0043830830699004,0.00301915737708587,1
83,1.59398793962024,0.0193333333333333,0.112329222719098,1,0.970261916764936,0.0192505442372308,0.29887472097715,0.996673545831879,1,0.949216137993256,0.0444666666666667,0.995816676900403,1,0,0,0.951131735818272,0.949912695006822,0.148637547369872,0.968149859431296,0.00559702281142868,0.00232238996283405,1
84,1.59917714681175,0.0182303133813111,0.110381886158554,0.999999999999999,0.971974221628278,0.0174261521393167,0.302269645137509,0.996679005296122,0.999999999999999,0.949285782229395,0.0442,0.996270985396166,0.999999999999999,0,0,0.951821595097519,0.951206474082959,0.145202026001757,0.96998705562396,0.00393538957189723,0.0028073306400701,0.999999999999999
85,1.60098111287578,0.018522413224903,0.108690367371765,1,0.973086668026741,0.0176565020325485,0.29772705422012,0.996658313968281,1,0.949633948974027,0.0438666666666667,0.997134663741284,1,0,0,0.952192465713662,0.951113682243186,0.1443953310382,0.970106778417314,0.0052345637471273,0.00273915897693398,0.999999999999999
86,1.60497620878184,0.0179333333333333,0.108463937673011,0.999999999999999,0.974923355226098,0.0168043949239057,0.300591173720186,0.996473423031783,0.999999999999999,0.949808714402005,0.0434666666666667,0.99742318327713,0.999999999999999,0,0,0.952775151393104,0.951775192560757,0.14438885483588,0.970871057773467,0.00464532691804139,0.00365872374562889,1
87,1.60655968340107,0.0167257266131499,0.107498608956856,0.999999999999999,0.975290306987976,0.0155690304488487,0.29577848642248,0.996821264280427,0.999999999999999,0.948959208513697,0.0443333333333333,0.996809724999567,0.999999999999999,0,0,0.951262375561868,0.950992095138796,0.144595422744607,0.971146188586684,0.00541728156787138,0.00218272440250057,1
88,1.61173498728958,0.0162666666666667,0.107222885770614,1,0.97695308281914,0.0151034430288918,0.296279928837609,0.996556331132795,1,0.94849979514231,0.0438666666666667,0.996957521895657,1,0,0,0.951713610597188,0.951289327838725,0.144051176724502,0.971994275103062,0.00422647145053625,0.00314616391950315,0.999999999999999
89,1.61347615673438,0.017263314051042,0.105527994052094,0.999999999999999,0.976104369641885,0.0149998445049645,0.296676083081667,0.996688641415481,0.999999999999999,0.950064591220201,0.0428666666666667,0.995867588183346,0.999999999999999,0,0,0.953023064770858,0.953230029305508,0.141587505937898,0.970783535501149,0.00463476922387111,0.00323742969945361,1
90,1.61573073073989,0.0166666666666667,0.102905119169643,1,0.976596929368038,0.014486289708809,0.295375289132623,0.996692351073683,1,0.952454908952518,0.0415333333333333,0.994972987865503,1,0,0,0.955417449222013,0.95402742011734,0.136813508238949,0.971242068608768,0.00488792765377961,0.00329528761591493,0.999999999999999
91,1.61830400819208,0.0156365815442978,0.0992413961006823,0.999999999999999,0.975280963570532,0.014292985258262,0.295682866651377,0.996720804848975,0.999999999999999,0.950599999999999,0.0436666666666667,0.993767227283862,0.999999999999999,0,0,0.953471735007272,0.952022433461528,0.134591584870038,0.970068726955065,0.00401863557943041,0.00320377340182054,1
92,1.61962270292023,0.0131333333333333,0.0949438612177137,0.999999999999999,0.976622360005401,0.0123819735148312,0.292422578877833,0.996701554697887,0.999999999999999,0.94984306838879,0.0437473134911249,0.993761914102011,0.999999999999999,0,0,0.953660201418543,0.952146139069612,0.129438941271017,0.972432530363076,0.00593684022802086,0.00248103638182511,1
93,1.62517075539754,0.0130497887661987,0.0939155591116435,0.999999999999998,0.976234765581853,0.0122429959107797,0.292369060907034,0.996863497156413,0.999999999999998,0.949999999999999,0.0435333333333333,0.99321060653624,0.999999999999998,0,0,0.953466666666666,0.95245086958727,0.129870673727455,0.972599999999999,0.00466428222443681,0.00297590582921954,1
94,1.62791465533915,0.0120236670515092,0.0931684215159187,1,0.977560658928587,0.0116589726292339,0.293025708562524,0.996518815957675,1,0.950114530205338,0.0436666666666666,0.992124714095697,1,0,0,0.953757373000997,0.952646922998509,0.127915325894965,0.973874228022065,0.00480535010755951,0.00288623758773278,1
95,1.63103880673542,0.0119333333333333,0.0967336163533327,1,0.980577304099927,0.0119165190640816,0.29193266569125,0.996557254626115,1,0.9488,0.0453857657827729,0.991999524225162,1,0,0,0.952170139772865,0.950845472864114,0.129895518031046,0.976647208777922,0.00482533000170408,0.00223816551662756,0.999999999999999
96,1.63525857240998,0.0115333333333333,0.0963993327448106,0.999999999999999,0.981035445954833,0.0114666666666667,0.295603351595492,0.996494022009172,0.999999999999999,0.953,0.0412666666666666,0.992951063247546,0.999999999999999,0,0,0.956266666666666,0.9546,0.126898761841837,0.976987689991374,0.00512952108329656,0.00214287524340017,0.999999999999999
97,1.64014251062242,0.0103076495170427,0.0970119697024932,0.999999999999999,0.981602382326387,0.0106666666666667,0.294855567826854,0.996662906214964,0.999999999999999,0.954203810113333,0.0402666666666666,0.992942320272019,0.999999999999999,0,0,0.957354378173647,0.956644038790053,0.126974335597766,0.977666014878167,0.00437286634553348,0.00266484740347087,1
98,1.64294390509825,0.009,0.0929908308391584,0.999999999999999,0.981695110165376,0.0094,0.293660962367833,0.996693079652494,0.999999999999999,0.955854019037529,0.0386666666666667,0.993610217733449,0.999999999999999,0,0,0.959162611990559,0.958571669724029,0.122399911812417,0.977602294168735,0.00546678492710821,0.00344274719749176,1
99,1.64625982257661,0.00813675403640223,0.0928856340606875,0.999999999999999,0.981916816367841,0.00969836577580417,0.290400872334648,0.996734064077764,0.999999999999999,0.954733520901601,0.0391333333333333,0.993625474631272,0.999999999999999,0,0,0.958704438732791,0.957790401995027,0.122543628347755,0.9784,0.0054148892167334,0.00268855710374393,0.999999999999999
100,1.65074807359722,0.0088,0.0914305237874836,1,0.980782725638453,0.0112508144956866,0.292032263621319,0.996624328664072,1,0.954226032018441,0.0401333333333333,0.994235733450187,1,0,0,0.958403662268707,0.957033978296858,0.122124448880573,0.976362241282953,0.00556536255746048,0.00234661184214157,1
101,1.65599477320585,0.0092,0.091015489387491,1,0.980586948594169,0.0122084179186441,0.288598273806485,0.996700775008256,1,0.957239030616946,0.0380666666666667,0.9941984949691,1,0,0,0.960590185350122,0.959158162516927,0.119653010738597,0.976285982871615,0.00438548548496942,0.00250141553772165,0.999999999999999
102,1.65911478319084,0.0102666666666667,0.0864315262711814,1,0.981147014889906,0.0131518801281335,0.289216350222342,0.996582008084085,1,0.953387157603475,0.0414,0.993675820101196,1,0,0,0.957183878955928,0.955333333333333,0.117658291230245,0.977639387979524,0.00491584953429651,0.002650374878324,1
103,1.66287346568351,0.0102666666666667,0.0871064431375937,0.999999999999998,0.982077947532393,0.0136,0.292992285144745,0.99666634951245,0.999999999999998,0.956399999999999,0.0395333333333333,0.995492269615514,0.999999999999998,0,0,0.959599999999999,0.957846515372477,0.11568887507988,0.97850751194022,0.00401780848305921,0.00323868910885553,0.999999999999999
104,1.66416904261748,0.0098,0.083652629620909,0.999999999999999,0.982271227090877,0.0126,0.292720352052432,0.996761668107135,0.999999999999999,0.955699010340286,0.0396,0.995177029152058,0.999999999999999,0,0,0.959866666666667,0.957704992010511,0.112722317996631,0.978829322404949,0.00414467891735144,0.00293304604032067,0.999999999999999
105,1.66618540454245,0.00873333333333333,0.0822749143325731,0.999999999999999,0.98136676954193,0.0121062482511763,0.293420553291077,0.996680783196234,0.999999999999999,0.956801833819277,0.0392666666666667,0.996424417922895,0.999999999999999,0,0,0.960466666666666,0.957773171199838,0.110979417586622,0.978615034494638,0.00453006763543723,0.00347196209790055,1
106,1.66783732551858,0.00841170599930023,0.0838527242362606,0.999999999999999,0.981925061339132,0.0117570572188727,0.297336106829075,0.996759664784949,0.999999999999999,0.955133333333333,0.041,0.995266666666666,0.999999999999999,0,0,0.958733333333332,0.956631817079263,0.113585595832333,0.97952966307365,0.00461309214463861,0.00270281313830401,0.999999999999999
107,1.6710233601475,0.00793333333333333,0.081902902999015,1,0.982199999999999,0.01095912762576,0.299267363828645,0.9965484841229,1,0.957333333333333,0.0395333333333333,0.995646819868231,1,0,0,0.960266666666666,0.958459596059993,0.109569779844496,0.980266666666666,0.00568857938244845,0.00272185261463397,0.999999999999999
108,1.67598082987969,0.009,0.0811229707656258,1,0.981071137405943,0.0121842033668779,0.294110782178516,0.996486761739111,1,0.95780721749167,0.0385333333333333,0.994366371824555,1,0,0,0.9614,0.959865508755695,0.109585999233045,0.979066666666667,0.00433361142444884,0.00247585637355427,0.999999999999999
109,1.6790751979029,0.00906666666666667,0.080505898390886,0.999999999999999,0.980442337220852,0.0144666666666667,0.297589595315036,0.996790297337834,0.999999999999999,0.959631096629934,0.0372666666666666,0.994777754495908,0.999999999999999,0,0,0.962533333333333,0.961079870099179,0.109656654930878,0.978770787060648,0.00455596401662567,0.00278002008822902,1
110,1.68205714130594,0.00958067355228655,0.0836780399120838,0.999999999999999,0.981019040073726,0.016769617324686,0.303083121578017,0.996488666712222,0.999999999999999,0.957519733611327,0.04,0.993657044971432,0.999999999999999,0,0,0.959778603890117,0.958533333333332,0.114519152117445,0.979399999999999,0.00429369976721334,0.00294651652413923,0.999999999999999
111,1.6843231805006,0.00771856071441822,0.0853792033653205,0.999999999999999,0.982258053677881,0.0146771726222648,0.309181576801253,0.996566102569049,0.999999999999999,0.956533333333333,0.0405333333333333,0.994377986213655,0.999999999999999,0,0,0.959199999999999,0.958066666666666,0.116252634117447,0.980646666728264,0.00398760645482329,0.00305179461802372,1
112,1.68588908452504,0.00833333333333333,0.0866785220326718,0.999999999999999,0.98157108659284,0.0158010421048005,0.307041686290146,0.996633359828865,0.999999999999999,0.958362657188466,0.0389333333333333,0.993814507926343,0.999999999999999,0,0,0.960599999999999,0.959333333333332,0.117043972601942,0.979933333333332,0.00461795546220796,0.00323902761142362,1
113,1.68821380393702,0.00846666666666667,0.0857319582965633,0.999999999999999,0.981015983881714,0.0160780361853193,0.307698914338934,0.996584574838499,0.999999999999999,0.956382270547108,0.0409333333333333,0.991755246666894,0.999999999999999,0,0,0.9586,0.9568,0.117843704107936,0.979867132841997,0.00467128200081104,0.00234447051353231,0.999999999999999
114,1.692141959209,0.00828680764370287,0.0835861517806292,1,0.980967861369514,0.015323836558106,0.302665058840716,0.996546611896082,1,0.957649608251911,0.0399333333333333,0.991709887148665,1,0,0,0.9596,0.9586,0.11558548470362,0.979733333333333,0.00515146003230227,0.00280409265696739,0.999999999999999
115,1.69600122857454,0.0080533706143127,0.0842855854244937,1,0.980933333333333,0.0166056845483421,0.304406482730868,0.996731499033101,1,0.959933333333333,0.0376,0.992453963837867,1,0,0,0.962,0.960629982118333,0.115423421731285,0.979666666666666,0.00517474076075066,0.00329713594272386,1
116,1.69918564865269,0.00805529767752966,0.0821082253039332,1,0.982533333333333,0.0143333333333333,0.308784743226466,0.996654303025449,1,0.960266666666667,0.0376,0.991368376662432,1,0,0,0.961923254122597,0.960866666666666,0.112123835107039,0.981333333333333,0.00408723594992362,0.00216802683499602,0.999999999999999
117,1.70244674123753,0.00793333333333333,0.0800150811318689,1,0.982006178482671,0.0137333333333333,0.304639219120613,0.996854862688424,1,0.957851081533452,0.0397333333333333,0.99073475435473,1,0,0,0.9598,0.958832214505865,0.114132491262568,0.980666666666667,0.00423790528492123,0.00238850169354197,0.999999999999999
118,1.70559525235491,0.00793333333333333,0.0778739923870399,1,0.982967259564045,0.0131087565487429,0.304583544142492,0.99666395611822,1,0.956893484248934,0.0404,0.990801293751304,1,0,0,0.959333333333333,0.9584,0.112348137133238,0.981257995934906,0.00431648301098176,0.00312371177729542,0.999999999999999
119,1.70762963730823,0.00917139390800525,0.0807385128861514,0.999999999999999,0.982329027527759,0.0140180095050582,0.30542215942894,0.996737186803841,0.999999999999999,0.956333333333333,0.0407333333333333,0.991866666666666,0.999999999999999,0,0,0.959066666666666,0.958150483944914,0.115565775991861,0.980333333333333,0.00417739171063858,0.00334494066786631,1
120,1.70905115538048,0.0088,0.0813619076780291,0.999999999999999,0.983305560112084,0.0130698689707,0.304832799460973,0.996546794663795,0.999999999999999,0.952733333333333,0.0442666666666667,0.991586888192543,0.999999999999999,0,0,0.955533333333332,0.954599999999999,0.119567325887791,0.980890325197394,0.00437083330225578,0.0026225641850036,0.999999999999999
121,1.71197752129403,0.00886666666666667,0.0789304655275423,1,0.983795349562192,0.0135334399961304,0.302864274437406,0.996750089070697,1,0.952307095862415,0.0446,0.990860150017837,1,0,0,0.955022007413638,0.953970920100906,0.119588976639372,0.981283368327295,0.00405800707396087,0.0027669585243907,0.999999999999999
122,1.71418776738979,0.00754877161846268,0.0759581358344799,1,0.984461255139557,0.0119863017834138,0.305375013103166,0.996733142149479,1,0.951413357478583,0.0462666666666667,0.990207491424411,1,0,0,0.953474145129005,0.952151305941584,0.118541112054555,0.98179014416143,0.00382315448990498,0.00284044221244014,1
123,1.71587232075469,0.008,0.0736609146864808,0.999999999999999,0.985414239939584,0.0129333333333333,0.309399316228881,0.996646950044365,0.999999999999999,0.948997157951539,0.0488666666666667,0.989795895281324,0.999999999999999,0,0,0.950866666666666,0.949470736622418,0.11977301052189,0.982614567063309,0.00445909879178546,0.00311353653916897,1
124,1.7181811337798,0.00786666666666667,0.069111092494801,1,0.98577084730237,0.0120666666666667,0.312746325480056,0.996702308776808,1,0.949733333333334,0.0482666666666666,0.989895061637416,1,0,0,0.951466666666667,0.95016356586718,0.115562125339394,0.982290899200191,0.00398744366737845,0.00269555053572042,0.999999999999999
125,1.72040084018548,0.00837585917770909,0.0745586213851064,1,0.985108221288088,0.0131333333333333,0.314878034796425,0.996702742418463,1,0.94841937212988,0.0484,0.989175194498636,1,0,0,0.951333333333333,0.9494,0.121993794313251,0.980960855789545,0.00473675420229115,0.00241979563698627,1
126,1.72428361033785,0.00853333333333333,0.0739082965472814,1,0.985102314297241,0.0144349316138031,0.320352429229134,0.996687157297442,1,0.949333333333333,0.0474666666666667,0.989730157097079,1,0,0,0.9524,0.9508,0.12118568487262,0.980829450797771,0.00459632647447546,0.00281964654097567,1
127,1.727347110428,0.008,0.0737799927577273,1,0.984315643368622,0.0137500658138228,0.317429127217794,0.996743685726939,1,0.950328701292636,0.0463333333333333,0.989780624466277,1,0,0,0.953466666666666,0.951950419256408,0.119384210127673,0.980688901847194,0.00515651065103199,0.00382684668029617,1
128,1.72964390164569,0.00746666666666667,0.073041557021259,1,0.983607915617932,0.013209674455317,0.320986810616363,0.996753407704118,1,0.952761683022257,0.0448074548699035,0.989708315415471,1,0,0,0.955066666666667,0.953866666666667,0.11769373425636,0.980333793325843,0.00415639950230845,0.00391956869580813,0.999999999999999
129,1.73005353460587,0.0076,0.0726553034636176,1,0.984024159044179,0.0129333333333333,0.318363539191997,0.996823079332689,1,0.95264654958998,0.0443333333333333,0.989693385626994,1,0,0,0.95554662279647,0.9546,0.116826041115775,0.980963602154393,0.00402963519105563,0.00287628345674692,1
130,1.73191712889461,0.0066,0.0705318352466187,1,0.984721760848089,0.0116666666666667,0.318163661493662,0.996794764890104,1,0.953266666666667,0.0438,0.989778158198867,1,0,0,0.956071898477241,0.955451678600991,0.113268812860555,0.981196714546726,0.00558281302927254,0.00379328124626895,0.999999999999999
131,1.73501644964229,0.0076,0.0738423885132887,1,0.985360714512972,0.0130267566338235,0.314129358800905,0.99680864561385,1,0.954197849872606,0.0432666666666667,0.99016197487175,1,0,0,0.956601873405342,0.95601977396976,0.115476308664212,0.981634842137874,0.00506702647909338,0.00285742092833926,1
132,1.73880256342166,0.00634315620259813,0.0701586495246915,0.999999999999999,0.984570538610953,0.0129902941636043,0.315256439023816,0.996514029642314,0.999999999999999,0.956133333333333,0.0414666666666666,0.990644775522008,0.999999999999999,0,0,0.958533333333333,0.957933333333333,0.110379384424766,0.980636746244919,0.0044219194472341,0.00373695990574245,1
133,1.73987765265735,0.007,0.0697888043659328,1,0.983740797416353,0.0126996801201494,0.316051421113587,0.996794897715694,1,0.95409784674787,0.0436,0.990552524862765,1,0,0,0.9564,0.955933333333333,0.112033031094138,0.980533541003805,0.00491129323439502,0.00219254156612135,1
134,1.74453008745103,0.0089056961141693,0.0702402401743896,0.999999999999999,0.986047201706691,0.0123333333333333,0.313423143312552,0.996688517201484,0.999999999999999,0.955533333333333,0.0426,0.991636457767382,0.999999999999999,0,0,0.9574,0.956798637373199,0.110724911624096,0.98317424218842,0.00437539896918511,0.00347890687157784,1
135,1.74609404488847,0.00886666666666667,0.0694066474092183,1,0.987991669060103,0.0118666666666667,0.316609207021974,0.996905426234334,1,0.954333333333334,0.0437333333333333,0.991492508896505,1,0,0,0.956251815245138,0.955866666666667,0.110944703733552,0.985454773526292,0.00472334167900758,0.0027171717100839,1
136,1.74954886523206,0.00878875561293232,0.0695678477317706,1,0.987406089123563,0.0119989719294936,0.319695880594037,0.996922719540667,1,0.953479945587605,0.0443333333333333,0.991176804157995,1,0,0,0.955533333333333,0.95520340546272,0.111064687292861,0.985150695185618,0.00539583462575007,0.00293134471342643,0.999999999999999
137,1.75386061076155,0.00813333333333333,0.0678655703669591,0.999999999999999,0.987188043559071,0.0114,0.322600137328098,0.996823424397505,0.999999999999999,0.954869053155081,0.0434666666666666,0.991320688241729,0.999999999999999,0,0,0.956199999999999,0.956199999999999,0.108480184457188,0.984703036405858,0.00519560956773741,0.00236118569085921,1
138,1.7588317951534,0.00773333333333333,0.0679168427183295,0.999999999999999,0.988947655594117,0.0102,0.32245379314212,0.996549396055472,0.999999999999999,0.957105881091956,0.0413333333333333,0.99132726435771,0.999999999999999,0,0,0.958466666666666,0.958333333333333,0.107180280356798,0.986387525072465,0.0044363442964753,0.00312821997247851,1
139,1.76113256580646,0.00946666666666666,0.0701680457166459,0.999999999999999,0.990054235255322,0.0110666666666667,0.318895636612407,0.996627244872512,0.999999999999999,0.956399999999999,0.0422666666666667,0.990809965456826,0.999999999999999,0,0,0.957533333333332,0.957399999999999,0.109580732917088,0.987621198731941,0.00528422300641045,0.00322870545116378,1
140,1.76469529470271,0.00853333333333333,0.0703143036513769,1,0.98999287315234,0.0100666666666667,0.315422720640115,0.996612183576477,1,0.9558,0.0427333333333333,0.990047828424465,1,0,0,0.957066666666666,0.956847029979758,0.110079866278477,0.988442623088918,0.00366977169548575,0.00308810452749462,1
141,1.76572176001715,0.0088,0.0715855077820676,0.999999999999999,0.990478452743689,0.00962510150930434,0.32256758990509,0.99668760771943,0.999999999999999,0.953918708416787,0.0446666666666667,0.989994166804474,0.999999999999999,0,0,0.955133333333333,0.954955820851429,0.112982391486076,0.989025860352958,0.00395006097359537,0.00255231935924056,1
142,1.7681897828005,0.00919153276250671,0.0753434167193014,1,0.990666316799921,0.0101333333333333,0.326038009074212,0.99687392278777,1,0.953059636769916,0.0452,0.990365328376814,1,0,0,0.954733333333333,0.954351554247435,0.117526528622182,0.989052030849994,0.00473597802989086,0.00216553547855592,1
143,1.77273481305704,0.0104491080122304,0.0753425132561495,0.999999999999999,0.991243974940997,0.0102666666666667,0.327883231572845,0.996496518839788,0.999999999999999,0.953171800191767,0.045,0.989872821855845,0.999999999999999,0,0,0.954913795267717,0.954599999999999,0.116995545846993,0.990066666666666,0.00506192880776401,0.0029891346160669,1
144,1.77640932748097,0.0104666666666667,0.075346553696815,0.999999999999999,0.991666666666666,0.00988196062409546,0.333856351510712,0.996624327225786,0.999999999999999,0.953466666666666,0.0445333333333334,0.990796677145601,0.999999999999999,0,0,0.955399999999999,0.955133333333333,0.11598492190481,0.990599999999999,0.00544200114010749,0.00282745105765054,1
145,1.78093541134611,0.00944485895783741,0.0741991251726582,1,0.992833910780364,0.00949082699608159,0.330650698277814,0.996637561332062,1,0.9558,0.0431333333333333,0.991065023203596,1,0,0,0.956866666666667,0.9568,0.113531750061791,0.9916,0.00518094066753604,0.0021664351396143,1
146,1.78630405098848,0.00873333333333333,0.0739580651981002,0.999999999999999,0.993055370923199,0.00886666666666667,0.330132886469443,0.996585423135395,0.999999999999999,0.956906819932136,0.0424666666666667,0.991442416497847,0.999999999999999,0,0,0.957533333333333,0.957533333333333,0.111595064815713,0.991939509104189,0.00531060530480489,0.00256551610813688,0.999999999999999
147,1.79120761494081,0.00893333333333333,0.0700098692037249,1,0.992933333333334,0.00881106122881398,0.333875212193059,0.996616481659398,1,0.957333333333333,0.0420666666666667,0.991226023312174,1,0,0,0.957872736857096,0.957866666666667,0.106938791377019,0.991666666666667,0.00587120266518586,0.00256136086495307,1
148,1.79713622877764,0.00879252766898929,0.0713564611332801,1,0.99335893087232,0.00908789184026127,0.335339689742587,0.996758014282963,1,0.9562,0.0432,0.991241410132583,1,0,0,0.956733333333333,0.956733333333333,0.108274644859402,0.99265778902095,0.00398728461187236,0.00304973584196774,1
149,1.79882113163828,0.00806666666666667,0.0737230460003327,1,0.994333333333333,0.00791497429613758,0.327547565780794,0.996532273466945,1,0.956933333333333,0.0424,0.990629725558085,1,0,0,0.9576,0.9576,0.109789471477793,0.993866666666666,0.00473835397710504,0.00343475986672524,1
150,1.80116606427111,0.00726666666666667,0.073848654249193,1,0.9938,0.0084,0.334432477141853,0.996518969975373,1,0.956971716020697,0.0422,0.990833296985951,1,0,0,0.9578,0.957786283076868,0.110381225944309,0.993466666666667,0.00398125498649804,0.00334715338779664,1
151,1.80230818655199,0.00753333333333333,0.0705958008086058,1,0.994866666666666,0.00791104362729013,0.336134635191473,0.996679475533275,1,0.957066666666667,0.0420666666666667,0.992096651226022,1,0,0,0.957933333333333,0.957933333333333,0.107738503005535,0.994436088309391,0.00520460614763632,0.00311572941224759,0.999999999999999
152,1.80607298619288,0.00686666666666667,0.072397204338082,1,0.994333333333334,0.00746666666666667,0.337106340907919,0.996675075765413,1,0.956709180489948,0.0426,0.99236141125476,1,0,0,0.957333333333334,0.95739229846593,0.110011884921466,0.99364942612142,0.00508955883028384,0.00274761125883899,1
153,1.81030271443675,0.00800889995155166,0.0712886323509985,1,0.993733333333333,0.00816868061645931,0.332510112819497,0.996685290181919,1,0.9582,0.0406666666666667,0.993335408626883,1,0,0,0.9592,0.9592,0.107307524907204,0.993281193404356,0.00475230279642426,0.00322347068103316,1
154,1.81307036336516,0.00879357282285822,0.0738766297430305,1,0.9942,0.0079610789177016,0.332421611263443,0.996698022984701,1,0.955266666666667,0.044,0.991884512063052,1,0,0,0.955866666666667,0.955866666666667,0.112896603244123,0.993888146202716,0.00434308918322983,0.00274617008746435,1
155,1.81596569005038,0.0090621214904997,0.0743769076688917,1,0.995123908578646,0.0074,0.34068867800392,0.996730022843392,1,0.9562,0.043,0.992667642621088,1,0,0,0.956933333333334,0.956933333333334,0.112822550988425,0.994866666666667,0.00514287157161188,0.00278059003035229,1
156,1.82021084120842,0.00873333333333333,0.0718230339918396,1,0.9952,0.00708304164005049,0.33979009300796,0.996628003671155,1,0.957533333333333,0.0415333333333333,0.993991345785329,1,0,0,0.95838421860986,0.9584,0.109200807877902,0.995,0.00471116602449714,0.00264042392856213,1
157,1.82395613186063,0.0077277586640758,0.0738660095971103,1,0.994049024133795,0.0071191560556437,0.3430666593064,0.99667793444735,1,0.955266666666667,0.0435333333333333,0.993722532023867,1,0,0,0.956333333333333,0.956418605222238,0.113336298268413,0.993733333333333,0.00522460862917591,0.00261029273150713,0.999999999999999
158,1.82860293229735,0.00706666666666667,0.0727313271904909,1,0.993666666666667,0.00753333333333333,0.336732603520277,0.996681187845185,1,0.954962361933821,0.0437333333333333,0.992355363727815,1,0,0,0.956048257322103,0.956133333333334,0.113466375549778,0.993266666666667,0.00559240940490336,0.00344442335420616,0.999999999999999
159,1.83240883902604,0.0066122847201712,0.0689605825684317,1,0.993733333333334,0.00717911409647451,0.343914507543389,0.99662196472762,1,0.954696300423271,0.0442276215796775,0.992579446634676,1,0,0,0.955603866446193,0.955645284736739,0.110901362441611,0.993307729053706,0.00448408950880701,0.00291808964596204,0.999999999999999
160,1.83527839101663,0.00556963893992587,0.0661810210065468,1,0.994066666666667,0.00646666666666667,0.347584643858949,0.99672230875431,1,0.9548,0.0440666666666667,0.991607066879398,1,0,0,0.9556,0.9556,0.108003261987811,0.993733333333333,0.00455744821290634,0.0036679953663511,0.999999999999999
161,1.83691078460574,0.00546666666666667,0.0667948804243663,1,0.993933333333334,0.00651415357745059,0.355087338564778,0.996664753492432,1,0.955333333333334,0.0432666666666666,0.99246417263114,1,0,0,0.9564,0.956266666666667,0.107360118959048,0.993561328503935,0.0059031057896498,0.003153622445842,1
162,1.84196134021207,0.006,0.0674693938075437,0.999999999999999,0.992333333333332,0.00673333333333333,0.354145398243837,0.996537150654875,0.999999999999999,0.957218449373309,0.0405333333333333,0.991919912134053,0.999999999999999,0,0,0.959133333333332,0.958999999999999,0.106463401193914,0.991866666666666,0.00444677573505807,0.00352176828823965,1
163,1.84366516816852,0.0062,0.0669685186759796,1,0.992637325440467,0.006,0.351923760828332,0.996965697623853,1,0.956979046443203,0.0397333333333333,0.992325803766583,1,0,0,0.959666666666666,0.959533333333333,0.104597839424463,0.992133333333333,0.0044282968577726,0.00277149358710854,1
164,1.84671975864915,0.00553345157497392,0.0646009259567953,0.999999999999999,0.993466666666666,0.0056538145740598,0.354474297181334,0.996849261801979,0.999999999999999,0.959475870404015,0.0374,0.992894220289338,0.999999999999999,0,0,0.961733333333333,0.961866666666666,0.100146235942027,0.993037856712356,0.00490237839443279,0.00274720143697309,1
165,1.85069976651987,0.00506666666666667,0.0601800873210355,0.999999999999999,0.993066666666666,0.0054,0.359572193457266,0.996674373244353,0.999999999999999,0.960280110707233,0.0368,0.992736418222815,0.999999999999999,0,0,0.962266666666666,0.962333333333333,0.0953015217560303,0.992747348542114,0.00545250969705098,0.00318536992331064,1
166,1.85483953741958,0.00572249567609095,0.0648159149693778,1,0.992764543463341,0.00606666666666667,0.362743456903381,0.99652280988748,1,0.961609020602865,0.0352666666666666,0.992770169850267,1,0,0,0.963954447623054,0.963866666666667,0.097374265990494,0.992466666666667,0.00468407108832186,0.0023665649309208,1
167,1.85913813946854,0.00505929399827061,0.0663328127571245,1,0.992933333333333,0.00552780094461188,0.366115161301056,0.996460849642907,1,0.959455172358852,0.0372,0.992083935766421,1,0,0,0.961865725597546,0.961658978979644,0.100031539578577,0.9922,0.00372709599146382,0.00247645838187999,1
168,1.86146324754718,0.00526666666666667,0.0642544656136656,1,0.9934,0.00548931284299491,0.367102164619969,0.996849409803881,1,0.961292813147059,0.0355333333333333,0.992933333333333,1,0,0,0.963275647692411,0.9634,0.0955810008101415,0.992533333333333,0.00455504335418266,0.00294077067560173,0.999999999999999
169,1.86446815680987,0.00453578030050019,0.0657924336538275,1,0.992940710672556,0.00521208791227284,0.373173559435302,0.996575981189744,1,0.962224437334354,0.0348,0.99355612343005,1,0,0,0.963933333333334,0.964266666666667,0.095625855587764,0.992333333333334,0.00484510862316672,0.00259815212556179,0.999999999999999
170,1.86865753564939,0.00440857507631316,0.064431371505354,1,0.993383759269229,0.00486666666666667,0.371983442181335,0.996588414777241,1,0.962525794261537,0.0346,0.993742903155751,1,0,0,0.964,0.964269472848649,0.0943496090794891,0.992577214506587,0.00387462573263238,0.0024174515867527,1
171,1.87138049509785,0.00446666666666667,0.0669850466900906,1,0.9932,0.00486666666666667,0.381861726333542,0.996465734131004,1,0.961666666666667,0.0353333333333333,0.993442032671296,1,0,0,0.963466666666667,0.963591278853876,0.0971279880279665,0.992466666666667,0.00445998402445581,0.00268547283144549,1
172,1.87470128073278,0.00466666666666667,0.0658,1,0.993298431315935,0.00486666666666667,0.387411060363991,0.996465238135757,1,0.961883017317102,0.0353333333333333,0.993518662946509,1,0,0,0.963929247136781,0.963933333333333,0.0960979148009734,0.992533333333333,0.00447975190806101,0.00328459123504807,0.999999999999999
173,1.87694184997716,0.00577030656323401,0.0651449197539096,0.999999999999999,0.993098797396664,0.00579646792592495,0.383867625114237,0.996643900204398,0.999999999999999,0.962195301623527,0.0344775598649813,0.994499187409012,0.999999999999999,0,0,0.9642,0.9642,0.0961417647872833,0.991670844061652,0.00486435265803274,0.00253618522526032,0.999999999999999
174,1.88131168486548,0.00666666666666667,0.0657547685421556,1,0.993466666666666,0.00673333333333333,0.381894573943056,0.99656164222033,1,0.963140438239872,0.0335333333333333,0.99537108964463,1,0,0,0.9652,0.9652,0.0955303734738177,0.992066666666667,0.00488613745059313,0.00213442446301385,1
175,1.88648851466241,0.007827236309053,0.0673687900694309,0.999999999999999,0.99386802051512,0.00726666666666666,0.386655997332619,0.996558127142846,0.999999999999999,0.963066666666666,0.0336666666666667,0.994685947271653,0.999999999999999,0,0,0.964933333333333,0.965066666666666,0.0958964698965318,0.992177899799535,0.00412440109402132,0.00209662815298108,1
176,1.89024494726545,0.008,0.0661340394501059,0.999999999999999,0.994533333333333,0.00713333333333333,0.386141366005552,0.996642459941646,0.999999999999999,0.965733333333332,0.0312666666666667,0.996124916798956,0.999999999999999,0,0,0.967466666666666,0.967599999999999,0.0927558176827501,0.993066666666666,0.00445848402124968,0.00369450813076106,1
177,1.89168904883227,0.0074,0.0638559601856978,0.999999999999999,0.993958990930793,0.00686666666666666,0.380703035888723,0.99653075633754,0.999999999999999,0.966333333333333,0.0309333333333333,0.996418653830525,0.999999999999999,0,0,0.967866666666666,0.967785288545366,0.0916977448531074,0.991889727085982,0.00467552525632619,0.00339072936359347,1
178,1.89408206399556,0.00713333333333333,0.061349695085551,0.999999999999999,0.993199999999999,0.00717705816050326,0.386004468355722,0.996646989347607,0.999999999999999,0.967066666666666,0.0302,0.996599999999999,0.999999999999999,0,0,0.968533333333333,0.968670440967259,0.0882258276469592,0.990934722558164,0.00561102388285894,0.00343834009824918,1
179,1.89819730538272,0.00680096009645572,0.0596845513712824,0.999999999999999,0.992933333333332,0.00715206552590877,0.392970005574056,0.996746457743151,0.999999999999999,0.968399999999999,0.0286666666666667,0.997133333333332,0.999999999999999,0,0,0.970280032635475,0.970399999999999,0.0841333333333334,0.991866666666666,0.00510256727256883,0.00259591850353362,1
180,1.90292788582356,0.0064,0.0587298669013508,1,0.992133333333333,0.00693333333333334,0.395639500582748,0.99667618928473,1,0.967816149647084,0.0284666666666667,0.996782735654138,1,0,0,0.970666666666667,0.971066666666667,0.084187813310094,0.991,0.00450243192638089,0.00281134163857683,1
181,1.90601904683062,0.00613333333333333,0.0592655788645987,1,0.992573489094889,0.00638222900819738,0.391600387676256,0.996792067389516,1,0.966933333333334,0.0295333333333333,0.996,1,0,0,0.969666666666667,0.969933333333334,0.0854660825131295,0.991133333333334,0.0049744413919081,0.00361680033643299,1
182,1.90854089625122,0.00713333333333333,0.0593509144366057,0.999999999999999,0.992866666666666,0.0076,0.394970861654349,0.996662125248589,0.999999999999999,0.968943115604235,0.0278,0.99533852972759,0.999999999999999,0,0,0.971333333333333,0.971799999999999,0.0833841340403694,0.991292158114955,0.00523017918917353,0.00267706278862472,1
183,1.91326733833217,0.0076,0.0605142521275697,1,0.992466666666667,0.00805196386695251,0.386765575368022,0.996826194748572,1,0.968,0.029,0.99502269245851,1,0,0,0.9702,0.970533333333334,0.0862594008971955,0.990733333333334,0.00481464481786197,0.00306659766032919,1
184,1.9165631269465,0.00806666666666667,0.0605447747263872,1,0.993533333333334,0.00866666666666667,0.383785322237484,0.996516704880728,1,0.968266666666667,0.0295333333333333,0.994043546465343,1,0,0,0.969600000000001,0.970266666666667,0.0865139726336445,0.991809969778984,0.00454622477747852,0.00259348169456037,0.999999999999999
185,1.92028375423457,0.00823053223854464,0.0618277213174544,1,0.994133333333334,0.00870654103642053,0.387595601807415,0.996657329104658,1,0.9692,0.0288,0.993825511000894,1,0,0,0.970533333333334,0.971066666666667,0.086774050681717,0.992509104874406,0.00484064136557186,0.00330300262949211,0.999999999999999
186,1.92323645691935,0.00666666666666667,0.0597804810105683,1,0.993866666666667,0.00731524447356109,0.384886511375138,0.996577850379817,1,0.967200000000001,0.0309333333333333,0.994075166137387,1,0,0,0.968600000000001,0.969066666666667,0.0866258661592632,0.992349148579914,0.00485072244880263,0.00277712015602953,1
187,1.92722448444596,0.00605103929687661,0.0605761152953265,1,0.992321569043357,0.00680958623660406,0.381002522425011,0.996682646237725,1,0.96871092378101,0.0291333333333333,0.994274759791815,1,0,0,0.97,0.970866666666667,0.0871619020491767,0.9904,0.00483050626556964,0.00287698605592179,0.999999999999999
188,1.93098935642485,0.00752007068528082,0.0597778280101173,1,0.991066666666667,0.00828581638625229,0.385165955330264,0.996602727433672,1,0.968133333333334,0.0293333333333333,0.995238608581566,1,0,0,0.970200000000001,0.970666666666667,0.0865063490601588,0.988666666666667,0.00483988571198675,0.00304384564204579,1
189,1.93445749068362,0.00813333333333334,0.06,0.999999999999999,0.991733333333333,0.00886666666666667,0.379287380151408,0.996848727348906,0.999999999999999,0.968733333333333,0.0294,0.995199999999999,0.999999999999999,0,0,0.970066666666666,0.970599999999999,0.0870346574921023,0.990322802168959,0.00536804083387645,0.00276842646789678,1
190,1.93948633416678,0.00813333333333333,0.0618068414989714,1,0.991708853409979,0.00926666666666667,0.379933751596041,0.99663383213765,1,0.967266666666667,0.0305333333333333,0.99496775766246,1,0,0,0.969133333333334,0.969466666666667,0.0899080061042619,0.990066666666667,0.00629526699733644,0.0031754810527511,0.999999999999999
191,1.94552943814205,0.00695973906995988,0.0573905543198507,1,0.992715618301367,0.00806666666666667,0.382698484946334,0.996979749848918,1,0.965866666666667,0.0315333333333333,0.996057328292508,1,0,0,0.968066666666667,0.968466666666666,0.0869602569180111,0.9906,0.00457840315558239,0.0026204383741813,1
192,1.94933871626311,0.0064,0.058364010287827,1,0.993616289723849,0.007,0.385421053540309,0.99673109494545,1,0.964266666666667,0.0339333333333333,0.995486971471824,1,0,0,0.965561574480909,0.966066666666667,0.0899118167929008,0.9922,0.00497339695262236,0.00301348241515157,1
193,1.95315925355157,0.0064,0.0590244614125825,1,0.994533333333334,0.00719511538266646,0.388984062308878,0.996639464622759,1,0.963266666666667,0.0351333333333333,0.995141392942692,1,0,0,0.964533333333334,0.964866666666667,0.0914261993714596,0.993,0.00430056552569185,0.00308961279804174,1
194,1.9555244370772,0.00526666666666667,0.0572880325350334,0.999999999999999,0.992866666666666,0.00666666666666667,0.381316147503178,0.996894257798227,0.999999999999999,0.964037920443083,0.0342666666666667,0.995881843188786,0.999999999999999,0,0,0.965466666666666,0.965733333333333,0.0906325518918788,0.9914839435244,0.00537096373494969,0.00260924427753548,1
195,1.96092504696452,0.0048,0.0572551190733529,1,0.992291413561847,0.00672778372073298,0.382891478122024,0.996752316243011,1,0.965418127771724,0.033,0.995501404156538,1,0,0,0.966733333333333,0.967,0.0907956442103888,0.991017967269969,0.00510771227187249,0.00277425071947878,1
196,1.96549829185708,0.0046,0.0555822039892433,1,0.991004978105414,0.00636491137543,0.384907169695449,0.996797905160433,1,0.965200000000001,0.0332666666666667,0.995647090484103,1,0,0,0.966333333333334,0.966733333333334,0.0886293830005291,0.989382204131482,0.00436541407555324,0.00293238156734136,1
197,1.96830885885499,0.00419812244650802,0.0553602631009156,0.999999999999999,0.991799999999999,0.00577895352860757,0.388499798785135,0.996710941906247,0.999999999999999,0.966599999999999,0.0318666666666667,0.995913571645247,0.999999999999999,0,0,0.967866666666666,0.968133333333333,0.0875807945884733,0.990484822002039,0.0049294286467931,0.00183105119790998,1
198,1.9744074226357,0.00406666666666667,0.0533521977059999,1,0.992266666666666,0.00588648614146836,0.389377371078397,0.996494590785228,1,0.964133333333333,0.0339333333333333,0.996513099335074,1,0,0,0.965733333333333,0.966066666666667,0.0870310982228583,0.9906,0.00498341390986994,0.00341407678645867,1
199,1.97750593350078,0.00374871405358093,0.0540867555813539,1,0.992866666666666,0.005,0.400207776389624,0.996695645393312,1,0.963733333333333,0.0345333333333333,0.996024661966367,1,0,0,0.965333333333333,0.965466666666667,0.0880210021011509,0.991402917412425,0.00453158446229342,0.00285423966414427,1
200,1.98079898204239,0.0036,0.0543023835303875,0.999999999999999,0.993066275848724,0.00446666666666667,0.403421219539343,0.996796378859654,0.999999999999999,0.964657072278804,0.0338,0.99540148211464,0.999999999999999,0,0,0.966066666666666,0.966199999999999,0.0872552108102838,0.991333333333333,0.00411444250507407,0.00259232093803447,1
201,1.9838108025336,0.003,0.0534036556323321,0.999999999999999,0.994449836526429,0.00366666666666667,0.404988576701548,0.996800566426168,0.999999999999999,0.9656,0.0332666666666667,0.995995566339956,0.999999999999999,0,0,0.966533333333333,0.966733333333333,0.0855571494237114,0.992827949565209,0.00485428892620855,0.00329201761162841,0.999999999999999
202,1.98691005324395,0.0036,0.053500811910243,1,0.99467122423176,0.00426666666666667,0.400896991663216,0.996606914768164,1,0.966666666666667,0.0320666666666667,0.996588829215007,1,0,0,0.967666666666667,0.967933333333333,0.084391839682244,0.992666666666666,0.00557936798590695,0.00330740092867054,1
203,1.99142424743062,0.00306905689350569,0.0511658382371402,0.999999999999999,0.993466666666666,0.00413333333333333,0.404691129094033,0.996932512985691,0.999999999999999,0.968266666666666,0.0304,0.996342859026,0.999999999999999,0,0,0.969466666666666,0.9696,0.0814861975956799,0.991786188824404,0.00487108762096806,0.00270254553795939,1
204,1.99574273471629,0.00333333333333333,0.0510315205304283,1,0.993307494918719,0.0046,0.403004312541089,0.996544092369174,1,0.965866666666667,0.0332666666666667,0.995131966805573,1,0,0,0.966666666666667,0.966733333333333,0.0841336737990107,0.99170790183278,0.00503808471248231,0.00296335871528413,1
205,1.99988335405173,0.00273333333333333,0.0505333333333333,1,0.993170238424619,0.0042,0.403825258209235,0.996491451583151,1,0.965812030744969,0.0332,0.994612757719973,1,0,0,0.96670031187742,0.9668,0.0836000000000001,0.991533333333333,0.00454655734105691,0.00274062204386416,1
206,2.00349501399108,0.00241549341685537,0.0508234199500241,1,0.992933333333333,0.00426666666666667,0.398209417935304,0.996574196118848,1,0.9644,0.0343333333333333,0.994006130285507,1,0,0,0.9656,0.965666666666667,0.0853874366993919,0.990780376894925,0.00414427113655826,0.00365055531497677,1
207,2.0044628770153,0.002,0.0479548004331425,0.999999999999999,0.993199999999999,0.00368696219609299,0.395750024362704,0.996713931799549,0.999999999999999,0.9638,0.0346666666666667,0.994117858878714,0.999999999999999,0,0,0.965266666666666,0.965333333333333,0.0830543151721715,0.991020943894697,0.00443138258954477,0.00294922855538978,1
208,2.00743379975479,0.00206666666666667,0.0472554531628221,1,0.992391641448656,0.0032,0.393778356557857,0.996529580149267,1,0.963466666666667,0.0351333333333333,0.993501187486497,1,0,0,0.964800000000001,0.964866666666667,0.0821369736453518,0.989891727591299,0.00598675825072946,0.0026737486328739,1
209,2.01408444724058,0.0026,0.0476510431182089,1,0.991991802012665,0.00368066809225353,0.396197922039901,0.996756264795104,1,0.963297235982028,0.0355333333333333,0.993592616487135,1,0,0,0.964309240788265,0.964425773851582,0.0826660053498556,0.99005448944734,0.00501534288631267,0.00243555064597563,1
210,2.01928036666896,0.00313333333333333,0.0493433510042576,0.999999999999999,0.989819553466708,0.00492830566672274,0.402631448991583,0.996637225957911,0.999999999999999,0.963211184418195,0.0356666666666667,0.993647166477232,0.999999999999999,0,0,0.964199999999999,0.964333333333333,0.085066204947303,0.987687757658391,0.0044241374018966,0.00299001685231132,0.999999999999999
211,2.02214655477387,0.00227235624062863,0.0463763076365052,1,0.990133333333333,0.00409141661314671,0.404788058895625,0.996855439258289,1,0.965733333333334,0.0333333333333333,0.993273327233295,1,0,0,0.9666,0.966666666666667,0.0800822570989122,0.9882,0.00514321769802463,0.00286106827854338,1
212,2.02676139535995,0.00193333333333333,0.0447247020978609,1,0.989824080941149,0.0036,0.404047602062013,0.996677520600042,1,0.96665335879565,0.0320666666666667,0.993908412772649,1,0,0,0.9678,0.967933333333333,0.076683936707782,0.987795355526791,0.00436277601368392,0.00280948396334632,0.999999999999999
213,2.02985368126187,0.00213333333333333,0.0411013977378617,0.999999999999999,0.989313979075769,0.0044,0.407286146405058,0.99684806093711,0.999999999999999,0.9648,0.0339333333333333,0.994533333333333,0.999999999999999,0,0,0.966,0.966066666666666,0.0757333333333333,0.987772221797249,0.00476649821134739,0.00303283891805297,1
214,2.03337275596042,0.0028,0.0374093099413826,1,0.989866666666667,0.00490136636762433,0.403327578051043,0.996655495151445,1,0.9642,0.0345333333333333,0.994598214378614,1,0,0,0.965466666666667,0.965466666666667,0.0725985918171469,0.987866666666667,0.00544489444758,0.00234155438950646,0.999999999999999
215,2.03968300308699,0.00273333333333333,0.0371482366849529,0.999999999999999,0.989434622307478,0.0046,0.395132675909921,0.996883588107552,0.999999999999999,0.964905402313531,0.0338666666666667,0.994329232783048,0.999999999999999,0,0,0.966133333333333,0.966133333333333,0.0720502306746209,0.987199999999999,0.00528680593353294,0.00340299376925751,1
216,2.04344873859007,0.00318980092025968,0.0379238475072189,1,0.990498151746742,0.00443828688890344,0.395684340354469,0.996637557402611,1,0.963130108970873,0.0358,0.994196137408026,1,0,0,0.9642,0.9642,0.0739266298621453,0.988473245518262,0.00531039096741288,0.00228797826739004,1
217,2.04962488400942,0.0024,0.034268785193185,1,0.990838727814553,0.00413333333333333,0.398514916444478,0.996741772355861,1,0.964133333333333,0.0351333333333333,0.994750372659673,1,0,0,0.964866666666667,0.964866666666667,0.070421077409071,0.988266666666667,0.00459121651444951,0.00326617248562242,1
218,2.05220699333911,0.00246666666666667,0.0340666666666667,1,0.992145984766631,0.00424148545066944,0.405987235703895,0.996647032169542,1,0.9632,0.0358,0.99462060930905,1,0,0,0.9642,0.9642,0.0704155820890238,0.989691367610804,0.00524209279147889,0.00229468086118996,0.999999999999999
219,2.0582556927147,0.00253333333333333,0.0349448980211936,1,0.993066666666666,0.00413333333333333,0.418461926686669,0.996849559868574,1,0.965333333333333,0.0338,0.995064356691537,1,0,0,0.9662,0.9662,0.0694666666666666,0.990295650769075,0.00476105927951428,0.00263279898773885,0.999999999999998
220,2.06263619657583,0.00248221759892842,0.0350695436708548,1,0.993066666666667,0.00476386692032115,0.416523637660243,0.996573249982607,1,0.966133333333333,0.0331333333333333,0.995605154924572,1,0,0,0.966866666666667,0.966866666666667,0.069684538761795,0.991266666666667,0.00470379646114439,0.00300167468873498,1
221,2.06614705455458,0.00266666666666667,0.0367450860645189,1,0.9934,0.0046970683641629,0.421880569734801,0.99680665184461,1,0.965804249037896,0.0334,0.996038674329165,1,0,0,0.9666,0.9666,0.0714555503806263,0.991435014550733,0.00458369858872824,0.00374678437724089,1
222,2.06787624238756,0.00326666666666667,0.0383904347089444,1,0.993038712451478,0.00491065130586839,0.420675837136546,0.996696813065636,1,0.9682,0.0314,0.995721168791295,1,0,0,0.9686,0.9686,0.0708993574551834,0.991275247201084,0.00439897474722015,0.0032112533535805,0.999999999999999
223,2.07032636072745,0.0034,0.0370616417544503,1,0.992921237501509,0.0052,0.416276443231408,0.996752335811664,1,0.9672,0.0324666666666667,0.995746876819826,1,0,0,0.967533333333333,0.967533333333333,0.0701725966639304,0.991226221443761,0.00393777541338213,0.00287249770207552,1
224,2.07253183325466,0.0038374544620667,0.0399980453718675,0.999999999999999,0.992942814920861,0.00564539597765374,0.414012195712231,0.996647707917255,0.999999999999999,0.967133333333333,0.0325333333333333,0.994850610479645,0.999999999999999,0,0,0.967466666666667,0.967466666666667,0.073398488805845,0.990984152962276,0.00457651514735,0.00236116776270122,1
225,2.07712321123106,0.00393333333333333,0.0361715563871419,1,0.992133333333334,0.00626666666666667,0.418238218627152,0.996935887954629,1,0.966933333333334,0.0327333333333333,0.994689755318344,1,0,0,0.967266666666667,0.967266666666667,0.0704666666666666,0.989944934143708,0.00471670228217004,0.00284570007986084,1
226,2.08100951333374,0.0036,0.0358924765981088,1,0.992015223257547,0.00630993814241468,0.420915630139302,0.996749078314992,1,0.9676,0.0322,0.994722499599782,1,0,0,0.9678,0.9678,0.0702071643693681,0.989666666666667,0.00413128968857736,0.00316268591186539,1
227,2.08288645304018,0.00333333333333333,0.0349943228718738,1,0.992439034107436,0.00581663176193382,0.421193497224523,0.996549209749099,1,0.9692,0.0307333333333333,0.995477613216057,1,0,0,0.9692,0.969226286268203,0.0675030736474041,0.990151531308993,0.00517566429006687,0.00287815965857682,1
228,2.08767189431291,0.0034,0.0366308874946579,1,0.992333333333333,0.00586666666666666,0.421180639690166,0.99672686467478,1,0.968666666666667,0.0313333333333333,0.995088970365104,1,0,0,0.9686,0.9686,0.0692204070557762,0.9904,0.00392089909654565,0.00272690458872709,1
229,2.09016456308884,0.00393333333333333,0.0353290959221959,1,0.991866666666667,0.00607939332077544,0.420524358030545,0.996727910160416,1,0.968000004553631,0.0319333333333333,0.994731048635186,1,0,0,0.968,0.968,0.0688599859106166,0.989825147527445,0.00433580937706303,0.00322031230002674,1
230,2.0924961355495,0.00366666666666667,0.0347796555456317,1,0.992400206472295,0.00576491927503308,0.415462449953243,0.996936571655957,1,0.969266666666667,0.0306666666666667,0.995363723766602,1,0,0,0.969266666666667,0.969266666666667,0.0665755560582844,0.990567149917032,0.00428457692689661,0.00317464383724091,1
231,2.09480104279153,0.0036,0.035752866586021,1,0.992867880214262,0.0052,0.416772988246352,0.996629981837972,1,0.9676,0.0323333333333333,0.9946,1,0,0,0.9676,0.9676,0.0688185218043703,0.99095899358312,0.00405585017093939,0.0029212383306364,0.999999999999999
232,2.09717757839212,0.0034,0.0343117551148739,1,0.994133333333333,0.00541182967425575,0.41766054001016,0.996590891771955,1,0.967933333333333,0.0320666666666667,0.995297019212693,1,0,0,0.967933333333333,0.967933333333333,0.0670402769618957,0.992431397199057,0.0056637384614949,0.00283135739036094,1
233,2.10298076312643,0.00346666666666667,0.0322666666666667,0.999999999999999,0.99533446279056,0.00548664089218192,0.416139893565522,0.996653951052666,0.999999999999999,0.968533333333333,0.0314666666666667,0.995541900108292,0.999999999999999,0,0,0.968533333333333,0.968533333333333,0.0644272578099934,0.993963556445774,0.00496205553792424,0.00275764507342673,1
234,2.1076165959273,0.00374028156998816,0.0324333172901717,1,0.995933333333333,0.00547173724817266,0.417043422941802,0.996746530429599,1,0.968466666666667,0.0315333333333333,0.996333333333333,1,0,0,0.968466666666667,0.968466666666667,0.06440450098691,0.994228813216981,0.00469305239371742,0.00274554180587584,1
235,2.11172120156298,0.0034,0.0321439305583621,1,0.996709552811994,0.0048,0.420632563060876,0.996539918451959,1,0.968999999999999,0.0310332167495918,0.995707955043697,1,0,0,0.968999999999999,0.968999999999999,0.0635936957686615,0.9952,0.00511762049390331,0.00236810392228202,1
236,2.11745895803826,0.0026,0.0312,0.999999999999999,0.996933333333333,0.00433333333333333,0.42307259494839,0.996817510655166,0.999999999999999,0.968781297808192,0.0312,0.996333333333333,0.999999999999999,0,0,0.968839685332776,0.968676047730736,0.0623039159108177,0.996041578192499,0.00580341472153017,0.0028736623536607,0.999999999999999
237,2.12366258843444,0.0026,0.0293333333333333,1,0.997666666666667,0.0038,0.421875605809478,0.996727218386822,1,0.9684,0.0316,0.995647753899595,1,0,0,0.968466666666667,0.9684,0.0603015725956409,0.996886961197213,0.00414466649409152,0.00234091298606421,1
238,2.12749315227819,0.00313333333333333,0.0265120802843845,1,0.997733333333333,0.00396395164465454,0.425212424145451,0.996599974327823,1,0.968266666666666,0.0317333333333333,0.996009817918831,1,0,0,0.968266666666666,0.968266666666666,0.0572879740533141,0.997,0.0050349868365977,0.00279023910033965,1
239,2.13226883771567,0.00354036473960354,0.0289333333333333,1,0.998,0.00433219241039367,0.425674933318959,0.996695333949537,1,0.968933333333333,0.0310666666666666,0.995945731309798,1,0,0,0.968933333333333,0.968933333333333,0.0593234473529629,0.9972,0.00350306135616557,0.00295781290854146,1
240,2.13343145398935,0.00353333333333333,0.028987687479946,1,0.997666666666667,0.00439202152087737,0.429148355752301,0.996471384607086,1,0.969066666666667,0.0309333333333333,0.995574021356303,1,0,0,0.969066666666667,0.969066666666667,0.0591333333333333,0.996666666666667,0.00517465008171168,0.00330759953637485,1
241,2.13741467834896,0.00313333333333333,0.028,0.999999999999999,0.997399999999999,0.00434568872931833,0.42333265618577,0.996650732086205,0.999999999999999,0.968066666666666,0.0319333333333333,0.995999999999999,0.999999999999999,0,0,0.968066666666666,0.968066666666666,0.059,0.996333333333333,0.00539146920093827,0.00289994931739905,1
242,2.14274008951944,0.00313333333333333,0.0287321227006428,1,0.997933333333333,0.00413333333333333,0.423856286756379,0.996650000058658,1,0.969266666666667,0.0307333333333333,0.996164698103549,1,0,0,0.969266666666667,0.969266666666667,0.0588666666666666,0.996866666666667,0.00512313414196477,0.00300366986995549,1
243,2.14726003618199,0.00306666666666667,0.0265827262183323,1,0.998,0.00426666666666667,0.424982656588091,0.996730307337449,1,0.968933333333333,0.0310666666666667,0.996732267298617,1,0,0,0.968933333333333,0.968933333333333,0.0574895616670135,0.99702042081835,0.00449163858070927,0.00273615351744686,0.999999999999999
244,2.15102282442472,0.0032,0.0279490244570048,1,0.998333333333333,0.00413333333333333,0.421357259050278,0.99665911995542,1,0.969066666666667,0.0309333333333333,0.996843870650683,1,0,0,0.969066666666667,0.969066666666667,0.0587838968261513,0.997866666666667,0.00493342664197493,0.00269760119089544,1
245,2.15583213600142,0.00253333333333333,0.0274,1,0.998200000000001,0.00366666666666667,0.413986221710191,0.996653289810492,1,0.969933333333334,0.0300666666666667,0.997733333333334,1,0,0,0.969933333333334,0.969933333333334,0.0571553992650942,0.998000000000001,0.00508195343546149,0.00250474369273937,1
246,2.16130502786093,0.00226666666666667,0.0291630400281066,0.999999999999999,0.99818312196013,0.00366666666666667,0.416587340428505,0.996688563233072,0.999999999999999,0.968666666666666,0.0313333333333333,0.998266666666666,0.999999999999999,0,0,0.968666666666666,0.968666666666666,0.0600666666666667,0.997999999999999,0.00464853553766537,0.00347265988920148,1
247,2.16384645381209,0.00153333333333333,0.0282863216183314,1,0.998333333333333,0.00273333333333333,0.414892290879727,0.996714846791778,1,0.9694,0.0306,0.998,1,0,0,0.9694,0.9694,0.0582,0.998066666666667,0.00465498292252881,0.00285631427866643,1
248,2.1677384965787,0.00133333333333333,0.0264666666666667,1,0.9986,0.0024,0.419629456989964,0.996711254564656,1,0.97,0.03,0.997552620385498,1,0,0,0.97,0.97,0.0556059708121999,0.998333333333333,0.00425195578052406,0.00357069162628143,1
249,2.16921529911219,0.00153333333333333,0.0271333333333333,1,0.998266666666667,0.0028,0.420915864704716,0.996756169944887,1,0.968776832295727,0.0312,0.99826683764347,1,0,0,0.968800000000001,0.968800000000001,0.0578418785537357,0.998133333333334,0.00476000429942005,0.00252852662612959,1
250,2.17391124026745,0.0014,0.0270618561933003,1,0.998333333333333,0.00246666666666667,0.417385703979249,0.996649572348985,1,0.970333333333333,0.0296666666666667,0.998264826225279,1,0,0,0.970333333333333,0.970333333333333,0.0562985552252693,0.9982,0.00511597090697318,0.00341976641372283,0.999999999999999
251,2.17759863828111,0.0016,0.0270600108041037,1,0.998736911887985,0.0024,0.416175053448601,0.996791817377439,1,0.970533333333333,0.0294666666666667,0.998449746637657,1,0,0,0.970533333333333,0.970533333333333,0.0562666666666667,0.9986,0.00470782705441866,0.00245401205943882,1
252,2.18243876923683,0.00106666666666667,0.027727823535381,1,0.998533333333333,0.002,0.41726405936809,0.996917253644005,1,0.972333333333333,0.0276666666666667,0.998733333333333,1,0,0,0.972333333333333,0.972333333333333,0.0555463615484176,0.998333333333333,0.00409246201243703,0.00276725045910196,1
253,2.18533096230827,0.001,0.028125348198011,1,0.998466666666667,0.0018,0.423629682980675,0.996792931986457,1,0.969933333333333,0.0300666666666667,0.998933333333333,1,0,0,0.969933333333333,0.969933333333333,0.0582836615295987,0.9984,0.00537100077059473,0.00349257727775363,0.999999999999999
254,2.18929025059668,0.00126666666666667,0.0266666666666667,1,0.9982,0.00226666666666667,0.42911810864051,0.996558121868017,1,0.971066666666667,0.0289333333333333,0.999335760965303,1,0,0,0.971066666666667,0.971066666666667,0.0561743504829746,0.998133333333334,0.00473360180439007,0.00316966036051755,1
255,2.19271417235226,0.0014,0.0278212001862105,1,0.998466666666667,0.00226666666666667,0.430174136787172,0.996745485016407,1,0.970933333333333,0.0290666666666667,0.999466666666667,1,0,0,0.970933333333333,0.970933333333333,0.0575043388641709,0.9984,0.00475197680330656,0.00344298970351973,1
256,2.19553987601312,0.0018,0.0274750376692004,1,0.998666666666666,0.00246666666666667,0.427761061127905,0.996736940961089,1,0.970066666666666,0.0299333333333333,0.999377833678636,1,0,0,0.970066666666666,0.970066666666666,0.057676724503619,0.998466666666666,0.00501394714571643,0.00287528724364744,1
257,2.20023538910934,0.00193333333333333,0.0285333333333333,0.999999999999999,0.998466666666666,0.00306666666666667,0.431275722954816,0.996753451524334,0.999999999999999,0.971466666666666,0.0285333333333333,0.999119638157824,0.999999999999999,0,0,0.971466666666666,0.971466666666666,0.0579115404357327,0.998333333333332,0.00456992558530236,0.00315605810284024,1
258,2.20334623037977,0.00173333333333333,0.0295685878605311,1,0.998533333333334,0.00286666666666667,0.435057552231683,0.996680443051899,1,0.971000000000001,0.029,0.999343077550608,1,0,0,0.971000000000001,0.971000000000001,0.0590201076250057,0.9984,0.0055188213050643,0.00297330499665599,0.999999999999999
259,2.20880799439358,0.0022,0.0280666666666667,1,0.9986,0.00346666666666667,0.434832114429674,0.996782832534951,1,0.971066666666667,0.0289333333333333,0.999133333333333,1,0,0,0.971066666666667,0.971066666666667,0.0577993212950207,0.9986,0.00434504958258251,0.00286364756201855,1
260,2.21208012701951,0.00185615981895027,0.0275793642486518,1,0.998666666666667,0.00306540432292816,0.427880144152747,0.996728169511167,1,0.971733333333334,0.0282666666666667,0.998875434213382,1,0,0,0.971733333333334,0.971733333333334,0.0563804157751968,0.998666666666667,0.00463398946085253,0.00302946376970267,1
261,2.21562946641419,0.00206666666666667,0.0294617653908623,1,0.998533333333333,0.0034,0.432396665453982,0.997015021064817,1,0.9702,0.0298,0.998831639529211,1,0,0,0.9702,0.9702,0.0600395563954496,0.998533333333333,0.0046612615232546,0.00241315494849403,0.999999999999999
262,2.22061043758487,0.00193333333333333,0.0311162123588234,0.999999999999999,0.998199999999999,0.00346666666666667,0.435905939031203,0.996643461413504,0.999999999999999,0.971620985647247,0.0283333333333333,0.998654977819348,0.999999999999999,0,0,0.971666666666666,0.97163068374072,0.0604085729644345,0.998199999999999,0.00542955876636207,0.00294113524692434,1
263,2.22613625682526,0.00173333333333333,0.0313590010748226,1,0.998533333333333,0.00293333333333333,0.438581627070538,0.996343886864933,1,0.972,0.0279333333333333,0.9988,1,0,0,0.972,0.972,0.0597064314681743,0.998466666666667,0.00500139351190686,0.00295332385839138,1
264,2.23056242880957,0.002,0.0316,1,0.998266666666666,0.00333333333333333,0.43612081922098,0.996586997237072,1,0.974066666666666,0.0259333333333333,0.998887205492136,1,0,0,0.974066666666666,0.974066666666666,0.0578666666666667,0.9982,0.00517654034990951,0.00263075561034841,0.999999999999999
265,2.23624096060148,0.0016,0.0300817990725976,1,0.998333333333333,0.00293333333333333,0.442053405604606,0.996808408462517,1,0.974733333333333,0.0252666666666667,0.998623043329682,1,0,0,0.974733333333333,0.974733333333333,0.0556,0.9982,0.00517373515774499,0.00326885285725453,0.999999999999999
266,2.24031334453966,0.0022,0.0316666666666667,1,0.9984,0.0036,0.446520408228839,0.996961639923275,1,0.974866666666666,0.0251333333333333,0.997831857091505,1,0,0,0.974866666666666,0.974866666666666,0.0566,0.998133333333333,0.00437762685478806,0.00272852030904634,1
267,2.24400785994065,0.0022,0.031746144075016,0.999999999999999,0.998866666666666,0.00333333333333333,0.452715953015355,0.996672062806092,0.999999999999999,0.976266666666666,0.0237333333333333,0.998157687342755,0.999999999999999,0,0,0.976266666666666,0.976266666666666,0.0555472403046034,0.998599999999999,0.00624323700176645,0.00310910406628258,1
268,2.2508723504181,0.00226666666666667,0.0314131678905392,1,0.998733333333333,0.00366666666666667,0.450400030925126,0.996670965246988,1,0.975066666666667,0.0249333333333333,0.997967765814646,1,0,0,0.975066666666667,0.975066666666667,0.0561119368155697,0.998466666666667,0.00534079012602827,0.00259236702947973,1
269,2.25705869997337,0.00273333333333333,0.0307977009171426,1,0.998733333333333,0.00425436237578663,0.451436885217779,0.996764004064223,1,0.9754,0.0246,0.9982,1,0,0,0.9754,0.9754,0.0555478526831764,0.998288424285537,0.00519187349666007,0.00292974802135562,1
270,2.26208950408052,0.0024,0.0294,1,0.9986,0.00381370325531335,0.446044454602443,0.996648410132796,1,0.973818402887756,0.0261333333333333,0.998241746613963,1,0,0,0.973866666666667,0.973828947921544,0.0552507827750227,0.998133333333334,0.0054972832103535,0.00280085330878565,1
271,2.26818906985934,0.0028,0.0301395314347573,1,0.9984,0.00387349869297567,0.454914134377378,0.996554361426122,1,0.974133333333333,0.0258,0.998670355224549,1,0,0,0.974159988072703,0.974133333333333,0.0557508683850493,0.998133333333333,0.00492903805394336,0.00261979253013508,1
272,2.27342687531607,0.00173333333333333,0.0284183516689413,1,0.9986,0.00266666666666667,0.461581231778194,0.996770371863675,1,0.973733333333333,0.0262,0.998352417783183,1,0,0,0.973756885428923,0.973733333333333,0.0543621880483867,0.998266666666666,0.00476967261735896,0.00246527290505059,1
273,2.2786657595535,0.00193333333333333,0.0259333333333333,0.999999999999999,0.998541470818812,0.00262149553290127,0.461410485887799,0.996396900071951,0.999999999999999,0.973666666666666,0.0263333333333333,0.997599999999999,0.999999999999999,0,0,0.973666666666666,0.973666666666666,0.0516884535630239,0.998199999999999,0.00417550786026835,0.00322799693463185,1
274,2.28082482025655,0.002,0.0249369653809087,1,0.998266666666667,0.00280618119020079,0.464356265915184,0.996725102863573,1,0.976333333333334,0.0236666666666667,0.997535155988289,1,0,0,0.976333333333334,0.976333333333334,0.0484174185820885,0.997866666666667,0.00404912505527901,0.00317061867529995,1
275,2.28282853941276,0.00221470001852916,0.024,1,0.9978,0.00345683580668552,0.464322386150507,0.996633594335584,1,0.9764,0.0236,0.996594373099521,1,0,0,0.9764,0.9764,0.0483748544227189,0.9974,0.00398104676113622,0.00179208816715061,1
276,2.2878255565627,0.0021170724377289,0.0241333333333333,0.999999999999999,0.997799999999999,0.00338532847463508,0.465762765008838,0.996592864112283,0.999999999999999,0.977733333333333,0.0222666666666667,0.997199999999999,0.999999999999999,0,0,0.977733333333333,0.977733333333333,0.0469834769944338,0.997533333333333,0.00416315581400492,0.0027831896547041,1
277,2.29098267840914,0.00166666666666667,0.0235754505746131,1,0.9972,0.00293333333333333,0.463007467637341,0.996760254903714,1,0.977533333333334,0.0224666666666667,0.9964616301093,1,0,0,0.977533333333334,0.977533333333334,0.0461787955434031,0.997,0.00448842345222582,0.00247956336851935,0.999999999999999
278,2.29547714865197,0.00146666666666667,0.0243066911410258,0.999999999999999,0.997066666666666,0.0028,0.466141390607021,0.996887232794564,0.999999999999999,0.976066666666666,0.0239333333333333,0.996322364404218,0.999999999999999,0,0,0.976066666666666,0.976066666666666,0.0485544694352878,0.997002535331655,0.00497382160217108,0.00332064750853913,1
279,2.29926551776719,0.0018,0.0249266085281353,0.999999999999999,0.996333333333332,0.0036,0.474187968415844,0.99680902469039,0.999999999999999,0.977999999999999,0.022,0.996533333333332,0.999999999999999,0,0,0.977999999999999,0.977999999999999,0.0478057774959475,0.996333333333332,0.00518071699775716,0.00182953780241386,1
280,2.3069707685349,0.00186666666666667,0.0237333333333333,0.999999999999999,0.996333333333333,0.0034,0.469241862123423,0.996835500265237,0.999999999999999,0.979466666666666,0.0205333333333333,0.996799999999999,0.999999999999999,0,0,0.979466666666666,0.979466666666666,0.0448666666666667,0.996266666666666,0.00425689615118625,0.00331669454971099,0.999999999999999
281,2.30913978614603,0.002,0.0220149202385106,1,0.996333333333333,0.0034,0.472847008367228,0.996472626104226,1,0.978733333333333,0.0212666666666667,0.996358300877512,1,0,0,0.978733333333333,0.978733333333333,0.0439968235051868,0.996266666666666,0.00552593925713273,0.00342300263291444,1
282,2.31399576077276,0.00193333333333333,0.0196460431314961,1,0.996266666666666,0.003,0.4705710623945,0.996762379765013,1,0.9794,0.0206,0.996202276395197,1,0,0,0.9794,0.9794,0.0413066578107033,0.9962,0.00433026240348197,0.00286109893140736,1
283,2.31739539881902,0.00193333333333333,0.0206564587167088,1,0.996,0.003,0.472828374888224,0.996739645576928,1,0.977933333333333,0.0220666666666667,0.995374303290491,1,0,0,0.977933333333333,0.977933333333333,0.0433952812328595,0.995866666666667,0.0045113275450869,0.00201523740199691,1
284,2.32307741900514,0.00246666666666667,0.0234,1,0.995933333333333,0.0034,0.470159136666078,0.996886023958719,1,0.979533333333333,0.0204666666666667,0.995982011551867,1,0,0,0.979533333333333,0.979533333333333,0.0439333333333333,0.995866666666666,0.00436811578765094,0.00247507533088605,1
285,2.32747509854351,0.00286666666666667,0.0224666666666667,1,0.995533333333333,0.00433333333333333,0.47048079573258,0.99684671647922,1,0.9802,0.0198,0.995933333333333,1,0,0,0.9802,0.9802,0.0423014701501767,0.995466666666666,0.00429635136025599,0.00262864611865276,1
286,2.33128329174223,0.00273333333333333,0.0217333333333333,1,0.995666666666667,0.00413333333333333,0.472156163324325,0.996880891501671,1,0.98,0.02,0.996157735426436,1,0,0,0.98,0.98,0.0416666666666667,0.995466666666667,0.00492329921562317,0.00315124533649404,1
287,2.33529516479363,0.00286666666666667,0.0210194884672981,0.999999999999999,0.995579992232566,0.00446666666666667,0.463990734522811,0.996501730200262,0.999999999999999,0.980733333333333,0.0192666666666667,0.996372371283966,0.999999999999999,0,0,0.980733333333333,0.980733333333333,0.0408,0.995333333333333,0.00507962831212295,0.00295515173009228,1
288,2.34025644468337,0.00326666666666667,0.0214622270158582,1,0.995717911174459,0.00473333333333333,0.465430406761176,0.99679038727388,1,0.981533333333333,0.0184666666666667,0.996578664187021,1,0,0,0.981533333333333,0.981533333333333,0.0396984344751488,0.995266666666667,0.00462445988525591,0.00253996343569119,1
289,2.34513470093338,0.00393333333333333,0.0225333333333333,0.999999999999999,0.996239504301973,0.00473333333333333,0.467893953468597,0.99656338762379,0.999999999999999,0.981133333333333,0.0188666666666667,0.99550848668091,0.999999999999999,0,0,0.981133333333333,0.981133333333333,0.0408,0.995599999999999,0.00449561841881243,0.0028447630882924,1
290,2.3490061790552,0.00333333333333333,0.0213333333333333,0.999999999999999,0.996378561260344,0.00413333333333333,0.473890862281765,0.996527673577857,0.999999999999999,0.981466666666666,0.0185333333333333,0.995435863825354,0.999999999999999,0,0,0.981466666666666,0.981466666666666,0.0391335951306865,0.995799999999999,0.00516749953233009,0.00279644461575337,0.999999999999999
291,2.35449186709573,0.00333333333333333,0.0203698244836577,1,0.996333333333333,0.00426666666666667,0.481128882809386,0.996796372108058,1,0.982133333333333,0.0178666666666667,0.996028409117974,1,0,0,0.982133333333333,0.982133333333333,0.0373333333333333,0.995866666666667,0.00390719699311549,0.00298418778285472,0.999999999999999
292,2.35664819447272,0.0032,0.0197762500020704,1,0.996066666666667,0.0044,0.479112128379784,0.996737296894572,1,0.982933333333333,0.0170666666666667,0.995895124828546,1,0,0,0.982933333333333,0.982933333333333,0.0357835666481676,0.9954,0.00436140734961951,0.00321291994567659,1
293,2.35919766535996,0.0032,0.0220666666666667,1,0.996605857416459,0.00442675864202271,0.473693997555156,0.99655113436613,1,0.984666666666667,0.0153333333333333,0.996508107862893,1,0,0,0.984666666666667,0.984666666666667,0.0366666666666666,0.996,0.00411226837825036,0.00333394521743775,1
294,2.36103388354385,0.003,0.0227333333333333,1,0.996133333333333,0.00439836617953491,0.470268082267368,0.996586576733447,1,0.984466666666666,0.0155333333333333,0.996496881447113,1,0,0,0.984466666666666,0.984466666666666,0.0371614956305726,0.995666666666666,0.00482784466121522,0.00251990963791836,1
295,2.36648299633487,0.003,0.0216004821609022,1,0.9952,0.0048,0.468239751664813,0.996679394371257,1,0.985933333333333,0.0140666666666667,0.995861837707546,1,0,0,0.985933333333333,0.985933333333333,0.0357771489629404,0.994571218781633,0.00514438414577684,0.00288039887337065,1
296,2.37184067898597,0.0028,0.0206073199716147,1,0.9954,0.0046,0.469648577606089,0.996625680411306,1,0.986266666666666,0.0137333333333333,0.996381361786568,1,0,0,0.986266666666666,0.986266666666666,0.03450401513826,0.995,0.00460878863225095,0.0030459243523313,0.999999999999999
297,2.37554754406082,0.0028,0.019,1,0.995628216443041,0.00486666666666667,0.471849220158389,0.996576704304765,1,0.9868,0.0132,0.996466666666666,1,0,0,0.9868,0.9868,0.0324897435263868,0.995266666666666,0.00523168041849378,0.00208298701671845,1
298,2.3830274149384,0.00253333333333333,0.0175249602649426,1,0.996142553069425,0.00425717462732308,0.465306772128431,0.996684961658033,1,0.986266666666667,0.0137333333333333,0.996822789220763,1,0,0,0.986266666666667,0.986266666666667,0.0309631126879556,0.9958,0.00466802285175113,0.00281304016305335,1
299,2.38744788953981,0.00256691748936532,0.0177976058552137,1,0.995494130265828,0.00426666666666667,0.466047942255518,0.996442308842647,1,0.985066666666667,0.0149333333333333,0.996266006885334,1,0,0,0.985066666666667,0.985066666666667,0.0322,0.994933333333333,0.00530144602908794,0.00293126588343489,0.999999999999999
300,2.3929954223881,0.002,0.0171333333333333,1,0.995266666666666,0.00426752276989164,0.465488529917991,0.996720011891418,1,0.986133333333333,0.0138666666666667,0.996666666666666,1,0,0,0.986133333333333,0.986133333333333,0.0315333333333333,0.9946,0.00409865462079451,0.00296896198829699,1
