"X","PopRatio","KC","LC","aKC","Prol_KC","Diff_KC","preDiff_KC","pDC","iDC","M1","M2","Neutrophil","Th0","Th1","Th2","Th17","Th22","Treg","Fibroblast","Division","Death","ILC3"
0,1.36335026305308,0.0543680521519543,0.251517333239155,0.999999999999998,0.933536422969822,0.0350072633649524,0.200006014161997,0.996594480174771,0.999999999999998,0.95213915659083,0.0405999999999999,0.992799999999998,0.999999999999998,0.951338608886988,0,0.952078154597968,0.95145823047527,0.284462043068233,0.917799999999999,0.00846786456872955,0.00508833956862161,0.999999999999999
1,1.36795773935097,0.0548043752930763,0.248789647044358,0.999999999999996,0.933290256481151,0.0368941092055648,0.203055203829534,0.996654711368621,0.999999999999996,0.955201667603226,0.0371999999999999,0.993540151006444,0.999999999999996,0.95503453757453,0,0.955769643780937,0.954546385910117,0.27832857174576,0.920026654729062,0.00444475539167018,0.00280932306321567,0.999999999999998
2,1.37019494166186,0.0552638130365265,0.248804499124779,1,0.930480477519617,0.0381118445155952,0.203090242521311,0.996585624311945,1,0.95517310731232,0.0374666666666667,0.99366605919129,1,0.955118727048956,0,0.95482986766467,0.954518880128438,0.279614427630316,0.917952583211287,0.00319044253491852,0.00282278693767549,0.999999999999999
3,1.37069870150148,0.0559533578739462,0.247861666247534,0.999999999999997,0.932356185425622,0.0410607766275706,0.204029475930063,0.996480004215725,0.999999999999997,0.954873519584231,0.0380243709214285,0.993370000812771,0.999999999999997,0.955010356859292,0,0.952999999999998,0.953057312812441,0.279099831828797,0.9200655220419,0.00488031812141485,0.00268096201536991,0.999999999999999
4,1.37371335606017,0.0543192218227318,0.245183103778596,0.999999999999998,0.935708501205896,0.0404666666666667,0.202453169126734,0.996684964351752,0.999999999999998,0.954590004202087,0.0377964053775707,0.993995738522635,0.999999999999998,0.955331763999413,0,0.95273776714789,0.953163584933391,0.27631029110163,0.9221222277688,0.00531122889908507,0.00266594078947957,0.999999999999999
5,1.3773251385706,0.0542763199369521,0.239946538257675,0.999999999999999,0.936531277942986,0.0428240702928114,0.205133767130788,0.996924369547039,0.999999999999999,0.956645856378833,0.034,0.994697866328548,0.999999999999999,0.959488366712382,0,0.957059183837052,0.957157070299934,0.269181310948765,0.923343624055836,0.00419712565109987,0.00282512590269044,0.999999999999999
6,1.37921482831419,0.055631521250246,0.239805691042127,0.999999999999999,0.937195118071282,0.0420486241416932,0.210201152856418,0.996903752505356,0.999999999999999,0.955923227107582,0.0332666666666667,0.995268363602561,0.999999999999999,0.959093891658572,0,0.956066837721349,0.955987230099128,0.269591095033008,0.923444470762033,0.00360296696325766,0.00162136876828472,0.999999999999999
7,1.38194787792846,0.0568309853248611,0.243037621686648,0.999999999999999,0.938423881178636,0.042422544546184,0.214516714746853,0.996724752630505,0.999999999999999,0.958952738454221,0.0310666666666666,0.995026883048755,0.999999999999999,0.961784768719687,0,0.959606305588037,0.958014111381032,0.270789908865029,0.92495048625069,0.00490804568570631,0.00226170876843236,0.999999999999999
8,1.38560497761557,0.0581806068004598,0.238291974087317,0.999999999999999,0.938790374981919,0.043752733433092,0.214718490862385,0.996686005961815,0.999999999999999,0.961279822766249,0.0291602283808626,0.995256839209074,0.999999999999999,0.963420390941813,0,0.96115285218692,0.961469591965747,0.267444789053191,0.927254611028322,0.00466601016959186,0.00266548824506327,1
9,1.38837691075202,0.0609468045379062,0.241927256377234,0.999999999999999,0.940467001868295,0.0468740231075861,0.211693883257304,0.996780183144768,0.999999999999999,0.96265051507331,0.0288666666666667,0.994779856432886,0.999999999999999,0.964345887131625,0,0.961000238096618,0.962919814967269,0.270912404843917,0.928953281892221,0.00468223416525992,0.00300196149048851,0.999999999999999
10,1.39070976253744,0.059581496431979,0.24314687520865,0.999999999999999,0.936922013907105,0.0469076043272492,0.20880511771866,0.996825240950285,0.999999999999999,0.964728063787959,0.0273333333333333,0.995799999999999,0.999999999999999,0.965835508799384,0,0.962779430501946,0.965200431419658,0.272879894202272,0.926191498552392,0.00367779808974038,0.0023622652152772,0.999999999999999
11,1.39253928694889,0.061136543833576,0.239983231596689,1,0.938684167771385,0.0475569366849715,0.210216036199083,0.996803513485313,1,0.966119362607854,0.0261333333333333,0.996866666666666,1,0.966332099940977,0,0.964167206738757,0.966385031901365,0.268776958656395,0.928288247100869,0.00554859205375121,0.00247061196935828,0.999999999999999
12,1.39682549514086,0.0622497832199376,0.241064223063485,0.999999999999999,0.938650643681243,0.0481097903136232,0.210063959989475,0.996885176050465,0.999999999999999,0.966113316582819,0.0258,0.996466666666666,0.999999999999999,0.966426526363446,0,0.965171056495627,0.966513367264455,0.270812713733866,0.929155154447368,0.00398827955415252,0.00280077975398864,1
13,1.3984842251372,0.0583045716352227,0.237684744922588,0.999999999999999,0.939361202900386,0.0461451990238204,0.211087712484223,0.996780271311439,0.999999999999999,0.966748635285515,0.0244666666666667,0.997066666666666,0.999999999999999,0.967682848003643,0,0.966959994096826,0.968438436811674,0.26598988914212,0.930118843906393,0.00391426530112252,0.00228085585547594,1
14,1.40073230403017,0.0569763118002643,0.232716406887649,0.999999999999999,0.939590958225297,0.0459266259321627,0.215564336890755,0.996736847399583,0.999999999999999,0.962744998804003,0.0278666666666667,0.997647641004677,0.999999999999999,0.963259948147186,0,0.964207369437727,0.964869157525233,0.263784160161804,0.929447892581686,0.00441627495274611,0.00252025920027741,0.999999999999999
15,1.4033881145436,0.0576041713260289,0.23554435681757,0.999999999999999,0.942377764125071,0.0453055955194327,0.212399922257896,0.996712741859482,0.999999999999999,0.961233825338634,0.0295333333333333,0.998080875328526,0.999999999999999,0.962568229159744,0,0.963328300127426,0.96361292360839,0.266704439929617,0.93155582730954,0.0046175727780573,0.00275210492291803,1
16,1.40600608995957,0.0579779400543121,0.234927832054657,0.999999999999999,0.947505730504376,0.0450378125933349,0.209743214885438,0.996672310266599,0.999999999999999,0.963582455251728,0.0278666666666667,0.997486135716093,0.999999999999999,0.96423147953529,0,0.965356959281266,0.966674279211376,0.265217390910262,0.935127302245952,0.00362131722430305,0.00284827043921376,0.999999999999999
17,1.40709299844723,0.0593448193336477,0.236428356262928,1,0.949477205300093,0.0444649039419897,0.208215634441865,0.996680805555499,1,0.965450051051217,0.0262496246544874,0.997797470994482,1,0.967492534334534,0,0.967104321901341,0.969804295890167,0.265786664557177,0.938338318182888,0.00508412078586905,0.00232826319113968,1
18,1.41097074637348,0.05628987279405,0.230320390107848,0.999999999999998,0.949638699330249,0.0434329829744967,0.210730826062055,0.996562127489316,0.999999999999998,0.965288656438562,0.0250666666666667,0.998599999999998,0.999999999999998,0.96918625532696,0,0.96923297160136,0.971030531949495,0.259024745980477,0.93820771623496,0.00488490001956922,0.00312003529149998,0.999999999999999
19,1.41346091887609,0.0524944907253961,0.225752039580275,0.999999999999999,0.949093105600815,0.0409472191470263,0.212507277929913,0.99665460525147,0.999999999999999,0.966058149544838,0.0253333333333333,0.998533627586062,0.999999999999999,0.968392891977906,0,0.968487166933218,0.970843510903308,0.255003131847266,0.936459698000332,0.00322824614652922,0.00253387154005056,0.999999999999999
20,1.41444239024541,0.050127490093495,0.220413573110969,0.999999999999999,0.951602668652535,0.0401186695642119,0.215585309448532,0.996568567865251,0.999999999999999,0.965978366252752,0.0248666666666667,0.999000762994625,0.999999999999999,0.969000999152164,0,0.96961686317045,0.971956627163472,0.24907953430807,0.937249268879528,0.00466909172460692,0.00232888891086497,0.999999999999998
21,1.41774707334527,0.0492911490794902,0.217160398184186,0.999999999999998,0.948861423007432,0.0402594485486455,0.217366989636352,0.996678650255312,0.999999999999998,0.965086175943955,0.026,0.999066666666665,0.999999999999998,0.967096001154208,0,0.967733333333331,0.970717459574107,0.245204640455148,0.935002201997762,0.00441206007046203,0.00264149991386204,1
22,1.42025727982547,0.0468565610467848,0.220143616630217,0.999999999999999,0.94705215268275,0.0397035550260895,0.216981244688038,0.996651674682192,0.999999999999999,0.965541231721746,0.0259333333333333,0.999155409540193,0.999999999999999,0.966999999999999,0,0.968266666666666,0.970855163969036,0.247032703972907,0.93475351950579,0.00446892319325164,0.00207973930731372,0.999999999999998
23,1.42365053563231,0.0480416764208621,0.225689092613102,0.999999999999999,0.945540039009486,0.0413931561065017,0.215936562442452,0.996481963944449,0.999999999999999,0.963324557617319,0.0281333333333333,0.999066666666665,0.999999999999999,0.965119462408032,0,0.966566551617523,0.9680334189196,0.254066821997257,0.934857145660616,0.00526532780991424,0.0027552624713595,0.999999999999999
24,1.42722399149602,0.0477503026866031,0.226155427182745,0.999999999999999,0.944365559697447,0.0414352717992091,0.218807452789938,0.996952610153024,0.999999999999999,0.960897605532161,0.0298666666666667,0.999022649895141,0.999999999999999,0.963313838155244,0,0.965933333333332,0.96650520151982,0.256789310009118,0.932584198485413,0.00490752972231404,0.00347349860628596,0.999999999999998
25,1.42927067510936,0.0491909788673217,0.230109781792595,1,0.942244863980211,0.0423115563094849,0.222833509815213,0.99662605325753,1,0.95902997715878,0.0302666666666667,0.999055723651145,1,0.963411304009561,0,0.965093328229246,0.966042507637139,0.261944790613342,0.930895345885695,0.00498995305953933,0.00219702200965528,0.999999999999998
26,1.43326252955657,0.0486602650199973,0.227958787305629,0.999999999999999,0.940916838294519,0.0409022473855791,0.217978125087144,0.996648050747609,0.999999999999999,0.955865491862098,0.0328,0.998651576094505,0.999999999999999,0.961610347995301,0,0.962781429883356,0.963644632844254,0.26166742802924,0.930862858710517,0.00566944029760792,0.0025108207302287,0.999999999999999
27,1.43772090521441,0.0486661247604498,0.225793212077107,1,0.939954967252289,0.0406839630452455,0.220174680988763,0.996717235774292,1,0.954540429832608,0.0341333333333333,0.997994740778787,1,0.960439340228982,0,0.961933333333333,0.961922233417674,0.259989935346768,0.929360123706455,0.00492669369984561,0.00272438147658544,0.999999999999999
28,1.4408872155376,0.0485612911843672,0.221451029429598,0.999999999999999,0.937567652065367,0.0398589514536322,0.224887551501526,0.996676843304802,0.999999999999999,0.955682060971385,0.0333934021982265,0.998999999999999,0.999999999999999,0.961780908113067,0,0.962443876152961,0.962792018153467,0.256793384824182,0.926991560543337,0.00456863175667279,0.00288412370669099,0.999999999999999
29,1.44323743605633,0.0503682414648268,0.223250494893759,0.999999999999999,0.936246268678472,0.0418151933680136,0.227057377603965,0.996570238487029,0.999999999999999,0.954617406714604,0.0344666666666666,0.998733333333332,0.999999999999999,0.960033539465257,0,0.960278271568341,0.962048242202344,0.258493261650121,0.925143997886571,0.00505449034307308,0.00340811284420666,1
30,1.44551054109088,0.0473799540849425,0.220827125578158,0.999999999999999,0.938271939907241,0.0386883300200018,0.231794948331053,0.996496741966753,0.999999999999999,0.95332086766804,0.0366,0.998346587582944,0.999999999999999,0.957869383199149,0,0.959064214687666,0.959737513307601,0.255485664253776,0.925923991046192,0.0050133881897171,0.00249408445142496,0.999999999999999
31,1.44908746595185,0.0462111359364339,0.225468330221715,0.999999999999999,0.93941691721613,0.037179856660978,0.231517038303994,0.996551486696165,0.999999999999999,0.954345016015057,0.037,0.998866666666666,0.999999999999999,0.958519952653691,0,0.958733333333333,0.959838718645267,0.261117131284486,0.927778088494677,0.00476017529908047,0.00279847754812535,0.999999999999999
32,1.45193013757474,0.0494,0.227497639540998,0.999999999999999,0.941080862167292,0.0402287935257033,0.227720524091075,0.996750884594808,0.999999999999999,0.95426249942372,0.0377333333333333,0.998802950360349,0.999999999999999,0.957333333333332,0,0.958866666666665,0.958861568340672,0.263088549558543,0.92935534468597,0.0041665485419358,0.00291991133425607,0.999999999999999
33,1.45354657702218,0.0470561376437786,0.225844197372507,0.999999999999998,0.942698069292709,0.0378869571399325,0.232359769131772,0.99646311596562,0.999999999999998,0.955950704930733,0.0366666666666667,0.998855103731624,0.999999999999998,0.959628928361465,0,0.959676214939937,0.961043021313029,0.2597897809806,0.932004020513598,0.00472070394725179,0.00276358707472409,0.999999999999999
34,1.45639133755308,0.0468763192043721,0.222503675164839,1,0.942151928591408,0.0380977656371014,0.2376656580538,0.996718357164563,1,0.956942149529039,0.035,0.998913932865707,1,0.96113863880967,0,0.960540977513377,0.962519179597231,0.255307236097,0.931846836920827,0.00372302154750437,0.00256318321550333,1
35,1.45808051605277,0.0440271574666247,0.224561493806192,1,0.941644701340306,0.0349559021233059,0.238182481615082,0.99685239026759,1,0.957146191051931,0.0346,0.999133333333333,1,0.96179473495854,0,0.960783088713703,0.962666666666667,0.256006572186228,0.931625037738459,0.00486308412232862,0.00207230573741915,0.999999999999999
36,1.46214969564042,0.0408666666666666,0.226607445334564,1,0.943957138570188,0.0294535136055167,0.237523966465459,0.996706854805147,1,0.957588424998566,0.0346666666666667,0.998766278234045,1,0.962266666666667,0,0.960933461744094,0.963373064832505,0.257827779298429,0.933198776765795,0.00479279539984879,0.00231768597025983,0.999999999999999
37,1.46576867613957,0.0408231754297158,0.227462454391868,0.999999999999999,0.94510675328031,0.0315333333333333,0.237959869095215,0.996676373752949,0.999999999999999,0.958567184269886,0.0339333333333333,0.998961202001067,0.999999999999999,0.963478334077293,0,0.962399999999999,0.963933333333333,0.258992501452233,0.934280101608227,0.00450424031407548,0.00252209069486243,0.999999999999999
38,1.46867404896284,0.0384040725967581,0.224769573827518,0.999999999999999,0.944711025994472,0.0295741150198019,0.239008511211937,0.996633109266976,0.999999999999999,0.959059896664516,0.0342666666666667,0.99903362749258,0.999999999999999,0.963324218613848,0,0.96199196561856,0.963038190357472,0.257093706888111,0.935128719011136,0.00440487017942419,0.00226424461675799,1
39,1.47181793017527,0.0384885605256331,0.229895603876209,1,0.944243082601694,0.0309263072669464,0.241625310899268,0.996601912935837,1,0.958042000411387,0.0363333333333333,0.998866666666666,1,0.961483768914331,0,0.960545570861329,0.961350131762639,0.264053284228198,0.935160404061651,0.00448071223432728,0.00232412024956774,1
40,1.47499204092651,0.0369885769625461,0.229532175484701,1,0.945064013119113,0.0280795942479314,0.237249614980561,0.996595907223676,1,0.957544322843386,0.0378666666666667,0.998541330209917,1,0.959512853453593,0,0.958809730623303,0.960044225226422,0.264511098148252,0.936955061278732,0.00411425151943558,0.00189338125536109,1
41,1.47826780688995,0.0389930564356636,0.231388423083365,0.999999999999998,0.942689603310096,0.0288456348676977,0.234944161598185,0.99657390812713,0.999999999999998,0.956581548974943,0.0381333333333333,0.998479759461718,0.999999999999998,0.958370949558093,0,0.957800744109231,0.959576952779855,0.268014255338598,0.934763318722328,0.00390055226421203,0.00215050407105535,1
42,1.4808548467944,0.0388161881212708,0.230767768635208,0.999999999999999,0.943925565123675,0.0288883103195051,0.236640881562562,0.99680248726266,0.999999999999999,0.957697875224333,0.0372,0.998233863543451,0.999999999999999,0.959315611639456,0,0.959618808801646,0.9606,0.268402886854551,0.93653113484119,0.004285950877074,0.0030281362971892,0.999999999999999
43,1.48261876395493,0.040180033462852,0.226231496894417,0.999999999999999,0.944032830259729,0.0301696833991816,0.241888677607866,0.996771851078608,0.999999999999999,0.958306376791159,0.0366,0.998028840818963,0.999999999999999,0.959399999999999,0,0.959880156993205,0.961399999999999,0.264269367423598,0.937535418418452,0.00533754682417939,0.00272142260741126,0.999999999999998
44,1.48645869421267,0.0397041942816396,0.224182085343657,0.999999999999999,0.945627475278543,0.0295687616800982,0.242868968703839,0.996753985530516,0.999999999999999,0.95827812783205,0.0363333333333333,0.997486245257023,0.999999999999999,0.959633822946619,0,0.961074780555762,0.961715237845659,0.26099850058481,0.939215050111881,0.00480423225171909,0.00275025056647275,0.999999999999999
45,1.48932417200224,0.0428589473984858,0.223879088590899,0.999999999999999,0.944240666192871,0.033867214375453,0.244640676580585,0.996445315655391,0.999999999999999,0.958301266741956,0.0358666666666667,0.997866666666666,0.999999999999999,0.958894308105614,0,0.96161234472228,0.961866666666666,0.261192522354464,0.93761951188292,0.0045828242580506,0.00221475360412002,1
46,1.49277816001948,0.042209924341833,0.225102083321637,1,0.944566599574862,0.035174566527112,0.241140860937528,0.996755985680635,1,0.961293794233829,0.0334666666666667,0.997736173443213,1,0.960466666666667,0,0.963860203073058,0.96424983174939,0.258767312168311,0.937363849434255,0.00516150733199202,0.00287335808151788,0.999999999999999
47,1.49619385924746,0.0427917901170266,0.220265135755446,0.999999999999999,0.946086006814,0.0360835159677777,0.242650567839398,0.996688691627137,0.999999999999999,0.960294381374649,0.0348666666666666,0.996761160506795,0.999999999999999,0.959330564338553,0,0.962800909315316,0.962860366940605,0.253810322434189,0.938160892918062,0.00390300440695205,0.00363991471280623,0.999999999999998
48,1.496551165921,0.0433239855758209,0.225709204598277,0.999999999999999,0.947119747973144,0.0379739816506482,0.242415895177425,0.996608408604388,0.999999999999999,0.959826136522055,0.0342666666666667,0.996680128185677,0.999999999999999,0.960190985505003,0,0.963263874318229,0.963293028282103,0.260011388344075,0.938399450351239,0.00424432421490331,0.00160989583646204,1
49,1.50049372278229,0.0381527120933683,0.225082492477612,0.999999999999999,0.947512669890585,0.034452432573237,0.241968237738042,0.996608846823535,0.999999999999999,0.959057534772853,0.0355333333333333,0.996898000780446,0.999999999999999,0.960333333333333,0,0.962866666666666,0.962640213644451,0.25970508526178,0.93926018158584,0.00451690205969976,0.00217699941082373,1
50,1.50400473201885,0.0369412497271814,0.221904979902323,1,0.950404501289246,0.0322047565062825,0.243609984902985,0.996508480828214,1,0.959465397057999,0.0352,0.997090075230535,1,0.96087095935109,0,0.96305945304286,0.963,0.256214225224341,0.94075079751358,0.00420962633118395,0.00256037207401651,0.999999999999999
51,1.50648074350455,0.0346784086088293,0.220707491358093,1,0.950764957092764,0.0311997296947391,0.241330825630666,0.996576541855701,1,0.95775604123157,0.0361333333333333,0.997157074412238,1,0.960425800005292,0,0.962431276819712,0.962399999999999,0.255596298199966,0.941493370574142,0.00518629347188843,0.00288446433605474,1
52,1.50994840477252,0.034086304080269,0.223551695056439,1,0.952561695969272,0.0302239450334191,0.245515280753161,0.996692369244758,1,0.9592,0.0352377532690988,0.997226276730336,1,0.961494420777371,0,0.962549701622436,0.963133333333333,0.258693504495307,0.942717782305215,0.00445802021197853,0.0028303259813481,0.999999999999999
53,1.51240613907952,0.0353386609097387,0.223095095044249,0.999999999999999,0.953029850085903,0.0313248258290057,0.250114247750722,0.996688769376989,0.999999999999999,0.960402515649821,0.0338666666666666,0.997192801422799,0.999999999999999,0.963651961874122,0,0.963635026372395,0.964466666666666,0.25778527207206,0.944507143705417,0.00526114135112826,0.00308427905319638,1
54,1.51566622712069,0.0348,0.219896503905794,0.999999999999999,0.954162203879562,0.028893190115033,0.255202620945391,0.996612880675758,0.999999999999999,0.958733333333332,0.0352,0.996414119753233,0.999999999999999,0.962599999999999,0,0.962328106887336,0.963164045819618,0.254904653126699,0.945360053521854,0.00380663428092849,0.00282394444131861,0.999999999999999
55,1.51715565692232,0.034738595261257,0.226049154630125,0.999999999999999,0.952698583944632,0.0319722691672075,0.259426659330512,0.996790771419911,0.999999999999999,0.957766403108782,0.0351333333333333,0.995795330846871,0.999999999999999,0.962237460621163,0,0.962866826345785,0.963628181815679,0.261771246079977,0.945051843883706,0.00410605885733716,0.00209840226917702,0.999999999999998
56,1.5202015844722,0.0359572777258898,0.220505003012305,1,0.952033083383747,0.0323333333333333,0.260158560765687,0.996562877426126,1,0.955965088475465,0.0366,0.994910427331108,1,0.960728904840779,0,0.9614,0.961733333333333,0.258165557762784,0.943764786293874,0.00439005833396219,0.00245809471418097,0.999999999999999
57,1.52313855862813,0.0364589473750719,0.218640974382602,0.999999999999999,0.95188025684271,0.0327731687792702,0.269836836953102,0.996933002911124,0.999999999999999,0.960084333485985,0.0334666666666667,0.995596575613278,0.999999999999999,0.964154589922832,0,0.964733333333332,0.964806693861071,0.25271525821324,0.944207977303588,0.00499948835745804,0.00269832619582827,1
58,1.52664354744617,0.0367041974160012,0.217129937245789,0.999999999999999,0.953380074528015,0.0348506921385341,0.271495753459787,0.996522432139551,0.999999999999999,0.957860428736334,0.0346,0.996133333333333,0.999999999999999,0.963,0,0.963783055744088,0.963506303017145,0.25259167953474,0.945983505942042,0.00485007875289798,0.0024434773462011,0.999999999999999
59,1.53031756995497,0.0382666666666667,0.221112381215611,1,0.956422306757006,0.0361108729037722,0.273577226322428,0.996704652031663,1,0.959739329477507,0.0330210974324206,0.996892717243416,1,0.964323817248474,0,0.965486456104207,0.9652178112511,0.254995881324152,0.948491158502343,0.00464903271448111,0.00217785102882138,0.999999999999999
60,1.53409926270709,0.0365238244268715,0.220450089407967,1,0.958969133922283,0.0350330971617196,0.276545934535797,0.996790583320626,1,0.957394244715613,0.0359333333333333,0.996666666666667,1,0.961426320194556,0,0.962553523942702,0.962412818600596,0.257474279839176,0.952056970994269,0.0044249641071368,0.00242968506446016,0.999999999999999
61,1.53707138226541,0.0347868054195343,0.215104072304514,0.999999999999999,0.962071444595541,0.0328262510875641,0.277095909268852,0.996746887623914,0.999999999999999,0.956971109388418,0.0366666666666667,0.996610651409923,0.999999999999999,0.960216292388425,0,0.961712769448921,0.961399999999999,0.252502168605229,0.955935635148514,0.00477094760487846,0.00233783302902999,0.999999999999999
62,1.54081125304972,0.0342489579549415,0.20745671476505,1,0.963377109211788,0.0325685249491387,0.276192620477666,0.996665007222135,1,0.958178421515223,0.0354666666666666,0.996501459867653,1,0.961148873827242,0,0.96304147212104,0.962333333333333,0.24446960897918,0.957768983474027,0.00485972269830955,0.0023049836065952,0.999999999999999
63,1.54473671699541,0.0321518203543439,0.203280965327984,1,0.965270089014748,0.0296142944895452,0.271470685552261,0.996597936386744,1,0.957958675030237,0.0356,0.996803830244726,1,0.961597051237985,0,0.963320318941333,0.961691002911439,0.239446298394316,0.96112942351991,0.004184541153689,0.00245965913442137,0.999999999999999
64,1.54731051123683,0.0325383906968572,0.206622218849261,0.999999999999999,0.965377084548052,0.0301210052388241,0.268912577902121,0.996679103339817,0.999999999999999,0.956035500141919,0.0367333333333333,0.997070998415083,0.999999999999999,0.960073083524833,0,0.962255839582461,0.960617194064051,0.242508347749888,0.960890519181239,0.00446361911595987,0.00246789677007548,1
65,1.55039851340013,0.0331668028639796,0.206205173314119,0.999999999999999,0.966847608667981,0.0307727804635258,0.269809198395755,0.996663025941301,0.999999999999999,0.954162679977043,0.0383333333333333,0.996255059802594,0.999999999999999,0.958399999999999,0,0.960175568725728,0.958986695480246,0.241814601213417,0.961364205963934,0.00452045274839791,0.00312601727176406,1
66,1.55256044409013,0.0324533293015211,0.203959990707793,0.999999999999999,0.966441785677414,0.0295774411691361,0.274677749112841,0.996513330894377,0.999999999999999,0.954569410178905,0.038,0.996550568848261,0.999999999999999,0.958866666666667,0,0.9608,0.95948336666376,0.239191825236381,0.960837048010655,0.00457021072765622,0.00338681717556115,1
67,1.5543977341089,0.0318390893328095,0.198667812751968,0.999999999999998,0.967229660490798,0.0293463415567845,0.275587581287491,0.99684012321125,0.999999999999998,0.955129206601526,0.0378666666666666,0.996572180517251,0.999999999999998,0.958658933615521,0,0.960139046707971,0.959133333333332,0.23492155784276,0.962134184454285,0.00543872083225766,0.00310932559397697,0.999999999999999
68,1.55798878539143,0.0317333333333333,0.19517800607573,1,0.96782335934614,0.0295286280776988,0.281447442955885,0.99652713837603,1,0.953591429924948,0.0384,0.997058230717023,1,0.958102197923856,0,0.959519149271454,0.958443983234682,0.23061705002155,0.963000799938281,0.0046539996520329,0.00263092277748151,1
69,1.56114071647396,0.0326108881350244,0.197484258763995,1,0.968026897769588,0.0288773877459206,0.283940029066425,0.996526716408691,1,0.952828084420982,0.0378666666666666,0.996818176493978,1,0.958933333333333,0,0.960266666666667,0.958866666666667,0.232535124698917,0.964119211446603,0.00425209810471749,0.00325975675133557,1
70,1.56265593216154,0.0330829674785726,0.197289275007307,0.999999999999999,0.968390367911127,0.0288442789339426,0.275479110659294,0.996410716577988,0.999999999999999,0.951498777083652,0.0406666666666667,0.996251174696509,0.999999999999999,0.955828425433089,0,0.957609483103828,0.956856953421879,0.23456871818133,0.964662225342104,0.00487524938469267,0.0024995784128199,0.999999999999999
71,1.5663682884986,0.0319659278462285,0.20026925842192,1,0.968315888051312,0.0281921314572015,0.271426538646194,0.996785087925867,1,0.95284023158381,0.039,0.996353336862827,1,0.9576,0,0.958688540526709,0.958666666666666,0.235048986373114,0.964792572470786,0.004240936298878,0.00250437681989886,0.999999999999999
72,1.56908838019757,0.0316785270958821,0.19862154925534,0.999999999999999,0.968189504703607,0.0276880187580411,0.276581820120842,0.996477064310885,0.999999999999999,0.954695289637311,0.0371125455285384,0.997040641422947,0.999999999999999,0.959506927815017,0,0.960885791732819,0.960333333333333,0.23158145447613,0.965,0.00436133836153309,0.00242297646867243,0.999999999999999
73,1.57212984132027,0.0320814134050088,0.196372058545115,1,0.968854610153376,0.0269381796306911,0.283650666508772,0.996725452720185,1,0.951825831048764,0.0394,0.997802395684697,1,0.957070453138888,0,0.959007995538326,0.957997586677653,0.231614067298135,0.965466666666667,0.00468198578477224,0.0031820015643329,1
74,1.57448801127473,0.0334802928550274,0.202018990627087,0.999999999999999,0.971487270398225,0.0272183083977198,0.281138119894204,0.99669687925342,0.999999999999999,0.949257908746479,0.041510125620188,0.998071320969183,0.999999999999999,0.954502576921261,0,0.956423849293939,0.956289092240353,0.238542189175297,0.967641563484967,0.00512130058050261,0.00264226323492162,1
75,1.57828625998743,0.0337285556094425,0.202861721841338,1,0.973422344763224,0.0276095003801153,0.278772651445262,0.996736047196287,1,0.952089627843922,0.0398,0.997106627954272,1,0.956023076685053,0,0.958211647319519,0.958257705867321,0.237805060852302,0.969371688814109,0.00470422065009565,0.00243018911813429,0.999999999999999
76,1.58187533270911,0.033947619796116,0.204259072711767,1,0.976,0.0276600797868695,0.278810270515757,0.996658109461322,1,0.953424790323333,0.0374666666666667,0.997500652341195,1,0.956667158176547,0,0.960223183487971,0.960666666666666,0.23719354704043,0.971079853736042,0.004376045236541,0.00291513775266856,0.999999999999999
77,1.58418630622122,0.0349906101002904,0.202047272925561,1,0.975064907391924,0.0272244157366972,0.277208957795994,0.99660152974706,1,0.954069625174489,0.0370666666666666,0.998022171470192,1,0.956894397878547,0,0.960676951080173,0.961666666666667,0.234958073503786,0.969660579261021,0.00517417391421812,0.00260906921194976,0.999999999999999
78,1.58824990996457,0.0359687375502803,0.199707574263041,1,0.973505459332627,0.0287178911333952,0.27823736999612,0.996532865204716,1,0.955275159896759,0.0370666666666667,0.998357346551511,1,0.958712725828511,0,0.960843311821192,0.9618,0.233146693412407,0.968575384546542,0.00431461841380667,0.00266431776742333,0.999999999999998
79,1.5908709998176,0.0372558441139278,0.204864853692267,1,0.974545067329445,0.0286539255469147,0.278926338870736,0.996549094432869,1,0.954145918694396,0.0382,0.998170803147277,1,0.957106455107658,0,0.9604,0.961266666666666,0.240121043588386,0.969951100754302,0.00399972643033029,0.0031258938486568,1
80,1.59218155008961,0.0374831097596546,0.203742050398884,1,0.974836301231003,0.028452815552315,0.279608056513613,0.99661587271467,1,0.954052590943298,0.0375333333333333,0.99854481541727,1,0.958202192614609,0,0.9614,0.962153641920001,0.238187946934527,0.969756193006501,0.00532988107775571,0.00283706410011977,1
81,1.59615056728915,0.0374753413191169,0.198799809399351,1,0.977330062595525,0.0278978050898222,0.280265918370196,0.996634137339894,1,0.952967988254791,0.0385333333333333,0.998443996606489,1,0.956733956138958,0,0.960466666666667,0.9612,0.234938173428599,0.972672138830463,0.0046585402573615,0.00287006134031952,1
82,1.59900524892717,0.0369636643044457,0.194983974450345,0.999999999999999,0.977795642443349,0.0283302573903554,0.280310549857061,0.996662732923639,0.999999999999999,0.956225279703815,0.0353333333333333,0.998727431793234,0.999999999999999,0.960322783880454,0,0.963982898176826,0.96412262097922,0.227985590375361,0.974152470757107,0.00543883586691523,0.00229128304003951,1
83,1.60403820241862,0.0360314575389185,0.193628898214067,1,0.976852842905373,0.0277768158650382,0.287037690187547,0.996706488616457,1,0.957585774599567,0.0344666666666667,0.9988,1,0.961078444249326,0,0.964885754530973,0.965225175780743,0.226640467436799,0.973164137352032,0.00367681858141821,0.00250882784493072,0.999999999999999
84,1.60591170418001,0.0355781371531065,0.193533703047898,0.999999999999999,0.977225458941591,0.0271703016078524,0.292558354514865,0.996756569195253,0.999999999999999,0.958903016530552,0.0338666666666667,0.998864485391374,0.999999999999999,0.961,0,0.965465769272304,0.9658,0.225584078518217,0.973757647705998,0.00376519452427469,0.00248622067046707,0.999999999999999
85,1.60796562326118,0.0385664568583199,0.196974548391996,0.999999999999999,0.977224056210448,0.0303834736174628,0.294223725338379,0.996898602280217,0.999999999999999,0.959501027470509,0.0340666666666667,0.998399999999999,0.999999999999999,0.960964664640777,0,0.965316995484328,0.965553630622593,0.228671884915956,0.974278635586156,0.00470168130897893,0.00207446453338379,0.999999999999999
86,1.61219009752119,0.0385474318740158,0.194548169341242,1,0.979047401651417,0.029538474701324,0.294494152858253,0.996495230270785,1,0.960780594284581,0.0325333333333333,0.998506981611342,1,0.963425137064447,0,0.966866666666666,0.96710214155271,0.224488788634447,0.975731129634952,0.00435939706019544,0.00323510886842167,1
87,1.61388750941497,0.0390314975790586,0.200109468851362,1,0.980413731039669,0.0303471002143401,0.294158283285679,0.996656749977415,1,0.963908072997697,0.0294666666666667,0.998434513417049,1,0.967188465816182,0,0.969888767255992,0.970472336316493,0.22588062321234,0.976542722852165,0.00502688575582891,0.00295155569965929,0.999999999999999
88,1.61723685867053,0.0376026333077231,0.198762843094463,1,0.980409194636052,0.0295160871604308,0.295969872084141,0.996330160816914,1,0.963614184835199,0.0306,0.998556809335371,1,0.966888195002274,0,0.968754393324466,0.969333333333334,0.225949976913637,0.975637020332661,0.00381354808433745,0.00316632948514323,1
89,1.61824889210514,0.036183403642583,0.20092493527346,1,0.980496743588831,0.0285333333333333,0.299445663357623,0.996662644220864,1,0.965508852239261,0.0302666666666667,0.9984,1,0.967533333333333,0,0.969133333333333,0.969533333333333,0.228453615437592,0.976506277200136,0.00466211421707319,0.00230799863994926,0.999999999999999
90,1.62205843702971,0.0372554787278417,0.199780686485402,1,0.982895652620708,0.0289280636677384,0.301300040948702,0.996644330392385,1,0.966066666666667,0.0298666666666667,0.997761118954966,1,0.968066666666667,0,0.969512696425527,0.969733333333334,0.226750149867811,0.97898614864545,0.00399619882781223,0.00256559005437865,1
91,1.62437896806074,0.0377495174296105,0.201900584640598,1,0.983666666666666,0.0303280426899622,0.296191683623896,0.996689641192932,1,0.9674,0.0284666666666667,0.997218093250742,1,0.9702,0,0.971333333333334,0.971259801821682,0.227753927817488,0.979998428944608,0.00463771295670162,0.00335903719293483,1
92,1.62634773014717,0.0370901858646598,0.199589626606125,1,0.981722900093777,0.0302328639270446,0.304605802282652,0.996710475114518,1,0.966533333333334,0.0289333333333333,0.997160060648394,1,0.969733333333334,0,0.970733333333334,0.970733333333334,0.226046224705287,0.97750801468329,0.00378086028823112,0.00238481281756075,0.999999999999999
93,1.62861818878227,0.038720449040988,0.201172740747793,1,0.981466666666667,0.0318085859959695,0.293009517639232,0.996572082923003,1,0.964908813642397,0.03,0.996733333333333,1,0.9688,0,0.9696,0.969666666666666,0.228355386550662,0.977377134081573,0.00442483597220742,0.00281091393538532,0.999999999999999
94,1.63124665156672,0.0390233197104544,0.202978537017767,0.999999999999999,0.983147267116953,0.0308650837829936,0.290680887119173,0.996633288486483,0.999999999999999,0.965933333333333,0.0292,0.996784837688208,0.999999999999999,0.969866666666666,0,0.970342828650623,0.970533333333333,0.229247529353885,0.978267795346797,0.00419311137582202,0.00298135600991003,0.999999999999999
95,1.63322332344988,0.0370776822235321,0.201321449529906,1,0.983053930899037,0.0294295451977522,0.292913323926874,0.996849925608307,1,0.967533333333333,0.0271333333333333,0.997333333333333,1,0.971680379478456,0,0.972333333333333,0.972533333333333,0.22579499121803,0.97867684691802,0.00391701017286814,0.00241444541974665,0.999999999999999
96,1.63567734724967,0.0358813428431863,0.19590528965412,0.999999999999999,0.984127002720256,0.0279108664492273,0.295617607081956,0.996610450179724,0.999999999999999,0.968627630372648,0.0264,0.997738814678937,0.999999999999999,0.971796852592081,0,0.97317233090723,0.973317134765831,0.220059677934944,0.97963300303481,0.00452316662816745,0.00292215544241915,1
97,1.63823985471659,0.0353212116099078,0.194342699808812,1,0.984295032458252,0.0270075741778132,0.30167010888189,0.996286405419322,1,0.969333333333332,0.0259333333333333,0.998266666666666,1,0.972441737501782,0,0.973799999999999,0.973866666666666,0.218323843691694,0.980473609976048,0.00468400894126522,0.00304830021508926,0.999999999999999
98,1.64091953794252,0.0333625423025639,0.186901675036673,0.999999999999999,0.983413628353792,0.026157621397707,0.297442503712874,0.996677366334538,0.999999999999999,0.970123052612975,0.0262,0.998452484519447,0.999999999999999,0.971933333333333,0,0.973466666666666,0.973666666666666,0.210815379497306,0.98009232414924,0.00573358794421438,0.00300724608809236,1
99,1.64539324556134,0.0346235538736939,0.188097302011247,1,0.983905852837883,0.026462367004255,0.294362153733726,0.996549945318503,1,0.969419037550749,0.0271333333333333,0.997620995865023,1,0.971266666666666,0,0.972466666666666,0.972733333333333,0.212319162432557,0.979959925998114,0.00501587355468317,0.00219314347257174,1
100,1.65003774657249,0.0345865037236355,0.187387793173079,0.999999999999999,0.98415852004728,0.0248666666666667,0.295921473578636,0.996477301063779,0.999999999999999,0.970544057869225,0.0257333333333333,0.998404997132124,0.999999999999999,0.972266666666666,0,0.974066666666666,0.974266666666666,0.210574486648606,0.981031579938153,0.00368547256513891,0.00281233752942671,0.999999999999999
101,1.65147845233927,0.036089873656324,0.188342957554176,0.999999999999999,0.98369050417571,0.0255504502770679,0.297274514189807,0.996746202427553,0.999999999999999,0.968466666666666,0.0282,0.998399999999999,0.999999999999999,0.969999999999999,0,0.971599999999999,0.971799999999999,0.213612101886841,0.980568451323459,0.00434605751909605,0.00238116615547325,1
102,1.65472342808748,0.0374703744373394,0.188165284506921,1,0.9834,0.0262668288686617,0.302165221293745,0.996650393442421,1,0.967222163817222,0.0295333333333333,0.99825362048292,1,0.968991867870199,0,0.9704,0.970466666666666,0.214986990489199,0.980644763047886,0.00446324913635293,0.00373105179951985,0.999999999999999
103,1.65568680950351,0.0388740027732288,0.189788036090218,0.999999999999999,0.984328133672303,0.0264633036860067,0.304608255604639,0.996703464070296,0.999999999999999,0.9702,0.0271333333333333,0.9984,0.999999999999999,0.9716,0,0.9728,0.972866666666667,0.214367254414184,0.9818,0.0044937594275135,0.0030502240860311,1
104,1.65807685192745,0.0359399969959609,0.187276072724975,0.999999999999999,0.986036755472492,0.0235333333333333,0.311277068583166,0.996647814672427,0.999999999999999,0.970733333333333,0.0271333333333333,0.998186506997568,0.999999999999999,0.972004589962816,0,0.972666666666666,0.972866666666666,0.21125825196164,0.98380431672623,0.00553029175183166,0.00302850171599968,1
105,1.66211447361745,0.0359862717646005,0.187019835004271,0.999999999999999,0.98576773662973,0.0226307180641616,0.31714733159956,0.996651251367988,0.999999999999999,0.972133333333333,0.0261333333333333,0.997963832225859,0.999999999999999,0.973,0,0.973666666666666,0.973866666666666,0.21040656023389,0.983510334316996,0.00462797251366038,0.00280070717418072,1
106,1.66515159778534,0.0353217431464356,0.183268426318381,1,0.985466666666666,0.0235333333333333,0.315810611358661,0.996845665809509,1,0.9706,0.0274,0.998539090579968,1,0.9717545080616,0,0.9724,0.9726,0.207591875003826,0.983520712101509,0.0050669164900606,0.00310205020886705,1
107,1.66837282323586,0.0366059133960387,0.178599561630168,1,0.984873459307669,0.0250454666088982,0.315208414613202,0.996630454605013,1,0.971933333333334,0.0266,0.998218630347164,1,0.972933333333333,0,0.973133333333333,0.9734,0.20248018734296,0.982966701606243,0.00471079324349841,0.00264722937310494,0.999999999999999
108,1.67181561711624,0.03779022506705,0.177177766655383,0.999999999999999,0.988171390980053,0.0265272231814728,0.316359343693202,0.99661513205864,0.999999999999999,0.973221599972491,0.0251333333333333,0.99820465700316,0.999999999999999,0.974399999999999,0,0.974533333333333,0.974866666666666,0.200442502560768,0.986050202472913,0.0045247307313127,0.00317544382409095,0.999999999999999
109,1.67395992166523,0.0378,0.180880214436778,1,0.987085142788228,0.0270999226147845,0.319608122687472,0.996461630246487,1,0.973266666666666,0.0254,0.998266666666666,1,0.973866666666666,0,0.9742,0.9746,0.20398941931215,0.984945519036391,0.00406664304750949,0.00322948003711231,1
110,1.67536129899253,0.0373333333333333,0.181697228621105,1,0.987985613099804,0.0270930171291735,0.320765408476024,0.996922921114239,1,0.973666666666667,0.0245333333333333,0.99826327175338,1,0.974933333333333,0,0.9748,0.975466666666667,0.204196045969467,0.985968270963925,0.0045320321521338,0.00345105320930264,1
111,1.67717232927838,0.0376882785940236,0.182638334647802,1,0.987625675536572,0.027,0.319364557781075,0.996625265491888,1,0.974533311513418,0.0232,0.998386572341766,1,0.976456957750583,0,0.976066666666667,0.9768,0.204337109470802,0.985798987176616,0.00488436046659663,0.00307819003009946,1
112,1.68008023077442,0.037641948359343,0.172438268547303,0.999999999999999,0.98769306292553,0.0264479006966374,0.319870142115956,0.996511046365962,0.999999999999999,0.9744,0.0238666666666667,0.998066666666666,0.999999999999999,0.975733333333333,0,0.975473246558137,0.976133333333333,0.194695720646631,0.985349652697916,0.00601232437034985,0.00270824597638736,1
113,1.68563134756505,0.0345345744490123,0.167116258347564,1,0.987533333333333,0.0258,0.319917539427202,0.996683052848273,1,0.974436169570473,0.0236666666666667,0.998251455952012,1,0.976133333333333,0,0.975666666666667,0.976333333333333,0.188955008504419,0.984894352020166,0.00513312772748355,0.00284780047502111,1
114,1.68948356682124,0.0354483147399386,0.168864875119335,1,0.987321505178737,0.0255065375836973,0.318198313233395,0.996729057894983,1,0.975466666666667,0.0226,0.998338635820013,1,0.977333333333333,0,0.976533333333334,0.9774,0.189625005144826,0.984663379386348,0.00485437984420156,0.00190495214821379,1
115,1.69435998716601,0.0352698280925376,0.16470520659123,1,0.987389487835707,0.0252512434742648,0.322097426487423,0.996458793452789,1,0.975733333333333,0.0224,0.998492514828614,1,0.9776,0,0.97673170680081,0.9776,0.185311675261466,0.984499613318128,0.0043503537009079,0.00261384955945908,0.999999999999999
116,1.69730225030083,0.0344811974689531,0.168260741593845,0.999999999999999,0.987406492784481,0.0255308692130094,0.326762432007406,0.99676639699901,0.999999999999999,0.975399999999999,0.0231333333333333,0.998185515075149,0.999999999999999,0.976866666666666,0,0.975855933093504,0.976817102180214,0.189125397906386,0.984696538158883,0.00466158613429398,0.00292723098437393,0.999999999999999
117,1.70024597519961,0.0357864475882936,0.170811688058312,0.999999999999999,0.98660335648736,0.0282839202660513,0.328337396961694,0.996564397567102,0.999999999999999,0.975471933315221,0.0232,0.998133333333333,0.999999999999999,0.976799999999999,0,0.975333333333332,0.976799999999999,0.192620204910286,0.984277904153943,0.00630116501755854,0.00272335763435156,1
118,1.70621577807127,0.0357333333333333,0.173048337886624,1,0.985232165915476,0.0295506459531464,0.326016101234415,0.996525684645425,1,0.974885453725915,0.0236666666666667,0.998716527036826,1,0.976333333333334,0,0.975200000000001,0.976333333333334,0.195086911324842,0.982708640950267,0.00531484843330285,0.0027309958801287,1
119,1.7106208656068,0.0358388877033844,0.174098865125279,1,0.986525821313796,0.0293261395761614,0.322560100415566,0.996623828525107,1,0.976066666666667,0.0226666666666667,0.99906270219817,1,0.977333333333334,0,0.976266666666667,0.977333333333334,0.195397123544219,0.983854397209323,0.00461357612849683,0.00245079170008565,0.999999999999999
120,1.71432056977785,0.0328666666666667,0.174915601907703,1,0.985428105028133,0.0268870138929489,0.324951661698539,0.996576177162314,1,0.976363456776843,0.0223333333333333,0.999333333333334,1,0.977666666666667,0,0.976466666666667,0.977666666666667,0.197181807184516,0.982887324698867,0.0050360663899782,0.00345598582141026,1
121,1.71687820233725,0.0336416880848543,0.174356400392908,1,0.985915155073676,0.0271333333333333,0.327433271659908,0.99677397576557,1,0.974790745870678,0.0244,0.999133333333334,1,0.9756,0,0.9742,0.9756,0.198080712373367,0.983333333333333,0.00485442041093131,0.00340278019894997,1
122,1.71937049177483,0.0328482946841886,0.173426490835375,1,0.985621389796207,0.0268539764026116,0.329462917782132,0.996818768921092,1,0.976771136232141,0.0224,0.999133333333333,1,0.9776,0,0.976466666666667,0.9776,0.195584200079554,0.983709146450658,0.00457110152660901,0.00298372593051207,1
123,1.72209977853413,0.0323740410111386,0.177845773387223,1,0.98657294959313,0.0261025992463356,0.335117107567706,0.996463254279238,1,0.978612705918309,0.0208,0.999438675071931,1,0.9792,0,0.977733333333333,0.9792,0.197479474738113,0.984267330617099,0.0051815528886309,0.0038800080564702,1
124,1.72429633505834,0.0334811105582649,0.17543729298502,1,0.985945550027701,0.0271885180221067,0.33138621251816,0.99657094658032,1,0.976947318673555,0.0224,0.999550503196943,1,0.977600000000001,0,0.975733333333334,0.977600000000001,0.195477875923223,0.983933333333335,0.00494549397668767,0.00267584411572428,0.999999999999999
125,1.72820988399546,0.0325812684840276,0.173731532983305,1,0.985045037807902,0.0269745384791403,0.3347095413314,0.996615094935253,1,0.978933333333334,0.0207333333333333,0.999255692239666,1,0.979266666666667,0,0.977533333333334,0.979266666666667,0.19325408498999,0.982399611946936,0.00534733467843236,0.00315909072979914,1
126,1.73193198814599,0.0301218272255718,0.170516835009581,0.999999999999999,0.985549685152639,0.0259333333333333,0.329683122515444,0.996641547510529,0.999999999999999,0.979399999999999,0.0202666666666667,0.999002810874207,0.999999999999999,0.979733333333332,0,0.977385609747497,0.979733333333332,0.189636545301016,0.98268395595892,0.00468500653895741,0.00353694777861372,1
127,1.7339203478373,0.0273518134574899,0.166748528524872,0.999999999999999,0.986366431159707,0.0235333333333333,0.330517095099492,0.996646358712172,0.999999999999999,0.979533333333333,0.0202666666666667,0.998761331857687,0.999999999999999,0.979733333333333,0,0.977666666666666,0.979733333333333,0.184967055197739,0.983799999999999,0.00514991159402197,0.00237656649182637,1
128,1.73872910734157,0.0255985480750201,0.165851955510783,1,0.987573682990884,0.0218353610698689,0.334486236415076,0.996794782196475,1,0.9822,0.0176,0.999066666666667,1,0.9824,0,0.980733333333333,0.9824,0.181002508741238,0.985326726811216,0.00520537763048611,0.00251622162052894,1
129,1.74340482117026,0.0261231585244401,0.168888414624526,0.999999999999998,0.986308901360037,0.0226666666666667,0.336784429713224,0.996851233261008,0.999999999999998,0.982266666666665,0.0175333333333333,0.999372956482532,0.999999999999998,0.982466666666665,0,0.980466666666665,0.982466666666665,0.18405103353963,0.98461982767134,0.00360210115362893,0.00264117122726183,0.999999999999999
130,1.7450801110367,0.0238108507162417,0.169623609337914,1,0.987466666666667,0.0201895821812182,0.34821660206486,0.996607270140216,1,0.981585533342958,0.0182,0.999297578949476,1,0.981733333333334,0,0.979666666666667,0.981754618430249,0.185376631642259,0.985424457174825,0.00401405841995154,0.00291231235830088,0.999999999999999
131,1.7470027461763,0.0228393560785015,0.17185975672083,1,0.987925756006513,0.0190666666666667,0.34374933791592,0.996767890426884,1,0.984066666666667,0.0158,0.9992,1,0.9842,0,0.982068914233659,0.9842,0.185937699503171,0.985843711151268,0.00431257896899445,0.00285984319569602,1
132,1.74947576800993,0.0240878341806449,0.171294461455999,1,0.986843071577952,0.0196872345998493,0.341167053078005,0.996693524439042,1,0.9842,0.0156,0.999185883379666,1,0.9844,0,0.982534120683997,0.9844,0.185592778637617,0.98476939228344,0.00511039971650138,0.00269991619808012,1
133,1.75369285051459,0.0223475047782074,0.168524446123377,0.999999999999999,0.987,0.0178475701559325,0.340217095574173,0.99673063181609,0.999999999999999,0.985333333333333,0.0146,0.999266666666666,0.999999999999999,0.985399999999999,0,0.983578575267136,0.985399999999999,0.183530250916085,0.984723036028357,0.00490711350571013,0.00278061579333182,0.999999999999999
134,1.75741367051671,0.0242650674121251,0.169834893627972,0.999999999999999,0.987098736936508,0.019215962770454,0.341389175255701,0.996738810195318,0.999999999999999,0.984933333333333,0.0150666666666667,0.999399999999999,0.999999999999999,0.984933333333333,0,0.983616648170161,0.984933333333333,0.183937550175144,0.984733333333333,0.00502821277317046,0.00368717449456202,0.999999999999999
135,1.75973311824157,0.0230666666666667,0.166129210304192,1,0.986133333333334,0.0189772773135254,0.344083651939865,0.996518981348795,1,0.985733333333334,0.0142666666666667,0.999525939932636,1,0.985733333333334,0,0.984666666666667,0.985733333333334,0.179195119109093,0.983354615786768,0.00367800249927993,0.00282871999613657,1
136,1.76116322718431,0.024209442300861,0.163003776757097,1,0.986046877323569,0.0203083894387524,0.349150028828429,0.996670367214408,1,0.985133333333334,0.0148666666666667,0.999400000000001,1,0.985133333333334,0,0.984056635525296,0.985133333333334,0.176513010142971,0.983152698395962,0.0040896458559906,0.00310586551192092,1
137,1.76289582494991,0.0227672138353067,0.159671913897247,1,0.986390959405671,0.0191799673877362,0.352223443365032,0.996594772109541,1,0.985333333333333,0.0146666666666667,0.999533333333333,1,0.985333333333333,0,0.98402132596665,0.985333333333333,0.174191485020696,0.984111366074493,0.00404230635829358,0.00201339045371316,0.999999999999999
138,1.76647259232727,0.0227639115276765,0.164118436669973,0.999999999999999,0.987214127894103,0.0195603941378034,0.351824725259926,0.996779310813211,0.999999999999999,0.985866666666666,0.0141333333333333,0.999799999999999,0.999999999999999,0.985866666666666,0,0.984152054820903,0.985866666666666,0.178741367410589,0.984599999999999,0.00480662754050446,0.00350098762726014,0.999999999999999
139,1.76873929282944,0.0222930468211873,0.162602940888399,1,0.989104277741427,0.0187292227088741,0.354681911511612,0.996777262629845,1,0.986866666666667,0.0131333333333333,0.999837141577123,1,0.986866666666667,0,0.9852,0.986866666666667,0.175250276443311,0.986866666666667,0.00562224819960387,0.00368566454355127,1
140,1.7720466884829,0.0242,0.167903859581006,1,0.988107599744995,0.0200622122762743,0.365025282490814,0.996557732296053,1,0.986066666666666,0.0139333333333333,0.999866666666667,1,0.986066666666666,0,0.9838,0.986066666666666,0.180511537993116,0.9856,0.00398980102580277,0.0026584115751857,0.999999999999999
141,1.77440597274995,0.0212591282951851,0.167721544540314,1,0.987466666666667,0.0182103818002198,0.369191180014365,0.996609851347893,1,0.9854,0.0146,0.999866666666667,1,0.9854,0,0.982939097401883,0.9854,0.181521981917131,0.984866666666667,0.00450637823176247,0.00302125920256177,1
142,1.77694333173672,0.021795271233076,0.169051335763454,1,0.987504882877975,0.0185310056752311,0.368432856498492,0.996769761699818,1,0.9856,0.0144,0.9998,1,0.9856,0,0.982509646657898,0.9856,0.182190606402541,0.984909604947398,0.00448469638005503,0.00322621940463349,0.999999999999999
143,1.77906111111756,0.0221763792913754,0.161675668140049,1,0.9892,0.0192666666666667,0.370244659417444,0.996493789394912,1,0.986066666666666,0.0139333333333333,0.999866666666666,1,0.986066666666666,0,0.9838,0.986066666666666,0.174676867532126,0.986681364832611,0.00528409964330516,0.00245499150726888,1
144,1.78409426738152,0.0219856731852666,0.159490083574687,1,0.988066666666666,0.0204666666666667,0.364513396750569,0.996577990502641,1,0.985880199685003,0.0140666666666667,0.999866666666666,1,0.985931425513989,0,0.983302729072202,0.985887596274114,0.173287296467237,0.985827242445959,0.0039194263042653,0.00322257522749229,1
145,1.78533751539281,0.0217832496134544,0.160911133094129,1,0.987902271188942,0.0204061584016392,0.366351123522594,0.996654547627226,1,0.986066666666667,0.0139333333333333,0.999866666666667,1,0.986066666666667,0,0.9832,0.986066666666667,0.17489672430068,0.9856,0.00404158664075517,0.00276626268515039,1
146,1.78751122567741,0.0222448372362436,0.158150745067647,1,0.988816519602477,0.0209933852479047,0.369618184275014,0.996699353091977,1,0.9866,0.0134,0.999686922710684,1,0.9866,0,0.984082954328815,0.9866,0.171105180205849,0.986933333333333,0.00415968513310773,0.00304422474569055,1
147,1.78950512364172,0.0229333333333333,0.158194186644117,1,0.987818681388404,0.022,0.372229233580728,0.99680904144628,1,0.9858,0.0142,0.999703237551428,1,0.9858,0,0.983533333333333,0.9858,0.172694982180557,0.986369777790966,0.00499474320061679,0.00382925885341553,1
148,1.79154804811363,0.0223333333333333,0.157839622803956,0.999999999999999,0.988231468132602,0.0212666666666667,0.378577002059134,0.996514609834687,0.999999999999999,0.986733333333333,0.0132666666666667,0.99960902102917,0.999999999999999,0.986733333333333,0,0.98471981268654,0.986733333333333,0.171350607839064,0.987192398850569,0.00508585390788974,0.00264145883669596,1
149,1.79592729933225,0.021220033554943,0.155572905860139,1,0.987357301827281,0.0209443554700258,0.385377364569063,0.996533672881711,1,0.987533333333333,0.0124666666666667,0.999466666666666,1,0.987533333333333,0,0.9858,0.987533333333333,0.167899137101381,0.986199999999999,0.00465622157272942,0.00303759045623238,1
150,1.79883424314191,0.0238666666666667,0.156755158620088,1,0.987067424087527,0.0237049825516313,0.392956928211571,0.996635575007644,1,0.988533333333333,0.0114666666666667,0.999733333333333,1,0.988533333333333,0,0.986669994294019,0.988533333333333,0.168209001595677,0.986066666666667,0.00541383850962983,0.0032604183059206,1
151,1.80259604534191,0.0247527325548904,0.154666978234619,0.999999999999999,0.986882771658656,0.0244484298283303,0.397102066800324,0.996657492072491,0.999999999999999,0.988599999999999,0.0114,0.999799999999999,0.999999999999999,0.988599999999999,0,0.986533333333332,0.988599999999999,0.166110260321082,0.986201047265446,0.00391548294028362,0.00297917835898661,1
152,1.80428382427739,0.0265990305131487,0.159635866177175,1,0.987433574398977,0.0259835066278295,0.398815583850275,0.996529935358942,1,0.988733333333333,0.0112666666666667,0.999866666666666,1,0.988733333333333,0,0.986570792419232,0.988733333333333,0.171430738568658,0.986466666666666,0.00433861275802014,0.00264830736419751,0.999999999999999
153,1.80732754873269,0.0273642978412634,0.157228408766235,1,0.987666666666666,0.0268836733778156,0.398569245939253,0.996685334623427,1,0.9902,0.0098,0.999599999999999,1,0.9902,0,0.9882,0.9902,0.167373068555307,0.986364789587615,0.00449639275185199,0.00243469481349004,1
154,1.81105371221385,0.0296726905426649,0.1601152532341,0.999999999999999,0.988866666666666,0.0290394981395249,0.401557535980497,0.996737105038273,0.999999999999999,0.9902,0.0098,0.999585768607602,0.999999999999999,0.9902,0,0.9882,0.9902,0.170524038509183,0.987369599540448,0.00499792503685288,0.00315505053001376,1
155,1.81439125693061,0.0294,0.160676305288793,1,0.9902,0.0288766327755369,0.404870433646863,0.996798367738802,1,0.989866666666666,0.0101333333333333,0.999466666666666,1,0.989866666666666,0,0.988,0.989866666666666,0.171774141459955,0.98832826369599,0.00475414902161183,0.00301184950485968,1
156,1.81755246994076,0.0275196069680512,0.15960786394565,0.999999999999999,0.990368942887822,0.0265422977753741,0.402301912307864,0.996598053334853,0.999999999999999,0.990333333333333,0.00966666666666667,0.999477622715621,0.999999999999999,0.990333333333333,0,0.988961986814748,0.990333333333333,0.170372275740565,0.988799999999999,0.00468170592000363,0.00340602761780105,1
157,1.81974927630744,0.028,0.160848316839071,0.999999999999999,0.990166076320685,0.0270025356151791,0.407464912523972,0.996676585858644,0.999999999999999,0.989733333333332,0.0102666666666667,0.999061200035726,0.999999999999999,0.989733333333332,0,0.988466666666666,0.989733333333332,0.172300634524679,0.988239276123627,0.00447559771187639,0.0030476394964355,1
158,1.82234780223658,0.0281081348670136,0.157420248275484,1,0.989891950611869,0.0272,0.413733516257117,0.996416676424081,1,0.989733333333334,0.0102666666666667,0.998733333333333,1,0.989733333333334,0,0.988533333333334,0.989733333333334,0.168829431685846,0.987466666666667,0.0056031675778594,0.00295579795313922,0.999999999999999
159,1.8271722304539,0.0266695950263427,0.15630862421814,1,0.989933333333334,0.0259624775377919,0.40807286937006,0.996572715761068,1,0.9902,0.0098,0.9992,1,0.9902,0,0.989066666666667,0.9902,0.166866919168047,0.988093078480971,0.00447632737003333,0.0025640818780867,0.999999999999999
160,1.8306662323146,0.0251706046923827,0.151951896795711,1,0.990916269501741,0.0253609631857226,0.40823039257039,0.996493979252349,1,0.990866666666667,0.00913333333333333,0.999143387592619,1,0.990866666666667,0,0.988803727113278,0.990866666666667,0.162438369353745,0.988766593807659,0.00440201306389286,0.00285821143722283,1
161,1.83349241782194,0.0231689746410247,0.14989177957516,1,0.99,0.0235191706518748,0.408282695644726,0.996604526915903,1,0.991666666666667,0.00833333333333333,0.999133333333333,1,0.991666666666667,0,0.9898,0.991666666666667,0.159548352969573,0.987721210954894,0.00427630951593611,0.00313279427429627,1
162,1.83558904434715,0.0235678530594331,0.154492552185374,1,0.990080737347201,0.024236006038,0.409942954837457,0.99669397889424,1,0.9926,0.0074,0.9988,1,0.9926,0,0.990466666666667,0.9926,0.163018714549407,0.988665753452508,0.00471854615341068,0.00248417368157415,1
163,1.83956806137448,0.0242293658048845,0.154632178012704,1,0.990032942219076,0.0249732505629034,0.414169421512044,0.996456128951243,1,0.991933333333333,0.00806666666666666,0.998333333333333,1,0.991933333333333,0,0.9906,0.991933333333333,0.163407659785834,0.988934893154733,0.00494404985571567,0.00275978324366479,1
164,1.84358616847154,0.0256666666666667,0.156752645161082,1,0.990918552641507,0.0263796498534625,0.41496122332832,0.996561073260432,1,0.991533333333333,0.00846666666666667,0.998495274639225,1,0.991533333333333,0,0.989980103168637,0.991533333333333,0.166304195171491,0.990043167834682,0.00409910956525011,0.00289446825973642,1
165,1.84580702852035,0.0266666666666667,0.156543938052971,1,0.990866666666667,0.0270156790235127,0.416027442303712,0.996786919560966,1,0.991866666666667,0.00813333333333333,0.998733333333333,1,0.991866666666667,0,0.990466666666667,0.991866666666667,0.165770389516251,0.9898,0.00434276721064175,0.00350560964309033,1
166,1.84735225984252,0.0241333333333333,0.149853712408918,0.999999999999999,0.991371200083219,0.0245205662010931,0.409549649724905,0.996732387400074,0.999999999999999,0.990933333333333,0.00906666666666667,0.998577249117723,0.999999999999999,0.990933333333333,0,0.989933333333333,0.990933333333333,0.159891207620281,0.990399999999999,0.00492210847891463,0.00300065203029184,1
167,1.85090186675507,0.0225333333333333,0.147360329112085,0.999999999999999,0.992049057921487,0.023,0.408584988785215,0.996742960346712,0.999999999999999,0.992866666666666,0.00713333333333333,0.9988,0.999999999999999,0.992866666666666,0,0.991744982132401,0.992866666666666,0.155442888444832,0.9908,0.00552182682350433,0.0024852603808116,1
168,1.85652225325237,0.0223130157135888,0.146237698773506,1,0.991751043335714,0.0230666666666667,0.412663530714195,0.996579251309772,1,0.991733333333333,0.00826666666666667,0.9988,1,0.991733333333333,0,0.990666666666666,0.991733333333333,0.155744949981001,0.990266666666666,0.00427229779472235,0.00316898775347209,1
169,1.85857057289619,0.0220256305589999,0.141757707498054,1,0.991571485348781,0.0229333333333333,0.417567191336699,0.996863004404509,1,0.9926,0.0074,0.998628700482474,1,0.9926,0,0.991283239556129,0.9926,0.150692175255252,0.990266666666667,0.00386606518687865,0.00353127741698665,1
170,1.85919279959348,0.0238752899310222,0.13777155245397,1,0.990333333333333,0.0246140318957951,0.417706506364202,0.996725246202789,1,0.993333333333333,0.00666666666666666,0.998732727286675,1,0.993333333333333,0,0.99173417299855,0.993333333333333,0.145750535057647,0.989266666666666,0.00511167982765383,0.00287909168138662,0.999999999999999
171,1.86334361139947,0.0256569143184054,0.140774689918438,1,0.990777207908113,0.0263979651446774,0.417510155132685,0.996858701622826,1,0.9948,0.0052,0.998666666666667,1,0.9948,0,0.992912434513307,0.9948,0.147405578586385,0.98969064779807,0.00500146428516936,0.00253938030738161,1
172,1.8678538384233,0.0236,0.136576417710744,1,0.989733333333333,0.0242573694846394,0.418489259238224,0.996737611189172,1,0.995,0.005,0.998666666666666,1,0.995,0,0.993066666666666,0.995,0.142944082456086,0.988733333333333,0.00485493821746755,0.00327531941568689,1
173,1.87080433546545,0.0234090178570622,0.133860046314228,1,0.989117748736254,0.0241813044483199,0.419210587698298,0.996633229526613,1,0.9944,0.0056,0.998186368273355,1,0.9944,0,0.992684174593138,0.9944,0.140712810901513,0.987905311013488,0.0044534048456952,0.00258649046762631,1
174,1.87423083263168,0.0239992335141044,0.135880827919831,0.999999999999999,0.987671488738291,0.0248597849179051,0.416362346704741,0.996708944213285,0.999999999999999,0.995066666666666,0.00493333333333333,0.998199999999999,0.999999999999999,0.995066666666666,0,0.992999999999999,0.995066666666666,0.14188973077751,0.986266666666666,0.00565004506184513,0.00345132008996089,0.999999999999999
175,1.87835175076646,0.0247333333333333,0.134976775834908,1,0.988795172454437,0.0255732101266318,0.418743117044976,0.99677470133745,1,0.995266666666667,0.00473333333333333,0.998333333333333,1,0.995266666666667,0,0.993582038976242,0.995266666666667,0.14114597151005,0.987660829640389,0.00487111726890211,0.00301775585897526,0.999999999999999
176,1.8818330154156,0.0253045931440817,0.136543700237016,1,0.988666666666666,0.0259906463365384,0.410438720761037,0.996833373807424,1,0.9958,0.0042,0.998466666666667,1,0.9958,0,0.994247207182957,0.9958,0.142418975730439,0.987703501672211,0.00438354678167591,0.00262202846680393,1
177,1.88514789873779,0.026,0.139388392319082,0.999999999999999,0.989471005496752,0.0264,0.409530059840171,0.996492544550615,0.999999999999999,0.996133333333333,0.00386666666666667,0.99872189799186,0.999999999999999,0.996133333333333,0,0.995466666666666,0.996133333333333,0.144709203316686,0.988666666666666,0.00511952455737416,0.0022129168812505,0.999999999999999
178,1.89062728409089,0.0266695026720771,0.141340120852123,1,0.989570694568952,0.0272763284801659,0.403623050925376,0.996704756081083,1,0.9964,0.0036,0.998733333333333,1,0.9964,0,0.995733333333333,0.9964,0.146294786665874,0.98896432461901,0.00461222961934358,0.00260149823505906,1
179,1.89442882770699,0.0251633921220893,0.137503601939635,1,0.988879692923798,0.0257921398465348,0.409413303079209,0.996686630473315,1,0.996533333333333,0.00346666666666667,0.998733333333333,1,0.996533333333333,0,0.995781482938091,0.996533333333333,0.142794106158444,0.988331023758577,0.00512295669784149,0.00340364882893891,1
180,1.89768593409754,0.0251163978977234,0.142164929037816,1,0.990131873334126,0.0259671497012007,0.412958424584896,0.996537303514531,1,0.996133333333333,0.00386666666666667,0.998733333333333,1,0.996133333333333,0,0.995266666666667,0.996133333333333,0.147494098195457,0.989332346336106,0.00507352775498914,0.00245777561465381,1
181,1.90264981014134,0.0247442652676983,0.143999864888869,1,0.990155762463667,0.0256537872521029,0.416859199760077,0.996791942441231,1,0.995133333333333,0.00486666666666667,0.998510790291968,1,0.995133333333333,0,0.994266666666667,0.995133333333333,0.149987957028872,0.989413134226534,0.00555642772336436,0.00305677831054552,1
182,1.90740576762206,0.0262262750324902,0.142506669863476,1,0.990403561697104,0.027,0.4192110171613,0.996559218012118,1,0.995866666666667,0.00413333333333333,0.9988,1,0.995866666666667,0,0.994933333333334,0.995866666666667,0.148089483402414,0.989933333333334,0.00492626985798269,0.00232469797007387,1
183,1.91236802084594,0.0245333333333333,0.138635378122028,1,0.989621598538005,0.0252371548211782,0.412421958017557,0.996697908258008,1,0.995666666666667,0.00433333333333333,0.998863403971818,1,0.995666666666667,0,0.994466666666667,0.995666666666667,0.144708807729437,0.989066666666667,0.00471902841499022,0.00243336331450999,1
184,1.91667128111993,0.0238,0.135383032668447,1,0.991,0.0244554512432362,0.414838790022111,0.996538057350126,1,0.995666666666667,0.00433333333333333,0.9982,1,0.995666666666667,0,0.994666666666667,0.995666666666667,0.141655879473968,0.990387280192417,0.00461486389657075,0.00287405520817334,1
185,1.91997980687274,0.0225158822390959,0.136928538882453,1,0.989861137847469,0.0234361322187744,0.417819023191214,0.996481211181912,1,0.996066666666666,0.00393333333333333,0.998970139036639,1,0.996066666666666,0,0.995066666666666,0.996066666666666,0.142808433545618,0.989133333333333,0.00466108577621232,0.00237881771019746,1
186,1.92435208455134,0.0224,0.13367128881141,1,0.989508934423129,0.0233502310371099,0.428014787890936,0.996853231111721,1,0.996066666666667,0.00393333333333333,0.999,1,0.996066666666667,0,0.995528562263366,0.996066666666667,0.139422001250158,0.989,0.00459606638999226,0.0025877604353536,1
187,1.92821677230156,0.021824484883056,0.132837042724331,1,0.991,0.0224803053054149,0.423493057455529,0.996800858989883,1,0.9956,0.0044,0.998933333333333,1,0.9956,0,0.995,0.9956,0.138878733099893,0.9908,0.00584013084612528,0.00331500226407335,1
188,1.93295721980087,0.0204595082057073,0.128161984068347,0.999999999999999,0.991533333333333,0.0209236070010597,0.427403368277005,0.996582614802309,0.999999999999999,0.995133333333333,0.00486666666666667,0.998709992105879,0.999999999999999,0.995133333333333,0,0.9944,0.995133333333333,0.134785916994882,0.9912,0.00461237278326866,0.00293442980627155,1
189,1.93620061179267,0.0201236747312404,0.127692901844242,1,0.9914,0.0206422550539474,0.419700177361683,0.996685402858697,1,0.995466666666667,0.00453333333333333,0.999133333333334,1,0.995466666666667,0,0.994625837966331,0.995466666666667,0.134212904662719,0.990933333333334,0.0048447914734518,0.00325223368554877,1
190,1.93928412315593,0.0204482994286075,0.127050866812949,1,0.99287415189514,0.0207201683859423,0.417250874301342,0.996878980559994,1,0.994866666666666,0.00513333333333333,0.998866666666666,1,0.994866666666666,0,0.994066666666666,0.994866666666666,0.133734338121618,0.9924,0.00503044358241569,0.0022980654117717,1
191,1.9444536951525,0.0201333333333333,0.124028897140817,1,0.992733333333333,0.0202666666666667,0.417065031683784,0.996489909731137,1,0.995533333333333,0.00446666666666667,0.9988,1,0.995533333333333,0,0.994666666666666,0.995533333333333,0.129612524649632,0.992418086937404,0.00477526208763135,0.00266071432649577,1
192,1.9485585770098,0.0193948980658698,0.124669728548295,1,0.992367743288261,0.0194904347537507,0.420139544668629,0.99689382703711,1,0.995466666666667,0.00453333333333333,0.998815295070358,1,0.995466666666667,0,0.994533333333333,0.995466666666667,0.130420206658087,0.992066666666667,0.00537893469553468,0.00322252338863106,1
193,1.95276047075743,0.0195583059670672,0.122149914733617,0.999999999999999,0.99202912970593,0.0196081592680126,0.423387996110079,0.996498108449237,0.999999999999999,0.995599999999999,0.0044,0.999,0.999999999999999,0.995599999999999,0,0.994533333333333,0.995599999999999,0.128074798505256,0.9918,0.00580961503553833,0.00350584689083119,1
194,1.9572401011612,0.0184224496405843,0.12376463502637,0.999999999999999,0.991314071713267,0.0186,0.432056533584629,0.996656977530472,0.999999999999999,0.995133333333333,0.00486666666666667,0.998933333333333,0.999999999999999,0.995133333333333,0,0.994466666666666,0.995133333333333,0.13019187257475,0.990933333333333,0.00531900219627993,0.0029128913469876,1
195,1.96194943780328,0.0176500703805753,0.120327149402742,1,0.992666666666667,0.017837698318865,0.426323876244777,0.996669024162534,1,0.9952,0.0048,0.998774078824732,1,0.9952,0,0.9944,0.9952,0.126839546836532,0.992066666666667,0.00531762791297358,0.00284534842477237,1
196,1.96679452311237,0.0178967744919912,0.116945932883817,1,0.9928,0.0180671387652938,0.426564782721733,0.996440152154232,1,0.994466666666667,0.00553333333333333,0.999133333333333,1,0.994466666666667,0,0.993666666666667,0.994466666666667,0.124307391502538,0.992533333333333,0.00376069225700814,0.00280356363949096,1
197,1.96867699843522,0.0168666666666667,0.116474114899694,0.999999999999999,0.993589923519377,0.0169333333333333,0.425931577734117,0.99683452030548,0.999999999999999,0.995066666666666,0.00493333333333333,0.998933333333333,0.999999999999999,0.995066666666666,0,0.994099481920438,0.995066666666666,0.122660871146967,0.993333333333333,0.00523773247220126,0.00301082835650178,1
198,1.97300049103696,0.0165721876786878,0.117391648508946,1,0.9926,0.0166666666666667,0.435645966694474,0.996556022956171,1,0.9954,0.0046,0.999133333333333,1,0.9954,0,0.994703862927689,0.9954,0.12348806996304,0.992266666666667,0.00522898939912539,0.00249916546650789,1
199,1.97838643499645,0.0148782288996837,0.113791150992396,1,0.9922,0.0150653303401001,0.441014125995166,0.996734798276871,1,0.9962,0.0038,0.999533333333333,1,0.9962,0,0.995666666666667,0.9962,0.119100285319641,0.991733333333333,0.00501936475987715,0.00352104357444023,1
200,1.98135069330499,0.0141333333333333,0.107766105176163,0.999999999999999,0.992533333333332,0.0142666666666667,0.443553425376845,0.996601498305775,0.999999999999999,0.996066666666666,0.00393333333333333,0.999333333333333,0.999999999999999,0.996066666666666,0,0.995617009786371,0.996066666666666,0.112844485906239,0.99160692948619,0.00440935443714944,0.00301215266447324,1
201,1.98411904000597,0.0146117498332963,0.10834640752172,0.999999999999999,0.992799999999999,0.0146395122227317,0.44232691437147,0.996476456886371,0.999999999999999,0.995733333333332,0.00426666666666667,0.998999999999999,0.999999999999999,0.995733333333332,0,0.995466666666666,0.995733333333332,0.114096060780189,0.991333333333333,0.00460555270395061,0.00287770685639853,1
202,1.98754729185029,0.0160771213425101,0.111422636835721,1,0.992933333333333,0.0161333333333333,0.442688329881335,0.99672332664213,1,0.9962,0.0038,0.9988,1,0.9962,0,0.995933333333333,0.9962,0.117492697203699,0.990933333333333,0.00474067645868827,0.00292803252852804,1
203,1.99115000738477,0.0149256155105126,0.111077264304509,1,0.993936516096004,0.0149333333333333,0.437980228456779,0.996525870150565,1,0.995866666666666,0.00413333333333333,0.998415640717152,1,0.995866666666666,0,0.995533333333333,0.995866666666666,0.116856495044349,0.991978690997723,0.00557596304789158,0.00336494558187034,1
204,1.99555247482856,0.0154666666666667,0.107229220673133,1,0.994223594512521,0.0156,0.441749860167846,0.99663680129647,1,0.9956,0.0044,0.998049439879531,1,0.9956,0,0.995266666666667,0.9956,0.112808053898259,0.991866666666667,0.0049485925031842,0.00241498050691912,1
205,2.00060843051797,0.0168,0.102787049853932,1,0.995498769935601,0.0168092732711907,0.442049710006158,0.996482498925305,1,0.995333333333333,0.00466666666666667,0.997733333333333,1,0.995333333333333,0,0.995008420358311,0.995333333333333,0.108835065745995,0.993711296459841,0.0041980113645562,0.00302198589032992,1
206,2.00296119699621,0.0172693786289745,0.102172035227897,1,0.995933333333333,0.0173699373125628,0.43866557842873,0.996729653316106,1,0.994733333333334,0.00526666666666667,0.997564482474295,1,0.994733333333334,0,0.994333333333334,0.994733333333334,0.108535970182364,0.994271518192514,0.00421879823336845,0.00305950223745085,0.999999999999999
207,2.00528322189186,0.0160983454117145,0.103240129646462,0.999999999999999,0.996533333333333,0.0163925103634379,0.444850139829355,0.996659448031075,0.999999999999999,0.994533333333333,0.00546666666666667,0.9974,0.999999999999999,0.994533333333333,0,0.993933333333333,0.994533333333333,0.109519325347751,0.994729763875123,0.00474459628487789,0.00345206508763529,1
208,2.00787511301546,0.0148441868118401,0.0984293503980737,1,0.996,0.015063464282043,0.444433197656044,0.99671064036214,1,0.993133333333333,0.00686666666666667,0.996710833595651,1,0.993133333333333,0,0.992676074208144,0.993133333333333,0.106567573275299,0.993887121237018,0.00524746081844188,0.00296851110417385,1
209,2.01245095943056,0.0151333333333333,0.0977654464457561,1,0.996466666666666,0.0152312156609116,0.43908973774572,0.996753704984423,1,0.993333333333333,0.00666666666666667,0.997066666666666,1,0.993333333333333,0,0.992933333333333,0.993333333333333,0.105466902090649,0.994081505322861,0.00476171370492899,0.00401034140151097,1
210,2.01396305934346,0.0152392161638245,0.0985873532263813,1,0.996909997371355,0.0153564525831864,0.440374051611042,0.996665841106503,1,0.992933333333333,0.00706666666666667,0.9974,1,0.992933333333333,0,0.992466666666666,0.992933333333333,0.106591958615987,0.994518585797181,0.0057231230677799,0.00274546648773315,0.999999999999999
211,2.0199170155792,0.0151333333333333,0.096998639315666,0.999999999999999,0.997476636074776,0.0151333333333333,0.437154530945673,0.996536554451911,0.999999999999999,0.994199999999999,0.0058,0.997659068601763,0.999999999999999,0.994199999999999,0,0.993666666666665,0.994199999999999,0.103709918537265,0.995422053582719,0.00548565375689387,0.00408894833799706,1
212,2.02273824462058,0.0158,0.0941432918449399,0.999999999999999,0.997266666666666,0.0158027429437388,0.440348107369418,0.9965912071139,0.999999999999999,0.994199999999999,0.0058,0.997493759633823,0.999999999999999,0.994199999999999,0,0.993333333333332,0.994199999999999,0.101554375927725,0.995462105079977,0.00520227318067753,0.00269099425721533,1
213,2.02763031505381,0.0166666666666667,0.0911047822561318,1,0.997733333333333,0.0166666666666667,0.438396600494969,0.996441261735962,1,0.994333333333333,0.00566666666666667,0.997733333333333,1,0.994333333333333,0,0.993333944609619,0.994333333333333,0.0980786765897176,0.996,0.00461587344742124,0.00321953950375064,0.999999999999999
214,2.03034383660978,0.0171712060424303,0.0869091619538703,0.999999999999999,0.997350570868968,0.0173333333333333,0.438759307718453,0.99655402388473,0.999999999999999,0.994199999999999,0.0058,0.997999999999999,0.999999999999999,0.994199999999999,0,0.993056232196397,0.994199999999999,0.0941869267298396,0.996375697538975,0.00536414790451097,0.00350861404221792,1
215,2.03411120835071,0.0169408837877976,0.0861053241002313,1,0.9976,0.0172285187924816,0.430694039908465,0.996852258731414,1,0.993866666666667,0.00613333333333333,0.998105916336097,1,0.993866666666667,0,0.9924,0.993866666666667,0.0937540902754509,0.996533333333333,0.00389734463073127,0.00281310908217938,1
216,2.0362983678977,0.0166,0.088626186815413,1,0.997999999999999,0.0166666666666667,0.429458169506974,0.996663815722975,1,0.993866666666666,0.00613333333333333,0.9978105518002,1,0.993866666666666,0,0.992461131047266,0.993866666666666,0.0963587186671018,0.996749308240371,0.00394559690068296,0.00190674540547091,1
217,2.04045007786978,0.0158666666666667,0.0884225614792194,1,0.9978,0.015910871375662,0.428722122355766,0.996551140414482,1,0.994266666666667,0.00573333333333333,0.998128389802499,1,0.994266666666667,0,0.9932,0.994266666666667,0.0954571232943127,0.996866666666666,0.00526200963214188,0.00297429097240379,1
218,2.04484599357681,0.0158666666666667,0.0896703233147418,1,0.998266666666666,0.0159333333333333,0.440756331829358,0.996590561042814,1,0.994133333333333,0.00586666666666667,0.998531194974936,1,0.994133333333333,0,0.993266666666666,0.994133333333333,0.0969561053189261,0.997266666666666,0.00401244638360152,0.00273499180682771,1
219,2.0474581914501,0.0149584333298541,0.090255667829777,1,0.9984,0.0151169476112866,0.44462270267367,0.99669595933928,1,0.994266666666667,0.00573333333333333,0.999133333333333,1,0.994266666666667,0,0.993656733847511,0.994266666666667,0.0978479698359603,0.997526461815223,0.00502162501964169,0.00247240619303745,1
220,2.05267761041843,0.0132861862231108,0.0867195456035131,1,0.998866666666666,0.0134,0.442960633578018,0.996597328505438,1,0.994533333333333,0.00546666666666667,0.999466666666666,1,0.994533333333333,0,0.9942,0.994533333333333,0.0936214152242081,0.998293351386425,0.00502468147535443,0.00257606644214169,1
221,2.05770382767364,0.0134120197710487,0.086094379724139,1,0.998666666666667,0.013474112681471,0.449065789939712,0.996645496073131,1,0.994133333333333,0.00586666666666667,0.9996,1,0.994133333333333,0,0.993866666666666,0.994133333333333,0.0931268657094852,0.9982,0.00492248436177853,0.00239223082037744,1
222,2.06281033087841,0.0145333333333333,0.0844359505115373,1,0.998933333333333,0.0145881423174366,0.453513357128756,0.996639620506908,1,0.994066666666666,0.00593333333333333,0.999418800155522,1,0.994066666666666,0,0.993866666666666,0.994066666666666,0.0914428757662532,0.998466666666666,0.00517335299514302,0.00299555388045394,1
223,2.06730271739077,0.0144,0.0876913598263896,1,0.9996,0.0145333333333333,0.453097585371473,0.996662586368685,1,0.995066666666667,0.00493333333333333,0.999533333333333,1,0.995066666666667,0,0.994724205031704,0.995066666666667,0.0931708912096482,0.999,0.0045716714365313,0.00323369443052574,1
224,2.06996076139858,0.0132666666666667,0.0843757421075905,1,0.999466666666667,0.0135333333333333,0.454100934991462,0.996792931257847,1,0.9938,0.0062,0.999466666666667,1,0.9938,0,0.9934,0.9938,0.0913384511163939,0.998933333333333,0.00443355226192824,0.00336159076351478,1
225,2.07204168225393,0.0134632774326676,0.0834083242540999,1,0.999533333333333,0.0135333333333333,0.455616018553167,0.996704368581164,1,0.995333333333333,0.00466666666666667,0.999733333333333,1,0.995333333333333,0,0.995066666666667,0.995333333333333,0.0884915548167411,0.998933333333333,0.00483563632235954,0.00282479765688747,0.999999999999999
226,2.07607008767293,0.0122051924862452,0.0848854040281045,1,0.999666666666667,0.0122677878973774,0.457243582994687,0.996624072506598,1,0.994466666666667,0.00553333333333333,0.9998,1,0.994466666666667,0,0.994333333333334,0.994466666666667,0.0911449413309053,0.998999504368453,0.00445603271284181,0.00287183064471245,1
227,2.0793590021994,0.0118170248690816,0.0864483872190411,1,0.9998,0.0121287722271078,0.459614271091762,0.996496476557037,1,0.993666666666667,0.00633333333333333,0.999733333333333,1,0.993666666666667,0,0.993466666666667,0.993666666666667,0.0931688729901562,0.999064335771993,0.00462481563582529,0.00304873794156719,1
228,2.08253747018311,0.0122,0.0868619781960368,1,0.9996,0.0123866931377903,0.462741188258923,0.996794286150274,1,0.993333333333333,0.00666666666666667,0.99983513853346,1,0.993333333333333,0,0.99329616711578,0.993333333333333,0.0939333333333333,0.9988,0.0048533902277519,0.00236797579003337,1
229,2.08771343887859,0.0102794490203903,0.0856838725963678,1,0.999733333333333,0.0104666666666667,0.460024782645556,0.996649096047153,1,0.992,0.008,0.999808234723918,1,0.992,0,0.992,0.992,0.0941486170920623,0.998919678312704,0.00567602856192333,0.0024590584680606,1
230,2.09419867505897,0.0101107663507528,0.088229043852294,1,0.9998,0.0102998365612741,0.458600088550651,0.996832883804526,1,0.991933333333333,0.00806666666666666,0.999866666666666,1,0.991933333333333,0,0.991933333333333,0.991933333333333,0.0966705541918772,0.99884389888029,0.00429709684182911,0.00302406575258611,1
231,2.09686465507937,0.00906666666666667,0.0867958596644693,1,0.9998,0.00908113833228814,0.458243198319268,0.996566739242083,1,0.992133333333333,0.00786666666666667,0.9998,1,0.992133333333333,0,0.992133333333333,0.992133333333333,0.0953028250550526,0.998988811906509,0.00461426687496581,0.00319779778460152,0.999999999999999
232,2.09983479904997,0.00833656690960792,0.085716177355911,1,0.9998,0.0084,0.458890094230961,0.996638069733687,1,0.9922,0.0078,0.9998,1,0.9922,0,0.9922,0.9922,0.0939021691148899,0.999066666666667,0.0063453503056446,0.0027213565631787,0.999999999999999
233,2.1073766510794,0.00793333333333333,0.0844338573060019,1,0.999866666666666,0.008,0.465480781933107,0.996621867924578,1,0.993266666666667,0.00673333333333333,0.999933333333333,1,0.993266666666667,0,0.993266666666667,0.993266666666667,0.0918000000000001,0.999266666666667,0.0057521652716161,0.00331838295274662,1
234,2.11250554711199,0.00793333333333333,0.0812668294018318,1,0.999866666666666,0.00794690253263299,0.463051697748605,0.996547827819906,1,0.9928,0.0072,0.999866666666666,1,0.9928,0,0.9928,0.9928,0.0891028570645295,0.999422270067055,0.00427077501697745,0.00270047387588188,1
235,2.11582281698319,0.00686666666666667,0.0816110175261109,1,1,0.00693333333333333,0.457040371927825,0.996547397486073,1,0.992666666666667,0.00733333333333333,0.999866666666667,1,0.992666666666667,0,0.992666666666667,0.992666666666667,0.0892018413843485,0.999533333333334,0.00500966463138603,0.00283116586867814,0.999999999999999
236,2.1204321343721,0.0066,0.0807941509083267,1,1,0.0066,0.460019975523614,0.996753649931855,1,0.9932,0.0068,0.999866666666667,1,0.9932,0,0.9932,0.9932,0.0881826878769233,0.999533333333333,0.00523734235744912,0.00189698851703483,1
237,2.12741219868557,0.00766666666666667,0.0848631269788008,0.999999999999999,0.999999999999999,0.00766666666666667,0.460106910715485,0.996503818792678,0.999999999999999,0.993466666666666,0.00653333333333333,0.999933333333333,0.999999999999999,0.993466666666666,0,0.993466666666666,0.993466666666666,0.0916436944768078,0.999533333333333,0.00522921711098055,0.00270431063212495,1
238,2.13278371552923,0.0068,0.0854559154102576,1,1,0.0068,0.460880465889614,0.996693362257671,1,0.993733333333333,0.00626666666666667,0.999866666666667,1,0.993733333333333,0,0.993733333333333,0.993733333333333,0.092,0.999266666666667,0.00475654257207261,0.0024557092941622,1
239,2.13769089527651,0.0066,0.0847022934745187,1,1,0.0066,0.466567939875546,0.996597492148569,1,0.994133333333333,0.00586666666666667,0.999799999999999,1,0.994133333333333,0,0.994133333333333,0.994133333333333,0.0908798986970914,0.999533333333333,0.00425296854960919,0.00223945251863945,1
240,2.1419951701634,0.00665411004146361,0.0821300546035017,1,1,0.00673333333333333,0.466174999332548,0.996834936428611,1,0.993733333333334,0.00626666666666667,0.999733333333334,1,0.993733333333334,0,0.993733333333334,0.993733333333334,0.0887983420650633,0.999693678599545,0.00507965803927605,0.00269566604312912,1
241,2.14710166950486,0.00734447035116521,0.0827964928534929,1,1,0.00744158477169191,0.465708902301376,0.996662860574411,1,0.9942,0.0058,0.9998,1,0.9942,0,0.9942,0.9942,0.0893225944073892,0.999746899865423,0.00465252803224906,0.00312270114470719,1
242,2.15038636336915,0.0078,0.0826320714282085,1,1,0.00794739138103427,0.467699516630364,0.996666354972703,1,0.994133333333333,0.00586666666666666,0.999733333333333,1,0.994133333333333,0,0.994133333333333,0.994133333333333,0.089053367968659,0.999733333333333,0.00451572704327107,0.00267599946088195,1
243,2.15434248847464,0.00826666666666666,0.081845472741858,1,1,0.00833333333333333,0.468593784503838,0.996447762100519,1,0.994266666666667,0.00573333333333333,0.9996,1,0.994266666666667,0,0.994266666666667,0.994266666666667,0.0879655754360527,0.999866666666666,0.00557157984146059,0.00241345286880057,1
244,2.16101286350196,0.00972137801501973,0.0843844766439809,1,1,0.00973333333333333,0.466315447946733,0.996796623660854,1,0.995533333333333,0.00446666666666667,0.9994,1,0.995533333333333,0,0.995533333333333,0.995533333333333,0.0894485910825322,0.999666666666666,0.00422423071720391,0.00274165733056265,1
245,2.16407265613734,0.00933333333333333,0.0845375302049992,1,1,0.00933333333333333,0.466373423886318,0.996857622148503,1,0.994733333333333,0.00526666666666666,0.99905915806125,1,0.994733333333333,0,0.994733333333333,0.994733333333333,0.0902340336629944,0.999866666666666,0.00476995083045609,0.00295790414764759,0.999999999999999
246,2.16799405681525,0.00878909568408843,0.0869762175189615,1,1,0.00879912161880208,0.462339670139566,0.99667357024648,1,0.995466666666667,0.00453333333333333,0.999,1,0.995466666666667,0,0.995466666666667,0.995466666666667,0.0921049249073391,0.999866666666667,0.00360016508468691,0.0037070611974017,0.999999999999999
247,2.16776230667819,0.00813333333333333,0.0879964477485499,1,1,0.00813333333333333,0.464103169187364,0.996584452253845,1,0.9948,0.0052,0.998933333333334,1,0.9948,0,0.9948,0.9948,0.0936272835782091,0.9998,0.00472613089668688,0.00326556459620424,1
248,2.17078394976367,0.0072,0.0851467781336743,1,1,0.0072,0.463036970924804,0.996990011954355,1,0.994333333333334,0.00566666666666667,0.999,1,0.994333333333334,0,0.994333333333334,0.994333333333334,0.0913382899423472,0.999866666666667,0.00566469129132241,0.0029309635832889,1
249,2.17657356306531,0.00722741574650412,0.0876779881831935,1,1,0.00725550680708231,0.464969412812147,0.996727776983956,1,0.994866666666667,0.00513333333333333,0.998964881747298,1,0.994866666666667,0,0.994866666666667,0.994866666666667,0.0936680241254946,0.999814997311678,0.00410686461939868,0.00264186557061603,1
250,2.17964246051309,0.0078,0.0854437254213562,1,1,0.0078,0.4558798170819,0.996766642977348,1,0.994533333333333,0.00546666666666667,0.998933333333333,1,0.994533333333333,0,0.994533333333333,0.994533333333333,0.0915113492793683,0.999733333333333,0.00521807578488548,0.00228540247812429,1
251,2.18603463977532,0.00830865461188844,0.0841262532475625,1,1,0.0084,0.458496463858051,0.996628796611615,1,0.9952,0.0048,0.999133333333334,1,0.9952,0,0.9952,0.9952,0.0894727409903162,0.999533333333334,0.0040063815407208,0.00278237730960289,1
252,2.18869795945756,0.0088,0.0865131815955344,0.999999999999999,0.999999999999999,0.00886666666666667,0.46354782401571,0.996661780573298,0.999999999999999,0.995999999999999,0.004,0.999311710281261,0.999999999999999,0.995999999999999,0,0.995999999999999,0.995999999999999,0.0908633889865737,0.999566149720645,0.00447547343060642,0.00297297299857753,1
253,2.19184056588993,0.00915519839538766,0.0861333333333333,1,1,0.00931943036567542,0.459940114659212,0.996745762193466,1,0.996,0.004,0.999133333333334,1,0.996,0,0.996,0.996,0.0904853235271217,0.999811133541499,0.00446257176566996,0.00266443229206837,1
254,2.1957818009313,0.00981398034705475,0.0938660896356389,1,1,0.0100352223740137,0.465790268886012,0.996762535136961,1,0.996466666666667,0.00353333333333333,0.999449845554254,1,0.996466666666667,0,0.996466666666667,0.996466666666667,0.0977139745288724,0.999933333333334,0.00484382502842899,0.00252246290501717,0.999999999999999
255,2.20087900563526,0.00973333333333333,0.0915638902843873,1,1,0.00984058250268701,0.461097151142487,0.996848552695091,1,0.9964,0.0036,0.9992,1,0.9964,0,0.9964,0.9964,0.0956461552039596,0.999866666666667,0.00570269719843157,0.00291693892275492,1
256,2.20701012253897,0.00952517646226208,0.0905931090484003,1,1,0.00953333333333333,0.455413800162405,0.996809789824857,1,0.996733333333333,0.00326666666666667,0.99924244241935,1,0.996733333333333,0,0.996733333333333,0.996733333333333,0.0947739238810089,0.999933333333333,0.00523809963467795,0.00233309170591794,1
257,2.21327750379545,0.00878999724720721,0.0871457423871289,1,1,0.00879646079876327,0.453068970634674,0.996704421795602,1,0.996,0.004,0.99924683979213,1,0.996,0,0.996,0.996,0.0918034951339175,0.999866666666667,0.00408925095068668,0.00319654572775811,1
258,2.21525330818288,0.00847646817290544,0.0858076525666342,1,1,0.00853333333333333,0.45802038732547,0.996871145088024,1,0.997133333333333,0.00286666666666667,0.9994,1,0.997133333333333,0,0.997133333333333,0.997133333333333,0.0892089120358624,0.999866666666667,0.00424092596526497,0.00249961473236723,1
259,2.21911075365213,0.00981701037297176,0.0856938157253793,1,1,0.00988855716274139,0.455927985521577,0.996667378680417,1,0.996666666666667,0.00333333333333333,0.9992,1,0.996666666666667,0,0.996666666666667,0.996666666666667,0.089547430214632,0.999866666666667,0.0041470821323844,0.00250477336232364,1
260,2.22272282098493,0.0098,0.0860654976359388,1,1,0.00993333333333334,0.460746716179685,0.996774083854228,1,0.996866666666667,0.00313333333333333,0.999266666666667,1,0.996866666666667,0,0.996866666666667,0.996866666666667,0.0899043815817999,0.9998,0.0051411442681083,0.00318402873088513,1
261,2.22707294635282,0.0106659999888506,0.0836115740503491,1,1,0.0106666666666667,0.462979712335674,0.996782177369948,1,0.996466666666667,0.00353333333333333,0.999466666666667,1,0.996466666666667,0,0.996466666666667,0.996466666666667,0.0883097834348829,0.999733333333334,0.00544260980925163,0.00242471581355298,1
262,2.23378439037213,0.0107861668294726,0.0803500413022668,1,1,0.0108,0.462017602002618,0.996600290061203,1,0.996933333333334,0.00306666666666667,0.999333333333334,1,0.996933333333334,0,0.996933333333334,0.996933333333334,0.0841649167878179,0.999730609285484,0.00496249757315747,0.00256726720903852,1
263,2.23907270747924,0.0105333333333333,0.082388700709551,1,1,0.0106,0.458734560804479,0.996576567860568,1,0.997066666666667,0.00293333333333333,0.999266666666666,1,0.997066666666667,0,0.997066666666667,0.997066666666667,0.0860146605880808,0.999666666666667,0.00438507075271132,0.00244273553467118,1
264,2.24342173725473,0.00916252137188552,0.0812734414504848,0.999999999999999,0.999999999999999,0.00921438765035237,0.456575360582864,0.996551327437364,0.999999999999999,0.997066666666666,0.00293333333333333,0.998933333333333,0.999999999999999,0.997066666666666,0,0.997066666666666,0.997066666666666,0.0850252046946937,0.999666666666666,0.00500540392497046,0.00296976898680543,1
265,2.24798852492412,0.0073414019451033,0.0805815863276708,1,1,0.00750011399813066,0.450674977616954,0.996612437442958,1,0.996266666666667,0.00373333333333333,0.998733333333334,1,0.996266666666667,0,0.996266666666667,0.996266666666667,0.0850639196086014,0.999712368596542,0.00492319459748498,0.00263938366722637,1
266,2.25312250568844,0.00806666666666667,0.0852788520395062,1,1,0.00830708179875204,0.459157610773318,0.996440835129084,1,0.996333333333333,0.00366666666666667,0.999019398810603,1,0.996333333333333,0,0.996333333333333,0.996333333333333,0.0898493778381338,0.999933333333333,0.00405366554014807,0.00306283442488025,1
267,2.25531553064895,0.0084,0.0843444275827862,1,1,0.00850964979141823,0.456043635781603,0.996626754771449,1,0.996133333333334,0.00386666666666667,0.9988,1,0.996133333333334,0,0.996133333333334,0.996133333333334,0.0888244713643692,0.999923809553651,0.00435777660324267,0.00292274482802554,1
268,2.25855198009857,0.00753333333333333,0.0803127029433833,1,1,0.0076,0.455805790162757,0.99681471559237,1,0.9964,0.0036,0.998874436270725,1,0.9964,0,0.9964,0.9964,0.0848040450915025,1,0.00531047169439406,0.00245109067307208,1
269,2.26501004076613,0.00672583217715328,0.079131881532165,1,1,0.00689715148556671,0.457988581265286,0.99698079690308,1,0.9964,0.0036,0.999,1,0.9964,0,0.9964,0.9964,0.0834333534643487,1,0.00525467280440144,0.00287008326439646,1
270,2.27041116001735,0.00643286669203185,0.0767863763838239,1,1,0.00643945040872333,0.458986669952856,0.996510051009025,1,0.995666666666667,0.00433333333333333,0.9988,1,0.995666666666667,0,0.995666666666667,0.995666666666667,0.0817928192070692,1,0.00466506993434665,0.00280724909299117,0.999999999999999
271,2.27462917718888,0.00546666666666667,0.0735615091761743,1,1,0.00546666666666667,0.45570499916119,0.996553871996531,1,0.995466666666667,0.00453333333333333,0.998861096401468,1,0.995466666666667,0,0.995466666666667,0.995466666666667,0.0787177535922011,1,0.00498181405956377,0.00228070111258743,1
272,2.28071784182679,0.00531883707458255,0.0735899454857445,1,1,0.00532089146781928,0.461687838474872,0.996546496717856,1,0.995466666666666,0.00453333333333333,0.998733333333333,1,0.995466666666666,0,0.995466666666666,0.995466666666666,0.0789022979114673,1,0.00449567488934935,0.00296605617206897,1
273,2.28420647052648,0.00526666666666667,0.0715676214058221,0.999999999999999,0.999999999999999,0.00526666666666667,0.46803012522574,0.996541899731933,0.999999999999999,0.995333333333333,0.00466666666666667,0.998666666666666,0.999999999999999,0.995333333333333,0,0.995333333333333,0.995333333333333,0.076842928583335,0.999999999999999,0.00453955371804251,0.00266277355636998,1
274,2.28849342391552,0.0054,0.0708339855368129,1,1,0.0054,0.469940880189344,0.996451259521558,1,0.996333333333334,0.00366666666666667,0.998933333333334,1,0.996333333333334,0,0.996333333333334,0.996333333333334,0.0751130095194171,1,0.00461956617463303,0.00282668619648736,1
275,2.29259641795538,0.00593333333333333,0.0708666666666667,0.999999999999999,0.999999999999999,0.00593333333333333,0.473080518390498,0.996630190885589,0.999999999999999,0.996399999999999,0.0036,0.999133333333333,0.999999999999999,0.996399999999999,0,0.996399999999999,0.996399999999999,0.0754210281831056,0.999999999999999,0.00495054475864865,0.00282368844359365,1
276,2.29747244112478,0.00638873001473597,0.0694870724250809,1,1,0.0064,0.475760233522537,0.996656176427371,1,0.996266666666667,0.00373333333333333,0.999,1,0.996266666666667,0,0.996266666666667,0.996266666666667,0.0737247459279102,1,0.005507308089415,0.00253352829956942,1
277,2.30426777281887,0.0062,0.0670079696706256,1,1,0.00628183240598365,0.468151030840125,0.99677510542297,1,0.995933333333333,0.00406666666666667,0.999466666666666,1,0.995933333333333,0,0.995933333333333,0.995933333333333,0.0718327162774269,1,0.00480786781781272,0.00331714645555199,1
278,2.30759216800998,0.00553333333333333,0.0654437843096139,1,1,0.00553333333333333,0.46426109589389,0.996747417120939,1,0.995333333333333,0.00466666666666667,0.999266666666667,1,0.995333333333333,0,0.995333333333333,0.995333333333333,0.0705159853207524,1,0.00468476159315425,0.00318665814421188,1
279,2.31104917979563,0.0052,0.0626882015106257,1,1,0.0052,0.462499633281061,0.996520422387185,1,0.995733333333333,0.00426666666666667,0.999335668862212,1,0.995733333333333,0,0.995733333333333,0.995733333333333,0.0673182157278486,1,0.00526142799343101,0.00291919747930761,1
280,2.31646218970418,0.00642106751735147,0.0637881698849238,1,1,0.00645457569525033,0.462868908226503,0.996910575960848,1,0.995133333333333,0.00486666666666667,0.9992,1,0.995133333333333,0,0.995133333333333,0.995133333333333,0.0694670664081623,1,0.00458030862655917,0.00300932372063899,1
281,2.32002189411128,0.00630456214374306,0.0656678949697373,1,1,0.00646666666666666,0.466671215468367,0.996752992283732,1,0.995333333333334,0.00466666666666666,0.9996,1,0.995333333333334,0,0.995333333333334,0.995333333333334,0.0707110804754277,1,0.00450874933091326,0.00289533830829474,1
282,2.32376504300795,0.00546666666666667,0.0669627120638869,1,1,0.00549096787227459,0.466986815614736,0.996920897562773,1,0.996133333333334,0.00386666666666667,0.999933333333334,1,0.996133333333334,0,0.996133333333334,0.996133333333334,0.0714872323637936,1,0.00527710022384938,0.00257652919445513,1
283,2.33004053556222,0.00566666666666667,0.0672837224349098,1,1,0.00566666666666667,0.466133245072582,0.996644647655864,1,0.996,0.004,0.999933333333333,1,0.996,0,0.996,0.996,0.0721667913611271,1,0.00481999976162335,0.00308739979352483,1
284,2.33394624175475,0.006,0.0655446139072434,1,1,0.006,0.46432763059879,0.99659843811522,1,0.996666666666667,0.00333333333333333,0.999933333333333,1,0.996666666666667,0,0.996666666666667,0.996666666666667,0.0697104280836415,1,0.00424803385626189,0.00223653354646908,1
285,2.33864097534308,0.00560475427242847,0.066340013110781,1,1,0.00573333333333333,0.469919934065117,0.996749505465337,1,0.9966,0.0034,0.999933333333334,1,0.9966,0,0.9966,0.9966,0.0704558470343672,1,0.00413826397328141,0.0032211146493122,1
286,2.34078585833262,0.00551827038402351,0.0651931658856102,1,1,0.0056,0.471876921578427,0.996790293951457,1,0.996733333333333,0.00326666666666667,0.999933333333333,1,0.996733333333333,0,0.996733333333333,0.996733333333333,0.0689615371110639,1,0.00412529809661662,0.00274017884263174,1
287,2.34402812589445,0.0048,0.0636931361437556,0.999999999999999,0.999999999999999,0.00493333333333333,0.467596359352909,0.996849866030062,0.999999999999999,0.997,0.003,0.999933333333333,0.999999999999999,0.997,0,0.997,0.997,0.0674171008105726,0.999999999999999,0.00498155565801945,0.0031782238880582,1
288,2.34809891774184,0.00506666666666667,0.0615127649841002,1,1,0.00518575094948084,0.476166325642963,0.996414977267111,1,0.996666666666667,0.00333333333333333,0.999933333333334,1,0.996666666666667,0,0.996666666666667,0.996666666666667,0.0654904578754873,1,0.00510696550471071,0.00309471596556608,1
289,2.35282387870693,0.00446666666666667,0.0611261483869662,1,1,0.00455425814785281,0.471844647820108,0.996806578509345,1,0.997133333333333,0.00286666666666667,1,1,0.997133333333333,0,0.997133333333333,0.997133333333333,0.0647423011264119,1,0.00524251116545169,0.0032441635181837,1
290,2.35750934563378,0.00493333333333333,0.0623090769360817,1,1,0.00506666666666667,0.471053862986727,0.99665409995952,1,0.996933333333333,0.00306666666666667,1,1,0.996933333333333,0,0.996933333333333,0.996933333333333,0.0659527521863364,1,0.00462086337113356,0.00330868915816153,1
291,2.36047555831256,0.0056,0.0618657709082568,0.999999999999999,0.999999999999999,0.0058,0.471653012741795,0.996502452160102,0.999999999999999,0.996666666666666,0.00333333333333333,0.999999999999999,0.999999999999999,0.996666666666666,0,0.996666666666666,0.996666666666666,0.0655333333333333,0.999999999999999,0.00393095243905157,0.00277870238418217,1
292,2.36319541640414,0.00466666666666667,0.0630994935661303,1,1,0.00473333333333333,0.468450904420543,0.996646553050273,1,0.997,0.003,1,1,0.997,0,0.997,0.997,0.0664625454278304,1,0.00434358234872727,0.00256988192800162,1
293,2.36738701710847,0.00473333333333333,0.0615072510188348,1,1,0.00473333333333333,0.46856816830169,0.996707447871337,1,0.997066666666666,0.00293333333333333,1,1,0.997066666666666,0,0.997066666666666,0.997066666666666,0.0648249037408853,1,0.0052739189341619,0.00251036870985697,1
294,2.37377158422948,0.00486666666666667,0.0616943257634778,1,1,0.00486666666666667,0.462834516874477,0.996738079183706,1,0.996866666666666,0.00313333333333333,1,1,0.996866666666666,0,0.996866666666666,0.996866666666666,0.0651318468971012,1,0.00489471584016462,0.00240703132440912,1
295,2.37967677904351,0.0046,0.0622304268861341,1,1,0.0046,0.459344740177692,0.996782832468452,1,0.997066666666667,0.00293333333333333,1,1,0.997066666666667,0,0.997066666666667,0.997066666666667,0.0658307574606901,1,0.00488011452492289,0.00270613608477459,1
296,2.38485014505567,0.00466666666666667,0.0636930382951668,1,1,0.00466666666666667,0.461573933634922,0.996607205020796,1,0.997,0.003,1,1,0.997,0,0.997,0.997,0.0672430683946613,1,0.00437478330023426,0.00275402771283546,1
297,2.38871540425338,0.00453333333333333,0.0647412950663886,1,1,0.00453333333333333,0.458294652596101,0.996637557078827,1,0.997466666666667,0.00253333333333333,1,1,0.997466666666667,0,0.997466666666667,0.997466666666667,0.0675502601361973,1,0.00534285576375324,0.00269414668162538,1
298,2.39504241643925,0.00426666666666667,0.063434662554465,1,1,0.00426666666666667,0.466022706278469,0.996685910949455,1,0.997933333333333,0.00206666666666667,1,1,0.997933333333333,0,0.997933333333333,0.997933333333333,0.065656013844406,1,0.00552539208455201,0.00272458840802338,1
299,2.40175046004465,0.00406666666666667,0.0639745794050091,0.999999999999999,0.999999999999999,0.00406666666666667,0.461455693935094,0.996449369490037,0.999999999999999,0.997666666666666,0.00233333333333333,0.999999999999999,0.999999999999999,0.997666666666666,0,0.997666666666666,0.997666666666666,0.0664279953234838,0.999999999999999,0.00457532830767668,0.00208566549308034,1
300,2.40773000885496,0.00406666666666667,0.0618999732259747,1,1,0.00406666666666667,0.466626809444838,0.996456347457629,1,0.997733333333334,0.00226666666666667,1,1,0.997733333333334,0,0.997733333333334,0.997733333333334,0.0643770742469453,1,0.00523979661168737,0.00337698410708583,1
