"X","PopRatio","KC","LC","aKC","Prol_KC","Diff_KC","preDiff_KC","pDC","iDC","M1","M2","Neutrophil","Th0","Th1","Th2","Th17","Th22","Treg","Fibroblast","Division","Death","ILC3"
0,1.36335026305308,0.0539712523254095,0.258087285927227,1,0.931948012703628,0.0338681814269288,0.196684691492272,0.996571263713786,1,0.94918624618408,0.0426666666666667,0.993173776623577,1,0.949312662536174,0,0.458352847716891,0.463940679600107,0.290632704915138,0.917453435342001,0.0088513017892861,0.00480451121556243,0
1,1.36886745604629,0.056044418696209,0.258547721159103,0.999999999999997,0.931260896117305,0.0374850312176467,0.193268205654918,0.996617969529836,0.999999999999997,0.947864392858346,0.0437333333333333,0.99283936573177,0.999999999999997,0.947996798394329,0,0.214946318406425,0.22352696024047,0.290029333153328,0.915914859825792,0.00402017775859367,0.00274833703762596,0
2,1.3706084374185,0.0531886727872104,0.255608060610193,0.999999999999998,0.931088480422969,0.0352716171161686,0.190979638352051,0.996592157516269,0.999999999999998,0.94551462015685,0.046,0.992281739555449,0.999999999999998,0.945108155818162,0,0.0986197637801888,0.104442729142927,0.286979491101351,0.916045171520406,0.00404214144576032,0.00231355931506105,0
3,1.3729776466716,0.051431632050933,0.252266895104623,1,0.930076653384333,0.0344191740782707,0.186044821900525,0.996755279444083,1,0.944958482045439,0.0464666666666666,0.992905797871851,1,0.945336558517513,0,0.0463448294417214,0.0519909638810816,0.284467419053296,0.914483816408895,0.00298569767222611,0.00237142652089269,0
4,1.37372949538827,0.0528305681389911,0.253432435763961,0.999999999999997,0.929707739106059,0.0360572519027148,0.185296185400544,0.99691043965793,0.999999999999997,0.944821124241792,0.0466,0.993769543594721,0.999999999999997,0.944388138547587,0,0.0244038647183261,0.0255320394406858,0.285014635470883,0.914139971395224,0.00294756634687344,0.00217880928386587,0
5,1.37477935222338,0.0523903168267549,0.25198860409086,0.999999999999998,0.92982671604834,0.035944754026702,0.192408216252804,0.996463897059861,0.999999999999998,0.945487624770872,0.0460666666666667,0.994588362031712,0.999999999999998,0.945587658278308,0,0.0106150419498097,0.0112778150705054,0.282140503962249,0.91464740999432,0.00234143162372152,0.00215089887270032,0
6,1.37504129271541,0.0522035836947207,0.244139860929661,0.999999999999999,0.928999846433834,0.0337893351454086,0.197383327844985,0.996701072521095,0.999999999999999,0.943083683508866,0.0474666666666666,0.994837428834782,0.999999999999999,0.943078397850635,0,0.00515054332511142,0.00462834480207137,0.276193679621901,0.913559198305273,0.00181765693434276,0.00188095581271555,0
7,1.37495425414386,0.0529244309878782,0.246920732006251,0.999999999999998,0.926587186625676,0.034688550135147,0.196884679542507,0.996718189931888,0.999999999999998,0.940152435876817,0.0501333333333333,0.994432474863729,0.999999999999998,0.939436486949732,0,0.00299559355087925,0.00216470406577484,0.278265619033464,0.90906959852376,0.00239082797394691,0.00228344306954598,0
8,1.37510190347499,0.0503643162238419,0.243642718843064,0.999999999999999,0.931161281446813,0.033883414872695,0.196865436971666,0.99705311180368,0.999999999999999,0.943013440971818,0.0477333333333333,0.994577704197914,0.999999999999999,0.941091339226877,0,0.00167046268505666,0.00151892334960903,0.273430077123173,0.913643437828756,0.00239524054188463,0.00193167125279973,0
9,1.37573935848681,0.0490199217877583,0.246425840625736,0.999999999999999,0.933265963750796,0.034212166281698,0.201507241864244,0.996566760508308,0.999999999999999,0.945418850564949,0.0454,0.994662441856487,0.999999999999999,0.943309189840078,0,0.000661126672107612,0.00098136737218075,0.274505425441441,0.914498982223461,0.00275119782667738,0.00150750100262317,0
10,1.37745036115768,0.0492204037937277,0.245090788853534,0.999999999999998,0.930838622661016,0.0335676811476473,0.199740402249048,0.996729454412,0.999999999999998,0.945333914905516,0.044867055754258,0.994466603187243,0.999999999999998,0.943692015605894,0,0.000351290931559565,0.000240453160773999,0.27309711143564,0.912045878030166,0.00221929420892838,0.00175235086711992,0
11,1.37809355243249,0.0500146508353259,0.239005139384909,1,0.929971863690226,0.0338732948156492,0.20305966616204,0.996807697757247,1,0.944794390999683,0.0449999999999999,0.994604414646774,1,0.943375009450498,0,0.000191992686292381,6.66666666666667e-05,0.26709309212447,0.913200243953141,0.00186070417734572,0.00149886822169379,0
12,1.37859219623001,0.0490103758038215,0.234154696592299,0.999999999999999,0.929976907021928,0.0334882114560706,0.207821892872784,0.996754012859538,0.999999999999999,0.946697025518239,0.0452,0.994281307175158,0.999999999999999,0.943717819372475,0,7.83201725523118e-05,0,0.263864106537736,0.91384430637638,0.00176359906905468,0.00156210584654302,0
13,1.37886997321416,0.0509839446523068,0.235192794297283,0.999999999999999,0.930561697573753,0.0346053830173254,0.215542415870361,0.996822330827324,0.999999999999999,0.950058268667855,0.0430666666666666,0.994781797825531,0.999999999999999,0.946320664777787,0,0,0,0.263462980613145,0.915020468350323,0.00224796563307347,0.00171321113102763,0
14,1.37960733014007,0.0497879453646937,0.237218612137514,0.999999999999999,0.928955784050111,0.0348127899309488,0.215229187097519,0.996673935844647,0.999999999999999,0.949429536760905,0.0434666666666666,0.995623399922407,0.999999999999999,0.944300463500063,0,0,0,0.266963509407268,0.913877083675139,0.00270039444970512,0.00205524968431212,0
15,1.38044112072088,0.0474,0.235600439429019,0.999999999999999,0.9316980103907,0.0343989068149407,0.221439092360793,0.996779978325915,0.999999999999999,0.949142921107095,0.0439333333333333,0.996227683330576,0.999999999999999,0.944912009043725,0,0,0,0.264043625935985,0.916873536983352,0.00251513673279817,0.00172561911778182,0
16,1.38153100330218,0.0480485431840822,0.235687311905533,0.999999999999999,0.933407000182471,0.0356422636987002,0.220264071910944,0.996704642619938,0.999999999999999,0.94844078966355,0.0444666666666667,0.996064713652713,0.999999999999999,0.943143018352788,0,0,0,0.264915879750433,0.917164004126253,0.00232612137663012,0.00212629461560362,0
17,1.38180707016783,0.0532953621109072,0.240716541680088,1,0.932574454949009,0.0392500358248136,0.220984125405318,0.996578511534181,1,0.94950381782146,0.0440666666666667,0.996138926711427,1,0.944914087252733,0,0,0,0.268336962700838,0.916665966812999,0.00265778311208203,0.00120889300160864,0
18,1.38380915676637,0.0519200138789255,0.235356851959226,0.999999999999999,0.931209175730544,0.0392053412702956,0.228600361694261,0.99656326392482,0.999999999999999,0.947648706760769,0.0458,0.996443427772763,0.999999999999999,0.943420680469883,0,0,0,0.265714338641786,0.915798986905039,0.00234192415767934,0.00190367726400356,0
19,1.38435344940206,0.0502717439735572,0.232002125497072,0.999999999999999,0.930133782883137,0.0396635000143423,0.232376089686654,0.99651048485645,0.999999999999999,0.949345301062079,0.0442666666666666,0.995485307920631,0.999999999999999,0.946557926376631,0,0,0,0.261428614230998,0.914107765217992,0.00188476022642445,0.0017543376835966,0
20,1.3845340002991,0.0467333333333333,0.232600501433352,0.999999999999999,0.929879162076669,0.0382542962898807,0.230333489579988,0.996694613091328,0.999999999999999,0.946391282895375,0.0460666666666666,0.995866666666666,0.999999999999999,0.943422346746691,0,0,0,0.259928827669882,0.913043896601495,0.0020770627110876,0.00168333832308672,0
21,1.38507912510103,0.0470112383409772,0.23382192793188,1,0.930770916896528,0.038064926208384,0.229257805445642,0.996630829461703,1,0.946049592204757,0.0462,0.995354905960731,1,0.944946643961918,0,0,0,0.262845156109365,0.913807358145827,0.00257291276790685,0.00222861484619061,0
22,1.38555600496521,0.0458635159324611,0.227328288490821,0.999999999999998,0.933850462515762,0.0370049451082912,0.226842522190113,0.996673339967193,0.999999999999998,0.947733062908692,0.0453333333333333,0.995249450592003,0.999999999999998,0.947179756055684,0,0,0,0.257608153558137,0.91609813504593,0.00253600905303973,0.00148081018281202,0
23,1.38701804209629,0.0460842537193933,0.226874371991234,0.999999999999999,0.937676700289497,0.0352287542699605,0.235979955187109,0.996600744361275,0.999999999999999,0.947066666666666,0.0466666666666667,0.994798630873079,0.999999999999999,0.946165641325609,0,0,0,0.257708042604219,0.918741348872728,0.00243599771197066,0.001731092768256,0
24,1.38799575797118,0.0442630358217315,0.223785621924488,0.999999999999999,0.941030487394521,0.032857653288822,0.235020195277952,0.996613973023061,0.999999999999999,0.948902258655741,0.0465333333333333,0.994459900128783,0.999999999999999,0.94571555769719,0,0,0,0.254754295191629,0.920957676822344,0.00325783689239899,0.00176732315651014,0
25,1.39006458471379,0.0476235216808234,0.226080213058989,0.999999999999999,0.940480165821612,0.034458841461588,0.235010797532953,0.996716144531724,0.999999999999999,0.94857814248041,0.0472,0.993480421144353,0.999999999999999,0.944725019239852,0,0,0,0.257466289558117,0.921386353235598,0.00202513997670769,0.00163947141016437,0
26,1.39060068892958,0.0470590651274358,0.225479603743885,1,0.942735150426654,0.0322234770691223,0.236463816425534,0.996775320145788,1,0.95011620915511,0.0463333333333333,0.993076743016791,1,0.945732597941183,0,0,0,0.255152546171915,0.92274180481729,0.00249834315255216,0.00163541817186843,0
27,1.39179914721184,0.0478580542652264,0.226477989936628,0.999999999999999,0.943809996504593,0.0334989515661792,0.23688752940361,0.996687826695575,0.999999999999999,0.954289733707983,0.0421333333333333,0.993230680372917,0.999999999999999,0.950639930970981,0,0,0,0.252074365038667,0.924108612972486,0.00171005242108679,0.00194275813742915,0
28,1.39147526759428,0.0498547018762243,0.229938998729033,0.999999999999999,0.944591492332904,0.0335136590280797,0.243900661433273,0.996778387540547,0.999999999999999,0.954898339164104,0.0416,0.99356499055221,0.999999999999999,0.951128350527037,0,0,0,0.256432992893906,0.924828153532012,0.00208216494815688,0.00210967718595267,0
29,1.39134421997799,0.0516994243990093,0.230529055203612,0.999999999999999,0.943933009395173,0.0349688207723366,0.247682603226259,0.996806724086686,0.999999999999999,0.954368210301581,0.0423333333333333,0.99431749941471,0.999999999999999,0.950995893828288,0,0,0,0.259617586451417,0.924175645055453,0.00277079039354957,0.00168541498224466,0
30,1.39285435078301,0.0494851612849084,0.222334435242559,0.999999999999999,0.947391539939812,0.0337297397864391,0.251855580614986,0.996521733664953,0.999999999999999,0.955927959751331,0.0406666666666666,0.994189492449067,0.999999999999999,0.952432927396002,0,0,0,0.251052583444286,0.927183506444516,0.00229667827158852,0.00164000205795803,0
31,1.39376900510422,0.0515043141679504,0.222219297743823,0.999999999999999,0.947141133896725,0.0339234292369063,0.257627186888511,0.996664625889556,0.999999999999999,0.956849795061971,0.0398666666666666,0.994296906341222,0.999999999999999,0.95355927998339,0,0,0,0.247493925628243,0.927365186176025,0.00161786235027727,0.00178711576909785,0
32,1.39353310493506,0.0501547774094412,0.220111313480954,0.999999999999999,0.947058092809864,0.0332541324075612,0.265483067022026,0.996711316078377,0.999999999999999,0.960385931470374,0.0362666666666666,0.994336553803277,0.999999999999999,0.956923780407533,0,0,0,0.243248655041487,0.929580577925779,0.00250872694144506,0.0017179676914166,0
33,1.39454215192101,0.0499580877920441,0.215498392113088,0.999999999999999,0.949726254247291,0.033524598933194,0.272607432106746,0.996751099667411,0.999999999999999,0.959074633210966,0.0374,0.993983452572598,0.999999999999999,0.957325721143543,0,0,0,0.239303674240175,0.932177250742643,0.00282718370485962,0.00158013622287012,0
34,1.39628121220009,0.0496051071236821,0.214910636611807,0.999999999999999,0.951263815742,0.0343810948049894,0.2741613971522,0.996626164007019,0.999999999999999,0.958231467139964,0.0377999999999999,0.994772312128374,0.999999999999999,0.956151158492896,0,0,0,0.23895629425221,0.933170179706099,0.00216014873873727,0.00234920916635882,0
35,1.39601723067703,0.0493156978263731,0.216060897455309,0.999999999999999,0.950374905749717,0.0342783862146634,0.279160557487326,0.996653324574848,0.999999999999999,0.959622784235896,0.0354,0.994780982008522,0.999999999999999,0.958550088270001,0,0,0,0.239649069562154,0.934395349625616,0.0026235621785005,0.0020944423320924,0
36,1.39675589109971,0.0488821048062409,0.221035526893317,0.999999999999998,0.950846098888593,0.0348122532799089,0.281683270231012,0.9968484273292,0.999999999999998,0.958572819328282,0.0365333333333333,0.99434312598136,0.999999999999998,0.957742751828801,0,0,0,0.243878898434927,0.933454727795051,0.00299469216482145,0.00188336978429448,0
37,1.39830813718162,0.0512804214279795,0.219993590988044,1,0.953244055043114,0.0369505390922847,0.282301341396231,0.996556668472757,1,0.958865526661663,0.0366666666666666,0.994580845061383,1,0.958135921466666,0,0,0,0.244540771372416,0.935357302577658,0.00271810034244717,0.00273911221102623,0
38,1.3981941297378,0.05176982775887,0.220445461480275,0.999999999999999,0.952867587620087,0.036127803833046,0.284142887143324,0.996595015175579,0.999999999999999,0.957897030187324,0.0373333333333333,0.993933333333333,0.999999999999999,0.958217732501057,0,0,0,0.244963355572968,0.935470962522441,0.00241497829886072,0.00138687642668866,0
39,1.39963161574025,0.0484679487482859,0.214321843903225,0.999999999999998,0.95090516931337,0.032179565158499,0.291185780627854,0.996675091577403,0.999999999999998,0.95796119268221,0.0378666666666666,0.993922382746411,0.999999999999998,0.95726484731378,0,0,0,0.23917389861053,0.934891981096686,0.0027203285793063,0.00135118428314181,0
40,1.40154791338367,0.0519729350337519,0.215698115889617,0.999999999999999,0.949279987190445,0.0353292737246594,0.293530237030092,0.996815961242399,0.999999999999999,0.955780420114503,0.0398666666666667,0.993861799169639,0.999999999999999,0.954888842254412,0,0,0,0.24239357898511,0.933041655981373,0.00250230891302171,0.00171514664941495,0
41,1.40265115901172,0.0516003188525446,0.211519580794612,0.999999999999998,0.949230374899169,0.0344034822725607,0.293032366037436,0.996712942722494,0.999999999999998,0.958955435444835,0.0375333333333333,0.993885910251608,0.999999999999998,0.957005239929353,0,0,0,0.236712746953574,0.934593260546614,0.00232512565248825,0.00177185527882531,0
42,1.40342720434258,0.0474756954415463,0.213492484624573,0.999999999999998,0.951207438216011,0.03130235843989,0.293533400597087,0.996891522237341,0.999999999999998,0.958635494687794,0.0381333333333333,0.992992738271206,0.999999999999998,0.956683047922671,0,0,0,0.240792010853759,0.934914279243076,0.00208339841573941,0.00146757739730158,0
43,1.40429146431286,0.0474532986115232,0.214007428803421,0.999999999999998,0.950976048583852,0.032017953061711,0.296988955158849,0.996642180083082,0.999999999999998,0.959600438902207,0.037470490646597,0.993228272322255,0.999999999999998,0.958266666666666,0,0,0,0.240838870982372,0.936122165963497,0.00270827942573682,0.00196655398228107,0
44,1.40533306302197,0.0475007867816261,0.216379245232059,0.999999999999998,0.950473176665029,0.0333333333333333,0.300519768105152,0.996587095471063,0.999999999999998,0.961197844887796,0.0363684699999461,0.994746791760761,0.999999999999998,0.95958189442669,0,0,0,0.242500384370882,0.937801161963324,0.00186314545038359,0.00141633696195096,0
45,1.4059609777636,0.0491870212296531,0.214658723004807,0.999999999999999,0.953909040945794,0.0339782714004552,0.301012417514768,0.99658644236515,0.999999999999999,0.963577314920394,0.0341333333333333,0.995182142257393,0.999999999999999,0.962366048092277,0,0,0,0.238603382303564,0.940911430210392,0.00232202553240088,0.00189850671326303,0
46,1.40655642869665,0.048391965376337,0.213444515613793,0.999999999999999,0.954769347699244,0.0339421876701079,0.303616948357376,0.996889175770199,0.999999999999999,0.962933333333333,0.0345954778858687,0.995885176008472,0.999999999999999,0.96197723577416,0,0,0,0.237056292655564,0.942272379166891,0.0024066942392818,0.00201789216470341,0
47,1.40710330075414,0.0498212277282445,0.215600259288642,0.999999999999999,0.955428215182903,0.0368623015326694,0.30237734705862,0.996717126152348,0.999999999999999,0.965666666666667,0.0316,0.996747835903218,0.999999999999999,0.965464313100767,0,0,0,0.2364919909527,0.943782295618548,0.00157557461706295,0.00154123842952308,0
48,1.40715161531696,0.0497961174437805,0.214958204520768,1,0.954250796749248,0.0368503926244405,0.306606955007184,0.996659190897091,1,0.965647329822314,0.0314,0.996265286530478,1,0.966064307549472,0,0,0,0.236043175868622,0.944020383179337,0.00276427294275723,0.00179149547265716,0
49,1.40852046070536,0.0484452384515867,0.213276453102572,0.999999999999999,0.957470527991575,0.0357718610848024,0.315120486874342,0.996602823660664,0.999999999999999,0.967527763838219,0.0297333333333333,0.996061527211899,0.999999999999999,0.968066666666667,0,0,0,0.232316777085988,0.947335134220123,0.00195700774172676,0.00208210759167038,0
50,1.40834425500708,0.0477585089975441,0.211903291899612,0.999999999999999,0.957063759088158,0.0358128236351338,0.31489206371131,0.996583001930841,0.999999999999999,0.969997832649293,0.0273333333333333,0.996486845347627,0.999999999999999,0.970733333333333,0,0,0,0.229402108168241,0.948064554003058,0.00238584303894719,0.00201770605057906,0
51,1.4088627186197,0.0488145673420259,0.212720389934719,0.999999999999999,0.957238844224615,0.0373778677709342,0.308778218197135,0.996636116116748,0.999999999999999,0.970443520949407,0.027,0.996333333333332,0.999999999999999,0.971660609515895,0,0,0,0.229889627782265,0.947589305722071,0.00235648171676751,0.00124222072509901,0
52,1.41043255938967,0.0480766438713885,0.205577408501148,1,0.958361287425746,0.0368358659857693,0.309233650113628,0.99658843131887,1,0.96875130772688,0.0282666666666666,0.996202824470796,1,0.970567615559656,0,0,0,0.224004998159607,0.948215308846348,0.0022931354969834,0.00168093977760856,0
53,1.411296020165,0.0483244227489114,0.204248719469265,0.999999999999998,0.959015553619377,0.0367390907468386,0.306586890116662,0.996565414885529,0.999999999999998,0.968999999999998,0.0279333333333333,0.995999999999998,0.999999999999998,0.971133333333332,0,0,0,0.221619003080561,0.949707206507793,0.00215434175650115,0.00183194905789388,0
54,1.41175101169747,0.0476412975207943,0.202136401245114,1,0.961363648846533,0.0358349112793339,0.313054688204272,0.996809642925406,1,0.969533333333333,0.0277333333333333,0.99671143175202,1,0.971275071973746,0,0,0,0.218571855189379,0.952974695841119,0.00283341462868188,0.0024842778835552,0
55,1.41224390585062,0.0467084418484585,0.200677856303043,1,0.962661450163026,0.0330553011599754,0.308531003284124,0.996528542763108,1,0.9698,0.0279333333333333,0.996006441719273,1,0.971233138965168,0,0,0,0.216039593627057,0.955207441723469,0.00213192859230305,0.0021020580955683,0
56,1.4122860902776,0.0431332763641321,0.198813854595847,0.999999999999999,0.964399025603699,0.0318010626203052,0.309972989951134,0.996653868590972,0.999999999999999,0.969939456629693,0.0278,0.99670654211035,0.999999999999999,0.971533333333333,0,0,0,0.213774040080401,0.957311534106749,0.00224891247160529,0.00258959228964311,0
57,1.41180495290935,0.0442977715496903,0.205104234732366,0.999999999999999,0.962391006227451,0.0325333333333333,0.309041134731155,0.996720296627078,0.999999999999999,0.968242379546005,0.0292,0.996462899598571,0.999999999999999,0.970333333333333,0,0,0,0.220875299378241,0.955399999999999,0.0029471453083974,0.00191454259700655,0
58,1.41326278653167,0.0425408551157155,0.201555082609714,0.999999999999998,0.963188324613699,0.0315940533057477,0.307512136406033,0.996705988027799,0.999999999999998,0.970634451010665,0.027,0.996787372946635,0.999999999999998,0.972316214420238,0,0,0,0.215237909888651,0.956508637047924,0.00223416713774669,0.00173666333440134,0
59,1.4139658901431,0.0410236578371366,0.199778342687686,0.999999999999999,0.965317051699413,0.0327737814672085,0.314399057046622,0.996745381278541,0.999999999999999,0.974599999999999,0.023,0.998113320778376,0.999999999999999,0.976029633465096,0,0,0,0.212674907119605,0.958751491434647,0.00269820822078671,0.00222388261821986,0
60,1.41463657036595,0.0381505251556754,0.200672267039688,0.999999999999999,0.968047398954074,0.0307434206625555,0.316110352549358,0.996607579616926,0.999999999999999,0.975448583051674,0.0223333333333333,0.997899159741274,0.999999999999999,0.976866666666667,0,0,0,0.213489334930919,0.962409907792591,0.00232985057383147,0.0019164153080756,0
61,1.41522143101236,0.035993428798902,0.20191432919117,1,0.968043390888861,0.0299249144957892,0.315621886023989,0.99671449489548,1,0.974533333333334,0.0238,0.998139691403077,1,0.975466666666667,0,0,0,0.215690281354308,0.962040989550494,0.0023167628002434,0.00171128712034311,0
62,1.41607831317052,0.0335135517396103,0.195469882061562,1,0.968019498039442,0.0283427372347293,0.322690663020147,0.996883874708375,1,0.974533333333333,0.0244,0.997968895420504,1,0.975081389970573,0,0,0,0.209542732088111,0.962013211249607,0.00257638266196397,0.00216977754564711,0
63,1.41655969263688,0.0335551659144439,0.19308343325859,0.999999999999999,0.971014799404869,0.0278574395137857,0.324326046936871,0.996608463841621,0.999999999999999,0.974054029523784,0.0245333333333333,0.998993403723403,0.999999999999999,0.974866666666666,0,0,0,0.208189140989146,0.964403652430542,0.00247283747746936,0.00200880938894486,0
64,1.41721701612333,0.0315046317013336,0.192910298639837,1,0.970355232609034,0.0268617263326077,0.324280189763208,0.996731582206941,1,0.975028415499159,0.0239333333333333,0.9984,1,0.975533333333333,0,0,0,0.207175198683998,0.963591388536839,0.00196565720387997,0.00180928047165712,0
65,1.41743863588916,0.0312811508709311,0.18464379747072,1,0.971907319963976,0.0268260254923551,0.326591405046086,0.996743394710868,1,0.976933333333333,0.0220666666666667,0.998533333333334,1,0.977333333333333,0,0,0,0.198454227337109,0.964978560889317,0.00205103053824128,0.00181216164143807,0
66,1.4177772178924,0.0300666666666667,0.182570350181687,1,0.971983704385562,0.025588238354213,0.329950992469336,0.996590007290972,1,0.975515476700852,0.0238,0.998799999999999,1,0.9758,0,0,0,0.197611898703812,0.965495202566405,0.00223646390930571,0.00226104821020773,0
67,1.41774236283067,0.0294,0.177565674127259,0.999999999999999,0.972422527129492,0.0256027758160177,0.328393215465578,0.996431864170407,0.999999999999999,0.974056579571276,0.0252666666666667,0.998866666666666,0.999999999999999,0.9744,0,0,0,0.192951810519704,0.965833821260486,0.00214688323365217,0.00144901961492069,0
68,1.41873175364642,0.0312701712030041,0.180157018310861,0.999999999999999,0.973556835661842,0.0273870190292271,0.332362151378154,0.996729731993923,0.999999999999999,0.974599999999999,0.0247333333333333,0.999385139617553,0.999999999999999,0.974999999999999,0,0,0,0.195035048880508,0.966391678161492,0.00207825200581999,0.00168149365157198,0
69,1.41929464732211,0.0319101719184369,0.17869195112309,1,0.975658347237468,0.0281333333333333,0.337094133866648,0.996625513097955,1,0.975392750458874,0.0234666666666667,0.999429183822037,1,0.976,0,0,0,0.193164550182544,0.969098514209431,0.00266869519420895,0.00182552542584313,0
70,1.42049135366114,0.0318635390780534,0.172847754450941,0.999999999999999,0.976669716940613,0.0283333333333333,0.339596382211862,0.996716069981623,0.999999999999999,0.978029799547509,0.0214,0.999599999999999,0.999999999999999,0.978333333333333,0,0,0,0.18659384428804,0.970358144820296,0.00317206712244193,0.00155950411726699,0
71,1.42278198546722,0.0322900075782978,0.167763194771893,0.999999999999999,0.975752908792339,0.0284666666666667,0.342305757909174,0.99671268109946,0.999999999999999,0.977999999999999,0.0214402613541493,0.999599999999999,0.999999999999999,0.978207228901073,0,0,0,0.182112030305086,0.970331232155332,0.00236637867793471,0.00201165426875941,0
72,1.4232866809664,0.0342666666666667,0.166423656640863,0.999999999999999,0.978355374027611,0.0299333333333333,0.349895609127246,0.996662358350323,0.999999999999999,0.978466666666666,0.0209333333333333,0.999599999999999,0.999999999999999,0.978866666666666,0,0,0,0.180315576965405,0.972142037504989,0.00232455260021762,0.00179846637647898,0
73,1.42403545248169,0.0328262228627459,0.163423372597064,0.999999999999999,0.977952194350733,0.0289333333333333,0.352484453165421,0.996597240611756,0.999999999999999,0.979333333333333,0.0198666666666667,0.999588501091266,0.999999999999999,0.979733333333333,0,0,0,0.17782815990985,0.971541373943233,0.00211757910154308,0.00174460049916566,0
74,1.42456658723449,0.0325000538987305,0.159810726735012,0.999999999999999,0.978559386233467,0.030086461428949,0.35262737321182,0.996662399516031,0.999999999999999,0.979552001015368,0.0197333333333333,0.999533333333332,0.999999999999999,0.979949870310008,0,0,0,0.175038423486434,0.971866517459452,0.00282194526900036,0.00143187964280133,0
75,1.42654682827963,0.0334675617891574,0.162961971733477,0.999999999999999,0.979038213249153,0.0310003225067489,0.357498143480614,0.996525023114398,0.999999999999999,0.981051504744416,0.0180666666666667,0.999599999999999,0.999999999999999,0.981641069670285,0,0,0,0.175986388218,0.972515284401342,0.00238527261050892,0.00212546884882442,0
76,1.42691745051184,0.0347854161545713,0.162713425453684,0.999999999999999,0.979366686413683,0.0323921084393676,0.363524759984814,0.996654255044212,0.999999999999999,0.981266666666666,0.0182,0.999399999999999,0.999999999999999,0.981799999999999,0,0,0,0.176262778208417,0.971291120060527,0.00215786132312194,0.00165658720471767,0
77,1.42763272729888,0.0340621709618871,0.163012194075519,0.999999999999998,0.979611970082267,0.0323686355494501,0.362472656704767,0.996818799491304,0.999999999999998,0.981333333333332,0.0178666666666666,0.999451256499403,0.999999999999998,0.982133333333332,0,0,0,0.17672754132445,0.971657930870245,0.00215566897210571,0.00194671373075364,0
78,1.42793103863997,0.038264463420289,0.167324602435713,0.999999999999999,0.980128202364088,0.0359405745030193,0.365899128804512,0.996687552433749,0.999999999999999,0.982533333333333,0.0164,0.999666666666666,0.999999999999999,0.983599999999999,0,0,0,0.1792709426089,0.973725485356264,0.00217363125764783,0.00235410265739641,0
79,1.42767333792668,0.0383492749421462,0.163979792723888,1,0.98020403464355,0.0347265887691523,0.366522595224063,0.996683672824406,1,0.9814,0.0172,0.999466666666666,1,0.9828,0,0,0,0.176468854356234,0.972702854377548,0.00195825877769545,0.00216969214406093,0
80,1.42737148014677,0.0392618027114015,0.164148085969424,0.999999999999999,0.980401725259135,0.0355989664939267,0.365727902544791,0.996778208827576,0.999999999999999,0.9818,0.0166,0.999194191186136,0.999999999999999,0.9834,0,0,0,0.176297283071849,0.973023602858387,0.00251903302968954,0.00157716954655242,0
81,1.42871586922079,0.039225969789704,0.166828128654468,1,0.97951057046387,0.0360058069437142,0.359192947718804,0.996746905718742,1,0.982133333333333,0.0160666666666667,0.999420128799617,1,0.983933333333333,0,0,0,0.178630916810883,0.973243193344449,0.00267071848605283,0.00146712162834121,0
82,1.43043546715155,0.0359305697289367,0.16411031071605,0.999999999999999,0.978704360503085,0.0351824466159321,0.366446285936445,0.996819057990453,0.999999999999999,0.981266666666666,0.0166666666666667,0.999089883456842,0.999999999999999,0.983333333333333,0,0,0,0.175779663293767,0.972340441316726,0.00231828703759873,0.00170921745495752,0
83,1.43130670188452,0.0350434733491254,0.163237348270434,1,0.978732632306612,0.0340407736845355,0.369764046085811,0.996923633503706,1,0.979990664208722,0.0176666666666667,0.999106694151624,1,0.982333333333334,0,0,0,0.175446498467357,0.97290070046508,0.00282313839250242,0.00162604218131054,0
84,1.43292469326761,0.0353238550109577,0.165471398672934,1,0.977933333333333,0.0345989523558073,0.370788371127918,0.996934434588996,1,0.979,0.0187333333333333,0.998996512274964,1,0.981266666666667,0,0,0,0.178540550841515,0.972548624912843,0.00340764299948084,0.00127253682578331,0
85,1.43598413962664,0.0361333333333333,0.167281157801918,1,0.979797956476567,0.0339695887633522,0.374045857998055,0.996851882168264,1,0.979150362722205,0.0186,0.999387068507759,1,0.981333333333334,0,0,0,0.179651086414821,0.975165564958025,0.00243451067676453,0.001627832410715,0
86,1.43714251682247,0.036117954339232,0.172174132294746,0.999999999999999,0.98081919323774,0.0340181411413034,0.377304054868195,0.996594797734426,0.999999999999999,0.979161758737015,0.0189333333333333,0.999466666666666,0.999999999999999,0.981066666666666,0,0,0,0.184978641797507,0.976469552787484,0.00219705398655404,0.00272664945725798,0
87,1.43638141265481,0.0353787250170733,0.169615420715196,0.999999999999999,0.981891214460537,0.0329010034149615,0.376401266287037,0.996857489530262,0.999999999999999,0.978799999999999,0.0194666666666666,0.999238277110273,0.999999999999999,0.980533333333332,0,0,0,0.183222189249524,0.976106388224344,0.00219877701880516,0.00213976237435673,0
88,1.43641823534911,0.0335251234271803,0.16827328678077,0.999999999999999,0.979947771504317,0.0316249944090129,0.385803216815123,0.996715941504209,0.999999999999999,0.978333333333333,0.0199333333333333,0.999445364746628,0.999999999999999,0.980066666666666,0,0,0,0.181775462832312,0.975625271491574,0.0017641849109654,0.00189796495058801,0
89,1.43622607126067,0.033315688217022,0.169357252060553,1,0.98001100037788,0.0317294713226835,0.385166267216368,0.996851544121742,1,0.979477816005455,0.0188666666666667,0.999599999999999,1,0.981133333333333,0,0,0,0.181032196327164,0.976097828418411,0.00232226746185079,0.0019544006754862,0
90,1.43675441112999,0.0333062824965556,0.163194326072016,1,0.981346791663764,0.0315773675968783,0.393461397469474,0.996722368435269,1,0.980266666666666,0.0186666666666667,0.999856835297214,1,0.981333333333333,0,0,0,0.175754958021318,0.977574638170133,0.00249058163324145,0.00123275691978155,0
91,1.43856159633548,0.0314666666666667,0.16382747719092,0.999999999999999,0.981124118888494,0.0305950120895179,0.39644089710345,0.996661102070951,0.999999999999999,0.980666666666666,0.0186,0.9996,0.999999999999999,0.9814,0,0,0,0.176741944231266,0.977430507543453,0.00246488247686753,0.00184910669862342,0
92,1.43944742772202,0.0313624899713524,0.160381782999977,0.999999999999999,0.981857906551917,0.0301333333333333,0.392660323837468,0.996707781231391,0.999999999999999,0.980866666666665,0.0184,0.999333333333332,0.999999999999999,0.981599999999999,0,0,0,0.173643180777397,0.978929502664227,0.00261855608456925,0.00195834505418991,0
93,1.44039776679145,0.0288695877755242,0.159400636092839,0.999999999999999,0.981745870095088,0.0287834072967072,0.394725502872636,0.996637372144555,0.999999999999999,0.981733333333333,0.0178666666666667,0.999533333333332,0.999999999999999,0.982133333333333,0,0,0,0.172430041801093,0.978733333333333,0.00208109625927947,0.00156940886145384,0
94,1.44113480017657,0.0309867310529786,0.163371368349741,1,0.9824,0.030772500028504,0.393596493322507,0.996708436918036,1,0.98113378330647,0.0184,0.999666666666666,1,0.981533333333333,0,0,0,0.17702561235198,0.979605879645289,0.00228411528282072,0.00165817500568321,0
95,1.44203686449279,0.0312094493533519,0.164774455160397,1,0.980466666666666,0.0317783781667762,0.40291242510358,0.996768637052077,1,0.981333333333334,0.0184666666666667,0.999452866596937,1,0.981466666666667,0,0,0,0.178458276643681,0.977866666666667,0.00223842624609499,0.00227750092039761,0
96,1.44198051737197,0.0318672612629216,0.164830442533993,1,0.980731717007572,0.03271937179228,0.400054597848419,0.996430415070588,1,0.9816,0.0181333333333333,0.999397343524361,1,0.981733333333333,0,0,0,0.178696726091455,0.978466666666666,0.00177225607659111,0.0024004281210498,0
97,1.44107470552231,0.0312821310145442,0.161362574069578,0.999999999999999,0.981791284174298,0.0320526088193106,0.397987800187269,0.996775164125198,0.999999999999999,0.983866666666666,0.0161333333333333,0.999599999999999,0.999999999999999,0.983866666666666,0,0,0,0.17489096842418,0.979497370484221,0.00226134093341584,0.00247826176662834,0
98,1.44076210639646,0.031335509596431,0.162903627512058,0.999999999999999,0.98211704340412,0.0323474835485633,0.398607002420368,0.996820505237128,0.999999999999999,0.983466666666665,0.0165333333333333,0.999615555814906,0.999999999999999,0.983466666666665,0,0,0,0.176598431991557,0.979795361937658,0.00264915679583041,0.00190489764361104,0
99,1.44183440678032,0.0300666666666667,0.158861093625485,0.999999999999999,0.984467101406169,0.0311333333333333,0.406102038061295,0.996522991258868,0.999999999999999,0.982466666666667,0.0175333333333333,0.999830718314231,0.999999999999999,0.982466666666667,0,0,0,0.173559678120556,0.982755002440801,0.00230578615341135,0.00211131965967006,0
100,1.44201867296817,0.029618687362879,0.160097800551494,1,0.984657264273372,0.0310288039968473,0.404662576231743,0.996699396669362,1,0.984266666666667,0.0157333333333333,0.9998,1,0.984266666666667,0,0,0,0.173032161372261,0.9824,0.00297394818046943,0.00229612253658272,0
101,1.44299611020368,0.0308548780996984,0.161540463757812,1,0.984633618545649,0.0324601973494997,0.405189945182123,0.996831317926725,1,0.9822,0.0178,0.9996,1,0.9822,0,0,0,0.176365696102317,0.9822278366831,0.00262021900767,0.00203200655891367,0
102,1.4438448984792,0.0324955068831791,0.164200496636708,1,0.983817682233356,0.0340523171898031,0.407085796906753,0.996707157585984,1,0.984533333333333,0.0154666666666667,0.999933333333333,1,0.984533333333333,0,0,0,0.177851112431778,0.981328939653526,0.00253599208732556,0.00180921932006846,0
103,1.44489424563156,0.0312,0.160556221396487,1,0.984057720603723,0.0322476264211044,0.407517433821593,0.996603214312032,1,0.9844,0.0156,1,1,0.9844,0,0,0,0.174490145870848,0.981427099783844,0.00229785226888735,0.00220850014541245,0
104,1.44492702371756,0.031474906069736,0.162764436760496,1,0.984165099497299,0.0330182199886284,0.40278128297126,0.996792610414122,1,0.983,0.017,1,1,0.983,0,0,0,0.177866762237429,0.98101458220191,0.00256746013294444,0.00201650244895738,0
105,1.44572311736408,0.0299306149513044,0.162424707020778,0.999999999999999,0.98430747862772,0.0309766782045874,0.403567059606157,0.996834691655012,0.999999999999999,0.983133333333333,0.0168666666666667,0.999967760846651,0.999999999999999,0.983133333333333,0,0,0,0.17785383128792,0.981249158799331,0.00229967542237288,0.00204705808167791,0
106,1.44608833209337,0.0294211110802833,0.159456331054407,0.999999999999999,0.984087472589408,0.0305675546903566,0.403514251496063,0.996416960525519,0.999999999999999,0.9834,0.0165333333333333,0.999895397677762,0.999999999999999,0.983466666666666,0,0,0,0.175217876134174,0.981054656294584,0.00197286941489047,0.00232205367334538,0
107,1.44558338081147,0.0288089964302677,0.156806093676851,1,0.983933333333333,0.0303969312147075,0.401386641352036,0.996513023289287,1,0.983733333333333,0.0160666666666667,0.9998,1,0.983866666666667,0,0,0,0.172031051028711,0.980418655756735,0.00270865263349676,0.00240016893165924,0
108,1.44602931972409,0.0293333333333333,0.162546829215556,0.999999999999999,0.984549612666124,0.0305002795156524,0.402639382733012,0.996882872590728,0.999999999999999,0.983466666666666,0.0164,0.999999999999999,0.999999999999999,0.983466666666666,0,0,0,0.178815353898729,0.981699109986127,0.00261066060035862,0.00161486420005104,0
109,1.44746927051541,0.0300780327818518,0.169600087166833,1,0.985266666666667,0.0307961850093031,0.407561447645439,0.996683549697938,1,0.9836,0.0162666666666667,1,1,0.9836,0,0,0,0.185135180615351,0.982474711337589,0.00229113985887955,0.00200391881749272,0
110,1.44788501414667,0.0300334647964374,0.169890574528673,0.999999999999999,0.985799999999999,0.0290579462346177,0.408730614063472,0.996673841122893,0.999999999999999,0.9842,0.0158,0.999920095867103,0.999999999999999,0.9842,0,0,0,0.183968403339879,0.982806355647637,0.00306048197627772,0.00233020190627118,0
111,1.44894237571616,0.0315090581363089,0.170019979182199,0.999999999999999,0.985524699582021,0.0303309535313623,0.408417523044456,0.996693105378538,0.999999999999999,0.9824,0.0176,0.999786352334669,0.999999999999999,0.9824,0,0,0,0.185686486781641,0.98187141411775,0.00290485325880224,0.00222020917398738,0
112,1.44993438554293,0.0291131095716923,0.168281539038391,0.999999999999999,0.986666666666666,0.0285972806168776,0.408723058432582,0.996575085579205,0.999999999999999,0.983733333333333,0.0162666666666667,0.999855403444935,0.999999999999999,0.983733333333333,0,0,0,0.182755910701694,0.983572313230804,0.00242678820361435,0.00131715513725021,0
113,1.45154328068119,0.0282666666666667,0.167034825676251,1,0.985541275390709,0.0280176764970596,0.412635415300177,0.996705559782867,1,0.984,0.016,0.999933333333333,1,0.984,0,0,0,0.180730598458767,0.982651016882841,0.0023394252410036,0.00217615680705198,0
114,1.45178027187943,0.0263697245705605,0.165700645983561,0.999999999999999,0.985712789717514,0.0277592066695948,0.416951084244001,0.996660446482896,0.999999999999999,0.984266666666666,0.0157333333333333,0.999999999999999,0.999999999999999,0.984266666666666,0,0,0,0.179376514970518,0.983066666666666,0.00262512505291168,0.00158099076340803,0
115,1.45329612544213,0.0253702182243905,0.167436753125991,1,0.987466666666667,0.0254893438262647,0.421071846001575,0.99653259528682,1,0.9838,0.0162,1,1,0.9838,0,0,0,0.181272026229578,0.9847199335482,0.00215098591151959,0.00185534870818896,0
116,1.45372577384427,0.02790650701692,0.173625615438578,1,0.988722946382941,0.0265165598598805,0.421142836012443,0.996716294291372,1,0.983133333333333,0.0168666666666667,1,1,0.983133333333333,0,0,0,0.18716081461818,0.9862,0.00264121021213067,0.00181592122811744,0
117,1.4549255177112,0.0267646309365545,0.174717511120396,1,0.988098356395346,0.0258670725321868,0.41798552406884,0.996715781807679,1,0.982866666666667,0.0171333333333333,1,1,0.982866666666667,0,0,0,0.188405940863811,0.98589522656944,0.00235261053664063,0.00200805208578546,0
118,1.45542682459369,0.0247368735094483,0.166693374800736,0.999999999999999,0.98847132738281,0.0246220851799903,0.416569145687861,0.996828961642576,0.999999999999999,0.982111863919819,0.0178666666666667,0.999971237007019,0.999999999999999,0.982066666666666,0,0,0,0.182274665270568,0.985866666666666,0.00262762536768512,0.00153246455389038,0
119,1.45702075101933,0.0240119658837477,0.163372333945495,1,0.98864079822104,0.0240666666666667,0.418225299340542,0.99660633155244,1,0.983133333333334,0.0168666666666667,0.999933333333334,1,0.983133333333334,0,0,0,0.178188319817937,0.986333333333334,0.00291974333410799,0.00180699187608608,0
120,1.45864205298439,0.0234,0.162406158102545,1,0.988209144057858,0.0239457793326733,0.418525276268358,0.996699509053593,1,0.9832,0.0168,0.999933333333333,1,0.9832,0,0,0,0.177994998081308,0.986020611702635,0.0027833372855017,0.00208270263475177,0
121,1.45966402814976,0.0228673658881501,0.166040043390858,1,0.989666666666666,0.0228108046072627,0.422369079968549,0.996536306225045,1,0.984066666666666,0.0159333333333333,0.999866666666667,1,0.984066666666666,0,0,0,0.180277411922657,0.987637490583797,0.0026528915591849,0.00189112750401788,0
122,1.46071915050107,0.0208058264425087,0.162091118845303,0.999999999999999,0.989709277456258,0.021274425850112,0.422868170588842,0.996598908029921,0.999999999999999,0.986066666666666,0.0139333333333333,0.999799999999999,0.999999999999999,0.986066666666666,0,0,0,0.174957282565397,0.987133333333333,0.00277909812756261,0.00232551954820109,0
123,1.4613817014182,0.0185541575228735,0.155479288675432,1,0.989383683242583,0.0185030607091843,0.425843948644537,0.996888673870849,1,0.986266666666667,0.0137333333333333,0.999533333333333,1,0.986266666666667,0,0,0,0.168590341920905,0.986701436021523,0.0020071248572563,0.00137097214750465,0
124,1.46223008906291,0.0178370540830586,0.159550029953278,1,0.988466666666666,0.0183382805579407,0.417137578776837,0.996577653350395,1,0.985133333333333,0.0148666666666667,0.999364129738246,1,0.985133333333333,0,0,0,0.173808042767863,0.985254465532551,0.0024574661845229,0.00194256537805206,0
125,1.46292703593167,0.0179918910137491,0.159317763570785,0.999999999999999,0.988524275052424,0.0173740740393444,0.415292417280252,0.996756714700526,0.999999999999999,0.983533333333333,0.0164666666666667,0.999273730105455,0.999999999999999,0.983533333333333,0,0,0,0.174745688825815,0.984832556772504,0.00205809182445332,0.00150767608874752,0
126,1.46373225399243,0.0188666666666667,0.159949325093836,1,0.986933333333333,0.018992638999653,0.406202876577988,0.996577335653885,1,0.9808,0.0192,0.999106665673857,1,0.9808,0,0,0,0.178116177167295,0.983292649626499,0.00238698428293351,0.00186954939984373,0
127,1.46448964012015,0.0183719532220985,0.15730050688013,1,0.988640950887577,0.0189333333333333,0.40557890015127,0.996704620862803,1,0.981,0.019,0.9992,1,0.981,0,0,0,0.174403496805663,0.985170226739823,0.00209305808723014,0.0014024215392269,0
128,1.46550107018979,0.0182589596684649,0.158914542428259,0.999999999999999,0.988333333333333,0.0193390436502783,0.408825360592522,0.996610986257154,0.999999999999999,0.9808,0.0192,0.999466666666666,0.999999999999999,0.9808,0,0,0,0.176360255648948,0.985901735031334,0.00247383864716971,0.00204704168731495,0
129,1.46612654159121,0.0157453597654035,0.158966302105522,0.999999999999999,0.988330910464876,0.0184666666666667,0.417471858625841,0.996868519979132,0.999999999999999,0.979599999999999,0.0204,0.999292848480335,0.999999999999999,0.979486264074519,0,0,0,0.177256714330304,0.985850650310766,0.0023128111194372,0.00194413088395931,0
130,1.46666707346981,0.0154452857013561,0.156660678598967,1,0.987445386041648,0.0185333333333333,0.422161953100236,0.996737314484361,1,0.980023396388095,0.0199333333333333,0.99876460231504,1,0.9798,0,0,0,0.174471850114998,0.984531413330876,0.00257412572669113,0.00227917329514003,0
131,1.4670996704894,0.0147333333333333,0.155984925875068,1,0.987333333333333,0.0177365487865536,0.418957455363191,0.996627013728713,1,0.979042711250695,0.0208,0.998330693495017,1,0.9788,0,0,0,0.175070590198547,0.984150288377963,0.00226667261850201,0.00254344089802621,0
132,1.46669362383771,0.0146,0.147965843360237,1,0.985512013215854,0.0182205174769604,0.41587476752291,0.99669566641449,1,0.976732461624267,0.0228,0.998747402555082,1,0.9766,0,0,0,0.169743096725088,0.982533333333333,0.00152638565218186,0.00262414219355628,0
133,1.46508355131795,0.0142963722948029,0.147584251464222,1,0.98644689282664,0.017741820460423,0.412771990722638,0.996405248116434,1,0.975866666666666,0.0237333333333333,0.998533333333333,1,0.975866666666666,0,0,0,0.169619968992873,0.983807810056773,0.00234311398579266,0.00205165590702973,0
134,1.46551056175504,0.0146711555762942,0.149092298517276,1,0.986709479152429,0.0175957754052468,0.407440028166551,0.996612532130762,1,0.974666666666666,0.025,0.998183147147811,1,0.974666666666666,0,0,0,0.171858703874554,0.9844,0.00271763333591021,0.00180335918696671,0
135,1.46685044017666,0.0140754340342155,0.150724328839792,0.999999999999999,0.987499044670251,0.0167081320981458,0.406509069017267,0.996596807835499,0.999999999999999,0.971512699922052,0.0281333333333333,0.997945397290119,0.999999999999999,0.971413982424675,0,0,0,0.175635299626035,0.985399999999999,0.00196350931950891,0.00190937669312937,0
136,1.46692984464349,0.0140361001101903,0.14910882192867,1,0.987466666666667,0.0165528485219064,0.40703446445987,0.996580024346556,1,0.972666666666667,0.0272666666666666,0.997929180172503,1,0.9726,0,0,0,0.173243611654573,0.9852,0.0029466110252811,0.00173338970068585,0
137,1.46870955521269,0.0141289716711157,0.145844778154615,1,0.987666666666666,0.0172666666666667,0.400012434516597,0.99660678891792,1,0.9752,0.0246666666666667,0.997873009605922,1,0.975133333333333,0,0,0,0.1669855297812,0.985266666666666,0.0030531891034501,0.00199988948494043,0
138,1.4702565464269,0.0133333333333333,0.145033884006271,0.999999999999999,0.988792332321162,0.0160825977274774,0.393345501355072,0.996674555960927,0.999999999999999,0.976619650028298,0.023,0.997999999999999,0.999999999999999,0.976666666666666,0,0,0,0.165442484841084,0.986217556997219,0.00243386612834818,0.00253422798029299,0
139,1.47010898875707,0.0127333333333333,0.148081521974247,1,0.989066666666666,0.0156666666666667,0.399805674850812,0.996696462194048,1,0.975133333333333,0.0245333333333333,0.998333333333333,1,0.975133333333333,0,0,0,0.168485742207772,0.9865262135036,0.00220642568374113,0.00173929477584662,0
140,1.47079572210369,0.0137881630850819,0.14904388716887,0.999999999999999,0.988266593273175,0.0169887701684513,0.396142956876879,0.996725839834977,0.999999999999999,0.973199999999999,0.0266541783103764,0.998045185432386,0.999999999999999,0.973199999999999,0,0,0,0.171929748941063,0.985292126522159,0.00256171816363712,0.00132960168672967,0
141,1.47260791374705,0.0129889428386508,0.145547430570773,1,0.987333333333333,0.0165229407903445,0.395317641451791,0.996669261676189,1,0.973866666666666,0.0259333333333333,0.998266666666666,1,0.9738,0,0,0,0.167791017655776,0.984133333333333,0.00203455948109405,0.0019404862839186,0
142,1.47268325774324,0.0149333333333333,0.14803982770158,1,0.988139879566948,0.0177398767172104,0.398175578709567,0.996731224969352,1,0.974624569217511,0.0251333333333333,0.998416165125775,1,0.974666666666667,0,0,0,0.168950401845226,0.984818396418006,0.0023731220803518,0.00184322538769563,0
143,1.47346362773084,0.0154862078086469,0.148833451770956,1,0.988843783727903,0.0178,0.396407450777121,0.996557061466755,1,0.974149870479426,0.0252666666666667,0.998133333333334,1,0.974200000000001,0,0,0,0.169617401389829,0.985266666666667,0.00258458502395626,0.00225985315523119,0
144,1.47394210832818,0.0135148174850024,0.146844073707971,1,0.987733333333334,0.0165500243723529,0.392329696515168,0.996635401585504,1,0.976466666666667,0.0228,0.998212205251331,1,0.976466666666667,0,0,0,0.166043948285707,0.984110920059325,0.00248112220705421,0.00215383188281044,0
145,1.47442451531873,0.0136689778653835,0.147962250471526,1,0.986925316092631,0.0167578733107057,0.392451959202403,0.996872775055895,1,0.976866666666666,0.0226666666666667,0.997733333333333,1,0.976733333333333,0,0,0,0.167650908955821,0.982517003554129,0.00208316153607976,0.00198889737301441,0
146,1.47453754446075,0.0136,0.145279891955003,0.999999999999999,0.987658873423587,0.016,0.388950871680049,0.996492662936915,0.999999999999999,0.976666666666666,0.0228,0.997547577441195,0.999999999999999,0.976666666666666,0,0,0,0.165482920542444,0.983150010702802,0.00208100544210895,0.00220384038248318,0
147,1.47435641972939,0.0115333333333333,0.138117459537222,1,0.987499808013805,0.0138369506435734,0.391301575579415,0.996417420651594,1,0.977565743476935,0.0220666666666666,0.997270138084702,1,0.977518776616465,0,0,0,0.158932011914796,0.981439111299659,0.00207825062141201,0.00212016666217326,0
148,1.47429462054561,0.0120285113141882,0.140934693161081,0.999999999999999,0.986190195209442,0.0141899437175674,0.395338165790336,0.996480084897377,0.999999999999999,0.977143231444369,0.0221333333333333,0.996866666666666,0.999999999999999,0.977225297237999,0,0,0,0.161518574664789,0.97904034559426,0.00213136001157924,0.00184886697378653,0
149,1.47471109851156,0.0107333333333333,0.138329700262366,0.999999999999998,0.986866666666665,0.0128259641112354,0.397438383651612,0.996688849241634,0.999999999999998,0.979333333333332,0.02,0.99739519104486,0.999999999999998,0.979466666666666,0,0,0,0.15724938031283,0.979763641868343,0.00311200011799987,0.00118036204044036,0
150,1.47755970662285,0.0113333333333333,0.139917926020771,1,0.9874,0.0128666666666667,0.396240838158429,0.996745156521972,1,0.979066666666666,0.0202666666666666,0.997601616550617,1,0.9792,0,0,0,0.158902458913666,0.980466666666667,0.00181108543443191,0.00215331959266471,0
151,1.47705403522041,0.011358046698213,0.137568747857035,0.999999999999999,0.988017386397668,0.0130965157111947,0.389886450344838,0.996835988003545,0.999999999999999,0.97927776216196,0.0196,0.997199999999999,0.999999999999999,0.979333333333334,0,0,0,0.155797154357875,0.980659137214108,0.00201123204893649,0.00230046556408985,0
152,1.47662682168973,0.0119333333333333,0.140813038328981,1,0.987078951026436,0.0136,0.397912459242405,0.996759671273949,1,0.978066666666667,0.0207333333333333,0.996688921904408,1,0.978278369743275,0,0,0,0.159854693888547,0.978391827570078,0.00247940520549827,0.00176663132424914,0
153,1.47767932272059,0.0117333333333333,0.140174061683322,1,0.987248977083136,0.0131755446559888,0.398614538404036,0.996816047481747,1,0.978643295874247,0.0204,0.997531817019624,1,0.978666666666667,0,0,0,0.159233163867294,0.979261081802246,0.00267197639290595,0.00223632890659746,0
154,1.4783230700031,0.0123462256070422,0.139931798237369,0.999999999999999,0.987598382984755,0.0140859041306176,0.402822245301098,0.996641601472452,0.999999999999999,0.9784,0.021,0.99799578502486,0.999999999999999,0.978333333333333,0,0,0,0.158768241088674,0.980168843058848,0.00212443121667232,0.00231000708953117,0
155,1.47804872890902,0.0130666666666667,0.13849959380387,1,0.988533333333333,0.0144972932528741,0.40378088731701,0.996380936040818,1,0.9782,0.0211333333333333,0.997933333333333,1,0.978266666666667,0,0,0,0.156726210759725,0.980951841267148,0.00221359303484631,0.00214097252631803,0
156,1.47815606555934,0.013737696064895,0.139383192365548,1,0.988074978517813,0.0150965230581178,0.397583221197386,0.996779383011811,1,0.9772,0.0222666666666667,0.997866666666667,1,0.977066666666667,0,0,0,0.159278596161034,0.980323210774505,0.00282948213848735,0.00183330454664601,0
157,1.47962857150909,0.0120212293442147,0.141126651957697,0.999999999999998,0.987200741447733,0.0139596361529623,0.401949458572929,0.996487812948499,0.999999999999998,0.980331444918536,0.0187333333333333,0.998333333333332,0.999999999999998,0.980399999999999,0,0,0,0.158283768399687,0.979549076479497,0.00277004301945573,0.00131785640237349,0
158,1.48171927766023,0.0124666666666667,0.13721816951541,1,0.987047079354024,0.0141369435039694,0.400053219005465,0.996654253572655,1,0.979430516549964,0.0192666666666667,0.998266666666667,1,0.9794,0,0,0,0.15431996195514,0.979278653295534,0.00168778648481982,0.00167740951661906,0
159,1.48173465341406,0.0124,0.133225078677482,1,0.987533780723532,0.0135709202974642,0.402184280908649,0.996474204951172,1,0.979133333333333,0.0195333333333333,0.998333333333333,1,0.979333333333333,0,0,0,0.150612706318522,0.98018851553832,0.00213671864397176,0.00177840797505412,0
160,1.48226557474888,0.0107333614374792,0.129198308589151,1,0.987485663292193,0.0117355116611819,0.406047063316678,0.996444005383736,1,0.98,0.0188,0.99823960245114,1,0.9804,0,0,0,0.146168214181482,0.979817164369564,0.00205701357720372,0.0018304883110933,0
161,1.48260134535265,0.0104666666666667,0.12498175266545,1,0.98946255900492,0.0114,0.412174069683661,0.996766423532269,1,0.983834038360647,0.0154,0.998,1,0.984266666666667,0,0,0,0.139249743439822,0.982044620952549,0.00250159399697045,0.00211742163112815,0
162,1.4831709198191,0.0118,0.125287670461902,1,0.990733333333333,0.0128092951718972,0.403001169787872,0.996583110818777,1,0.9832,0.016,0.997938712951048,1,0.983666666666667,0,0,0,0.139746275974582,0.983523882849279,0.00264111227936179,0.00197613905023328,0
163,1.484157188775,0.011,0.125412226960186,1,0.990333333333333,0.0119333333333333,0.395258204569642,0.996610338819176,1,0.98290237745475,0.0162666666666667,0.9982,1,0.9834,0,0,0,0.14100224508811,0.98316509374905,0.0018433429030891,0.00194392228126243,0
164,1.48400791316784,0.0107333333333333,0.122631361263916,1,0.989546093279466,0.0123333333333333,0.400394873494428,0.996717816439069,1,0.983133333333333,0.0156666666666667,0.998133333333333,1,0.983733333333333,0,0,0,0.137795896151245,0.98066863032233,0.00228421405498097,0.00216795999046958,0
165,1.48418043511951,0.0102453059334927,0.122798946866981,1,0.989627732665532,0.0121333333333333,0.405061178766753,0.996661500151241,1,0.982237032272594,0.0168666666666667,0.998333333333333,1,0.9828,0,0,0,0.139554877361062,0.98124846435272,0.00223919339250205,0.00196785442363326,0
166,1.48452447714275,0.0103822775500658,0.126207340352432,0.999999999999999,0.989799999999999,0.0121333333333333,0.408624386626726,0.996447372108466,0.999999999999999,0.982508023010993,0.0164,0.998066666666666,0.999999999999999,0.9832,0,0,0,0.141993292923587,0.980873393786349,0.00264631997710017,0.00172774146416358,0
167,1.48588812942938,0.0106666666666667,0.124788280066697,1,0.990351328999004,0.0119734366203977,0.410898223512744,0.996637127784932,1,0.982933333333334,0.0158666666666667,0.997913965251392,1,0.983666666666667,0,0,0,0.140170908356161,0.981646863030662,0.00226269699510686,0.00173082349466537,0
168,1.48667843395004,0.0109096927485554,0.12310697510495,1,0.989991702538132,0.012210254139731,0.410617399131943,0.9966333860801,1,0.982666666666667,0.0162666666666667,0.997344981897844,1,0.9832,0,0,0,0.138801159232924,0.982160174101851,0.00258765563991093,0.00228133852209151,0
169,1.48713382900305,0.0106,0.12202284011047,1,0.989671029984079,0.0114629583836442,0.409876830521553,0.996642185869029,1,0.983359437666248,0.0159333333333333,0.997,1,0.983733333333333,0,0,0,0.138157749766181,0.981682628903015,0.00188319081362333,0.00196569768866686,0
170,1.48701113023805,0.011,0.115814346653727,1,0.989877675620787,0.0116066296188156,0.4018662992511,0.996646718142554,1,0.9854,0.0140666666666667,0.997307252616875,1,0.985666666666666,0,0,0,0.130545151854925,0.981812328603686,0.00201903908846083,0.00184863559679166,0
171,1.48726452212679,0.0102179160031314,0.116079883488866,1,0.990482598082111,0.0109333333333333,0.398059850412041,0.996612721113641,1,0.986,0.0132666666666667,0.997,1,0.9864,0,0,0,0.129771934311711,0.981621220347842,0.00235725850502999,0.00176470549700432,0
172,1.48814580519311,0.0103333333333333,0.114321817969278,1,0.991412368247409,0.0107704752506845,0.402458239882008,0.996325727431649,1,0.987866666666667,0.0110666666666667,0.997327003861164,1,0.988533333333333,0,0,0,0.126086156951196,0.983431990327979,0.00275186310702635,0.00194819474053337,0
173,1.48934178090147,0.0111573356306578,0.114295480800854,1,0.9907903675977,0.0114,0.406287687381989,0.996531800867639,1,0.988106884207157,0.0108666666666667,0.997641485159264,1,0.988466666666667,0,0,0,0.126054310111407,0.983243743572172,0.00214931632067289,0.00171785996981605,0
174,1.48988507741938,0.0110666666666667,0.114084838316709,1,0.990239603875789,0.0113065457421135,0.40921042895283,0.996444665519019,1,0.988266666666667,0.0107333333333333,0.997381256515188,1,0.988565220028046,0,0,0,0.125899568311982,0.9828,0.00293816782967727,0.00141865578569268,0
175,1.49214897573867,0.0125333333333333,0.114624963545756,0.999999999999999,0.988733333333332,0.0126666666666667,0.419421360997219,0.996882332839783,0.999999999999999,0.988733333333333,0.00966666666666667,0.997466666666666,0.999999999999999,0.989333333333333,0,0,0,0.12508269866632,0.98182059723105,0.00248802938183374,0.00158121190116093,0
176,1.49350208251364,0.0102,0.108866037516821,0.999999999999999,0.988861010645758,0.0103333333333333,0.42486705254821,0.996780016605898,0.999999999999999,0.989244794152591,0.0094,0.996828999098775,0.999999999999999,0.9898,0,0,0,0.119257540180892,0.9826,0.00271920671545977,0.0020297370250679,0
177,1.49453180693207,0.0114666666666667,0.112865929503258,1,0.988566736974124,0.011632659169182,0.425589008780518,0.9965459220733,1,0.990032545645441,0.00866666666666666,0.997304746270045,1,0.9906,0,0,0,0.122647619947375,0.981937339218311,0.0026368722354878,0.0022216124867275,0
178,1.49509181721162,0.0116666666666667,0.113037383542013,1,0.989628962519005,0.0116666666666667,0.431541846446751,0.996334198671393,1,0.990031526497591,0.00839999999999999,0.997751076001437,1,0.990866666666667,0,0,0,0.122093345776313,0.982975771610395,0.00194085655327828,0.00235203925226783,0
179,1.49447706132298,0.0112666666666667,0.106456533280988,1,0.990408035962693,0.0112666666666667,0.426987469778169,0.996796607373239,1,0.991266666666667,0.0072,0.9984,1,0.992260095986343,0,0,0,0.114537738347327,0.984323520832829,0.00267927344594772,0.00140394291114885,0
180,1.49638301355285,0.0103376811856533,0.107611767292836,1,0.991618940671437,0.0104932661509995,0.427582346687844,0.996688639391477,1,0.992133333333333,0.00633333333333333,0.998278653495638,1,0.9932,0,0,0,0.114995443326608,0.986713170645965,0.00232235519102858,0.00216016454151123,0
181,1.49662571288574,0.0104,0.108675451630161,0.999999999999999,0.991128459278157,0.0104666666666667,0.435634522002526,0.996678348514007,0.999999999999999,0.991066666666666,0.007,0.998115586999782,0.999999999999999,0.992466666666666,0,0,0,0.116475692852575,0.985758499631338,0.00256828528759732,0.00142667494994769,0
182,1.49833427627116,0.0114,0.109519452017893,1,0.991187259724911,0.0114,0.441045650396039,0.996562610209851,1,0.991700229296745,0.00646666666666666,0.998034986911133,1,0.993133333333333,0,0,0,0.11647029705493,0.985417535064043,0.00211149290116239,0.00174301046760585,0
183,1.49888638613156,0.012610517971963,0.108052732677536,1,0.991933333333334,0.0126666666666667,0.441346014636757,0.996689284649729,1,0.993133333333334,0.00553333333333333,0.99850166559298,1,0.994266666666667,0,0,0,0.114209641353695,0.985333333333333,0.00289394170430507,0.00208846940684736,0
184,1.50009369759263,0.0131101598931983,0.112205111110185,0.999999999999999,0.992,0.0132666666666667,0.436830295664343,0.99669907258991,0.999999999999999,0.994466666666666,0.00446666666666666,0.998933333333333,0.999999999999999,0.995399999999999,0,0,0,0.117326043953441,0.986080421597799,0.00226707812951453,0.00142913692332524,0
185,1.50135068791498,0.0109333333333333,0.108800872235944,1,0.992430419519868,0.0110298367538826,0.443496626971979,0.996913383407013,1,0.994666666666667,0.00426666666666667,0.999266666666667,1,0.995466666666667,0,0,0,0.11391202024845,0.987330277812523,0.00263061739095476,0.00219632385072625,0
186,1.50191681413511,0.0109938763194515,0.10881170538297,1,0.992151965538128,0.0111631744671423,0.438903929017775,0.996922651267586,1,0.99490062533655,0.00393333333333333,0.999011366298773,1,0.995339218850699,0,0,0,0.11322821648639,0.987011248042872,0.00229384685287781,0.00231647386694637,0
187,1.50188283024222,0.0112,0.111225057697843,1,0.991296499641109,0.0114617314698499,0.431476492164757,0.996742846718026,1,0.993124569752589,0.00506179480296173,0.998654668648455,1,0.993933333333334,0,0,0,0.116630398932151,0.986019032919047,0.00259419216899455,0.00197556192077179,0
188,1.5028119403903,0.0109333333333333,0.10547472177003,0.999999999999999,0.991733786509727,0.0109333333333333,0.429875719321712,0.996617538876072,0.999999999999999,0.992531676138075,0.0056,0.998642359077439,0.999999999999999,0.993066666666666,0,0,0,0.111633032217193,0.9860242683565,0.00298591429229822,0.00282268466158622,0
189,1.50305724382836,0.0119442089426199,0.10841269187047,1,0.991199999999999,0.012,0.434066821802006,0.996649130956838,1,0.992022629760159,0.00526666666666666,0.998733333333333,1,0.993398033454328,0,0,0,0.114311553309272,0.985204466982659,0.00256103734381029,0.00188407280541404,0
190,1.5040747602816,0.0107189396633632,0.105973961023876,1,0.991866666666667,0.0108907925742877,0.436560191584302,0.996594183429683,1,0.9926,0.00526666666666667,0.999,1,0.9936,0,0,0,0.112036878303171,0.985441362029455,0.00231618227884045,0.00163537102235879,0
191,1.505098751309,0.0102666666666667,0.107264645181204,0.999999999999999,0.991466666666666,0.0104666666666667,0.439757291511101,0.996858452876201,0.999999999999999,0.9924,0.00593333333333333,0.998599999999999,0.999999999999999,0.993,0,0,0,0.113926229637564,0.984442492922388,0.00214696452024088,0.00200930332493493,0
192,1.50530594500215,0.0109568604954518,0.11025977784383,1,0.991133333333333,0.0110770003581631,0.444491398014273,0.996554709435983,1,0.9912,0.00666666666666666,0.998066666666666,1,0.9924,0,0,0,0.117736621479025,0.984068530558954,0.00196228815152878,0.00199570961057311,0
193,1.50525563548116,0.0108333647285652,0.107060403888992,1,0.991045206752841,0.0110666666666667,0.44144113797639,0.996753481088463,1,0.992708699180104,0.006,0.998533333333333,1,0.993266666666667,0,0,0,0.113880016607039,0.985013404972482,0.00255026438652632,0.00175742299551344,0
194,1.50644906445303,0.0102666666666667,0.107973792152395,1,0.991933333333333,0.0105333333333333,0.4506068185503,0.996750484814529,1,0.9932,0.0058,0.998537077363832,1,0.993751110155203,0,0,0,0.114355551875312,0.986306982500125,0.00239972836661665,0.00128799334529293,0
195,1.50812383663582,0.0102,0.111609849251795,1,0.9916,0.0106666666666667,0.458950499649758,0.996737974658583,1,0.99284716630157,0.006,0.9986,1,0.993533333333334,0,0,0,0.118534827795251,0.985947219433776,0.00261785285499183,0.00230036576550463,0
196,1.5086026464833,0.00894059390008215,0.106074370232534,0.999999999999999,0.991666666666666,0.00930815712089079,0.464125312269457,0.996752141673904,0.999999999999999,0.992933333333332,0.00633333333333333,0.998599999999999,0.999999999999999,0.993266666666666,0,0,0,0.113801580906389,0.985547162720529,0.00216147681340421,0.00244312498418073,0
197,1.50807717779772,0.00826666666666667,0.106877745167923,1,0.993133333333333,0.00845954818930713,0.471189052635564,0.9967611270778,1,0.9926,0.00673333333333333,0.998612565332056,1,0.993066666666667,0,0,0,0.114909425705419,0.9874,0.00312514801877556,0.00138620312367017,0
198,1.51069964090748,0.00885758321218422,0.105238388664514,0.999999999999999,0.992533333333332,0.00886666666666667,0.469611494743509,0.99667666548064,0.999999999999999,0.992533333333332,0.00686666666666667,0.998466666666666,0.999999999999999,0.992718627896525,0,0,0,0.113056969833205,0.987798424379683,0.00214745923503106,0.00157622824190502,0
199,1.51156259936367,0.00972085434974478,0.106522807892023,1,0.992533333333334,0.00984765207406395,0.473816727007978,0.996670498573837,1,0.9918,0.00759999999999999,0.9978,1,0.992122862046623,0,0,0,0.115100313376259,0.987252355759675,0.0018737933989109,0.00190192090661294,0
200,1.51152008287501,0.0108,0.107912828283178,1,0.992252588425581,0.0109333333333333,0.469592332768245,0.996660333366225,1,0.990541809937805,0.00886666666666666,0.997333333333333,1,0.990826478499889,0,0,0,0.117406482004828,0.986502105923255,0.00274457567383187,0.00178637646444982,0
201,1.51289182697053,0.00953705547901172,0.103296272895307,1,0.992933333333333,0.0098852487238625,0.469632038848734,0.996727387520692,1,0.991247423590616,0.00799999999999999,0.997619234427029,1,0.9916,0,0,0,0.112040610495326,0.9874,0.0027890365978966,0.00158249435082475,0
202,1.51471719487502,0.00973333333333334,0.103753767483746,1,0.993361808311317,0.0098,0.470020760263723,0.996544757987541,1,0.991466666666667,0.00793333333333334,0.997600541602726,1,0.9918,0,0,0,0.112384718824894,0.988081448040669,0.00177831168791874,0.0020862740469359,0
203,1.51425071899445,0.00986666666666667,0.100679618357194,0.999999999999999,0.993466666666666,0.00993333333333333,0.468542376570839,0.996706873255278,0.999999999999999,0.991133333333333,0.0082,0.997786933751251,0.999999999999999,0.991466666666666,0,0,0,0.109325846056434,0.987908822994288,0.00272346677817395,0.0021251453791038,0
204,1.51515672760318,0.00986666666666666,0.0971820199621716,1,0.993133333333333,0.0099728436052664,0.470307427886076,0.996699845334427,1,0.9914,0.0078,0.997895381686525,1,0.991933333333333,0,0,0,0.105417092298001,0.988094766947401,0.00335643661031289,0.00166128193314688,0
205,1.51772515261661,0.00833333333333333,0.0962141248625398,0.999999999999999,0.993466666666666,0.00853893193484389,0.467111430860486,0.996800646039896,0.999999999999999,0.991533333333333,0.0076,0.99746011071555,0.999999999999999,0.992133333333333,0,0,0,0.104328069257238,0.988757034386895,0.00286497899316311,0.00162555714655504,0
206,1.51960625432791,0.008,0.092522492487357,1,0.994066666666667,0.00806666666666666,0.472676910556691,0.996759613268715,1,0.9916,0.00733333333333333,0.997507573652706,1,0.992533333333334,0,0,0,0.100147327413294,0.989580054098725,0.00219178629854052,0.00179684885202915,0
207,1.5202064037417,0.00786666666666667,0.0884401155209333,1,0.994266666666667,0.00793396225149697,0.464727371165035,0.996904388330412,1,0.9918,0.00713333333333333,0.997592432089678,1,0.992666666666667,0,0,0,0.0960167177728336,0.990194442987324,0.00258186748910565,0.00187110519042001,0
208,1.5212869091397,0.00838111876474581,0.0905361301228666,1,0.994427036623369,0.0086,0.464332438669783,0.996768121820557,1,0.991933333333334,0.0072,0.997133333333334,1,0.992539782645355,0,0,0,0.0983525994295323,0.990000000000001,0.00267313162475207,0.0016375323402489,0
209,1.52286235277433,0.00793333333333333,0.0916967711888668,1,0.9948,0.00793333333333333,0.474199007836505,0.996772367024436,1,0.991354184693238,0.00726666666666667,0.997275995560026,1,0.992533333333333,0,0,0,0.099773990452811,0.9906,0.00245427687433046,0.00137329942120443,0
210,1.52450853264189,0.00786666666666667,0.0884581991383115,1,0.993950585254907,0.00786666666666667,0.478009440830936,0.99666250473647,1,0.992634090470455,0.00646666666666667,0.997866666666666,1,0.9934,0,0,0,0.0957963405899856,0.99028062260505,0.00241023784389392,0.00182597721587978,0
211,1.52539924295459,0.00841034083442025,0.0912197158270441,1,0.993891286046842,0.00853333333333333,0.483943436787613,0.996565597327348,1,0.9932,0.006,0.998533333333333,1,0.993933333333334,0,0,0,0.0980051293480363,0.990533333333333,0.00212034205292206,0.00210120867869287,0
212,1.52542842898915,0.00871565697671425,0.0944721010372084,1,0.993733333333333,0.0088,0.487660084219718,0.996625364389067,1,0.9926,0.00646666666666666,0.998221812872515,1,0.9934,0,0,0,0.101627226693397,0.990066666666667,0.00203716924131035,0.00138038494386468,0
213,1.52643030642819,0.0098,0.0962111220992527,1,0.9924,0.00986666666666667,0.486337114108081,0.996971527849058,1,0.992466666666667,0.00706666666666666,0.998133333333333,1,0.992921377033007,0,0,0,0.104163907491414,0.988982357248125,0.00234347696451672,0.00143326540054148,0
214,1.5278196809447,0.00986666666666667,0.0954416954076898,1,0.992012552354198,0.00993333333333333,0.485340983744962,0.996803580090463,1,0.991733333333334,0.00786666666666666,0.998093369966188,1,0.992066666666667,0,0,0,0.104318521729733,0.988342389553782,0.00234080885250176,0.00184430062286409,0
215,1.52857825598969,0.0100547196622934,0.0902037741619903,0.999999999999999,0.991333333333333,0.0102613292198675,0.487092116530137,0.996476167014738,0.999999999999999,0.9904,0.0092,0.998333333333333,0.999999999999999,0.9908,0,0,0,0.100463131225798,0.987504009367893,0.00289621576700553,0.00186420396111863,0
216,1.53015576679609,0.00966666666666667,0.0896616479677909,0.999999999999999,0.991153570031309,0.0100666666666667,0.483849141065866,0.996565132661201,0.999999999999999,0.991066666666666,0.00866666666666666,0.998602068886074,0.999999999999999,0.991333333333333,0,0,0,0.0993565930772725,0.988,0.00227530335990267,0.00172501085618012,0
217,1.53099780004409,0.00866666666666666,0.0892255753823684,0.999999999999999,0.991399999999999,0.0092,0.487555732845639,0.996737704860908,0.999999999999999,0.99073633904355,0.009,0.998533333333333,0.999999999999999,0.991,0,0,0,0.0991114263165834,0.988290461734522,0.00234209193486312,0.00223245678870903,0
218,1.53116565121166,0.00762004644729508,0.0910845210567658,0.999999999999999,0.992733333333333,0.00846666666666667,0.491502147042873,0.996717038070568,0.999999999999999,0.992533333333333,0.00733333333333333,0.99895119308985,0.999999999999999,0.992666666666666,0,0,0,0.099051074622863,0.989777615991431,0.00193277998425569,0.00155771310962938,0
219,1.53173994072699,0.00741475881729251,0.0892844903093895,1,0.993533333333333,0.00810936379051779,0.490851548697456,0.996695987510791,1,0.992933333333333,0.0068,0.999066666666667,1,0.9932,0,0,0,0.0967317128482269,0.991266666666667,0.00200233287537974,0.00235945278849211,0
220,1.53117603713494,0.0066,0.0888466246860424,1,0.993663933860621,0.0074,0.497427959244548,0.996569944023415,1,0.992266666666666,0.00739999999999999,0.999266666666667,1,0.9926,0,0,0,0.096710287775294,0.991533333333333,0.00211739583079917,0.00235419359849317,0
221,1.5308134580674,0.00583863988316008,0.0852200412536278,1,0.994789918459158,0.00633333333333333,0.493293548300938,0.996826947833272,1,0.993066666666667,0.0066,0.9996,1,0.993400000000001,0,0,0,0.0922406166933489,0.992829479612024,0.00284567303922396,0.00191246235090942,0
222,1.53224202954829,0.0056,0.0834456567073728,1,0.995266666666667,0.00613333333333333,0.492945896099824,0.996944062567211,1,0.9936,0.00613333333333333,0.999333333333333,1,0.993866666666667,0,0,0,0.0898042733368644,0.9936,0.00231398698255455,0.00184362364540186,0
223,1.53296274002263,0.00486666666666666,0.0843244772842408,1,0.995866666666667,0.00513333333333333,0.498561302775157,0.996633681630819,1,0.994266666666667,0.00566666666666667,0.999533333333333,1,0.994333333333333,0,0,0,0.0902791067190956,0.994562272737785,0.00172265466829594,0.00226430942595577,0
224,1.53213240346119,0.00381718233581738,0.0816768438955873,1,0.996614045792187,0.00431262430515217,0.496638080929,0.996547996987413,1,0.994933333333333,0.005,0.99957075405796,1,0.995,0,0,0,0.0872500028973578,0.9952,0.00165874540252823,0.00217937183304087,0
225,1.5313347348369,0.00326666666666667,0.0797338900814727,1,0.996933333333333,0.0036,0.493265781158499,0.996554501165823,1,0.996066666666667,0.00393333333333333,0.999733333333333,1,0.996066666666667,0,0,0,0.0840460145445151,0.995916132691906,0.00227159368148153,0.0020544569146619,0
226,1.53166724391014,0.0036,0.0784727679220759,1,0.99686311295083,0.00393333333333333,0.493376974391392,0.99662123126329,1,0.995666666666667,0.00433333333333333,0.9996,1,0.995666666666667,0,0,0,0.0831292977249518,0.995666666666667,0.00299703966596333,0.0016522210581685,0
227,1.5337270585207,0.0028,0.0779580187157344,1,0.9972,0.00320567514968699,0.489193075779359,0.996617152440414,1,0.995333333333334,0.00466666666666667,0.999466666666667,1,0.995333333333334,0,0,0,0.0830012382392572,0.995733333333334,0.00231003442633986,0.00143207677487931,0
228,1.53507360592698,0.00351730474962383,0.0786266531006088,0.999999999999999,0.997066666666666,0.00373333333333333,0.487830100327916,0.996632138663636,0.999999999999999,0.995466666666666,0.00453333333333333,0.999199999999999,0.999999999999999,0.995466666666666,0,0,0,0.0841961295235113,0.995599999999999,0.00276642170379518,0.00280569788310585,0
229,1.53501331410078,0.00431771181092186,0.072816372799121,1,0.9972,0.00446666666666667,0.488638795209782,0.996784736872433,1,0.996066666666666,0.00393333333333333,0.9994,1,0.996066666666666,0,0,0,0.0775686200754382,0.996,0.00262667313454168,0.00235753775504506,0
230,1.53539130839086,0.00373333333333333,0.0712490766806014,0.999999999999999,0.997799999999999,0.00388079439675883,0.483072811351014,0.996566674255996,0.999999999999999,0.9964,0.0036,0.999666666666666,0.999999999999999,0.9964,0,0,0,0.075170001242999,0.996529163524724,0.00324725663944205,0.00207567499593017,0
231,1.53719014466338,0.004,0.071191444482301,1,0.997768163403436,0.004,0.485103694999963,0.996887633596515,1,0.996200000000001,0.0038,0.999748999106916,1,0.996200000000001,0,0,0,0.0752242652637958,0.996466666666667,0.00212479620081025,0.0024603292760004,0
232,1.53667436652699,0.00433750349801448,0.0742855411342111,1,0.998396096294648,0.0044,0.490907661988286,0.996753426921442,1,0.997000000000001,0.003,0.999866666666667,1,0.997000000000001,0,0,0,0.0777241402320138,0.99735701436725,0.00263106413827071,0.001720811883796,0
233,1.53807312783352,0.00440454746654747,0.0710175546566732,1,0.9988,0.00453333333333333,0.498988820409997,0.996728556588851,1,0.998133333333333,0.00186666666666667,0.999933333333333,1,0.998133333333333,0,0,0,0.0734373841005725,0.997933333333334,0.00261723385918388,0.00185483968616375,0
234,1.53924574582386,0.00518372880954284,0.0695525226765195,1,0.998540217640311,0.00521986373418507,0.502528248776436,0.996636376728538,1,0.998133333333334,0.00186666666666667,0.999866666666667,1,0.998133333333334,0,0,0,0.0718275875416707,0.997466666666667,0.00272779740908205,0.00230616161324869,0
235,1.53989474692888,0.00456874512593648,0.0696981787516266,1,0.9988,0.0046,0.504657939419881,0.996821271431456,1,0.997933333333333,0.00206666666666667,0.999866666666667,1,0.997933333333333,0,0,0,0.0721645202236307,0.997604683068686,0.00285159577496864,0.00234862110042277,0
236,1.54066927498805,0.00426666666666667,0.0699438641144188,1,0.998933333333333,0.00426666666666667,0.50164846430092,0.996782877224147,1,0.9978,0.0022,0.999733333333333,1,0.9978,0,0,0,0.0725186711629088,0.997866666666667,0.0023049588741765,0.00121202259922451,0
237,1.54235312832639,0.00426904841251256,0.067412930922823,0.999999999999999,0.998866666666666,0.00433333333333333,0.500360158524504,0.996581184823783,0.999999999999999,0.997066666666666,0.00293333333333333,0.9994,0.999999999999999,0.997066666666666,0,0,0,0.0708083330740939,0.997528440558845,0.00275080538444311,0.00185150870104276,0
238,1.54374016137933,0.00513333333333333,0.0666102492851923,1,0.998333333333333,0.0052,0.503172455651593,0.996600129718568,1,0.9964,0.0036,0.9994,1,0.9964,0,0,0,0.0707173336482054,0.997032651882578,0.00252772319899361,0.00231909681564303,0
239,1.54406222630603,0.00473333333333333,0.0651348537392671,1,0.998533333333333,0.00473333333333333,0.509604926173702,0.99672732821273,1,0.996066666666667,0.00393333333333333,0.99918174271883,1,0.996066666666667,0,0,0,0.0696144360187773,0.996777653232742,0.00261896689192725,0.0022291936937843,0
240,1.54466406037811,0.00427844058786691,0.0628143710412487,0.999999999999999,0.998666666666666,0.00433333333333333,0.508416840541635,0.99672769739328,0.999999999999999,0.996066666666666,0.00393333333333333,0.999399999999999,0.999999999999999,0.996066666666666,0,0,0,0.0672815287361748,0.997320894331538,0.00299066396902443,0.00192623620210795,0
241,1.54630824369453,0.00373333333333333,0.0618178804351325,1,0.998866666666667,0.00373333333333333,0.509429355388171,0.996761875968645,1,0.995533333333333,0.00446666666666667,0.999421578022042,1,0.995533333333333,0,0,0,0.0669210637437236,0.997066666666667,0.00228654960145014,0.00160725437749168,0
242,1.54734171425061,0.00253333333333333,0.0577023363146352,1,0.999207762462865,0.00253333333333333,0.511287177509598,0.996805161561405,1,0.9956,0.0044,0.999466666666667,1,0.9956,0,0,0,0.0626,0.997267158863274,0.00217711639263901,0.00210399443800852,0
243,1.54745485890123,0.0026,0.0584223789888554,1,0.999533333333333,0.0026,0.511214824241217,0.996554242284152,1,0.9958,0.0042,0.999066666666666,1,0.9958,0,0,0,0.0632609769068685,0.99770351435353,0.00268111382070797,0.00251177860788122,0
244,1.54771689749911,0.00173333333333333,0.0595581642929718,1,0.999466666666667,0.00173333333333333,0.505054207559966,0.996635855551605,1,0.995933333333333,0.00406666666666667,0.9988,1,0.995933333333333,0,0,0,0.0643491235721698,0.997733333333333,0.0027201529830498,0.00201084854055433,0
245,1.54881469997023,0.0018,0.0596739994654704,1,0.999533333333333,0.0018,0.510985355384327,0.996869359482485,1,0.997133333333333,0.00286666666666667,0.999378815237356,1,0.997133333333333,0,0,0,0.0630545512554778,0.998466666666667,0.00214377256593378,0.00240661462779856,0
246,1.54840760632104,0.00166666666666667,0.0596136757717,1,0.999533333333333,0.00166666666666667,0.515828298825869,0.996622633652008,1,0.996866666666666,0.00313333333333333,0.999349892230608,1,0.996866666666666,0,0,0,0.0630213034899831,0.998266666666667,0.00231126863466674,0.0019422351017315,0
247,1.54897902065043,8e-04,0.0571619255412055,1,0.9998,8e-04,0.521466057102095,0.996500754603393,1,0.996733333333333,0.00326666666666667,0.999199708930211,1,0.996733333333333,0,0,0,0.0607636579237592,0.998266666666667,0.00247984050104905,0.00201512608805826,0
248,1.54969885352674,6e-04,0.0564082185083227,1,0.9998,6e-04,0.523842916119875,0.99659003312149,1,0.997266666666667,0.00273333333333333,0.999466666666667,1,0.997266666666667,0,0,0,0.0594666666666667,0.998509647389573,0.00278764561024069,0.00271500616455484,0
249,1.54978841560557,0.000333333333333333,0.0576165594696065,1,0.999666666666666,0.000333333333333333,0.528830279619798,0.996510032268636,1,0.997,0.003,0.999427165464141,1,0.997,0,0,0,0.0608394945960098,0.9984,0.00220786323637242,0.00217227588088011,0
250,1.54984356847686,4e-04,0.0571757171126505,1,0.9998,4e-04,0.532728492845675,0.996544679556931,1,0.997066666666667,0.00293333333333333,0.9994,1,0.997066666666667,0,0,0,0.0605912360082095,0.998466666666667,0.00276442975527384,0.00144147180875085,0
251,1.55187248798288,0.000466666666666667,0.0584134905665776,1,0.999733333333333,0.000466666666666667,0.532838353047055,0.996722102117309,1,0.9976,0.0024,0.999533333333334,1,0.9976,0,0,0,0.0613357839983284,0.9988,0.00291501948996519,0.00225613226993651,0
252,1.55289499693232,0.000533333333333333,0.0591881947296281,1,0.999666666666667,0.000533333333333333,0.534102061484283,0.996773355899255,1,0.9968,0.0032,0.9994,1,0.9968,0,0,0,0.0628095450624044,0.998533333333334,0.00223335156462853,0.00232378546111315,0
253,1.55275456258692,0.000133333333333333,0.058543284993144,1,0.999466666666667,0.000133333333333333,0.532825317081234,0.996797596752082,1,0.995866666666667,0.00413333333333333,0.999138341752023,1,0.995866666666667,0,0,0,0.0631015160683021,0.998066666666667,0.00242694662825541,0.00175323086671048,0
254,1.55380067780954,6.66666666666667e-05,0.0579377901051953,1,0.998876817504951,6.66666666666667e-05,0.541075194276556,0.996631889383276,1,0.995466666666666,0.00453333333333333,0.998933333333333,1,0.995466666666666,0,0,0,0.0627440954870653,0.9974,0.00211451628327731,0.00218549705977998,0
255,1.55367290746062,0,0.0552872550951753,1,0.998533333333333,0,0.538229995771073,0.996354972537077,1,0.994866666666666,0.00513333333333333,0.999165360443116,1,0.994866666666666,0,0,0,0.0605054041380986,0.9972,0.00244866231211479,0.00222815859698661,0
256,1.55401549810881,0,0.0568590010432642,0.999999999999999,0.998266666666666,0,0.546306891943295,0.996511209265381,0.999999999999999,0.994333333333333,0.00566666666666666,0.998660406627423,0.999999999999999,0.994333333333333,0,0,0,0.0628885237974231,0.996066666666666,0.00202711862475149,0.00168579112277854,0
257,1.5545459263368,0,0.0549573395090295,1,0.9984,0,0.551529304011769,0.996854814457889,1,0.994066666666667,0.00593333333333333,0.998466666666667,1,0.994066666666667,0,0,0,0.0613444009731106,0.996,0.00281998828392257,0.00154300823276765,0
258,1.55653105047334,0,0.0507316352031173,1,0.999066666666667,0,0.552680343579631,0.996506304154723,1,0.995066666666667,0.00493333333333333,0.998733333333334,1,0.995066666666667,0,0,0,0.055921367572093,0.996733333333333,0.00299706412448734,0.00199089226229526,0
259,1.55809718821895,0,0.0535717619749704,1,0.999066666666666,0,0.558319152694462,0.996440707444825,1,0.9944,0.0056,0.99887286002388,1,0.9944,0,0,0,0.0597240248177863,0.996466666666667,0.00279058894258866,0.00178202300411044,0
260,1.55966863197183,0,0.0527464193133396,1,0.999066666666667,0,0.561795235702953,0.996784628428429,1,0.994933333333334,0.00506666666666667,0.999333333333334,1,0.994933333333334,0,0,0,0.0581158280635712,0.997066666666667,0.00253179201940239,0.00243188226197113,0
261,1.55980854781074,0,0.0510691475383308,1,0.999066666666667,0,0.562808033364896,0.996628272409006,1,0.9944,0.0056,0.999283823902867,1,0.9944,0,0,0,0.0569955864885068,0.996933333333333,0.00330137151876962,0.00170060111666523,0
262,1.56230544316703,0,0.051823438466353,1,0.998866666666667,0,0.556428957289956,0.996541278434941,1,0.9934,0.0066,0.998729496323658,1,0.9934,0,0,0,0.0587487243337185,0.9962,0.00246207517731315,0.00182080996423066,0
263,1.56330729529994,0,0.0513065343531179,1,0.9996,0,0.551680966630773,0.996664341067454,1,0.992466666666666,0.00753333333333333,0.998270397076564,1,0.992466666666666,0,0,0,0.0591067630359282,0.996133333333333,0.00244340015843815,0.00239449315169029,0
264,1.56338375198038,0,0.0501138449042407,1,0.999533333333333,0,0.55844679340389,0.996613684373426,1,0.992666666666667,0.00733333333333333,0.998183391496786,1,0.992666666666667,0,0,0,0.0577681599891447,0.995933333333333,0.00224757288993203,0.0013590648310623,0
265,1.56477283104312,0,0.0451590616166179,1,0.999368523138206,0,0.557047571527314,0.996579135695488,1,0.9924,0.0076,0.997953504269564,1,0.9924,0,0,0,0.0532656290326139,0.995576489293072,0.00237880123007839,0.00181658622452226,0
266,1.56565256980902,0,0.0443333333333333,1,0.999466666666666,0,0.557396438003625,0.996756131947102,1,0.992933333333333,0.00706666666666666,0.997933333333333,1,0.992933333333333,0,0,0,0.0517757012375764,0.99596407549346,0.00247207407945927,0.00211376378085499,0
267,1.56621355924882,0,0.0426338897710992,1,0.999466666666667,0,0.556458236715096,0.996732258388831,1,0.992866666666667,0.00713333333333333,0.99771426429883,1,0.992866666666667,0,0,0,0.0503180314576879,0.995631018469438,0.00285618062185922,0.0023942924509065,0
268,1.56693697476502,0,0.0451020897638826,1,0.9996,0,0.557581033397073,0.996862519684647,1,0.9928,0.0072,0.997733333333333,1,0.9928,0,0,0,0.0528512033727667,0.995866666666667,0.00252058612346104,0.00205082322931579,0
269,1.56767306361323,0,0.0462,1,0.999666666666667,0,0.557630389941983,0.99652519534481,1,0.992666666666667,0.00733333333333333,0.997666666666667,1,0.992666666666667,0,0,0,0.0538793210206614,0.9958,0.00194142988584745,0.00165632187719352,0
270,1.56812001975862,0,0.0464666666666667,1,0.9996,0,0.564854036398009,0.996727555719501,1,0.9922,0.0078,0.9978,1,0.9922,0,0,0,0.0544228795330002,0.996179918003323,0.00256065909090504,0.00181532294320886,0
271,1.56928879629327,0,0.0460437817626414,1,0.999733333333334,0,0.570161737790873,0.996614506464532,1,0.991866666666667,0.00813333333333333,0.9972,1,0.991866666666667,0,0,0,0.0545705926574754,0.995733333333333,0.00262605112291549,0.00149664754548957,0
272,1.57106115667382,0,0.0475661650843157,1,0.9998,0,0.571678351832994,0.996728288468809,1,0.9926,0.0074,0.9972,1,0.9926,0,0,0,0.0554987123925798,0.996066666666666,0.00236250767909393,0.00247982747797719,0
273,1.57087684009488,0,0.0475267203917366,0.999999999999999,0.999799999999999,0,0.572667067020138,0.996689644940154,0.999999999999999,0.9928,0.00719999999999999,0.997841784437845,0.999999999999999,0.9928,0,0,0,0.0549810317290251,0.996533333333333,0.00246660398070405,0.00193764951213254,0
274,1.57170776241902,0,0.0492067160325305,1,0.999666666666667,0,0.567183515739294,0.996966117081733,1,0.993133333333334,0.00686666666666666,0.997933333333333,1,0.993133333333334,0,0,0,0.0565550696569737,0.996666666666667,0.00241682059322679,0.00200592400925787,0
275,1.5723535717696,0,0.048325614325809,1,0.999595843706974,0,0.56877818734937,0.996786065392283,1,0.992266666666667,0.00773333333333333,0.997933333333334,1,0.992266666666667,0,0,0,0.0566855037416193,0.996466666666667,0.00313986267244341,0.00179527573597282,0
276,1.57446773784171,0,0.0484251230229277,1,0.999733333333333,0,0.57267704968439,0.996660864669191,1,0.9928,0.0072,0.99854241537068,1,0.9928,0,0,0,0.0561099245890406,0.996977267042162,0.00248225121588117,0.00218726958358367,0
277,1.57493217690502,0,0.0498685886580804,1,0.999866666666666,0,0.575453547463478,0.996851066156722,1,0.992533333333333,0.00746666666666666,0.998266666666666,1,0.992533333333333,0,0,0,0.0578290945554377,0.9968,0.00203951792150844,0.001455315882252,0
278,1.57578933241119,0,0.0492191873296977,1,0.999933333333334,0,0.572048515693938,0.996767140073753,1,0.992266666666667,0.00773333333333333,0.998533333333334,1,0.992266666666667,0,0,0,0.0575506407097153,0.997,0.00269054150653287,0.00189375000352378,0
279,1.57704490796178,0,0.0486368381045014,1,0.999945476971683,0,0.576842460827701,0.996702268417175,1,0.992333333333334,0.00766666666666666,0.998822479282034,1,0.992333333333334,0,0,0,0.0569281138449741,0.997533333333334,0.00242703044976973,0.00186241110542237,0
280,1.57793533802373,0,0.0447248820626332,1,1,0,0.578080738870859,0.996736642401191,1,0.993133333333334,0.00686666666666667,0.999286400259727,1,0.993133333333334,0,0,0,0.0519875686601724,0.997833155497443,0.00236209369490433,0.00181628376571479,0
281,1.57879659079884,0,0.0457528959772354,1,1,0,0.58088782131023,0.996868970409033,1,0.993666666666666,0.00633333333333333,0.999266666666666,1,0.993666666666666,0,0,0,0.0521530055818528,0.9982,0.00199084291224417,0.00249506318231765,0
282,1.57794019759643,0,0.0426732382784572,1,1,0,0.584542770995346,0.996492938239564,1,0.994533333333333,0.00546666666666667,0.999133333333333,1,0.994533333333333,0,0,0,0.0482836133400501,0.9982,0.00195015247388892,0.00263187635197875,0
283,1.57686447808553,0,0.0421164362492405,1,1,0,0.578126734487146,0.996745662005853,1,0.9938,0.0062,0.999034601498605,1,0.9938,0,0,0,0.0485628267091938,0.997733333333333,0.00200277163715231,0.00148698709604563,0
284,1.57767780040674,0,0.043987222676869,1,1,0,0.575904577472498,0.996660169727712,1,0.994333333333333,0.00566666666666666,0.999066666666666,1,0.994333333333333,0,0,0,0.0497467812862931,0.9978,0.00295630442471234,0.00153601575785615,0
285,1.57991855830661,0,0.0437985522801688,1,1,0,0.576857819878686,0.996675892906611,1,0.994466666666667,0.00553333333333333,0.999000000000001,1,0.994466666666667,0,0,0,0.0496785122778128,0.997666666666667,0.00178165461548672,0.00183611515405147,0
286,1.57983251509104,0,0.0427696432856023,0.999999999999999,0.999999999999999,0,0.569573572064076,0.996710998710384,0.999999999999999,0.994066666666666,0.00593333333333333,0.998733333983509,0.999999999999999,0.994066666666666,0,0,0,0.0490901659763647,0.9974,0.00203160665412707,0.00231408100758764,0
287,1.57938625292276,0,0.0413903061046697,1,1,0,0.565346827384848,0.996894070348877,1,0.994466666666667,0.00553333333333333,0.998533333333334,1,0.994466666666667,0,0,0,0.0472693239054981,0.997733333333334,0.0031537265916644,0.00147672814024761,0
288,1.5820348812231,0,0.0389958933110965,1,1,0,0.566976399770329,0.99662669930228,1,0.9946,0.0054,0.998365888980069,1,0.9946,0,0,0,0.0449335075042083,0.997666666666667,0.0029634915914021,0.00188111359519613,0
289,1.58374724096777,0,0.0372778656334548,1,1,0,0.568605163364509,0.996594158377814,1,0.994733333333333,0.00526666666666667,0.9986,1,0.994733333333333,0,0,0,0.0430548920898494,0.998096029847129,0.00242413089693613,0.00219249895730365,0
290,1.58411408741308,0,0.0354439987764924,1,1,0,0.567561679198525,0.996460463167082,1,0.994666666666667,0.00533333333333333,0.998588122746715,1,0.994666666666667,0,0,0,0.0411716278101379,0.997707784677981,0.00265791509672496,0.00223480755921002,0
291,1.58478433802375,0,0.0345804634203247,1,1,0,0.562560399995469,0.996614321977738,1,0.994466666666666,0.00553333333333333,0.998724171670503,1,0.994466666666666,0,0,0,0.0404761536447506,0.9978,0.00222101175899698,0.00166785803595803,0
292,1.58566096738054,0,0.0321321202059406,0.999999999999999,0.999999999999999,0,0.562874498388082,0.996382654241409,0.999999999999999,0.9944,0.0056,0.998666666666666,0.999999999999999,0.9944,0,0,0,0.037839370037016,0.997866666666666,0.00199498942644327,0.00217411406353371,0
293,1.58537693643521,0,0.0332,1,1,0,0.565946894304818,0.996593448724322,1,0.994066666666667,0.00593333333333333,0.998547598596929,1,0.994066666666667,0,0,0,0.0393394354164525,0.997533333333334,0.00291767127576872,0.0018108225889661,0
294,1.58713170881539,0,0.0306178164020965,0.999999999999999,0.999999999999999,0,0.564916835575355,0.996664897731535,0.999999999999999,0.993866666666667,0.00613333333333333,0.998599999999999,0.999999999999999,0.993866666666667,0,0,0,0.0371294524979395,0.997666666666666,0.00253655966168353,0.00199970459028655,0
295,1.58798376852224,0,0.0315620496297022,0.999999999999999,0.999933333333332,0,0.562711473705925,0.996847406846557,0.999999999999999,0.994399999999999,0.0056,0.998933333333332,0.999999999999999,0.994399999999999,0,0,0,0.0377575074493119,0.998066666666666,0.00227273755981685,0.0021232319722669,0
296,1.58822118096858,0,0.031227097625292,1,0.999866666666667,0,0.56119013712708,0.996717365998372,1,0.993066666666667,0.00693333333333333,0.9986,1,0.993066666666667,0,0,0,0.0388136695824366,0.997464061779208,0.00215329546720679,0.00209445940648692,0
297,1.58831462564642,0,0.0302904499971687,1,0.999780889113836,0,0.552288957592184,0.996592000770127,1,0.993866666666666,0.00613333333333333,0.9986,1,0.993866666666666,0,0,0,0.0367183841093874,0.997733333333333,0.00307652014442771,0.00199930749690321,0
298,1.59001443612366,0,0.0311199246612377,1,0.999666666666666,0,0.555054149499437,0.996748329954284,1,0.993,0.007,0.9982,1,0.993,0,0,0,0.0383976182124404,0.997333333333333,0.00182868257433035,0.00257267646682095,0
299,1.58883147509422,0,0.0294666666666667,1,0.999866666666667,0,0.546642332875976,0.996597114062595,1,0.993933333333334,0.00606666666666666,0.998733333333333,1,0.993933333333334,0,0,0,0.0356211766175727,0.997866666666667,0.00254034649044146,0.00224529235853735,0
300,1.58930026638584,0,0.0280733081920523,0.999999999999999,0.999733333333333,0,0.541575916063583,0.996565024686598,0.999999999999999,0.993199999999999,0.0068,0.998666666666666,0.999999999999999,0.993199999999999,0,0,0,0.0350726011452649,0.997599999999999,0.00239400483691158,0.00127026807429707,0
