"X","PopRatio","KC","LC","aKC","Prol_KC","Diff_KC","preDiff_KC","pDC","iDC","M1","M2","Neutrophil","Th0","Th1","Th2","Th17","Th22","Treg","Fibroblast","Division","Death","ILC3"
0,1.36335026305308,0.0537047507111522,0.253334118632231,0.999999999999998,0.934450932207114,0.0320689136049494,0.199922207166674,0.996625180206705,0.999999999999998,0.948376972233159,0.0444,0.992057023261194,0.999999999999998,0.947196401687294,0,0.946799999999999,0.947929251492823,0.287967950218389,0.920333333333332,0.00789006330508968,0.00497434933073414,0.999999999999999
1,1.36732540246701,0.0495205324995451,0.248845197293144,0.999999999999999,0.933601109299474,0.0291596040486488,0.197325181129655,0.996561584024507,0.999999999999999,0.94960505832587,0.0431333333333333,0.993055973232889,0.999999999999999,0.948482417655432,0,0.946714463431905,0.949854576026972,0.284749311832314,0.919371977509395,0.00448942242523771,0.00252067898203523,0.999999999999999
2,1.37001731538784,0.0509341322046836,0.249357344632502,1,0.934608778091954,0.0319855329112027,0.200856361055667,0.996596873158865,1,0.948301389121697,0.0434666666666667,0.993161278760032,1,0.947850763254478,0,0.945100966400335,0.949548409177008,0.286584693450878,0.920768012435767,0.00348992496379271,0.00292907989401954,0.999999999999998
3,1.37078568284468,0.0495820717469127,0.241374810278374,0.999999999999999,0.929999717222224,0.0316973571128175,0.200555840365483,0.996664142154494,0.999999999999999,0.947392474663099,0.0440666666666667,0.993359118592753,0.999999999999999,0.9461635062394,0,0.944362859850103,0.948104610462079,0.278672171401149,0.916178691305604,0.00498081613472632,0.00257919752368506,0.999999999999998
4,1.37407778725234,0.0479529420182161,0.235652394176483,1,0.930915171110974,0.0295390543882883,0.202802581943825,0.996889508917942,1,0.947353550750216,0.0449333333333333,0.991840624439173,1,0.946525219884581,0,0.944177495122144,0.947248138194324,0.274264735169657,0.917609240535273,0.00372139305874831,0.00302264946369145,0.999999999999999
5,1.37503791530529,0.0481056286011252,0.235668136394555,0.999999999999999,0.933074989641337,0.0295485125715053,0.206568127091445,0.996594584886593,0.999999999999999,0.945634009766611,0.0471333333333333,0.992188373404817,0.999999999999999,0.944751619057509,0,0.941560807310973,0.945855268478923,0.273846083011891,0.918514645240951,0.0041518431845792,0.00264778977876254,0.999999999999998
6,1.37706651652693,0.0475071951776763,0.2308082953874,0.999999999999998,0.931395115824076,0.0298751716913325,0.206398362529435,0.996519132000103,0.999999999999998,0.947338168239737,0.0458666666666666,0.993286689703862,0.999999999999998,0.945555966321952,0,0.942467254484648,0.948399999999999,0.269899972001847,0.917930764825403,0.0044339634960266,0.00290029931440843,1
7,1.37917847411904,0.0462447890044787,0.234239244765678,0.999999999999999,0.933936318481637,0.0296623352288202,0.200442672108286,0.99651428851132,0.999999999999999,0.947251141563853,0.0456666666666666,0.992214259948354,0.999999999999999,0.945242670449916,0,0.942806236397713,0.948921589052208,0.27229490502259,0.920200169973739,0.00495063389110914,0.00251688936505092,0.999999999999999
8,1.38253504218088,0.0478740662269643,0.231399712238069,0.999999999999999,0.93409206733193,0.030668593318427,0.202878202598274,0.996546283710525,0.999999999999999,0.947322327762295,0.0448,0.99272632641785,0.999999999999999,0.947019005916648,0,0.944376743305748,0.950419813696471,0.268153055995439,0.921856024370089,0.00401551024377224,0.00266614052086335,0.999999999999999
9,1.38440059310766,0.0465347709293727,0.221915954286629,0.999999999999999,0.933621739652786,0.0304666666666667,0.206487450217252,0.996381253985388,0.999999999999999,0.949403240750989,0.0428,0.993064906801248,0.999999999999999,0.949140076830036,0,0.945652052425188,0.952989295384043,0.257017798542268,0.921799230860121,0.00504630889979227,0.00345169020410127,1
10,1.38660818417575,0.0443333333333333,0.222672167792407,0.999999999999999,0.932743052987698,0.0298804235987542,0.211996577817894,0.996711623693794,0.999999999999999,0.9516,0.0421825725045962,0.993249981213887,0.999999999999999,0.950804112790956,0,0.948676868393237,0.953658114428848,0.257099064267018,0.919632579298031,0.00468993334696481,0.00343496661820182,0.999999999999999
11,1.38834833131272,0.0439365528361186,0.217378306579565,0.999999999999998,0.934550821346788,0.029039394889071,0.214110982698112,0.996527443605581,0.999999999999998,0.949933333333332,0.043,0.993277244839884,0.999999999999998,0.950925030371856,0,0.948193545180178,0.952997775254004,0.252673079865464,0.920103511318968,0.00467243116353019,0.00292556830629841,1
12,1.39070914357554,0.0452440434876295,0.217105404540397,0.999999999999999,0.934870893238024,0.0290187270445389,0.213306151975883,0.996698522644262,0.999999999999999,0.947144709237574,0.0456,0.993431211651922,0.999999999999999,0.948340651236666,0,0.944524525206046,0.949999999999999,0.252832396128006,0.918913441727087,0.00445336036244286,0.00274809073934875,0.999999999999998
13,1.39308067763264,0.0468787367098709,0.214423441569361,0.999999999999999,0.935741095667385,0.0306894274409288,0.213157881808453,0.99662848400816,0.999999999999999,0.944814133866407,0.0475333333333333,0.993211044583504,0.999999999999999,0.945924629327378,0,0.942092098973457,0.947440022346984,0.249474911871359,0.919956156618522,0.00354506201492908,0.00215665836567584,0.999999999999999
14,1.39498609737294,0.0477007351775075,0.21294269396518,0.999999999999999,0.934350702799147,0.0306956016552952,0.213506046769746,0.996780244655459,0.999999999999999,0.943963472882595,0.04867169460874,0.99288128555553,0.999999999999999,0.945239273303823,0,0.940660362314832,0.94638085756565,0.249863258191036,0.918242937603349,0.00415715232427479,0.00293628383182751,0.999999999999999
15,1.39668919194663,0.0474780307131506,0.214687009774287,0.999999999999998,0.935252223700855,0.030063941936852,0.218372564343424,0.996501783706632,0.999999999999998,0.944794959898879,0.0493333333333333,0.991641934959356,0.999999999999998,0.9443663523416,0,0.939640237345789,0.946823746428422,0.250377793683339,0.919552907423038,0.00384958017953241,0.0031392212121704,1
16,1.39768134263874,0.0465274380986841,0.211495537421886,1,0.934363579264501,0.0293614413732147,0.217117587357225,0.996622425857447,1,0.942748932076417,0.0512666666666667,0.992014004879439,1,0.941794544755817,0,0.938419856134711,0.945028296553721,0.247494449985286,0.918816919033737,0.00437910226398688,0.00295992628890755,0.999999999999999
17,1.39966489842103,0.0470107189733768,0.20978838261478,0.999999999999998,0.934982997005307,0.0287959640313412,0.221243291720427,0.996777573510795,0.999999999999998,0.942773775661819,0.0528666666666666,0.992009615053404,0.999999999999998,0.939990840306268,0,0.937841908378733,0.943422327471532,0.244426184960776,0.91993192952212,0.00453615033680374,0.00208744888161834,0.999999999999999
18,1.40299894890134,0.0475484813319411,0.210066506013114,0.999999999999999,0.936975031032267,0.0290427920807191,0.222925803148203,0.996427059928439,0.999999999999999,0.941981499941706,0.0546666666666666,0.992602802720155,0.999999999999999,0.938222096990277,0,0.936824411168434,0.942333140615515,0.24358118245936,0.920798276139878,0.00317719100060352,0.00302371119784834,1
19,1.40312074764002,0.0483777467860806,0.205558405417195,0.999999999999999,0.935501143134849,0.0295162861326674,0.223743007613115,0.996641435213289,0.999999999999999,0.940866666666667,0.0555333333333333,0.992598297670491,0.999999999999999,0.937124948824378,0,0.937207444796111,0.941036575138969,0.239148531779587,0.919200836557422,0.0045998729722498,0.00265308060679503,0.999999999999999
20,1.4057993253278,0.0471229907990931,0.202040457688954,0.999999999999999,0.937379066646435,0.0291348393842559,0.222896991180244,0.996853648079777,0.999999999999999,0.941860989551953,0.0545333333333333,0.992609511667267,0.999999999999999,0.938715856122344,0,0.939169395404366,0.942323980293452,0.236054597405998,0.922533047559801,0.00414152100217243,0.0025605862417993,0.999999999999999
21,1.40802180234732,0.0499735549478954,0.204909487576668,0.999999999999999,0.936578150006152,0.0314064675269193,0.221827587392838,0.996630747289906,0.999999999999999,0.939193708517975,0.0568,0.992895977644802,0.999999999999999,0.93643701019298,0,0.936422849139678,0.940324171101155,0.23763094859525,0.92292592213383,0.00408478646510053,0.00288136971865329,1
22,1.40971623936362,0.049814517437061,0.204027004584026,0.999999999999999,0.938186665919589,0.0315396199795171,0.216973844569313,0.996645026007984,0.999999999999999,0.937893722215292,0.0585333333333333,0.993672815656431,0.999999999999999,0.934551841687739,0,0.934881280350931,0.938718804146293,0.239281924710983,0.923163580641474,0.00416784123262129,0.00217463819068872,1
23,1.41252609006019,0.0486487805688362,0.204554651960613,0.999999999999999,0.94013651787237,0.0304719570221626,0.218025924982776,0.996874050012715,0.999999999999999,0.937199999999999,0.0593333333333333,0.992062600578395,0.999999999999999,0.933987843030025,0,0.934439118441804,0.938016433178283,0.239287005328402,0.92534337301774,0.00459536915065995,0.00247088266772544,1
24,1.41552698264531,0.0491273240167659,0.201543585598004,0.999999999999998,0.938605660339042,0.031450162993814,0.217280508108886,0.996518370207992,0.999999999999998,0.936517087115598,0.0587333333333333,0.991803734148147,0.999999999999998,0.93359968066899,0,0.934723540399937,0.937999999999999,0.237212051090427,0.925030251236317,0.00520859136390712,0.00274995442688557,1
25,1.41900724957019,0.0484098034612471,0.199220328188743,0.999999999999998,0.940869142893373,0.0304644496156206,0.21803538061982,0.99675086252907,0.999999999999998,0.938698157147396,0.0572,0.991302825765551,0.999999999999998,0.934515667301998,0,0.937226028151784,0.939190296279693,0.233242464730185,0.928211230863825,0.00381162531705751,0.00290483305105,0.999999999999999
26,1.42029399436951,0.0489565030392969,0.195162227997867,0.999999999999997,0.942662206238452,0.0311701627612695,0.221451680006961,0.996542770940898,0.999999999999997,0.94101972890925,0.0553035425491281,0.991543471890245,0.999999999999997,0.937096324617204,0,0.938666666666665,0.941226556929164,0.227041159000728,0.929845854656851,0.00430648540117816,0.00274085070026498,0.999999999999998
27,1.42251765593258,0.045036307947749,0.187062152137953,1,0.944354092183153,0.0284379764179362,0.223403347176271,0.996647186541117,1,0.942,0.0543333333333333,0.992779791089869,1,0.938726800975631,0,0.940632197191544,0.941,0.217795328536566,0.930383147443822,0.00430531060758549,0.00234505834599873,0.999999999999999
28,1.42530614938477,0.0462422007893407,0.189806273977791,1,0.945050455455313,0.0279972179510871,0.223142439994599,0.996705963764325,1,0.942403120738077,0.0544666666666666,0.993490509748128,1,0.938700672376767,0,0.940666666666667,0.941187956802936,0.221191653333401,0.931500872102041,0.00479032845137606,0.00247450961990268,0.999999999999999
29,1.42860690020613,0.0466343374248494,0.192946476183966,0.999999999999999,0.946651544116382,0.0284923969230719,0.225488759718466,0.996522706737904,0.999999999999999,0.943770454558199,0.0531333333333333,0.994326089472929,0.999999999999999,0.94109345397752,0,0.942742496075161,0.941986849801158,0.22245408242907,0.934178195487226,0.0047199467649474,0.00333424102786003,1
30,1.43058652898379,0.0467856290646608,0.19418894206389,0.999999999999997,0.94839210938052,0.0276274624829812,0.225809533763605,0.996924118217307,0.999999999999997,0.942066666666665,0.0551333333333333,0.994846424906059,0.999999999999997,0.940047648100001,0,0.940199999999999,0.940132359717702,0.223160510406336,0.936090228223532,0.00493053823926994,0.00275612260890256,0.999999999999999
31,1.433697218693,0.0463736748165998,0.191441597959102,0.999999999999998,0.945796248428234,0.0269072886805059,0.230772533428778,0.996510981735315,0.999999999999998,0.940742664188388,0.056,0.995141715386349,0.999999999999998,0.938999999999999,0,0.939082244942527,0.939066666666666,0.222631622044456,0.933044814894937,0.00426638229332131,0.00250022498494198,1
32,1.4362293535138,0.0461517972801672,0.189741124030353,0.999999999999999,0.94885882486422,0.025194984787185,0.235067476740489,0.996528520140184,0.999999999999999,0.94397451502267,0.0534,0.995243797305886,0.999999999999999,0.942246857153584,0,0.941476119588132,0.94209987623731,0.218714811360732,0.936340222870717,0.00461844014307551,0.00305333992126875,0.999999999999999
33,1.43847719639355,0.0470564122405188,0.192806777629326,0.999999999999999,0.950819062225851,0.0255603198710214,0.234687500308371,0.996836005101841,0.999999999999999,0.945266917076588,0.0528666666666667,0.994690382195774,0.999999999999999,0.944061690904084,0,0.942288267693834,0.943353221073516,0.222566131583989,0.938371253659923,0.00387510797613342,0.00341519320398598,1
34,1.43913877330556,0.0482772305041081,0.191522453829402,0.999999999999998,0.953838588513975,0.0267294023885103,0.238055431204558,0.996677576137529,0.999999999999998,0.944076605096656,0.054,0.994747318651297,0.999999999999998,0.943449549523357,0,0.941298432165788,0.942241275022819,0.222264951207254,0.941393899992725,0.00525522159701018,0.00194615622880178,1
35,1.44381205567036,0.0487870527611935,0.19060449127972,1,0.95457868930882,0.0281333333333333,0.238042615933392,0.996605822233804,1,0.94356411925593,0.0550666666666666,0.994779454598372,1,0.942832640690466,0,0.941586039464257,0.941233931464132,0.222458218184135,0.941988283235825,0.00560868768678206,0.00280570200426865,1
36,1.44785904019065,0.0472901950724552,0.190972346915323,1,0.955299482507334,0.0286229124838146,0.23763193648599,0.996775094564922,1,0.943765320743201,0.0546,0.994055253364373,1,0.943533333333333,0,0.942352563671002,0.94227140536443,0.223713247889158,0.943443241727652,0.00429671700448983,0.00267006588612502,0.999999999999999
37,1.4501176777816,0.0465681410717149,0.188866007712256,0.999999999999999,0.952911795917131,0.0279932168831751,0.241577696759204,0.996568746018112,0.999999999999999,0.942707474941061,0.0553999999999999,0.994370151663932,0.999999999999999,0.942919639726985,0,0.941200979587267,0.940948235170977,0.222586051715632,0.940805082912965,0.00457575250273481,0.00331802093815068,0.999999999999999
38,1.4519415365573,0.0497945079046665,0.197673055607808,0.999999999999999,0.951185230401271,0.0310013106873888,0.240389207338616,0.996872784254753,0.999999999999999,0.943996989300145,0.0542666666666666,0.99510035291061,0.999999999999999,0.944039243934884,0,0.943002040768756,0.942468786083558,0.230908342650145,0.938548907877814,0.00488461124766755,0.00290379074983194,1
39,1.45481757211457,0.0502058231833175,0.193015523729288,1,0.949928796402824,0.0323761444887056,0.240352336738149,0.996680039226568,1,0.943240078975812,0.0551333333333334,0.995009433526718,1,0.943510310602894,0,0.942600000000001,0.94189980321956,0.226758548091993,0.937593517714783,0.00528840130755275,0.00301558529497854,0.999999999999999
40,1.45812410478785,0.0506573536231227,0.193771326998925,0.999999999999999,0.948608230711244,0.0322573014465905,0.242477928368599,0.996566473803665,0.999999999999999,0.941546234568132,0.0568666666666666,0.993825359772827,0.999999999999999,0.942703585226308,0,0.941487076765212,0.94040511835365,0.226227109784146,0.936978988438056,0.00498854647694158,0.00280532241287591,0.999999999999999
41,1.46130751642181,0.050981967477367,0.191221810302252,1,0.951794995272871,0.0308614462419035,0.243850255006211,0.996535510668365,1,0.9474,0.051,0.994659656684853,1,0.948749273031532,0,0.94696819611577,0.946007981726278,0.220631978619059,0.940059057073392,0.00431141190933503,0.00321792365140132,1
42,1.4628289099452,0.0505913192804439,0.185700261737617,0.999999999999999,0.951559899615441,0.0300850282273798,0.24603536327295,0.996587256706465,0.999999999999999,0.949400545588067,0.0487333333333333,0.994929286871623,0.999999999999999,0.950933333333333,0,0.949586962192249,0.9478015287929,0.214113370288812,0.940282721596564,0.00436822105687902,0.00222498594565341,0.999999999999999
43,1.46596409622671,0.0480517898151612,0.183579935910424,0.999999999999999,0.951992367415199,0.0290180442578663,0.251390816323733,0.996932767839575,0.999999999999999,0.949184146972809,0.0484666666666667,0.995625848537272,0.999999999999999,0.951161688921471,0,0.949933191179332,0.947733871652283,0.210731545854816,0.94257858423158,0.0047335598349641,0.00258849650694345,1
44,1.46910868204972,0.0486587915291474,0.19212847950069,1,0.951103879202277,0.0284666666666667,0.251491824091098,0.996496957529779,1,0.946545661422571,0.0510195984915388,0.995033496528186,1,0.948752925966343,0,0.947066666666667,0.945662137026158,0.21827980172742,0.941280828094705,0.00394617669800419,0.00268099633768751,0.999999999999998
45,1.47092148394057,0.0489344403970998,0.190084027590132,1,0.953040098041982,0.0285293911132106,0.251453482244534,0.996640264731015,1,0.944800745557534,0.0523333333333333,0.995207236787559,1,0.947266666666666,0,0.945513926533513,0.943910080836552,0.217307003869603,0.942772235677274,0.00465825705251299,0.00310575197241658,0.999999999999999
46,1.47320509701681,0.0456542970245456,0.182099248395121,0.999999999999999,0.95115243719078,0.0275450252227855,0.251015791712693,0.996742792346997,0.999999999999999,0.943466666666666,0.0536666666666667,0.99485749892048,0.999999999999999,0.945889002022127,0,0.94442545700243,0.943066666666666,0.211705729932298,0.942087425384452,0.00506675377483139,0.00286546823937344,1
47,1.47637536366859,0.0462826123500423,0.183925279336426,1,0.951232297150492,0.0275239223719028,0.248755706468081,0.996726561767192,1,0.94333790673044,0.0532320009010695,0.995393879462396,1,0.946266666666666,0,0.9452,0.9432,0.213235791990137,0.942661449863605,0.00367347391376127,0.00317295395629392,1
48,1.47711431900282,0.0481414484164578,0.184136146728289,0.999999999999999,0.950329195817657,0.0284156018450949,0.246373601332791,0.996634069604058,0.999999999999999,0.944206458446114,0.0520666666666666,0.995045436186295,0.999999999999999,0.947419626228037,0,0.946398716215822,0.944554752031521,0.21455752717096,0.942384248536778,0.00534238815848982,0.0023238695897389,0.999999999999999
49,1.4815730160029,0.0450312639869372,0.180568100554287,0.999999999999999,0.951000917867574,0.0263215800185872,0.248899277672391,0.996819977600188,0.999999999999999,0.94086628632331,0.0546,0.995177125728514,0.999999999999999,0.944541412090713,0,0.94384647843523,0.94249803430318,0.211666158470672,0.943670059282165,0.00406304874984235,0.00244790977040448,1
50,1.48396596233192,0.0432441301443026,0.177357030678391,0.999999999999999,0.951675896461458,0.0266986628853269,0.25267353847191,0.996540435506965,0.999999999999999,0.943574876624002,0.0524,0.99502323357857,0.999999999999999,0.946896163203718,0,0.946175543813244,0.944759500470702,0.207496780568208,0.945007808239453,0.00521379803215109,0.00267015850478375,0.999999999999999
51,1.48774063681098,0.0432265944024784,0.171885643923028,1,0.951123077523982,0.0271972130031462,0.255737607856782,0.996954972803068,1,0.944313615829206,0.0510942541321404,0.994830137334311,1,0.948313438170547,0,0.94776934828274,0.947066666666667,0.200370725271445,0.945040928956533,0.00406095310632183,0.0020995115086553,0.999999999999999
52,1.49065875318256,0.0423548500086843,0.169285279368578,0.999999999999999,0.951752645508482,0.0263507455066951,0.252761800261147,0.996769570906114,0.999999999999999,0.940672623598529,0.0538,0.994886917996736,0.999999999999999,0.94535639829085,0,0.944805877882429,0.944333333333332,0.198647517285362,0.945288142931856,0.00453887271465747,0.00274029690019624,0.999999999999999
53,1.49333981596364,0.0402635394747301,0.166408626524146,1,0.95377493957505,0.0265805687499659,0.251609328129972,0.996878274772434,1,0.94192626220732,0.0526666666666666,0.995365649608541,1,0.946401080861973,0,0.946066666666667,0.945490466405422,0.194759211569944,0.947732663037029,0.00464195215177127,0.0025057892323406,1
54,1.49652983310461,0.038962956434208,0.1630591481748,0.999999999999999,0.954772252488952,0.0275350393353864,0.252656228303668,0.996626210222378,0.999999999999999,0.942214225031848,0.0527333333333333,0.995015674395755,0.999999999999999,0.946540518467367,0,0.946227324654112,0.945340936550929,0.191767406363206,0.948925795760298,0.00461064411801026,0.00285785348800894,1
55,1.4991529365736,0.0400933712495992,0.164424753867127,1,0.952147662240803,0.0279923023925062,0.250482860455649,0.996639155009138,1,0.939279426431442,0.0551333333333333,0.994880633643054,1,0.943933333333334,0,0.943548389639302,0.9432,0.195040292107347,0.946774526563253,0.0038265828085387,0.00311318841285666,0.999999999999999
56,1.50022242387682,0.0414110789114849,0.166717584165377,1,0.95305243347759,0.0285015684253316,0.25830881742224,0.996464165677092,1,0.9384907472826,0.0564,0.994473612074678,1,0.942635200419327,0,0.942112570839763,0.942266666666666,0.195959342113309,0.947037000636208,0.00464316768977801,0.00311293632793837,1
57,1.50251811127957,0.0411406840214181,0.166315875456501,0.999999999999998,0.954418320662798,0.0302334083499482,0.258843413735424,0.99690897764057,0.999999999999998,0.937599999999999,0.0586,0.995763738048632,0.999999999999998,0.940133333333332,0,0.939866666666666,0.940133333333332,0.196727381143141,0.948660479874371,0.00539996134097746,0.0033480783198854,0.999999999999999
58,1.50560110268099,0.0395455077130342,0.162155605533141,1,0.95480010533582,0.0281233017780595,0.26764323756738,0.996871756187093,1,0.939,0.0571333333333333,0.995409111991274,1,0.941086800397109,0,0.94094688985419,0.940809001055975,0.194286868984511,0.948896455309502,0.0046577074547491,0.00330757822915734,1
59,1.5076338587318,0.0383433202894754,0.153710734082128,0.999999999999999,0.962308485184224,0.0260723760275479,0.272838807197358,0.996774093466992,0.999999999999999,0.940991861608796,0.0554666666666667,0.995538288954226,0.999999999999999,0.943033671332132,0,0.942866666666667,0.942804450158347,0.183896638343291,0.957121687149389,0.00361172180193437,0.00278648565745107,1
60,1.50887801268467,0.0401335118720895,0.155294073845495,1,0.960731074016887,0.0277333333333333,0.275147860797402,0.996822098834908,1,0.94239468786667,0.0540666666666666,0.994887378548215,1,0.944636140407276,0,0.944147156584479,0.944333333333334,0.18454451733513,0.955355441632458,0.00381511017504836,0.00256928906016192,1
61,1.51075780477266,0.0410323009861744,0.15891829599951,0.999999999999999,0.961990895099154,0.027596122907343,0.277932650949258,0.996578839110746,0.999999999999999,0.94281760091074,0.0530666666666667,0.995303385635044,0.999999999999999,0.945599999999999,0,0.945049159296403,0.945235235973297,0.185539416558524,0.957165905896674,0.00455597376147551,0.00230734642636037,0.999999999999999
62,1.51415493606921,0.0389698396680603,0.156149727436021,0.999999999999999,0.962416636509763,0.0261731884511383,0.276461159172503,0.996768117475513,0.999999999999999,0.944295180610433,0.0522666666666666,0.996337373208698,0.999999999999999,0.946099375651571,0,0.946,0.945679761675047,0.183380891571769,0.957784697724909,0.0049670894689109,0.00192648720788103,0.999999999999999
63,1.51875887899137,0.0382444237619548,0.158497333536595,0.999999999999999,0.963395708978749,0.0270108121411926,0.279672447064663,0.996819081319222,0.999999999999999,0.942412168629521,0.0543333333333333,0.996803356570106,0.999999999999999,0.944666666666666,0,0.9444,0.9438,0.185173361310439,0.958017979423276,0.00363288815124952,0.00255742208617368,0.999999999999999
64,1.52037585600673,0.0376862433887868,0.155152088503529,1,0.964610551803785,0.0271333333333333,0.279212825306657,0.996563334937431,1,0.941245449380269,0.0558666666666667,0.996688709922152,1,0.943333333333334,0,0.943,0.9426,0.183155923090295,0.958375137679545,0.00431689118796091,0.00269288760292997,1
65,1.52284495184748,0.0343958692892725,0.152374506289174,1,0.965389183694711,0.0252865345725674,0.280547374665255,0.996563927265761,1,0.940787505056261,0.0563333333333333,0.997161411814802,1,0.942666666666667,0,0.9426,0.941866666666667,0.182453187218492,0.960340682741413,0.00415207215565653,0.00279770823162157,1
66,1.52490743811216,0.0353794060856827,0.153773522943887,0.999999999999999,0.964755097673188,0.0264241776403285,0.285453862583357,0.996789430326457,0.999999999999999,0.940005299173814,0.0568666666666666,0.997078582920896,0.999999999999999,0.941733333333333,0,0.941555781414583,0.941199999999999,0.184770924821463,0.960558366818975,0.00427967260093841,0.00241798817594034,1
67,1.52774633453925,0.0366,0.159908647380994,1,0.962856510771746,0.0259237202865931,0.284682237534247,0.996822262832852,1,0.93405607876786,0.0632,0.996278065245479,1,0.935466666666666,0,0.935251674933511,0.934866666666666,0.193867548649404,0.957735969826363,0.0038028591423998,0.00203801068608392,1
68,1.53044257529941,0.0391676200219195,0.160559815287463,1,0.963249632760151,0.0268726589010685,0.286245342038696,0.996527269395351,1,0.936107589143664,0.0611333333333333,0.996692183650888,1,0.937104418014661,0,0.937103138262574,0.9364,0.19441642731409,0.958093455008511,0.00370406419917644,0.00247833041678921,1
69,1.5322898517739,0.038600522797313,0.153936653226813,0.999999999999999,0.964457082709162,0.0260247357116122,0.282895691436907,0.996464944155798,0.999999999999999,0.936666666666666,0.0594666666666666,0.997374907075122,0.999999999999999,0.938666666666666,0,0.938650626233215,0.937491256892204,0.186660066923951,0.960150527880163,0.00432713687131755,0.00279555300799583,1
70,1.53453452952802,0.0377604003880781,0.151670024464024,1,0.965273649195887,0.0261338558584474,0.288138773100836,0.996696949859253,1,0.939453451973493,0.0569333333333333,0.997351488834264,1,0.941343122723903,0,0.941266666666666,0.939740222890493,0.183586603223866,0.960904191744752,0.00482480037566022,0.00311303320026834,1
71,1.53716129536517,0.0389256661775252,0.15414470567879,0.999999999999999,0.965539113705185,0.0283978565973375,0.290423562974987,0.996677812014336,0.999999999999999,0.941889809793936,0.0550666666666667,0.997828442355126,0.999999999999999,0.942730859282,0,0.942188398919577,0.941454271524728,0.185936623888366,0.961129106472982,0.00464282857222542,0.002907633752148,1
72,1.53982856968251,0.039413544146851,0.152216994359994,1,0.9660547461902,0.0299532214213948,0.288447495133346,0.996834863653506,1,0.943439829989538,0.0532,0.998656032430745,1,0.944933333333333,0,0.944133333333333,0.943201097980713,0.184117448541667,0.962357499837933,0.00433670829404511,0.00196006759121503,0.999999999999999
73,1.5434881889366,0.0373172104903514,0.148255927594224,1,0.967798994127622,0.0301907045044147,0.289542356686234,0.996669459982816,1,0.944724415710248,0.0516,0.998734083353357,1,0.946933333333333,0,0.946066666666666,0.94497017996852,0.178110716490197,0.963908444515704,0.00407109312501032,0.00267915392929746,0.999999999999999
74,1.5456366306449,0.0373501022528331,0.147421771745347,0.999999999999999,0.968472914077579,0.0297318526883844,0.287900374652818,0.996609296344938,0.999999999999999,0.946099537588096,0.0512,0.998179856010242,0.999999999999999,0.94771284621145,0,0.946733333333332,0.946230812279271,0.176504653542151,0.963435277912345,0.00503055463951331,0.00299073834164466,1
75,1.54878944543467,0.0364666666666667,0.151847734308279,0.999999999999999,0.968243242104161,0.0299896537312881,0.290755267282488,0.996680725522482,0.999999999999999,0.943618654875689,0.0530666666666667,0.998852034276851,0.999999999999999,0.946133333333332,0,0.944794525788078,0.944399999999999,0.182585498461827,0.962834185132761,0.00468740463642101,0.00238667132647026,1
76,1.55234999630509,0.0351333333333333,0.145975160714384,1,0.968501588052381,0.0281686257670804,0.294858279639249,0.996503695391284,1,0.93929839888781,0.0574666666666666,0.998254191619534,1,0.941533333333333,0,0.940266666666667,0.94,0.180979248843138,0.962933333333333,0.0049719211349396,0.00252500157282996,0.999999999999999
77,1.55614847187829,0.0336890924772115,0.14322206664406,1,0.970520984199899,0.0260070635848182,0.297209489511597,0.99658139823941,1,0.941268445892193,0.0554,0.998265332733182,1,0.943733333333334,0,0.942492380534766,0.942412509502612,0.176641651256139,0.965350514664077,0.00520241576637072,0.00258158369082416,1
78,1.5602268757077,0.0330922315541825,0.143359433132771,1,0.971986938394657,0.0250830298140105,0.297318635522632,0.996972234478913,1,0.941343217013767,0.0556666666666666,0.998075030441549,1,0.943333333333333,0,0.942066666666666,0.942066666666666,0.176534932542916,0.967308316611497,0.00428770685604344,0.002455276750494,0.999999999999999
79,1.56298812518006,0.0352666666666667,0.144491972996049,1,0.971684135187839,0.0270466563343043,0.298671394701241,0.996781259881493,1,0.943238204343687,0.0544666666666667,0.998204465641989,1,0.9442,0,0.943241152698818,0.943,0.177635236226204,0.966805401279778,0.00486192299473764,0.00259597438480144,0.999999999999999
80,1.56652977594966,0.0322076928586831,0.140982405899707,1,0.972722399385333,0.0247471495716161,0.301322307194256,0.996585961267222,1,0.945588475275566,0.0522666666666666,0.997960631059989,1,0.945950288832182,0,0.945001438549318,0.944885792216091,0.172242499032491,0.967906190281917,0.0042154302747568,0.00274390797547289,0.999999999999999
81,1.56883495944746,0.0308312936534647,0.142873809837354,0.999999999999999,0.972794934146641,0.0246769448061564,0.298677062725452,0.996567672577646,0.999999999999999,0.947399999999999,0.0511333333333333,0.997884820577742,0.999999999999999,0.947133333333333,0,0.945866666666666,0.945987214236772,0.172912775720817,0.96831994422774,0.00493865967930922,0.00210814842369075,1
82,1.57327556445838,0.0326418344439313,0.144388592178868,0.999999999999999,0.973445018151188,0.0255655937366255,0.303112975141403,0.99680770692412,0.999999999999999,0.945142620316623,0.054,0.997392310086946,0.999999999999999,0.943933333333333,0,0.943501412694952,0.943254717556012,0.175652263168477,0.969235834588904,0.00427815490266615,0.00334505328545689,1
83,1.57474359043189,0.0321924172085233,0.138256979339457,0.999999999999999,0.974357535489736,0.0253561919570944,0.306869279503547,0.996551673569988,0.999999999999999,0.945037699838971,0.0541333333333333,0.99684483305406,0.999999999999999,0.944,0,0.943252860630906,0.943144933201117,0.170837675932386,0.969334667617841,0.00484243489296906,0.00292210838415646,0.999999999999999
84,1.57776761229318,0.0294388644613534,0.133458921231946,1,0.972672375119386,0.0230838684838448,0.306978352292275,0.996601208310553,1,0.947570847925859,0.0516,0.996340131726086,1,0.946608562555509,0,0.946067650414962,0.945421459296034,0.165889255945084,0.96771308286745,0.00493988900111813,0.00285140527757624,0.999999999999999
85,1.58106275427099,0.0299032188765662,0.133355371018112,1,0.973218378156208,0.0229385048576729,0.306228766739014,0.996556645665225,1,0.945733560373446,0.0534,0.995651797181794,1,0.944419839722999,0,0.9442,0.943266666666667,0.166839202222638,0.96752963340958,0.00509469873934272,0.00344798060010259,1
86,1.58366631898772,0.0277751590875404,0.127542660306296,1,0.973252920584472,0.0211371524759298,0.309924962137471,0.996809395879979,1,0.9484,0.0508,0.996296530178929,1,0.947219711591761,0,0.94749742824416,0.946066666666666,0.159650787608484,0.968688064546956,0.00492503799365017,0.00239046368173555,0.999999999999999
87,1.58768023895847,0.0277630767313305,0.126589865053891,1,0.971813452999995,0.0217882269776445,0.304214677765261,0.99670523803139,1,0.947102779365465,0.0515991086772545,0.99617464258128,1,0.946266666666667,0,0.946052762896111,0.945066666666667,0.158253280778773,0.966568106747971,0.0051921029186423,0.0024082820224666,1
88,1.59210005638413,0.025836245420479,0.125017122703954,1,0.972635141540524,0.0201615226021533,0.300926334928702,0.996620817715692,1,0.945226118648926,0.0542,0.995809265906168,1,0.944133333333334,0,0.944067387652156,0.942875083867457,0.158704303168483,0.967913692321414,0.00416620110434764,0.00222206271700434,1
89,1.59519531922024,0.022275651260823,0.122656277069795,0.999999999999999,0.974669366411117,0.01865191340364,0.305758150253979,0.996724857364213,0.999999999999999,0.946733333333333,0.0527333333333333,0.995031626497701,0.999999999999999,0.945866666666666,0,0.945647133555867,0.945133333333333,0.15541967996047,0.970102109721693,0.00365152248676692,0.00341992523030806,0.999999999999999
90,1.59556476207968,0.0209323358020972,0.118327293849096,1,0.975029593881265,0.0183732193298729,0.311987429001579,0.99666539848427,1,0.950352057677093,0.0491333333333333,0.9954,1,0.949311944574657,0,0.949044759911169,0.948822776295333,0.147507706842068,0.970814944053432,0.00509251803805005,0.00256590632011737,1
91,1.59959613470427,0.0201874099738113,0.115217614469739,1,0.975933333333333,0.0166,0.314320459747645,0.996575870373117,1,0.948904856699621,0.0508,0.994962505592635,1,0.947965751234002,0,0.947162056127689,0.946818928254743,0.144977946170721,0.972218401075931,0.00580100101322236,0.00325377832147124,1
92,1.60354528879929,0.0221333333333333,0.119374990874873,1,0.974919138016521,0.0178666666666667,0.320114066899353,0.996709248600228,1,0.948642262796986,0.0509333333333333,0.995133162508476,1,0.947498928836763,0,0.946985260739171,0.946333333333334,0.147812359217855,0.97131118334458,0.00457857835724497,0.00234664399074639,1
93,1.60711661610499,0.0228510977051721,0.11408666049304,0.999999999999999,0.977405773637761,0.0179748815433202,0.32115205726945,0.996470970822229,0.999999999999999,0.951666666666666,0.0481333333333333,0.994694334607958,0.999999999999999,0.950266666666666,0,0.950150424436568,0.9496,0.143383279622556,0.973722491508879,0.00552301848547564,0.00312668144134548,0.999999999999999
94,1.6109678091864,0.0241151139607216,0.117338997883344,1,0.977873617180665,0.0183667093085167,0.317814170197655,0.99661849942003,1,0.952266666666667,0.0474666666666667,0.995414222478629,1,0.9514,0,0.950533333333334,0.950933333333333,0.143518798833845,0.974593383359861,0.00480587439957066,0.00253929229233088,0.999999999999999
95,1.61461919999804,0.0245913965033672,0.11492376091615,0.999999999999999,0.978217703512178,0.0181834766584096,0.319796890925068,0.996755999392239,0.999999999999999,0.953761003542447,0.046,0.9957701055147,0.999999999999999,0.953333333333333,0,0.952377633662517,0.952666666666666,0.140635784329529,0.975358900320528,0.00524341868830733,0.00281539481460412,1
96,1.61851710583244,0.0240030233426484,0.1125154352654,1,0.978523018817614,0.0184013517125083,0.323493806517419,0.996601539261363,1,0.953133333333333,0.0468,0.995953285182126,1,0.952798674268296,0,0.951674903321297,0.951933333333333,0.138615650662549,0.9758,0.00526191120885887,0.00279800822891043,1
97,1.6225049749526,0.0252666666666667,0.11090988616213,0.999999999999999,0.979176735419667,0.0190421070156894,0.325817945583166,0.996900687756275,0.999999999999999,0.956533333333332,0.0433333333333333,0.996453519985905,0.999999999999999,0.956266666666666,0,0.955466666666666,0.955661285062622,0.135604202415799,0.976918093069723,0.00490794049505396,0.00310483831231657,0.999999999999999
98,1.62543051721444,0.0257510805044715,0.111973854193502,0.999999999999999,0.979261908790792,0.0196,0.321453239858547,0.996754187373963,0.999999999999999,0.958133333333333,0.0418666666666667,0.996334032638266,0.999999999999999,0.957727169636142,0,0.9572,0.957266666666666,0.136438009242636,0.976431395068436,0.00524780589117249,0.00233074407950743,1
99,1.63016109628772,0.0266,0.111463281562999,1,0.978334140736593,0.0194666666666667,0.319102121989962,0.996596729079153,1,0.955975644302572,0.0438666666666666,0.996732857844766,1,0.955363964265652,0,0.95488722711987,0.955093092831917,0.137234835695138,0.975666381974847,0.00392812062937372,0.00232898549000445,1
100,1.63264476343846,0.0268,0.112230471806256,0.999999999999999,0.978216618811521,0.0207333333333333,0.319382338231907,0.996774134581006,0.999999999999999,0.956678050504683,0.0431333333333333,0.996227523005898,0.999999999999999,0.956266666666666,0,0.9562,0.955733333333333,0.137851124017238,0.975066666666667,0.00442687609929712,0.00265096903957093,1
101,1.63543534581564,0.0272666666666667,0.113142550320462,0.999999999999999,0.975634254185712,0.0205522091350933,0.317591234245753,0.996681056219878,0.999999999999999,0.954294714274465,0.0454666666666666,0.995503088526056,0.999999999999999,0.953999999999999,0,0.953933333333333,0.953557029518781,0.1398,0.972041901518676,0.00436317031006344,0.00254156554774059,1
102,1.63830543360699,0.0257485589777908,0.111780089426149,0.999999999999999,0.976076169093864,0.0197117568185402,0.321948199237376,0.996635550493808,0.999999999999999,0.953933333333333,0.0459333333333333,0.996726471909118,0.999999999999999,0.953666666666666,0,0.953666666666666,0.9534,0.138739532284519,0.972066245184022,0.00336357058096123,0.00346773108175086,1
103,1.63813478689258,0.023398588590159,0.111638442896922,0.999999999999999,0.97550352365912,0.0175270364898812,0.323944142743225,0.996608615455981,0.999999999999999,0.954133333333333,0.0457999999999999,0.996705326811752,0.999999999999999,0.953733333333333,0,0.953599999999999,0.953399999999999,0.137190441364494,0.971573170746738,0.00511194978120113,0.00312003660624056,0.999999999999999
104,1.6413218509235,0.024,0.111265534487174,1,0.975308697683256,0.0189391553277252,0.325075772915345,0.996567907294524,1,0.9536,0.0463333333333333,0.996855983135831,1,0.953333333333333,0,0.953266666666667,0.952914149989799,0.138470092666953,0.971290750782549,0.0047348352150338,0.00276695421878527,1
105,1.64455177700266,0.0254967903935969,0.112804148102135,0.999999999999999,0.97730935637349,0.019411294884032,0.324258858371697,0.996670395097878,0.999999999999999,0.954266666666667,0.0456,0.996325102027171,0.999999999999999,0.954014767397387,0,0.953866666666667,0.953466666666667,0.139621754306774,0.972252084412207,0.00558215064615734,0.00289008029396916,1
106,1.64897902608417,0.0246564035750937,0.109887905541705,0.999999999999999,0.977631415859364,0.0198052434093631,0.327855967233302,0.996743046203589,0.999999999999999,0.953484456658901,0.0462,0.996272940311375,0.999999999999999,0.953476161131709,0,0.953333333333333,0.953035749345297,0.137795967471304,0.972676227909369,0.0042662928664146,0.00239643870666245,0.999999999999999
107,1.65206237637544,0.0252611968690133,0.115243966668422,0.999999999999999,0.978820384157321,0.0199552524812495,0.339902278783601,0.996757283310989,0.999999999999999,0.9544,0.0453333333333333,0.996091246474127,0.999999999999999,0.9544,0,0.9544,0.95418691489164,0.140454378897426,0.973916455439306,0.00453756791265117,0.00313292690688424,1
108,1.65438293093338,0.0237418557864689,0.11064706710423,1,0.978066666666667,0.0187479483936777,0.342730296432203,0.996665478430468,1,0.952533333333333,0.0471333333333333,0.995791558525401,1,0.9526,0,0.9526,0.952533333333333,0.137972832390828,0.972250814405685,0.00492117092474339,0.00296260656235594,0.999999999999999
109,1.65762314638365,0.0224836584325068,0.112895496307585,0.999999999999999,0.979047206767278,0.0180769131576188,0.347535795671185,0.996715877321144,0.999999999999999,0.950483365221387,0.049,0.99583041814388,0.999999999999999,0.950466666666666,0,0.950533333333333,0.950501882592412,0.140057330191867,0.973219473132676,0.00473206841582912,0.0026066268265647,0.999999999999999
110,1.6611463275583,0.0209848090085639,0.109291936693514,0.999999999999999,0.979924599714347,0.0170758739422329,0.352546124875185,0.996688401120271,0.999999999999999,0.949933333333333,0.0489999999999999,0.995519238226905,0.999999999999999,0.949933333333333,0,0.949999999999999,0.950270340482337,0.137356252319439,0.973836388391031,0.00475691804725526,0.00241844510966434,0.999999999999999
111,1.66503087329067,0.0195536752276462,0.111022578081012,0.999999999999999,0.980753659202169,0.0163333333333333,0.35018251081184,0.996677849516196,0.999999999999999,0.950283196393872,0.0485333333333333,0.995019966224101,0.999999999999999,0.950266666666666,0,0.950533333333333,0.950533333333333,0.138520640428892,0.975391542796668,0.00656035775847264,0.00231132590791926,1
112,1.67210564250343,0.0189661466474848,0.110327713513316,1,0.980725154868064,0.0160020200609316,0.354249966854839,0.996565973322795,1,0.95,0.0489333333333333,0.995300897241332,1,0.949933333333333,0,0.950354805050729,0.950333333333333,0.13913942338105,0.974566028875163,0.00478148638216742,0.00222061079821159,1
113,1.67638769701711,0.0194481678923041,0.109185610419131,0.999999999999999,0.98062955647565,0.0167661793620921,0.354207391052779,0.996526936095039,0.999999999999999,0.950733333333332,0.0484666666666666,0.994857124231633,0.999999999999999,0.950749648575735,0,0.950999999999999,0.950933333333332,0.139109882871868,0.974250658696223,0.00434625632687027,0.00341738182778494,1
114,1.67783309161965,0.0214570595196069,0.111053967744992,0.999999999999999,0.979733333333333,0.0182469960045616,0.357393704922095,0.996426565704788,0.999999999999999,0.948933333333333,0.0505333333333333,0.994493254146567,0.999999999999999,0.948866666666666,0,0.948933333333333,0.948933333333333,0.142292526383164,0.973076867888879,0.00517809775748855,0.00260793917464191,1
115,1.68214538874066,0.0216666666666667,0.111919992245285,1,0.979927407391531,0.0174011399300495,0.364823568881578,0.996727548949228,1,0.9498,0.0495333333333333,0.995263290093439,1,0.949866666666667,0,0.949866666666667,0.949866666666667,0.142103594554133,0.9752,0.00495025806944511,0.00245109264219005,1
116,1.68634934833981,0.0220329442632868,0.112529971301772,1,0.9826,0.0177552207968508,0.363660016426613,0.996622179042934,1,0.950466666666666,0.0488666666666666,0.995478422122792,1,0.950666666666666,0,0.950606857088047,0.9506,0.141941394540057,0.977851359517985,0.00428980821031233,0.00254472455497231,1
117,1.68929216902479,0.0246624603188076,0.118252696472546,1,0.983669171633963,0.0194548343228621,0.367099129200832,0.996581407762537,1,0.9494,0.0498666666666667,0.995014391074629,1,0.9498,0,0.949733333333333,0.949733333333333,0.147149876487715,0.97944606757647,0.00387407192107626,0.00302511755187933,1
118,1.69072630099254,0.026036688197739,0.115582884469754,1,0.983880408442401,0.0212,0.370287498909452,0.996566779427499,1,0.950066666666667,0.0493333333333333,0.994311005880303,1,0.950266666666667,0,0.9502,0.9502,0.144547202777728,0.979273102430167,0.00430198231093568,0.00249184338478843,1
119,1.69378675048343,0.0254652445118641,0.116405107649554,1,0.984203528282771,0.0223089112700841,0.377621086670375,0.996631769826368,1,0.951066666666666,0.0486,0.994972270961551,1,0.951066666666666,0,0.951066666666666,0.951066666666666,0.143702222752206,0.980063906652434,0.0044689410531702,0.00265043129268357,1
120,1.69686691822136,0.0242884479783034,0.117410784293981,0.999999999999999,0.983933333333333,0.0215914135039726,0.383586665926663,0.996689676221508,0.999999999999999,0.952845320439881,0.047,0.994640894897875,0.999999999999999,0.952866666666666,0,0.95290776620044,0.9528,0.143802584071805,0.979989932688958,0.0047146952938392,0.00315888639720722,0.999999999999999
121,1.69940408823329,0.0238487174031444,0.116108814810473,1,0.985133333333333,0.0208666666666667,0.387805543685115,0.996681737169559,1,0.953133333333333,0.0467333333333333,0.9944236020491,1,0.953133333333333,0,0.953133333333333,0.953066666666666,0.14266076880045,0.981666666666666,0.00507210365729686,0.00366248017302879,1
122,1.70179960814533,0.0258356236458628,0.116743050419663,0.999999999999999,0.986047895110314,0.023025968408264,0.382258957491862,0.99644490146557,0.999999999999999,0.953466666666666,0.0464,0.994158610424655,0.999999999999999,0.953533333333333,0,0.953466666666666,0.953466666666666,0.14392845019724,0.982957923880133,0.00503889910844513,0.00281993056547011,1
123,1.70557584794225,0.0300630168884043,0.121410726117997,1,0.986065260945809,0.0265650358192572,0.38431790372878,0.996766250643369,1,0.951266666666667,0.0486,0.993366701653966,1,0.951270966872644,0,0.951333333333333,0.951333333333333,0.150181295248232,0.983105059436617,0.00499675106775863,0.0026263512255082,1
124,1.70961874466315,0.0315346045692019,0.124840321050183,1,0.986032418151385,0.0286059967775813,0.389364597500149,0.996749334510477,1,0.9496,0.0502,0.992637341754994,1,0.9496,0,0.949736319497799,0.949733333333333,0.154570945051837,0.983049051044165,0.00506666280509697,0.00258164877751546,1
125,1.71386717122546,0.0334487434790128,0.12580005423643,0.999999999999999,0.985733333333333,0.0300712011449123,0.391494982748074,0.996948612662946,0.999999999999999,0.949933333333333,0.0499333333333333,0.993553300744731,0.999999999999999,0.949933333333333,0,0.949933333333333,0.949933333333333,0.157275084183895,0.982252935636523,0.00527674529004948,0.00257319223994871,1
126,1.71850070204369,0.0324062524018823,0.120397464190043,1,0.984851169443655,0.0282213410100779,0.396913877091674,0.996466947285709,1,0.953,0.047,0.9935544690074,1,0.953,0,0.953,0.953,0.152013756560919,0.981414716774354,0.00573573395623427,0.00287385316271756,1
127,1.72341884619651,0.0352718569169826,0.122065383713573,1,0.985666666666666,0.0306660577204495,0.393737802041681,0.996556762519669,1,0.952068837613201,0.0478666666666667,0.993369897631356,1,0.952133333333333,0,0.952133333333333,0.952095590315574,0.155150774626655,0.982198518646476,0.00445643923313423,0.00251602330917594,1
128,1.72676299556932,0.036529527580151,0.122658378288234,1,0.985928138672456,0.0326637114935193,0.394280286861269,0.996743600675392,1,0.952933333333333,0.047,0.994199032916629,1,0.953,0,0.952947655596556,0.952933333333333,0.154000681226316,0.982303871243017,0.00487542631106117,0.00204186014158753,1
129,1.73165589277627,0.0375540421706734,0.124196606614248,1,0.986133333333334,0.0341704656660217,0.393783483027271,0.996553816491369,1,0.9562,0.0437333333333333,0.994611978016552,1,0.956266666666667,0,0.9562,0.9562,0.154765441801479,0.982685432070412,0.00454641220033594,0.00284971672743131,0.999999999999999
130,1.73459398549017,0.0359119210662407,0.12095525399013,0.999999999999999,0.987425660049205,0.0323333333333333,0.38982238827877,0.996390588077112,0.999999999999999,0.958733333333333,0.0410666666666666,0.995272966448158,0.999999999999999,0.958734375008119,0,0.958733333333333,0.958733333333333,0.149264408762227,0.984280330191343,0.0036601531857085,0.00282705123944486,0.999999999999999
131,1.73603907911546,0.0344177795639202,0.119046789553371,1,0.987859218450062,0.0311856004887014,0.389041707945385,0.996826462271344,1,0.958933333333333,0.0406666666666666,0.996388506056968,1,0.958866666666666,0,0.958933333333333,0.958933333333333,0.147054287122102,0.984568925323358,0.00556229986282356,0.0029184764153462,1
132,1.74062885993856,0.0375976538852546,0.122408983400855,0.999999999999999,0.988300896217038,0.0341626089725258,0.393302772088808,0.996545382714365,0.999999999999999,0.9576,0.042,0.997032289711735,0.999999999999999,0.9576,0,0.9576,0.9576,0.15087128606443,0.984659485924261,0.00498901940651266,0.00274818082061496,1
133,1.74452932825164,0.0365828037308882,0.121388226757937,0.999999999999999,0.988,0.0330666666666667,0.392190330817349,0.996568456673252,0.999999999999999,0.959866666666666,0.0396666666666666,0.997130682827562,0.999999999999999,0.959866666666666,0,0.959866666666666,0.959866666666666,0.149864022458503,0.983790678526919,0.00568063264080234,0.00261544595375288,1
134,1.74987663632376,0.0354326547992262,0.120764462557741,0.999999999999999,0.988900831187102,0.0327868231739124,0.393895753080968,0.99675530508395,0.999999999999999,0.959787424653118,0.0398666666666667,0.997074075063416,0.999999999999999,0.9598,0,0.9598,0.959733333333333,0.148510508591563,0.984905081474084,0.00425921035659374,0.00257696507035754,0.999999999999999
135,1.75282035804671,0.0343384531669787,0.120741958995169,1,0.99022779172127,0.0318100783682226,0.393268726648259,0.996826963618331,1,0.961533333333333,0.0383333333333333,0.997155899882083,1,0.961466666666667,0,0.961466666666667,0.961466666666667,0.14787173141351,0.986250617084681,0.00472428479422297,0.00278924155067623,0.999999999999999
136,1.7560987957646,0.0327630180300209,0.118159081335479,0.999999999999999,0.991133333333333,0.0304351217510281,0.393668124872261,0.996645720851508,0.999999999999999,0.9632,0.0366666666666667,0.99712886955498,0.999999999999999,0.963133333333333,0,0.963174196782688,0.963133333333333,0.145943662879984,0.987303930794669,0.00481779346336551,0.00251691049270107,1
137,1.76013937357858,0.0304404898728914,0.11189069070498,0.999999999999999,0.9924,0.0282,0.395524135149816,0.99657895259407,0.999999999999999,0.963733333333333,0.0361333333333334,0.996799999999999,0.999999999999999,0.963745283084715,0,0.963799999999999,0.963733333333333,0.138991151531125,0.989326538920768,0.0045949282568396,0.00309735533934122,1
138,1.76271718216975,0.0304863805071151,0.115377693266621,1,0.992107224965671,0.0282921633848305,0.40066449733671,0.996721018009817,1,0.964200000000001,0.0358,0.996980041887732,1,0.964200000000001,0,0.964200000000001,0.964200000000001,0.14298177609382,0.989458215539092,0.00404879848349373,0.00324489845727533,0.999999999999999
139,1.76413423055871,0.0308367541863203,0.117486681355636,0.999999999999999,0.993199999999999,0.0284252775968412,0.400472562852943,0.996768449115802,0.999999999999999,0.964466666666666,0.0355333333333333,0.99756450851984,0.999999999999999,0.964466666666666,0,0.964466666666666,0.964466666666666,0.144592589026497,0.990726652468016,0.00458731886821943,0.00315713555034284,0.999999999999999
140,1.76665726590575,0.0302910898371382,0.118454172358689,1,0.993666666666667,0.0279655272391839,0.405094736292649,0.996732925210676,1,0.962533333333334,0.0374666666666666,0.997361247468586,1,0.962533333333334,0,0.962533333333334,0.962533333333334,0.145874579627936,0.991565035852687,0.00463284642297756,0.0031027721709622,0.999999999999999
141,1.76936038270045,0.0294666666666667,0.119005354975207,0.999999999999999,0.992866666666666,0.0272087186753784,0.402259646883926,0.996658874633658,0.999999999999999,0.959733333333333,0.0402666666666667,0.997466666666666,0.999999999999999,0.959733333333333,0,0.959733333333333,0.959733333333333,0.147957678622554,0.990386626900534,0.00552055469577899,0.00260138446178241,1
142,1.77452544686284,0.0309000688383562,0.119340935823393,1,0.993066666666666,0.0288,0.400868586525286,0.996751812260327,1,0.962,0.038,0.99807194641907,1,0.962,0,0.962,0.962,0.147098118696771,0.990128692023514,0.00469742959456474,0.00215085684524344,1
143,1.77898898712992,0.0308131926837845,0.119077557724168,1,0.992316605015738,0.029040582524563,0.400340318670129,0.996685806157406,1,0.962666666666667,0.0373333333333333,0.998461146883264,1,0.962666666666667,0,0.962666666666667,0.962666666666667,0.146458050545831,0.989501313219662,0.00499285811310651,0.00232243275969387,1
144,1.78373964442459,0.0279395074357639,0.115192174700495,1,0.992309992270809,0.0273169123543715,0.402626509207673,0.996607510145934,1,0.9622,0.0378,0.99861125798591,1,0.9622,0,0.962183475031517,0.9622,0.14394603790447,0.989474446383025,0.00425263266998398,0.00310565852468418,1
145,1.78578554767869,0.0267333333333333,0.110729559941663,1,0.99257291087823,0.0266666666666667,0.399788194618219,0.996829015381361,1,0.961702816056968,0.0382,0.998019235617741,1,0.9618,0,0.961767445128553,0.961752564021398,0.139248155808621,0.990130370100161,0.0045163065499345,0.00334560969096021,1
146,1.78787616121016,0.0262012338473086,0.113990818293924,1,0.9924,0.0263065111428274,0.402563650061907,0.996677471407146,1,0.960405815623382,0.0396,0.997711781520836,1,0.9604,0,0.960466666666667,0.960355101470854,0.145062217795692,0.99,0.00352324020096846,0.00354975385427027,1
147,1.78782875808148,0.0264046577238638,0.116368389191181,0.999999999999999,0.991491862138685,0.0260666666666667,0.402889633311355,0.996511000531189,0.999999999999999,0.958666666666666,0.0413344101358321,0.997747408903479,0.999999999999999,0.958666666666666,0,0.958799999999999,0.958577802911518,0.147567397788588,0.989183400310191,0.00475662666162048,0.00285877195177904,1
148,1.79122179731039,0.0256454988410118,0.113756808524369,1,0.9906,0.0253333333333333,0.405243550357095,0.996710910757777,1,0.961329749675647,0.0386666666666667,0.997178534073552,1,0.961333333333333,0,0.961333333333333,0.961266666666667,0.142550594573693,0.988712161811957,0.0051742063462889,0.00330461135776263,1
149,1.79436327114612,0.025381270978464,0.113590987749167,0.999999999999999,0.989499490146003,0.0245333333333333,0.406548253756963,0.996811721915334,0.999999999999999,0.959999999999999,0.04,0.99729715365804,0.999999999999999,0.960066666666666,0,0.960066666666666,0.959999999999999,0.144554564652681,0.986799999999999,0.00419303560351961,0.00324810650619183,1
150,1.79587150861539,0.0263941205853332,0.112740776637599,1,0.99061810918032,0.0258666666666667,0.409217925329752,0.996591708339894,1,0.961266666666667,0.0387333333333333,0.99730408324108,1,0.961265283873392,0,0.961231621720948,0.961266666666667,0.141563744379629,0.988212609792783,0.00481622910036526,0.00253046134872125,1
151,1.79997645379587,0.0262,0.109750729692067,1,0.991066666666666,0.0255777744782419,0.411108459859226,0.996912646521389,1,0.963604360378414,0.0363333333333333,0.997294612213803,1,0.9636,0,0.9636,0.9636,0.137654117166736,0.989133333333333,0.00441964943093448,0.00307485574237305,1
152,1.8023970507705,0.0263735812336864,0.107415541166457,1,0.991261097478405,0.0248,0.412083292314199,0.996746217841385,1,0.963954265432797,0.0358666666666666,0.997133074545595,1,0.964,0,0.964,0.963933333333333,0.134622642721316,0.989456866517946,0.00470348789095172,0.00317739031852061,0.999999999999999
153,1.80514768453424,0.0247792006976236,0.109773557900906,1,0.991016273988049,0.023,0.41415215342251,0.996590423737948,1,0.963866666666667,0.0358551268529126,0.996519597365211,1,0.963933333333334,0,0.963899677732009,0.963800000000001,0.13684094046648,0.989090311764583,0.00436472482176884,0.00303951558599998,1
154,1.80753988291771,0.0233422047280568,0.107952204700374,1,0.990866666666667,0.0220666666666667,0.415550908893544,0.99680366144606,1,0.963933333333333,0.0356,0.996764834138573,1,0.964066666666667,0,0.964,0.963866666666667,0.134871056803171,0.988794454603784,0.00463742232926167,0.00290590491122652,1
155,1.81066966970877,0.0234666666666667,0.104649107511135,1,0.990133333333334,0.0225600131021408,0.415069704404242,0.996926502796364,1,0.966666666666667,0.033,0.997236982083669,1,0.966866666666667,0,0.966733333333334,0.966666666666667,0.131340851619736,0.988258396596406,0.00553807910240074,0.00308844588402068,1
156,1.8151051462792,0.0229189359590309,0.101748766883193,1,0.989023147081139,0.0215729795512869,0.417948933082412,0.99671479178174,1,0.966666666666666,0.0328,0.99715627379695,1,0.966999999999999,0,0.966666666666666,0.966666666666666,0.12928987259443,0.987266666666666,0.00471525831733719,0.00223178594967886,1
157,1.81961290975438,0.0223709360777182,0.10073594269273,1,0.98959657593872,0.0207097574023535,0.422523988712709,0.996638576184326,1,0.967,0.0324666666666667,0.996758616499452,1,0.9674,0,0.967009640940179,0.967,0.127722879640466,0.987466666666667,0.00508038274117722,0.00316989331212116,1
158,1.82296795345613,0.0204666666666667,0.0971996955426138,1,0.988321152019639,0.0192256485878085,0.428715194135868,0.996729487952568,1,0.967998061962038,0.0314,0.996839932864288,1,0.968284214879825,0,0.968,0.967933333333333,0.125727913640848,0.985529045552362,0.00464564194406352,0.00362434054989232,1
159,1.82482975316852,0.0207333333333333,0.095083947894951,1,0.988720833528646,0.0194003638112468,0.428092848080595,0.996536200452982,1,0.967866666666667,0.0316666666666666,0.997011691622276,1,0.968,0,0.967933333333333,0.967866666666667,0.124151122845617,0.98586715500263,0.00433316983773707,0.00327733801296862,1
160,1.82667052328539,0.0202666666666667,0.0957228560166625,0.999999999999999,0.989092392832647,0.0178964637025015,0.436447657408889,0.996590186250564,0.999999999999999,0.968,0.0315333333333333,0.996680776759836,0.999999999999999,0.9682,0,0.968,0.968,0.124747612925779,0.986266666666666,0.00611716630685758,0.0034702079090431,1
161,1.83150564416704,0.0201553209312652,0.0946073557490779,1,0.990015520393272,0.0179950504782024,0.432987910091636,0.996544172447821,1,0.966066666666667,0.0336,0.996677367188233,1,0.9664,0,0.966066666666667,0.966066666666667,0.121779311445453,0.987562327916165,0.00486122324911998,0.00231087200127655,1
162,1.83617662687207,0.0199803579282575,0.0962681604442849,1,0.9894,0.018,0.437236479745404,0.996518688070831,1,0.9682,0.0314,0.996139965989965,1,0.9686,0,0.9682,0.9682,0.122790650482507,0.986933333333333,0.00588956843917703,0.00247307909172512,0.999999999999999
163,1.84244990475782,0.0199623626193321,0.0952805489959491,1,0.9894,0.0185671902765635,0.439940052839904,0.996486337799884,1,0.967933333333333,0.0318,0.99691162211028,1,0.9682,0,0.968,0.967928916640989,0.121532357708901,0.986533333333333,0.00395106189739621,0.00228357706318176,1
164,1.8455221620318,0.0204666666666667,0.0932035567530476,1,0.990585678518265,0.0187772765305587,0.444355497076447,0.996524200125313,1,0.967666666666667,0.0321333333333333,0.997108519759918,1,0.967866666666667,0,0.967733333333334,0.967666666666667,0.119165928403674,0.988006425322229,0.0054067092735466,0.00347904972631888,1
165,1.84907970044707,0.021682239912326,0.0954277912488003,0.999999999999999,0.990659670432087,0.0197143576248738,0.442265373612882,0.996508283277083,0.999999999999999,0.965599999999999,0.0339333333333333,0.998143553334813,0.999999999999999,0.966009839887549,0,0.965666666666666,0.965610416300533,0.121250652926197,0.987598723358879,0.00392073577032525,0.0030998612626181,0.999999999999999
166,1.85059756283588,0.0230240317229329,0.0951231586520347,1,0.990334942282778,0.0199965190124512,0.44393248435861,0.996634434554673,1,0.966733333333333,0.0329333333333333,0.998628145949762,1,0.967,0,0.9668,0.966733333333333,0.121816045247341,0.986394306482908,0.00473901143089584,0.00295738084163443,0.999999999999999
167,1.85389464406224,0.0250438091588401,0.0986024479970294,1,0.990333333333333,0.0220798071383529,0.437265133106953,0.996591559988382,1,0.963466666666666,0.0363333333333333,0.998683957665181,1,0.9636,0,0.963466666666666,0.963466666666666,0.126217138738298,0.987175880641816,0.00447820627079865,0.00252299061018286,1
168,1.85751940790344,0.0243881930793101,0.0928041435049975,1,0.990775308672396,0.021527754939002,0.441311458029989,0.996634682275137,1,0.963533333333333,0.0360666666666667,0.998494175846456,1,0.9638,0,0.9636,0.963533333333333,0.121302937390642,0.987741385884048,0.00451373792798813,0.00229154324151056,0.999999999999999
169,1.86164717766172,0.0232463071996028,0.0948225992430252,0.999999999999999,0.990039389064695,0.0204542510322712,0.450031721427696,0.996757379773415,0.999999999999999,0.962333333333333,0.0371333333333333,0.998199999999999,0.999999999999999,0.962733333333333,0,0.9626,0.962333333333333,0.124863550457517,0.98689205266268,0.00395203181607063,0.00200846934132389,1
170,1.86526540525744,0.0231658414081276,0.0915430110453512,0.999999999999999,0.989733333333333,0.0211620595451232,0.448346047376812,0.996706159499729,0.999999999999999,0.963266666666666,0.036,0.998739083209797,0.999999999999999,0.963733333333333,0,0.963599999999999,0.963266666666666,0.12170266881494,0.986658004581493,0.00517428287728672,0.00242099192036783,0.999999999999999
171,1.87040102362998,0.0231333333333333,0.0901912500250565,1,0.989641530758415,0.0209221206268321,0.451475859303495,0.996666775385725,1,0.963666666666667,0.0357333333333333,0.999066666666667,1,0.964187922753418,0,0.964026324863661,0.9636,0.120338906034681,0.986401685599383,0.00462381923725085,0.00361735837508432,1
172,1.87228350905682,0.0252575865281584,0.0912705643327194,1,0.990080544348306,0.0226662966352952,0.453983020773713,0.996371247810486,1,0.962354917226583,0.0367333333333333,0.999131599234607,1,0.963066666666667,0,0.962993840221187,0.9624,0.12171415178147,0.987194657511782,0.00414241393725924,0.00190272668151398,1
173,1.8764768385712,0.0253784836374102,0.0910098154085097,1,0.989925598323017,0.023150247139049,0.449814845429557,0.996754487978142,1,0.962533333333333,0.0363333333333333,0.999133333333333,1,0.963533333333333,0,0.963138030196151,0.9626,0.120950104733074,0.986311903304456,0.00456281826649401,0.00263335773383212,0.999999999999999
174,1.88009742657167,0.0257999664654168,0.0887532606201405,1,0.989611109538275,0.022879500558991,0.452580498027655,0.996697197179809,1,0.963733333333333,0.0353333333333333,0.9988,1,0.964466666666667,0,0.964333333333333,0.96376798070908,0.117843553238894,0.985973716848665,0.00507056038534387,0.00243639016153164,1
175,1.88504992323061,0.0254587589610323,0.0897159295928563,1,0.989826016511572,0.0221333333333333,0.453098500548768,0.996333592304279,1,0.962570880461534,0.0360666666666666,0.998733333333333,1,0.963666666666666,0,0.963533333333333,0.9626,0.118274264952107,0.986636725901988,0.00469295104289857,0.00336977352091637,1
176,1.88754417891685,0.0252121866642476,0.0863551336140591,1,0.991,0.0231662854776361,0.454773784580787,0.996620432983957,1,0.96443772494656,0.0342666666666667,0.998678401063976,1,0.965266666666666,0,0.965133333333333,0.964333333333333,0.114828568220818,0.987006339819879,0.00396579506568725,0.00252998584310094,0.999999999999999
177,1.89018071461952,0.0257746802848208,0.0829082951177608,0.999999999999999,0.992338057563544,0.0242666666666667,0.450048528484412,0.996866925439212,0.999999999999999,0.963466666666666,0.0354,0.998749394262647,0.999999999999999,0.963933333333333,0,0.963866666666666,0.963273829971084,0.113023292632627,0.988773579006099,0.00391776673083128,0.00225043611269835,0.999999999999999
178,1.89333227079881,0.0274030516715804,0.0871752655523806,1,0.991692417082791,0.0261333333333333,0.453698804037329,0.996555672268352,1,0.9588,0.0403333333333333,0.998225718176157,1,0.959133333333334,0,0.958933333333334,0.958533333333334,0.121165028050881,0.988675992327439,0.00530882096802373,0.00313527669621183,1
179,1.89724511404437,0.0274666666666667,0.0880207685158014,1,0.992066666666667,0.0261608888100352,0.456398986659583,0.996863691363228,1,0.9592,0.0398,0.998150634079201,1,0.959623367769927,0,0.9594,0.958730323215542,0.121944601247466,0.989550489719885,0.00413904603946889,0.00337813098845079,1
180,1.89868078255847,0.0307304504852736,0.0877258459521177,1,0.99127494835952,0.0291124237688233,0.463512985008248,0.996513931100226,1,0.9598,0.0389333333333333,0.998200000000001,1,0.960333333333333,0,0.960266666666667,0.959480087927283,0.121649891465524,0.988857080425135,0.00575374045065199,0.00244796969720655,0.999999999999999
181,1.90495738595957,0.0339887816920392,0.0912496156915718,1,0.9914,0.0316,0.460105012940723,0.996533639659723,1,0.9594,0.0396666666666667,0.998584372719388,1,0.9598,0,0.9598,0.9594,0.12583709404054,0.990039196631222,0.00394169133828507,0.00332885158475066,0.999999999999999
182,1.90612481957448,0.0336647691835838,0.0873470613072441,1,0.991927646489817,0.0302770624556472,0.461914609860335,0.996755535000866,1,0.957533333333333,0.0409333333333333,0.998371924697226,1,0.958333333333333,0,0.958288100902544,0.9576,0.123304776207548,0.990545840051083,0.00522733859899752,0.00259773519560503,0.999999999999999
183,1.91113717188732,0.0345912191887554,0.088907696411861,1,0.992367539632253,0.0316624481024467,0.463003770454466,0.996602002964386,1,0.957952514621077,0.0398666666666667,0.998533333333333,1,0.9592,0,0.959066666666667,0.957945524625324,0.123677973802432,0.990864878891974,0.00384908946068602,0.00276909497025214,0.999999999999999
184,1.91320118950342,0.0331490995908082,0.0870874450059576,0.999999999999999,0.991903678000664,0.0300496668665229,0.470394360772338,0.996566953248983,0.999999999999999,0.958003337580367,0.0397333333333333,0.998226897904357,0.999999999999999,0.959533333333333,0,0.959266666666666,0.958065612211661,0.12216335193546,0.990916180252473,0.00502073604082922,0.00194855971901308,1
185,1.91895133415072,0.0325290610079721,0.0848434945160857,0.999999999999999,0.991266666666666,0.0299500569086706,0.47178233419437,0.996564715490051,0.999999999999999,0.958054961277901,0.0396666666666667,0.99860293753279,0.999999999999999,0.9598,0,0.959733333333333,0.958,0.12120246131191,0.99047420848521,0.00378811923142594,0.00275255522415335,1
186,1.92093853108407,0.0312059581724588,0.0835536143917371,0.999999999999999,0.990933333333332,0.0286666666666667,0.466550620647083,0.997002260369936,0.999999999999999,0.960133333333333,0.0371333333333333,0.999179878960788,0.999999999999999,0.962399999999999,0,0.962333333333333,0.960199999999999,0.117792073428367,0.990533333333332,0.0052729533980716,0.00255938995501496,1
187,1.92615111965838,0.0302666666666667,0.0836895089672769,1,0.992465537362452,0.0287581830851796,0.470605339420934,0.996543857092703,1,0.961682163219329,0.0357333333333333,0.999070053209626,1,0.963376296857485,0,0.963266666666667,0.961279078935455,0.116769428878177,0.9922,0.00516865737240969,0.00312422731084995,1
188,1.92985273442848,0.0288715297881504,0.0814965201084714,0.999999999999999,0.992866666666666,0.0276325237527382,0.471392999480774,0.99653559992718,0.999999999999999,0.96200044502533,0.0358,0.999141973872954,0.999999999999999,0.963133333333333,0,0.963266666666666,0.961722593965407,0.113247811455837,0.992733333333333,0.0048287899827737,0.0028667756630067,1
189,1.93360000193202,0.0273032011767582,0.082257124494703,1,0.992666666666666,0.0259333333333333,0.470757370844903,0.996757859875953,1,0.961704246240606,0.036,0.999134898702656,1,0.962733333333333,0,0.9626,0.961266666666667,0.114367330324083,0.992266666666666,0.00439082071505745,0.0026714127290256,1
190,1.93692464921713,0.0282666666666667,0.0842806839085512,1,0.991133333333333,0.0266666666666667,0.47619666118599,0.996816588021144,1,0.96140934429467,0.0360653117730953,0.999266666666666,1,0.96330594440398,0,0.963066666666666,0.961320365152468,0.116092597902505,0.990599999999999,0.00481723135983322,0.00235046671210228,0.999999999999999
191,1.94170258646714,0.0289339615432899,0.0873010815284417,1,0.991879221184928,0.0274425425192585,0.47659277022948,0.996569533572174,1,0.959733333333334,0.0377333333333333,0.999266666666667,1,0.961994433120281,0,0.961676645062695,0.959902288924781,0.120255810082004,0.991466666666667,0.00539838236435669,0.00194195174228218,0.999999999999999
192,1.94828449990686,0.0281151489200839,0.083772463958423,0.999999999999999,0.991449850263766,0.0267369094210247,0.473298185674203,0.996610354674178,0.999999999999999,0.960803324904932,0.0366666666666667,0.999137291271074,0.999999999999999,0.963102273144427,0,0.962679591863877,0.960533333333333,0.115073771252897,0.991046862989761,0.00502687086463621,0.00187354756438112,1
193,1.95442807081594,0.0262405566990202,0.0839613709538542,1,0.991363530720646,0.0252873801951494,0.474231734666262,0.996879777178028,1,0.958266666666666,0.0392,0.998730761778138,1,0.960666666666666,0,0.959933333333333,0.958,0.118762703553283,0.990733333333333,0.00456875297291798,0.0023270071602659,1
194,1.95873877548737,0.0268,0.0850960153535086,0.999999999999999,0.9914,0.0253893057605629,0.477922942063378,0.996534810560224,0.999999999999999,0.95545606288633,0.0418666666666667,0.998131252689604,0.999999999999999,0.958066666666666,0,0.957381027943685,0.95565011333693,0.120983584699804,0.990666666666666,0.0043376945787542,0.00243167204859813,1
195,1.96247217572414,0.0293191367537831,0.0909530603009874,1,0.9912,0.0277924490951563,0.486381708769771,0.996673969240543,1,0.958048167297478,0.0398,0.998104958246438,1,0.9602,0,0.959512553404457,0.9578,0.125048636303448,0.990733333333333,0.00506032574557647,0.00277253585043367,0.999999999999999
196,1.96695363394637,0.0276262264411271,0.0870195776598991,0.999999999999999,0.992399999999999,0.0260305947903927,0.490616133191746,0.996678982862604,0.999999999999999,0.958367073531129,0.0397333333333333,0.998626393327577,0.999999999999999,0.960266666666666,0,0.959633628945131,0.957999999999999,0.122989494885395,0.991466666666666,0.00454642241309897,0.002037224706781,0.999999999999999
197,1.97186424176848,0.0272666666666667,0.0869941626798553,0.999999999999998,0.99259361430381,0.0252,0.494907971044066,0.99671172434801,0.999999999999998,0.959066347554712,0.0392,0.998364034328117,0.999999999999998,0.960799999999999,0,0.960234122104273,0.958799999999999,0.123023307583262,0.991603865409814,0.00450312529589236,0.00337077441742306,1
198,1.97409708397486,0.0289795451857137,0.0891063338577013,1,0.992290228119839,0.0268489945730563,0.496220190536831,0.996647623203844,1,0.960158273419345,0.0377333333333333,0.998207297178406,1,0.962266666666667,0,0.961666666666667,0.960391183379172,0.123717765018511,0.9908,0.00520646862954864,0.0026479455728675,1
199,1.97914785688034,0.0312621268553068,0.0889475217946337,1,0.992,0.0283388424183505,0.503267157160253,0.99669051485022,1,0.962398685130222,0.0354666666666667,0.998247725520823,1,0.96450725113398,0,0.964266666666666,0.962466666666666,0.122604382218153,0.990993550198745,0.00464310278501683,0.0028704411575917,1
200,1.98265621634123,0.0301044610304345,0.0861949841984491,1,0.991666666666667,0.0269711249324402,0.499574139545716,0.996645568957837,1,0.961457156515385,0.0364,0.997933333333334,1,0.9636,0,0.963333333333333,0.961466666666667,0.120076970494288,0.990590483863454,0.00455566581766677,0.00217721777865076,0.999999999999999
201,1.98737186113103,0.0315611826625589,0.0880552555521721,1,0.991502408711357,0.029190804246451,0.500509058126934,0.996819825758531,1,0.95918299027501,0.0385333333333333,0.99782306527752,1,0.961466666666667,0,0.961333333333333,0.958866666666667,0.12272006470236,0.990364357958205,0.00492469142138077,0.00255831293424941,1
202,1.99198565679793,0.0304794876290508,0.0866493679095061,1,0.992866666666666,0.0287630292074049,0.503647203759613,0.996654261510551,1,0.960466666666667,0.0376666666666667,0.998177214397361,1,0.962333333333333,0,0.962266666666666,0.960066666666667,0.120761648946488,0.991733333333333,0.00546434156261895,0.00361143252307174,1
203,1.99554382598427,0.0291333333333333,0.0825631313946263,0.999999999999999,0.993461655598997,0.0274696455842013,0.500864393491537,0.996674527710375,0.999999999999999,0.962066666666666,0.0358,0.998054655871218,0.999999999999999,0.964171941391275,0,0.963866666666666,0.961933333333333,0.114416940705786,0.992185837188116,0.00371779650544921,0.00292459295138462,0.999999999999999
204,1.99712669843933,0.0325333333333333,0.0836768331789182,0.999999999999999,0.994199999999999,0.0312,0.50517708204153,0.996899828441328,0.999999999999999,0.961466666666667,0.0362666666666666,0.997695665153889,0.999999999999999,0.963666666666667,0,0.963466666666667,0.961933333333333,0.115887269341782,0.992666666666666,0.00496869131802812,0.0029007631357041,1
205,2.00125661302271,0.0324,0.0846303614736325,0.999999999999999,0.993666666666666,0.0310827604784,0.504972585026818,0.996865865972952,0.999999999999999,0.960666666666667,0.0372,0.997359364234558,0.999999999999999,0.9628,0,0.9626,0.960988439987436,0.117555744488959,0.992799999999999,0.00435489165646303,0.00235183216620338,1
206,2.00526524907386,0.0304069862776565,0.0817462893508051,0.999999999999999,0.993913413516274,0.0289333333333333,0.501867505255006,0.996439125997637,0.999999999999999,0.9594,0.0384666666666666,0.997613522863507,0.999999999999999,0.961533333333334,0,0.961162742906551,0.959466666666667,0.116594737326479,0.993071066878823,0.00467631265682115,0.00370226213208342,1
207,2.00721847874196,0.0294365046040089,0.0788512999535889,1,0.993713594954662,0.0286666666666667,0.503804625361994,0.996578148142986,1,0.960830612414058,0.0372666666666667,0.997183153964954,1,0.962733333333333,0,0.962533333333333,0.960804318348729,0.112933333333333,0.992733333333333,0.00532233895865501,0.00300129419503798,0.999999999999999
208,2.01183374229932,0.0290845459004145,0.0793362103138744,1,0.994266666666667,0.0281779343566145,0.511635772720454,0.996635754384452,1,0.962666666666667,0.0356666666666667,0.996700155140149,1,0.964333333333333,0,0.963933333333333,0.962866666666667,0.112144776228884,0.992945152750536,0.00492504329454256,0.00327011103952243,1
209,2.01509663578107,0.0319376919464978,0.0835254146900154,1,0.994678188987391,0.0304945016958716,0.51827611970678,0.996821750092423,1,0.962098040519199,0.0358,0.997120084433052,1,0.964200000000001,0,0.963993303098577,0.962361951569801,0.116287549600982,0.993466666666667,0.004504694363284,0.00254049990535965,1
210,2.018932090141,0.03139813605129,0.0814243741588836,0.999999999999999,0.995333333333333,0.0299569144264173,0.52079264572693,0.996625836530594,0.999999999999999,0.960533333333333,0.0372666666666667,0.997399999999999,0.999999999999999,0.962733333333333,0,0.9624,0.960975954412663,0.11574471228993,0.994,0.004739129820758,0.00282065701070182,1
211,2.02280535646128,0.0291967791103412,0.0806742438803133,1,0.995310383103502,0.0283400964057191,0.528722045110782,0.996743914519773,1,0.960668864724209,0.0374666666666667,0.996977733307901,1,0.962533333333333,0,0.962133333333334,0.961133333333334,0.114866017847695,0.994066666666667,0.00450702597639724,0.00334463022595062,1
212,2.02515665681161,0.0271949300096259,0.0827998134707373,1,0.995266666666667,0.0264801335098595,0.531336787439935,0.99675990906135,1,0.9586,0.04,0.996695956567701,1,0.96,0,0.959333333333334,0.958800244940626,0.119427322118052,0.993956515239774,0.00484335619165189,0.00248898787367208,0.999999999999999
213,2.02992462148336,0.0272101120162635,0.0821803021215221,0.999999999999999,0.996120894184438,0.026155138761009,0.533591744940711,0.996575020303701,0.999999999999999,0.957466666666666,0.0413333333333333,0.996570143507245,0.999999999999999,0.958666666666666,0,0.957999999999999,0.957632860973848,0.120253353260092,0.994599999999999,0.00548351360970531,0.00281603276598378,0.999999999999999
214,2.03533940652536,0.0265622999568101,0.0823391904774274,1,0.996599999999999,0.0259333333333333,0.533222647468119,0.99686366813289,1,0.957933333333333,0.0412,0.996402957257009,1,0.9588,0,0.9578,0.958066666666667,0.119870552938392,0.9956,0.00445749482939039,0.00324443420406587,1
215,2.03780839661859,0.0263257103961155,0.081332830179884,0.999999999999999,0.9962,0.0257201714114362,0.533702529702286,0.996423039702219,0.999999999999999,0.959412838401249,0.0396666666666667,0.996486378397701,0.999999999999999,0.960333333333333,0,0.9594,0.9596,0.117874730411818,0.995066666666666,0.00465208131528885,0.00250272992618534,1
216,2.04218836292659,0.0259269592829318,0.0813516560421412,1,0.995756299286394,0.02538046915199,0.533047155031157,0.996993030922856,1,0.958533333333334,0.0402,0.995956079757649,1,0.959800000000001,0,0.958666666666667,0.95863579877134,0.118180347895708,0.994866666666667,0.00433195084358603,0.00236176197735199,1
217,2.04621185970198,0.0247258630858931,0.0808731944226202,1,0.9952,0.0241580771345071,0.538753925097347,0.996854266929275,1,0.957466666666667,0.0409333333333333,0.996111778108929,1,0.959066666666667,0,0.9584,0.957754352032257,0.117301648765735,0.994666666666667,0.00456526637610186,0.00279589627960874,0.999999999999999
218,2.04983236577762,0.0249392512896926,0.079027207406392,1,0.995599999999999,0.0245373492389097,0.538048715826716,0.99651223529245,1,0.956866666666666,0.0416666666666667,0.996127236394065,1,0.958333333333333,0,0.957733333333333,0.957184616006894,0.116171355098997,0.995066666666666,0.00391634114466628,0.00290806590638784,1
219,2.05176250550361,0.0233099936683485,0.0794666666666667,1,0.995095558230763,0.0226155874384633,0.532738941158266,0.996715158318565,1,0.9566,0.0418666666666667,0.99608906220544,1,0.958133333333333,0,0.957624505647619,0.956558220356723,0.116053738582496,0.9942,0.00429596005738499,0.00245769471800294,0.999999999999999
220,2.05541081695638,0.0266035787715217,0.0799543522023676,1,0.995466666666667,0.0262222326731405,0.532991087205565,0.996838753058902,1,0.955133333333333,0.0434,0.995316155898279,1,0.9566,0,0.956333333333333,0.955866666666666,0.117517049492746,0.9946,0.0044398279507444,0.00302265054513165,1
221,2.05832369872542,0.0287333333333333,0.081252319459612,1,0.995888525052801,0.0283104441087931,0.528581146837485,0.996502312149067,1,0.955933333333334,0.0428,0.994765827675164,1,0.957200000000001,0,0.956733333333334,0.956666666666667,0.118187457926668,0.995133333333334,0.00508173343998997,0.00295042118086829,1
222,2.06271062925776,0.0283954528821525,0.0799556096431562,1,0.995933333333333,0.0276666666666667,0.527790616593654,0.996706344753939,1,0.954767021550485,0.0437333333333333,0.994912098626703,1,0.956266666666667,0,0.955866666666667,0.955831357602845,0.117931865407082,0.995266666666667,0.00428253384948681,0.00366324770072354,1
223,2.06398803737936,0.0287966942557592,0.0806513187440046,1,0.995194323201307,0.0278922029720318,0.526522961904201,0.996730953803464,1,0.952133333333333,0.047,0.993703054677059,1,0.952999999999999,0,0.952705705754594,0.952533333333333,0.120066666666667,0.994866666666666,0.00371182300566143,0.00299108306489993,1
224,2.06547563599515,0.0268908613561564,0.0772079695488201,0.999999999999999,0.995466666666666,0.0256586363527901,0.531015577297039,0.99662556301653,0.999999999999999,0.949967213654516,0.0492,0.993318474116602,0.999999999999999,0.9508,0,0.950333333333333,0.950466666666666,0.119816514009132,0.995133333333333,0.00532195768015043,0.00302259114985292,1
225,2.07019194763744,0.026937964527766,0.0749489084057368,1,0.995425692041717,0.0253078850440858,0.532662363119093,0.996480324103279,1,0.951599999999999,0.0475333333333333,0.993703873215335,1,0.952466666666666,0,0.952266666666666,0.952066666666666,0.115190764085263,0.994866666666667,0.0044762767669509,0.00270264472983755,0.999999999999999
226,2.07386370639875,0.0269816499684992,0.0759269836786672,0.999999999999999,0.995333333333333,0.0249333333333333,0.531967042931646,0.996846548446104,0.999999999999999,0.950174144668511,0.0490666666666666,0.993975723808132,0.999999999999999,0.950933333333333,0,0.950866666666667,0.950784891714402,0.117612040842985,0.994733333333333,0.00474502628706217,0.00306965900688289,0.999999999999999
227,2.077338189796,0.0254562272201055,0.0791372234840272,1,0.995849480580176,0.0240697151246537,0.534812698995377,0.996650061111306,1,0.948,0.0513333333333333,0.993672702155555,1,0.948666666666666,0,0.948617005612556,0.948533333333333,0.12251996171966,0.994866666666667,0.00578495334926021,0.00262953811258861,1
228,2.0838930543718,0.0246412447198984,0.0775750969105781,0.999999999999999,0.995733333333333,0.0233333333333333,0.532868754741742,0.996587931316903,0.999999999999999,0.948733333333333,0.0506666666666666,0.993910488258075,0.999999999999999,0.949333333333333,0,0.949266666666667,0.9492,0.120834205210823,0.994895711604291,0.00433119380397936,0.00250776140492439,1
229,2.08769289248331,0.0215740180353076,0.0738630732373495,1,0.996066666666667,0.0202666666666667,0.532383191630733,0.996648253029677,1,0.9488,0.0507333333333333,0.994446169303397,1,0.949266666666667,0,0.9492,0.9492,0.117295012243529,0.995398980399212,0.00457689573297419,0.00306695431019031,1
230,2.09064044019402,0.022,0.074142586693748,1,0.99592497026218,0.0204049474461369,0.530466571425538,0.996667028380344,1,0.947066666666667,0.0524,0.995282940569432,1,0.9476,0,0.947466666666667,0.947533333333334,0.11998175383284,0.995024584747313,0.00486847000532653,0.00288423515944426,0.999999999999999
231,2.09478876180567,0.0211748233494737,0.072806368182847,0.999999999999999,0.995397947309393,0.0199204774106897,0.534326171593916,0.996752266875287,0.999999999999999,0.9474,0.0520666666666667,0.994497963851841,0.999999999999999,0.947933333333333,0,0.947733333333333,0.9478,0.117932500079552,0.994466666666666,0.00450624960834948,0.00215054327798195,1
232,2.09972346895264,0.0221752754266176,0.0728921143350941,1,0.99587484981582,0.0212568310551015,0.525135089733497,0.996812824669395,1,0.944333333333334,0.0552666666666667,0.994082601297177,1,0.944733333333334,0,0.9442,0.944733333333334,0.121116522344955,0.995133333333334,0.00438829861841106,0.00266701453469427,1
233,2.10311429407917,0.0197074658024658,0.068856812868836,0.999999999999999,0.995515252014174,0.0184,0.529821773500952,0.996689312734885,0.999999999999999,0.945066666666666,0.0544,0.994221177813688,0.999999999999999,0.945599999999999,0,0.944933333333333,0.945599999999999,0.115372071696286,0.994983298000353,0.00394750250779006,0.00255314231378043,1
234,2.10604679293428,0.0213333333333333,0.0716003414326346,0.999999999999999,0.9953769125816,0.0198436376966576,0.534245733969543,0.996697689992697,0.999999999999999,0.943599999999999,0.0559333333333333,0.994664507078646,0.999999999999999,0.944066666666666,0,0.943466666666666,0.944066666666666,0.118679422546277,0.994999999999999,0.00495454289949483,0.00334359666192457,0.999999999999999
235,2.10943952109151,0.0211333333333333,0.0690043368810297,0.999999999999999,0.995066666666666,0.0199885155099744,0.528730149394113,0.99672365953716,0.999999999999999,0.942466666666666,0.0570666666666666,0.995164487031078,0.999999999999999,0.942933333333333,0,0.942533333333333,0.942933333333333,0.118228046210156,0.994799999999999,0.00425388945820991,0.0024447646902521,1
236,2.11325576037562,0.02087130050208,0.0692520261663655,1,0.9962,0.019649554186239,0.534791339788365,0.996491266928275,1,0.945,0.0545333333333333,0.995652098851721,1,0.945466666666667,0,0.945333333333333,0.945466666666667,0.116654106773276,0.995932214731208,0.00367766768613696,0.00270734985222955,1
237,2.11530629012752,0.0192,0.0665754550795374,1,0.996266666666667,0.0179854204427045,0.540759635684499,0.996619373089177,1,0.945266666666667,0.0546,0.995246422460896,1,0.9454,0,0.945333333333333,0.9454,0.113269750140683,0.9958,0.00428210236787221,0.00256984272582686,1
238,2.11892824371867,0.0215755288195257,0.0680940702309027,1,0.9962,0.0204888912913661,0.537259899599004,0.996791496718862,1,0.944,0.0559333333333333,0.995899859294913,1,0.944066666666667,0,0.944,0.944066666666667,0.116236085311554,0.995266666666667,0.00491580640914679,0.00284651326161594,0.999999999999999
239,2.12331292741351,0.0227729488593521,0.068465343762637,1,0.9966,0.021537569636991,0.538421338137854,0.996673582400419,1,0.943533333333334,0.0564666666666667,0.995163876839896,1,0.943533333333334,0,0.943466666666667,0.943533333333334,0.117464532927884,0.995866666666667,0.00383505014218908,0.00380604594074484,0.999999999999999
240,2.12333943447729,0.0244094684700404,0.069761156399803,1,0.99702502375099,0.0227045665042557,0.541052047193271,0.996581147649375,1,0.9432,0.0568,0.994609397722134,1,0.9432,0,0.943066666666666,0.9432,0.119228079009408,0.9962,0.00445776418727362,0.00254273020171431,0.999999999999999
241,2.1274057016572,0.0218444327747556,0.0650959593630218,1,0.997266666666666,0.0203764474209558,0.546821309885284,0.996644674623004,1,0.942666666666666,0.0573333333333333,0.994166725585297,1,0.942666666666666,0,0.9424,0.942666666666666,0.115953929959181,0.996686804804774,0.00570198894514567,0.00257974574266159,1
242,2.13404797964812,0.0216302703808467,0.0675455535098125,0.999999999999999,0.998066666666666,0.0195333333333333,0.553553226863513,0.996698314562366,0.999999999999999,0.944199999999999,0.0558,0.994139384052511,0.999999999999999,0.944199999999999,0,0.943933333333333,0.944199999999999,0.117533000102782,0.997277081524545,0.00583583973702594,0.00299518220951491,0.999999999999999
243,2.13999706448746,0.0195333333333333,0.0657656384645835,1,0.99819552660457,0.0178559188303095,0.555657698554264,0.996698182764684,1,0.941533333333334,0.0584666666666667,0.993829074253124,1,0.941533333333334,0,0.9412,0.941533333333334,0.118245662118949,0.997384354294196,0.00502017323748591,0.00303276641229953,1
244,2.1442501092593,0.0189333333333333,0.0657738150526549,1,0.998533333333334,0.0169879770699592,0.55111288105813,0.997016721912161,1,0.940066666666667,0.0599333333333333,0.99487227851441,1,0.940066666666667,0,0.939933333333334,0.940066666666667,0.118900758733597,0.997509424328653,0.00464190877315327,0.00276859849181965,1
245,2.14826695503473,0.0216403048429653,0.0714444459461774,0.999999999999999,0.998933333333333,0.0194,0.561032216010255,0.996819802704757,0.999999999999999,0.942333333333333,0.0576666666666666,0.994404792793304,0.999999999999999,0.942333333333333,0,0.942133333333333,0.942333333333333,0.121657610247501,0.997263683638569,0.00474910853884201,0.00292550012072791,0.999999999999999
246,2.15207872943319,0.0232634096263024,0.0734666666666667,1,0.998866666666667,0.0210967630128504,0.567067026724223,0.996784023262264,1,0.9426,0.0574,0.993614317171418,1,0.9426,0,0.942266666666667,0.9426,0.12349821253129,0.9978,0.0042391758230216,0.00284256359405862,1
247,2.15496299769663,0.0229201622894118,0.0748374377283028,1,0.999533333333334,0.0208666666666667,0.57059003793968,0.996455667218083,1,0.947000000000001,0.053,0.994464075475769,1,0.947000000000001,0,0.946733333333334,0.947000000000001,0.121285037681211,0.998666070032655,0.00449905326669688,0.0020974284380428,1
248,2.16013841033673,0.0216794619855285,0.0718392504131223,1,0.999733333333333,0.0195112980797949,0.577727371714416,0.996975552677017,1,0.9488,0.0512,0.994785451876479,1,0.9488,0,0.948666666666667,0.9488,0.117035888292072,0.99903935499821,0.00496027203237527,0.00266772595337675,1
249,2.16509062717944,0.0201085099415156,0.0710168402167392,1,0.999733333333333,0.0184408464969072,0.586916566778351,0.996541270972237,1,0.948733333333333,0.0512666666666667,0.995064534358824,1,0.948733333333333,0,0.9484,0.948733333333333,0.116983687456984,0.999266666666667,0.00420823429318685,0.00290351731184376,1
250,2.16791545768687,0.0201333333333333,0.0687217171246457,1,0.999933333333334,0.0184876436765831,0.589613670419763,0.99669439865657,1,0.947866666666667,0.0521333333333333,0.993902024126224,1,0.947866666666667,0,0.947533333333334,0.947866666666667,0.115010895473236,0.999533333333334,0.00428671570407406,0.00244631735174821,1
251,2.17190528572318,0.0205091392506827,0.0677844352130601,1,1,0.0191710134078665,0.593183460142913,0.996603873979205,1,0.949,0.051,0.99394032972817,1,0.949,0,0.948734878531493,0.949,0.114057177373044,0.999733333333334,0.00453057676652795,0.00181087919215897,1
252,2.17781221126052,0.0207923730818218,0.0677840199606512,1,1,0.019644333005095,0.594703675153839,0.996670904452752,1,0.948933333333333,0.0510666666666666,0.99399827788268,1,0.948933333333333,0,0.9486,0.948933333333333,0.114282203105943,0.999749313388948,0.00503776356342806,0.00362467756311382,0.999999999999999
253,2.18075437247956,0.0218,0.0700079440319456,1,1,0.0205776136743681,0.590448331067308,0.996792983659968,1,0.948333333333333,0.0516666666666667,0.993043013666304,1,0.948333333333333,0,0.948266666666666,0.948333333333333,0.116912216944422,0.999733333333333,0.00358586594802947,0.00314404664869729,1
254,2.18171787184842,0.0218666666666667,0.0670391213697757,1,1,0.0204,0.593015669088247,0.996794530876303,1,0.9502,0.0498,0.992116362557612,1,0.9502,0,0.9502,0.9502,0.112456987184211,0.999733333333333,0.00550320730510913,0.0029750084158485,1
255,2.18722802628736,0.0204678301993402,0.0647826030298553,1,1,0.0187548062782886,0.582588236078659,0.99644778700229,1,0.949333333333333,0.0506666666666666,0.992229303719756,1,0.949333333333333,0,0.949333333333333,0.949333333333333,0.111133333333333,0.999933333333333,0.00478865474260314,0.00327012134011319,1
256,2.19040717221016,0.0209767534121996,0.0645904814472363,1,1,0.0197333333333333,0.592455082025815,0.996747640845299,1,0.951933333333333,0.0480666666666666,0.993512708798417,1,0.951933333333333,0,0.951933333333333,0.951933333333333,0.108105772183516,1,0.00479516752419183,0.00331292319203436,1
257,2.19365389082628,0.0204666666666667,0.0660875456981106,1,1,0.0193485955648697,0.598393258422578,0.996455543960056,1,0.951533333333333,0.0484666666666667,0.993352932857882,1,0.951533333333333,0,0.951533333333333,0.951533333333333,0.109513934565327,1,0.00415589316668689,0.00298568385114861,1
258,2.19603754767445,0.0211313435527737,0.0674560399110052,1,1,0.0201333333333333,0.60051463763043,0.996800767393848,1,0.9526,0.0474,0.993561438466333,1,0.9526,0,0.9526,0.9526,0.110909276979349,1,0.00491746402650967,0.00318422983997533,1
259,2.19984379502699,0.0201943114125774,0.0675278791667566,1,1,0.0193285981147973,0.60580993317841,0.996670756566383,1,0.952066666666667,0.0479333333333333,0.99310530025107,1,0.952066666666667,0,0.952066666666667,0.952066666666667,0.112281267499422,1,0.00520300018573844,0.00244639738660576,1
260,2.20590789059002,0.0216666666666667,0.0668799225471107,0.999999999999999,0.999999999999999,0.0204,0.605155699289022,0.996953767745434,0.999999999999999,0.951533333333333,0.0484666666666667,0.992090822515494,0.999999999999999,0.951533333333333,0,0.951533333333333,0.951533333333333,0.11129576822249,0.999999999999999,0.00519161159039905,0.0029514675814089,1
261,2.21058471667442,0.0237346577903295,0.0661309800891379,0.999999999999999,0.999999999999999,0.0225329748634594,0.602181739748373,0.996677248111901,0.999999999999999,0.949666666666666,0.0503333333333333,0.992960535801101,0.999999999999999,0.949666666666666,0,0.949666666666666,0.949666666666666,0.112214137559077,0.999999999999999,0.00538690016016593,0.00241699195509978,1
262,2.21708199147994,0.0236289054615448,0.0650368300036364,1,1,0.0229333333333333,0.604012279136469,0.99670934527548,1,0.9492,0.0508,0.993483828629343,1,0.9492,0,0.9492,0.9492,0.111619019003531,1,0.00478954127394684,0.00273415610604928,0.999999999999999
263,2.22163894892125,0.0259639808329513,0.0622352860497178,1,1,0.0247443242759541,0.606282345036432,0.996914729523229,1,0.947933333333334,0.0520666666666666,0.993405494447024,1,0.947933333333334,0,0.947933333333334,0.947933333333334,0.110669677059898,1,0.00459549416943586,0.00264568556539964,1
264,2.22597071965891,0.0259345511303358,0.062585026438081,1,1,0.0248660162015187,0.613946369770074,0.996747036678083,1,0.949466666666667,0.0505333333333333,0.993972367463579,1,0.949466666666667,0,0.949466666666667,0.949466666666667,0.109045826787991,1,0.00522686243317808,0.0028049290804587,1
265,2.23136187238703,0.0259352675619862,0.0618325644476372,1,1,0.0247188907140366,0.619529992855717,0.996857824375436,1,0.9482,0.0518,0.993557001484006,1,0.9482,0,0.9482,0.9482,0.110180802408324,1,0.00465503941122158,0.00288896573956303,0.999999999999999
266,2.2353026218418,0.0255774303974153,0.0589672503980389,1,1,0.024156035055261,0.627860776321314,0.996628276964063,1,0.950333333333333,0.0496666666666667,0.994286177764738,1,0.950333333333333,0,0.950333333333333,0.950333333333333,0.1056,1,0.00454824930949913,0.00332883827316678,0.999999999999999
267,2.23796130442604,0.0246,0.0572666666666666,1,1,0.0231232883694353,0.617733033606396,0.99650327651275,1,0.945933333333333,0.0540666666666666,0.994686574137146,1,0.945933333333333,0,0.945933333333333,0.945933333333333,0.107872335640731,1,0.00483686296559345,0.00239977454438997,1
268,2.24341541400816,0.0242666666666667,0.0566284370625768,1,1,0.0226719058750034,0.618313603656728,0.996572449317724,1,0.943066666666667,0.0569333333333334,0.994474490883798,1,0.943066666666667,0,0.943066666666667,0.943066666666667,0.110177562082828,1,0.0055234950051221,0.00357077700198766,1
269,2.2477961716756,0.0246666666666667,0.0556016400376128,0.999999999999999,0.999999999999999,0.0232194019016234,0.62050900546051,0.996537583280825,0.999999999999999,0.9436,0.0564,0.993102725713628,0.999999999999999,0.9436,0,0.9436,0.9436,0.109609266413641,0.999999999999999,0.00476183696999898,0.00234811935854716,1
270,2.25322159420653,0.0237333333333333,0.0568868233527282,1,1,0.0225829880746699,0.6201887722824,0.996683062069748,1,0.944,0.056,0.99293587279788,1,0.944,0,0.944,0.944,0.110723055513039,1,0.0042872768898526,0.00242954768251405,1
271,2.25740746977269,0.0228330008121512,0.0569735496135726,1,1,0.0212240628911723,0.612532088939043,0.996753431592885,1,0.943,0.057,0.992738338450832,1,0.943,0,0.943,0.943,0.111133333333333,1,0.00564258497812621,0.00233889173770076,1
272,2.26486525157147,0.0246666666666667,0.0582,1,1,0.0224666666666667,0.607262641758431,0.996795442554888,1,0.9448,0.0552,0.991556465001034,1,0.9448,0,0.9448,0.9448,0.110533333333333,1,0.00454016816263289,0.00386893364028839,1
273,2.26610920072772,0.0274619274338044,0.0610231151345594,0.999999999999999,0.999999999999999,0.0249840071417085,0.60394309158803,0.996665911163169,0.999999999999999,0.942066666666667,0.0579333333333333,0.990046751729097,0.999999999999999,0.942066666666667,0,0.942066666666667,0.942066666666667,0.115896530508596,0.999999999999999,0.0043976209210425,0.00232006425733394,1
274,2.27081717099838,0.0272177504671448,0.0610215024169927,1,1,0.0245953717040747,0.60961334088215,0.996930850926994,1,0.940666666666667,0.0593333333333333,0.990497107042369,1,0.940666666666667,0,0.940666666666667,0.940666666666667,0.11711038152658,1,0.00546598711437115,0.00251987837987412,1
275,2.2775072453003,0.0264173276749948,0.0590849914109892,1,1,0.0234476865891295,0.602603132614995,0.99678484964299,1,0.938,0.062,0.988629748277417,1,0.938,0,0.938,0.938,0.117718463461735,1,0.00546324360376729,0.0029758475714755,1
276,2.28317230778578,0.0256454966644349,0.0599412737321796,1,1,0.0219966064975913,0.599422841792361,0.99664947423415,1,0.935266666666666,0.0647333333333333,0.987672958314081,1,0.935266666666666,0,0.935266666666666,0.935266666666666,0.120382220343753,1,0.00514027659538162,0.00228245794827258,1
277,2.28969720018153,0.0230664363171711,0.0569544356172734,1,1,0.0201103080931336,0.5998766400997,0.996656609735955,1,0.935333333333333,0.0646666666666667,0.989681937410259,1,0.935333333333333,0,0.935333333333333,0.935333333333333,0.117139503702973,1,0.00458637821801221,0.00318669956858326,1
278,2.29274939398627,0.0224937098515236,0.0583898661132036,1,1,0.0202425448204236,0.594900900883598,0.996604116600052,1,0.935133333333334,0.0648666666666667,0.989736671774018,1,0.935133333333334,0,0.935133333333334,0.935133333333334,0.1186,1,0.00368661809033896,0.00308293504409851,0.999999999999999
279,2.2941334879247,0.0227758403631574,0.0599878848544248,1,1,0.0199324393117925,0.597498610737922,0.996906751649002,1,0.933666666666667,0.0663333333333333,0.990217778843758,1,0.933666666666667,0,0.933666666666667,0.933666666666667,0.121599443950087,1,0.00535975880566336,0.00205102055013771,0.999999999999999
280,2.30157762034908,0.023418749886282,0.063,0.999999999999999,0.999999999999999,0.0208326727576789,0.597778244308729,0.996716299203326,0.999999999999999,0.937733333333333,0.0622666666666666,0.991427702576386,0.999999999999999,0.937733333333333,0,0.937733333333333,0.937733333333333,0.120733333333333,0.999999999999999,0.00383696828832458,0.00228036351105408,1
281,2.30516026706818,0.0200400643731204,0.056836389034734,1,1,0.0180814577007758,0.594755228089201,0.996753572808353,1,0.939533333333333,0.0604666666666667,0.990914185268776,1,0.939533333333333,0,0.939533333333333,0.939533333333333,0.112955010141108,1,0.00511754348738354,0.00290531716018758,1
282,2.31025980329939,0.02148995409841,0.0579328889120309,1,1,0.0195622844373918,0.594356399371386,0.996628388721401,1,0.941666666666667,0.0583333333333333,0.991767162130629,1,0.941666666666667,0,0.941666666666667,0.941666666666667,0.112302232511603,1,0.00486413141402583,0.00371601207826437,1
283,2.31291225725019,0.0206944574761372,0.0556775370103299,0.999999999999999,0.999999999999999,0.0193449217877563,0.589112339689607,0.996674096203651,0.999999999999999,0.938666666666666,0.0613333333333333,0.990719993674524,0.999999999999999,0.938666666666666,0,0.938666666666666,0.938666666666666,0.113653381086458,0.999999999999999,0.00488463470754333,0.0020843747831176,1
284,2.31938901275288,0.0193723415010418,0.0544968344093509,1,1,0.0182666666666667,0.590649201978241,0.996579955024093,1,0.940333333333333,0.0596666666666666,0.991753335884113,1,0.940333333333333,0,0.940333333333333,0.940333333333333,0.111253017210435,1,0.00555856298249623,0.00352500840725209,0.999999999999999
285,2.32410561689153,0.0199726041844527,0.0565333333333333,1,1,0.018765435635062,0.592536249702347,0.99653944908935,1,0.941399999999999,0.0586,0.992704498483221,1,0.941399999999999,0,0.941399999999999,0.941399999999999,0.111124125141517,1,0.00453461237666119,0.00313271559505592,1
286,2.32736377307596,0.0207831679361134,0.0595340027308531,1,1,0.0189221721567602,0.59737961962998,0.996678663577404,1,0.941533333333333,0.0584666666666666,0.992444299744936,1,0.941533333333333,0,0.941533333333333,0.941533333333333,0.113834809699497,1,0.00406753920815164,0.00312499513870836,1
287,2.32955741599771,0.0194,0.0552382693952137,1,1,0.0176178484561991,0.598130246292066,0.996950017949104,1,0.941066666666667,0.0589333333333333,0.991407645437723,1,0.941066666666667,0,0.941066666666667,0.941066666666667,0.1104,1,0.00466208673422225,0.00272574292233487,1
288,2.33406824008462,0.0184,0.0570900686826906,1,1,0.0169333333333333,0.60067323765349,0.996984995789197,1,0.943333333333333,0.0566666666666666,0.992933008177986,1,0.943333333333333,0,0.943333333333333,0.943333333333333,0.109519779986721,1,0.00485871050108141,0.00273839454365704,1
289,2.33901720221978,0.0194666666666667,0.0577243265973781,1,1,0.0182,0.601232508122759,0.996678378108508,1,0.9436,0.0564,0.992712663282663,1,0.9436,0,0.9436,0.9436,0.10965613120963,1,0.00462513905507311,0.00329138394430619,1
290,2.3421094625224,0.0188147489942582,0.0569333333333333,1,1,0.0175078528219367,0.602853126762367,0.996451400444926,1,0.943,0.057,0.992075898597076,1,0.943,0,0.943,0.943,0.109545322863364,1,0.00450736625110235,0.00334356995913266,1
291,2.34483520083027,0.0184461409358317,0.0564,0.999999999999999,0.999999999999999,0.0172666666666667,0.606859683159226,0.996664350160971,0.999999999999999,0.940466666666666,0.0595333333333333,0.99100361999625,0.999999999999999,0.940466666666666,0,0.940466666666666,0.940466666666666,0.1112,0.999999999999999,0.00553488539628883,0.00285718903340596,1
292,2.35111395751909,0.0189803212592613,0.0550579237185522,1,1,0.0181333333333333,0.608430355614265,0.996647127304609,1,0.942,0.058,0.990340564034514,1,0.942,0,0.942,0.942,0.108872307185892,1,0.00517347389694575,0.00289578796173409,1
293,2.35646905671221,0.018763583169986,0.0512996111890142,1,1,0.0181333333333333,0.610277539747555,0.996573017113394,1,0.942866666666667,0.0571333333333333,0.9908012872351,1,0.942866666666667,0,0.942866666666667,0.942866666666667,0.103568845322161,1,0.0052450956118307,0.00258580220443706,1
294,2.36273559933945,0.0188286345713382,0.0506242825874948,1,1,0.018,0.604772176756746,0.996467511844838,1,0.942066666666667,0.0579333333333333,0.98988598309619,1,0.942066666666667,0,0.942066666666667,0.942066666666667,0.103758186474335,1,0.00428785759670185,0.00249670562173021,0.999999999999999
295,2.36696761787454,0.0160592606532247,0.0473333333333333,1,1,0.0151953590749593,0.607189086313554,0.996727540784589,1,0.944133333333333,0.0558666666666666,0.991431120291932,1,0.944133333333333,0,0.944133333333333,0.944133333333333,0.0978666666666667,1,0.00421866728701801,0.00249553336105469,1
296,2.37102906836667,0.0167333333333333,0.0501979879460162,1,1,0.0157333333333333,0.604805181804318,0.996650341041743,1,0.942866666666666,0.0571333333333333,0.990216761000854,1,0.942866666666666,0,0.942866666666666,0.942866666666666,0.100700805865771,1,0.00408977089373978,0.00217471581419773,1
297,2.37550917045992,0.0178,0.0511333333333333,1,1,0.0165119428385558,0.612447845401443,0.996926800958852,1,0.944666666666667,0.0553333333333333,0.989965029177701,1,0.944666666666667,0,0.944666666666667,0.944666666666667,0.100680304594772,1,0.00472616135667653,0.00321917964817644,1
298,2.37908901932818,0.0185333333333333,0.0504588088866038,1,1,0.0176,0.608433260908069,0.996652666743519,1,0.944133333333333,0.0558666666666667,0.989524724940657,1,0.944133333333333,0,0.944133333333333,0.944133333333333,0.100445888254131,1,0.00346018039027895,0.00255764305934472,1
299,2.38123623598173,0.016,0.049885489021808,1,1,0.0153695675563454,0.608263411171992,0.996579646271666,1,0.945066666666666,0.0549333333333333,0.990069616833954,1,0.945066666666666,0,0.945066666666666,0.945066666666666,0.0986911541693587,1,0.00460295803451041,0.00302885779015288,0.999999999999999
300,2.38498454052267,0.0152,0.0468,1,1,0.0144666666666667,0.61495889588351,0.996843868104627,1,0.9448,0.0552,0.990429412553179,1,0.9448,0,0.9448,0.9448,0.0963333333333335,1,0.00519504619796295,0.00272368413979859,1
