"X","PopRatio","KC","LC","aKC","Prol_KC","Diff_KC","preDiff_KC","pDC","iDC","M1","M2","Neutrophil","Th0","Th1","Th2","Th17","Th22","Treg","Fibroblast","Division","Death","ILC3"
0,1.36335026305308,0.0536341898849144,0.253633841086609,0.999999999999999,0.93050992895909,0.0328132220702089,0.200367591434698,0.996668493957422,0.999999999999999,0.95087987484782,0.0422666666666667,0.991866666666667,0.999999999999999,0.940755742850945,0,0.685225654985303,0.940574953168002,0.288547499638059,0.915333333333333,0.00903656094648084,0.00520208531641011,0.758191629311275
1,1.36857347223661,0.0491926893865181,0.247049332870767,0.999999999999999,0.928061670466223,0.0312979652472383,0.200021411956035,0.996820527460654,0.999999999999999,0.949576130079313,0.0432,0.992533333333332,0.999999999999999,0.859127064714408,0,0.384083519602136,0.856914116655909,0.281725652509779,0.913134617075471,0.00408052886428577,0.00222320188100996,0.436209949491779
2,1.37106983327202,0.0506737777791035,0.249876151062319,0.999999999999999,0.929317926324654,0.0320364570406462,0.197194272609271,0.996681255069927,0.999999999999999,0.949497367603129,0.0433333333333333,0.992659489480032,0.999999999999999,0.705322873034193,0,0.191679611783988,0.705233854454647,0.284624313923029,0.914909655712485,0.00527001115265966,0.00347949931037841,0.230337802955801
3,1.37352475004509,0.0511633448679139,0.247194413863083,0.999999999999995,0.934917984557095,0.0327278131406349,0.202433622226805,0.996723661769673,0.999999999999995,0.951735086912856,0.0421999999999999,0.993250401404515,0.999999999999995,0.538769042953558,0,0.0938349428072269,0.535604507226773,0.279668680163988,0.919292766761456,0.0046094231429607,0.00253215247854357,0.116232327014477
4,1.37631993408336,0.05152750748959,0.243771089906266,0.999999999999995,0.936272445984058,0.0333360731942636,0.201142353732578,0.996514381931967,0.999999999999995,0.953448118901103,0.0407333333333333,0.993666666666662,0.999999999999995,0.37440751010599,0,0.0460726399281207,0.379456080624571,0.276955853672383,0.920648335029953,0.00287066194546408,0.00287921702176039,0.0589850065897938
5,1.37630815956131,0.050928366274323,0.235848749152391,1,0.931658486660607,0.0330570354880113,0.203367437091723,0.99667138558351,1,0.948799225720037,0.0449333333333333,0.994323352022864,1,0.240709493399515,0,0.0217046086393275,0.251834686054632,0.273848552502114,0.914609660976258,0.00420155821308569,0.00199043575258469,0.0300050805221053
6,1.37935134544549,0.0504023034264536,0.233632701742632,0.999999999999998,0.932211863162168,0.0314,0.203330788072345,0.996390064412882,0.999999999999998,0.948557777205846,0.0443333333333333,0.99453893441099,0.999999999999998,0.155712265515014,0,0.0089221420665132,0.16383288867296,0.272357609591765,0.914111684728428,0.0037375139041512,0.00212890736133837,0.0142020606928622
7,1.3815701790446,0.0504417065416927,0.234789312136022,0.999999999999995,0.933752678867822,0.0329935055792444,0.203824803750786,0.99647114869851,0.999999999999995,0.94750710473655,0.0444666666666666,0.994533333333329,0.999999999999995,0.093900454700722,0,0.00425733812621835,0.0985504401296678,0.272617879433097,0.914455705552625,0.00317145707752079,0.00151614976775597,0.00745018311773711
8,1.38385710226092,0.05240165035296,0.231656233106481,0.999999999999998,0.934792368258358,0.0350241038630946,0.202775722962009,0.996738388575513,0.999999999999998,0.94936261551504,0.0426666666666667,0.994978462588526,0.999999999999998,0.0573956572939909,0,0.00179638286583064,0.0559281913030095,0.266435435555629,0.917618081044363,0.0024098022642437,0.00223993471400609,0.00405768444620429
9,1.38409217467676,0.0529762700034013,0.238207101504005,0.999999999999996,0.935675132335248,0.0347480176592405,0.20137498554016,0.996852185563733,0.999999999999996,0.951184324080864,0.0412,0.995666666666663,0.999999999999996,0.0345075058585804,0,0.000701212144093027,0.0315510451994103,0.272456476891516,0.919186879534693,0.00224174377582756,0.00149841123668513,0.00178859920134964
10,1.38512101542736,0.0518414794763737,0.234785491278758,0.999999999999997,0.936305304117476,0.0321513871385526,0.206663911050277,0.99675240085545,0.999999999999997,0.953887432974104,0.0395333333333333,0.995975979824801,0.999999999999997,0.0225979674322173,0,0.000434477652838593,0.0187861097298047,0.268188766712285,0.920952377810091,0.00206187416048901,0.00184856497460732,0.00110934474815044
11,1.38541647446351,0.0510807033865826,0.234109200108603,1,0.936338848189964,0.0333666272467418,0.210077992839835,0.996742267100175,1,0.953796309996316,0.0398666666666666,0.995995540438165,1,0.0128150759585194,0,7.04153531455853e-05,0.0112375224829079,0.2673251182295,0.920737824043698,0.00243453181844339,0.00200310695100184,0.000458165879211434
12,1.38601417758235,0.0486528514343901,0.232002419258749,0.999999999999998,0.937328257984073,0.031602706275484,0.216147577313851,0.996782944989267,0.999999999999998,0.950872963000315,0.0422,0.995925863420779,0.999999999999998,0.00710045926805458,0,6.66666666666667e-05,0.0066026998173968,0.266455898472077,0.920628043448948,0.00232754541892931,0.00139448828185032,0
13,1.38730740800284,0.0484414808959792,0.237016182351213,0.999999999999998,0.935589047567044,0.0292466990306253,0.211887337782341,0.99678929413015,0.999999999999998,0.948327863280322,0.0441333333333333,0.995623907394988,0.999999999999998,0.00406886062926754,0,0,0.00301923478150913,0.271655386806174,0.918467530431154,0.00205163202384838,0.00147142536524144,0
14,1.38811233299849,0.0482428526092866,0.239197725098805,0.999999999999999,0.939406099918258,0.0289919895672642,0.212775957185215,0.996471461679663,0.999999999999999,0.949683115637628,0.0437333333333333,0.995933333333333,0.999999999999999,0.0025304074238637,0,0,0.00154656370453082,0.272389867624248,0.921859593250084,0.00247083463543542,0.00209122522541257,0
15,1.38863927350227,0.0477609216545313,0.23185032689723,1,0.941226548658476,0.0279175137823883,0.214761896131876,0.996726554746603,1,0.9486,0.0452,0.995368302731331,1,0.00107916659088812,0,0,0.00109037704106073,0.26531667393116,0.923273663953582,0.00257234878794337,0.0024089031141075,0
16,1.38886624058404,0.0469333313766495,0.231511767422383,0.999999999999999,0.939317848488345,0.0278875296467013,0.216183429105289,0.996730066034542,0.999999999999999,0.949206717015054,0.0455333333333333,0.996037181863843,0.999999999999999,0.000524856740058434,0,0,0.000773378780603688,0.264283527450253,0.921539747774443,0.00285599882279406,0.00131270986960583,0
17,1.39100966251059,0.047244114802115,0.230507459801269,0.999999999999999,0.940298175722254,0.028190013847125,0.221485152117787,0.996861329439284,0.999999999999999,0.948173960573832,0.0466666666666666,0.995950691364242,0.999999999999999,0.000494859639598624,0,0,0.000554096545693395,0.264678185476014,0.922743877656251,0.00251899880141901,0.00143818791256651,0
18,1.39251308090033,0.0434450839375857,0.230022894198489,0.999999999999998,0.938922354662649,0.0263333333333333,0.223886793039304,0.99662895817115,0.999999999999998,0.945330497550479,0.0493333333333333,0.995866666666665,0.999999999999998,0.000417319292495372,0,0,0.000116685153740166,0.266160407860697,0.922526643091003,0.00277761196208821,0.00162677696253719,0
19,1.39411563369116,0.0454899425148434,0.227063632286664,0.999999999999999,0.939740250927304,0.0279360153724365,0.229438583739174,0.996606542438067,0.999999999999999,0.944584382246109,0.0496,0.99564366074621,0.999999999999999,0.000393563436646907,0,0,0,0.26327369429075,0.922673163014512,0.0024035394163068,0.00160837251040505,0
20,1.39522418830607,0.0448666666666667,0.22541761707915,0.999999999999998,0.941823794088747,0.0273953893117567,0.227130094687542,0.99676060177088,0.999999999999998,0.943999999999999,0.0502666666666666,0.995834416747054,0.999999999999998,0.000202569773291601,0,0,0,0.262194393285721,0.926346313371538,0.00197618113869355,0.00221610508871021,0
21,1.39488944060765,0.046743267857542,0.232387676674858,0.999999999999999,0.943449102266083,0.0260380640460177,0.228178472072069,0.996794888089233,0.999999999999999,0.943514828115998,0.0513999999999999,0.996303235009967,0.999999999999999,6.43887538977917e-05,0,0,0,0.270045256940077,0.929494538604785,0.00211550764623009,0.00131605358668644,0
22,1.39600459063356,0.0447850285004394,0.228817909997997,0.999999999999999,0.943045386026995,0.0264356276620352,0.231880350173776,0.996579489306394,0.999999999999999,0.944313787261266,0.0512666666666666,0.996325826585892,0.999999999999999,0,0,0,0,0.266969065579617,0.928774985306387,0.00190969138459535,0.00205494421604978,0
23,1.39580181701404,0.0427882616127003,0.227952868941175,1,0.941117268143522,0.0280666666666667,0.236147955478656,0.99649822544108,1,0.942477351715086,0.0529333333333334,0.996988935784482,1,0,0,0,0,0.265639569684518,0.926970680111827,0.00191343532700923,0.00173032646561023,0
24,1.3960574006955,0.0431942268943706,0.224281485246741,0.999999999999999,0.944893499213589,0.0261483763795725,0.239757141863002,0.996575473677921,0.999999999999999,0.943236406127575,0.0530666666666666,0.997466666666666,0.999999999999999,0,0,0,0,0.262165684658453,0.930640119772343,0.00200484526951149,0.00144025342399372,0
25,1.3968456033198,0.0428754172073453,0.223577947237002,0.999999999999999,0.945226511767664,0.0264967609107789,0.242907529023577,0.99671701370818,0.999999999999999,0.944505864189828,0.0514,0.997451652503415,0.999999999999999,0,0,0,0,0.26195239391733,0.931241279354747,0.00205687086864461,0.00189697732165992,0
26,1.39706894991791,0.0427867032146945,0.220236917136988,1,0.949270373471659,0.0259789330592318,0.241855451185654,0.99666808293945,1,0.947672123996777,0.048,0.998144758485522,1,0,0,0,0,0.255343269153962,0.935476673153907,0.00193678226525685,0.00175835013492413,0
27,1.39731823190686,0.0414723498776086,0.218308147920476,1,0.951054008569897,0.0246946594165167,0.244461893767124,0.996780893076894,1,0.948405659089739,0.0466666666666666,0.997807214907344,1,0,0,0,0,0.252006681030567,0.936023806544639,0.00196598821392276,0.00200475417380458,0
28,1.39726406352434,0.0416407583175367,0.216755526849507,1,0.951226747539517,0.0263460323513455,0.243236245806115,0.996602670731886,1,0.946798223256834,0.0478666666666666,0.997387731887526,1,0,0,0,0,0.251126501818061,0.935767351052944,0.00275613152631905,0.00186088013331115,0
29,1.39851496612361,0.0439604851571536,0.215046597004852,0.999999999999998,0.949409625454878,0.0272935467702114,0.243592167990475,0.996720130465441,0.999999999999998,0.946660115220872,0.0488666666666667,0.998105901178819,0.999999999999998,0,0,0,0,0.250216407603133,0.933838114953795,0.00270028189696416,0.00139566548859078,0
30,1.40033949169577,0.0404152390260032,0.211256195854789,0.999999999999999,0.95084171390305,0.0240086324439598,0.244885647448608,0.996454124274816,0.999999999999999,0.948199999999999,0.0482,0.997881862950867,0.999999999999999,0,0,0,0,0.24464006391905,0.935938649792859,0.00235681029029297,0.00135413083149669,0
31,1.40174358333943,0.0392748105076189,0.20231409880342,0.999999999999999,0.950078429689112,0.0256981523607974,0.247616653481546,0.996516018429025,0.999999999999999,0.949683665904594,0.0464666422619564,0.998413663614492,0.999999999999999,0,0,0,0,0.235605532958922,0.935439320569117,0.00231117299357416,0.00146297954796559,0
32,1.40292636478509,0.0378588813884311,0.200752975262658,1,0.948221659553476,0.0246327463108389,0.255052402909793,0.99688073631016,1,0.950421715048906,0.0461333333333333,0.998666666666666,1,0,0,0,0,0.234006799366325,0.935564792961696,0.00201510611636193,0.00168108950648759,0
33,1.40339496549336,0.0386685801020632,0.20339072470418,1,0.949397700508614,0.022518645287567,0.254246425346544,0.996977462917021,1,0.951368606023433,0.0451587154894421,0.99888820647557,1,0,0,0,0,0.237973510396155,0.935889948872587,0.0024488161078165,0.0020661740224073,0
34,1.40393196346961,0.034892203628893,0.19127133576174,0.999999999999998,0.952331941251222,0.0206480373393084,0.260427062311387,0.996717245785386,0.999999999999998,0.951402801652375,0.0445671946480814,0.998999999999998,0.999999999999998,0,0,0,0,0.224666247635088,0.940291750035892,0.00197279378363537,0.0018283087714436,0
35,1.40413481059646,0.0336666666666667,0.185869789601741,0.999999999999999,0.953137942607444,0.0203997525441553,0.264826279256486,0.996535869435806,0.999999999999999,0.951272237039286,0.0442,0.998999999999999,0.999999999999999,0,0,0,0,0.218107361530734,0.94216100696843,0.00224403919950829,0.00178140374499323,0
36,1.40478441314276,0.0317744829376042,0.180403103520773,1,0.95231121587286,0.0205259137719971,0.266497024816653,0.996700237141566,1,0.952582210343743,0.0436,0.998853329643049,1,0,0,0,0,0.21240737425794,0.941642914905783,0.00235319052745712,0.00192551850804805,0
37,1.40538520012957,0.0312666666666667,0.177180977925915,0.999999999999999,0.955532888947027,0.02147150613831,0.262412280411379,0.996733975448296,0.999999999999999,0.955881101394863,0.0406666666666666,0.998533333333333,0.999999999999999,0,0,0,0,0.207946273671752,0.944280359736521,0.00215209381904356,0.00222406677167324,0
38,1.40528405040713,0.0332607419141921,0.180482391090623,1,0.959696603701059,0.0213505348675662,0.263342634039252,0.996621631089363,1,0.956112964788765,0.0400666666666667,0.998066666666667,1,0,0,0,0,0.211222449473921,0.948503463497542,0.00176645659221594,0.00160844737629501,0
39,1.40545878969597,0.0336666666666667,0.180063795162623,0.999999999999998,0.957546927526344,0.0229333333333333,0.261291393154976,0.996520539054849,0.999999999999998,0.954626699820909,0.0414,0.99799331010389,0.999999999999998,0,0,0,0,0.209953491469766,0.946772106621762,0.00263946064343584,0.00146429148184525,0
40,1.40711044152351,0.0304819281443816,0.171139694238198,0.999999999999998,0.957005267818684,0.0212580067216477,0.261219843912175,0.996722718628092,0.999999999999998,0.954304756988194,0.0419333333333333,0.998399999999998,0.999999999999998,0,0,0,0,0.203333655760297,0.945851921473594,0.00221870289379913,0.00177094883256731,0
41,1.4077404809383,0.0307539554974344,0.170547374224136,0.999999999999997,0.960200310162871,0.0211754379284801,0.263651449218661,0.996705102080105,0.999999999999997,0.958130536953213,0.0386,0.998666666666663,0.999999999999997,0,0,0,0,0.199342733642871,0.94841013488859,0.00265278123606931,0.00144748281129067,0
42,1.40943722832247,0.0294872487926874,0.168492803456964,1,0.959449683908378,0.02,0.258914005312186,0.996893370383869,1,0.959762386287232,0.0374666666666667,0.998140525311221,1,0,0,0,0,0.196892702230776,0.946969740196979,0.00254519742294599,0.0021378615721059,0
43,1.41001134263507,0.0277751709450609,0.168011535860611,0.999999999999998,0.960455243891667,0.0183347659873457,0.258337765253574,0.996689503424321,0.999999999999998,0.960890711795666,0.0355333333333333,0.998058857556586,0.999999999999998,0,0,0,0,0.195117121939673,0.948988172266616,0.00272840194280105,0.00138019607543447,0
44,1.41191232820026,0.028244011632814,0.168492881017568,1,0.962179996432752,0.0187157851106968,0.258858648775128,0.996420408988044,1,0.961887308840328,0.0345333333333333,0.9982,1,0,0,0,0,0.194028935975709,0.950761779546381,0.00207653669009288,0.00136455049744095,0
45,1.41285891466924,0.0251151365556868,0.165960419677501,0.999999999999999,0.960690045162788,0.0171675233042466,0.257986014006819,0.996725993875843,0.999999999999999,0.961803985064508,0.0346666666666667,0.998022582579817,0.999999999999999,0,0,0,0,0.193119665318269,0.948176509035843,0.00242323153632649,0.0018231312295785,0
46,1.41370677173732,0.0248751362186705,0.165554351393516,0.999999999999999,0.964375340249126,0.0169535464604132,0.259703890988327,0.996770958762264,0.999999999999999,0.959658948270905,0.0367333333333333,0.997666666666666,0.999999999999999,0,0,0,0,0.192358141619366,0.952228329314399,0.00169204837500024,0.00192773049273407,0
47,1.4133735863315,0.0242944974748275,0.162766612230699,0.999999999999999,0.964266666666666,0.01692765244115,0.265828171896524,0.996538927442955,0.999999999999999,0.96136631396438,0.0343333333333333,0.998631514079208,0.999999999999999,0,0,0,0,0.188056641761371,0.953000101725035,0.00249132777732079,0.00215842079540603,0
48,1.41384410826645,0.0232666666666667,0.162274948061598,0.999999999999999,0.963733333333333,0.0175144856279356,0.261908973898805,0.9966673214343,0.999999999999999,0.958599999999999,0.0372666666666666,0.998866666666665,0.999999999999999,0,0,0,0,0.190124426556031,0.95236825367188,0.00228132862771307,0.00161674228208438,0
49,1.41478372975565,0.0232,0.162231922236752,0.999999999999999,0.961122439159964,0.0186580554529796,0.2588377136396,0.996719380287515,0.999999999999999,0.954733333333333,0.0414666666666667,0.998733333333333,0.999999999999999,0,0,0,0,0.19206174473241,0.950905240402275,0.00242815128866163,0.00141568369841181,0
50,1.41621615242924,0.0233106906918787,0.161699764668112,0.999999999999998,0.962641730712538,0.0175584416756787,0.260807837991778,0.99655055060765,0.999999999999998,0.953165669068135,0.0433333333333333,0.998666666666665,0.999999999999998,0,0,0,0,0.192904981471294,0.951696200231059,0.00278019811583803,0.0019189723884306,0
51,1.41737192272573,0.0222335425282086,0.161743362093201,1,0.963015518496359,0.0177624357154788,0.261995819437908,0.996729875699043,1,0.950465951087806,0.0458666666666667,0.9984,1,0,0,0,0,0.195637927812078,0.949861408827316,0.00278074313818323,0.00124798712371464,0
52,1.41954440806502,0.0212666666666667,0.159351646707294,0.999999999999999,0.963885654278797,0.0165021527730114,0.263930011772802,0.996776217308102,0.999999999999999,0.951953573249432,0.0456,0.998199999999999,0.999999999999999,0,0,0,0,0.193442287746267,0.951838227514283,0.00235659942564863,0.00215456432281219,0
53,1.41983120586548,0.0223654616900075,0.161500419165788,0.999999999999999,0.964533579452728,0.0172045786443698,0.26920961774289,0.996813350562979,0.999999999999999,0.951599999999999,0.0456666666666666,0.997999999999999,0.999999999999999,0,0,0,0,0.19407219317997,0.952407966730092,0.00221826541663541,0.00192328860949238,0
54,1.42025002314127,0.0212367322293701,0.162803340186849,0.999999999999999,0.964955969492994,0.0179993078107218,0.270172774068321,0.99659827021786,0.999999999999999,0.950976075171987,0.0464666666666667,0.997666666666666,0.999999999999999,0,0,0,0,0.193816845933349,0.952469548788088,0.00281557627344248,0.00204103209000417,0
55,1.42135006953572,0.0210059978593674,0.165267442468741,0.999999999999999,0.965383841995754,0.0182306519247557,0.269959142524373,0.996638879470251,0.999999999999999,0.952300089264644,0.0446,0.997733333333332,0.999999999999999,0,0,0,0,0.19435338780301,0.954207527996772,0.00200600429045252,0.00189985555976503,0
56,1.42150094404146,0.0204,0.164676096068237,0.999999999999999,0.966134757437279,0.0182386496395755,0.269891588670098,0.996942695900447,0.999999999999999,0.952340306532714,0.0452,0.997066666666665,0.999999999999999,0,0,0,0,0.194388603688866,0.953833751392628,0.00225633405437145,0.00236961934139474,0
57,1.42133990889901,0.0199203808448736,0.165071260219188,0.999999999999999,0.964738896031378,0.0190159542398435,0.275564711390855,0.99680676008276,0.999999999999999,0.953420319153165,0.044,0.997333333333332,0.999999999999999,0,0,0,0,0.194383544560946,0.953170688428601,0.00213601289922044,0.00199830708341972,0
58,1.4215356356707,0.0190666666666666,0.16267921225242,1,0.965069582319529,0.0169327776097729,0.27462016837976,0.996656891042929,1,0.954600000000001,0.0438,0.997733333333334,1,0,0,0,0,0.19176807556937,0.95419348059141,0.00234931355709307,0.00156120442677569,0
59,1.42265596088424,0.020620725422828,0.163249904813942,0.999999999999999,0.963796516821952,0.0192454264201657,0.272465379640371,0.996700489970608,0.999999999999999,0.951466666666666,0.0462666666666667,0.998133333333333,0.999999999999999,0,0,0,0,0.194071877913132,0.952418421398801,0.00284706175362045,0.00201833658911602,0
60,1.42383495167946,0.0213632659118384,0.164175703890667,0.999999999999999,0.962356683496053,0.0204299579351202,0.277505788709314,0.996746365542388,0.999999999999999,0.950500785470335,0.0472,0.997867611569782,0.999999999999999,0,0,0,0,0.193468372219651,0.950273984852708,0.00231576883003634,0.00154402800336942,0
61,1.42484206649462,0.0202401359143143,0.16385368758041,1,0.960675605613659,0.019772183687028,0.27603073347099,0.996584931837491,1,0.950753815361238,0.047,0.998200000000001,1,0,0,0,0,0.191701295977987,0.948439276763593,0.0021786643903246,0.00190217412185532,0
62,1.42514103198901,0.0209256420447406,0.164714006526337,1,0.962992714189003,0.0196155760431685,0.27057735274013,0.996771979426688,1,0.949970580230147,0.0474666666666666,0.998200000000001,1,0,0,0,0,0.194221858052954,0.951178517525265,0.00206807060096968,0.00280888786758721,0
63,1.42408526290515,0.0196666666666667,0.160952532669251,1,0.964053240033039,0.0180166666317133,0.269452920480126,0.996887031481641,1,0.950666666666668,0.0465650031704905,0.998248439856522,1,0,0,0,0,0.189278642299838,0.953644289605771,0.00219314308569521,0.00165720780998265,0
64,1.42484848043316,0.0184832354919226,0.156217680342051,1,0.963579319122725,0.0171483330165019,0.260574600800064,0.996637559117254,1,0.949822927802312,0.0471333333333333,0.998266666666667,1,0,0,0,0,0.184806626440454,0.952295973504908,0.00206272420915517,0.00166046578391155,0
65,1.42542163773911,0.0173820627756437,0.155876007309035,1,0.964093533894487,0.0173319607833937,0.264545819754028,0.99672635846015,1,0.952645633530765,0.044,0.998533333333334,1,0,0,0,0,0.182442114740817,0.953943022684152,0.00281425770885254,0.0018702866283878,0
66,1.42676719454261,0.0169333333333333,0.15441939293606,0.999999999999998,0.963270345855038,0.0175509763746178,0.263382244766234,0.996526724298652,0.999999999999998,0.949243417710472,0.0478,0.998799999999998,0.999999999999998,0,0,0,0,0.183474427026407,0.953598958836898,0.00198829956930159,0.00201588816319233,0
67,1.4267278320419,0.0167027097318309,0.152580338945959,1,0.963035875639471,0.0174832665039048,0.262873482610256,0.996801463796109,1,0.949973507224074,0.0476666666666666,0.998666666666667,1,0,0,0,0,0.182343689537914,0.953875524168656,0.00281521992575425,0.00147829875957043,0
68,1.42863525467894,0.0162666666666667,0.154550115845363,0.999999999999999,0.965009451291217,0.0168666666666667,0.264192093393318,0.99670647147205,0.999999999999999,0.945823308696122,0.0518666666666667,0.998933333333333,0.999999999999999,0,0,0,0,0.18886909868005,0.956407858424614,0.00297101147169246,0.00235385491153758,0
69,1.42942170394812,0.0164363359467034,0.157762086291144,0.999999999999998,0.966324154980391,0.0178597980240171,0.269587069857634,0.996697861431979,0.999999999999998,0.947862744018032,0.0502666666666666,0.999068569107456,0.999999999999998,0,0,0,0,0.190090962797487,0.958019327769412,0.00273786386121897,0.00175208794076657,0
70,1.43083079344404,0.0159081983525151,0.154290936773935,1,0.967347957701584,0.0177232769196849,0.269630519327121,0.996823995854439,1,0.949689737766436,0.0486,0.999200000000002,1,0,0,0,0,0.185768759855812,0.959961529849186,0.00226818114082737,0.00175925465378519,0
71,1.4315589811333,0.0148086863965736,0.15499319039151,0.999999999999999,0.968073120495979,0.0170174991456946,0.269954547550371,0.996846460092518,0.999999999999999,0.949333333333332,0.0492666666666667,0.999066666666666,0.999999999999999,0,0,0,0,0.185635626650862,0.960199909350301,0.00270969429817368,0.00231654109521577,0
72,1.43212180313195,0.0159059051075901,0.158536441854863,0.999999999999999,0.967226173481539,0.0184666666666667,0.275667032286466,0.996513756237178,0.999999999999999,0.950466666666666,0.0486666666666666,0.999100252907952,0.999999999999999,0,0,0,0,0.189630069046776,0.960418001111312,0.00250833498445635,0.00120522735737889,0
73,1.43398801197652,0.0170384877364291,0.155678038271008,0.999999999999999,0.967997874044334,0.0199064220308967,0.278238880349351,0.99666097926775,0.999999999999999,0.951542766351009,0.0478,0.99870288365174,0.999999999999999,0,0,0,0,0.183942613648207,0.961901655578249,0.00240802306924955,0.00138129795283875,0
74,1.43546032348504,0.0166691088890204,0.154163231744246,0.999999999999999,0.967839041182089,0.0191883717232051,0.288983412333061,0.996668906510402,0.999999999999999,0.949866666666666,0.0494,0.998799999999999,0.999999999999999,0,0,0,0,0.182256986126818,0.961256489577892,0.00177030750701784,0.00167254764919485,0
75,1.43552042757772,0.0147029479513939,0.151664687548495,1,0.969007355715478,0.01717806172177,0.295246233221901,0.996626242618713,1,0.947737552548765,0.0518666666666667,0.999066666666666,1,0,0,0,0,0.18126602292832,0.962302824298805,0.00299822070834134,0.00228391339515542,0
76,1.43654583031737,0.0144666666666667,0.150785853229228,0.999999999999999,0.972183636336745,0.0173333333333333,0.296309499551916,0.996699494089743,0.999999999999999,0.946266666666666,0.0532,0.999333333333333,0.999999999999999,0,0,0,0,0.18113532188457,0.966370748895623,0.00256221720632826,0.00193899981475216,0
77,1.43744111066262,0.0142856953471924,0.149123014283959,0.999999999999998,0.973654448593445,0.0178666666666667,0.294469942295477,0.996930664074946,0.999999999999998,0.942733333333332,0.0568,0.999799999999998,0.999999999999998,0,0,0,0,0.181164466557808,0.967666666666666,0.00234228648236754,0.00196730334365536,0
78,1.43798012684201,0.0158365813195375,0.15472094746783,0.999999999999999,0.973540722322504,0.0194666666666667,0.294905399271739,0.996699072138565,0.999999999999999,0.940666666666666,0.0586,0.999933333333332,0.999999999999999,0,0,0,0,0.187132582184224,0.968033022769527,0.0019165782868444,0.00241958046097015,0
79,1.43725681971186,0.0156,0.157353401810451,1,0.97219465040973,0.0194918314270324,0.298840658325118,0.996750811922897,1,0.938933333333333,0.0604,1,1,0,0,0,0,0.191106975894348,0.966659907177284,0.00281843907073443,0.00226507185206903,0
80,1.43795633339937,0.0150037547431502,0.154045171317574,1,0.974120882733917,0.0197411317730205,0.304133526971434,0.996622752905703,1,0.941666666666667,0.058,1,1,0,0,0,0,0.188353787014863,0.968342026946776,0.00192396080871999,0.00187715983732229,0
81,1.4380236311526,0.0158666666666667,0.153813684280296,0.999999999999998,0.97324205168406,0.0214,0.305493132474281,0.996775527339121,0.999999999999998,0.939066666666665,0.0605333333333334,0.999999999999998,0.999999999999998,0,0,0,0,0.190335394833273,0.966366661183266,0.00202529468435939,0.00221065998156103,0
82,1.43775707147483,0.0142775543117167,0.148910808265514,0.999999999999999,0.972293792411786,0.0210802374692524,0.301343938679424,0.996511527688317,0.999999999999999,0.940835877980132,0.059,0.999999999999999,0.999999999999999,0,0,0,0,0.186046402850727,0.965537553372116,0.0021567248417316,0.00216311746107594,0
83,1.43774788044116,0.014864484380702,0.148315942992356,0.999999999999999,0.971886151403759,0.021244186725483,0.305180364124158,0.996749918750522,0.999999999999999,0.939066666666667,0.0607333333333333,0.999999999999999,0.999999999999999,0,0,0,0,0.187531580995195,0.964068000718916,0.00237085336967637,0.00196769957839672,0
84,1.43828446575136,0.0155665193852829,0.143690141947153,1,0.971133333333333,0.0208501784282557,0.301324033009883,0.996762075304245,1,0.939333333333333,0.0606,1,1,0,0,0,0,0.181905515785762,0.962732797531824,0.00266128177529466,0.00213745437901436,0
85,1.43903787855816,0.015,0.13838619965805,0.999999999999998,0.971743642150181,0.0195333333333333,0.300127076630082,0.996809320854487,0.999999999999998,0.939466666666665,0.0605333333333333,0.999999999999998,0.999999999999998,0,0,0,0,0.177442881740992,0.962754417336787,0.00252146766977474,0.00216024151068215,0
86,1.43955769668382,0.0153932375383046,0.139772286904671,1,0.97442994820358,0.0193067541009991,0.301303394183006,0.996686616189119,1,0.9394,0.0606,1,1,0,0,0,0,0.178219842609559,0.965718736149814,0.00200742875659286,0.00147208316811354,0
87,1.4403283575461,0.0166,0.144100200329492,1,0.975169039259087,0.0200042224358474,0.304226459246867,0.996949739031526,1,0.938933333333334,0.0610666666666667,1,1,0,0,0,0,0.183621061511735,0.967593554179129,0.00217592078307946,0.00237793533089506,0
88,1.44003739026425,0.016,0.142952649223139,0.999999999999999,0.9745262440808,0.0200666666666666,0.303164041033086,0.99675495073054,0.999999999999999,0.9386,0.0614,0.999999999999999,0.999999999999999,0,0,0,0,0.182235375544501,0.967103079483523,0.0033008376820104,0.00152451011276325,0
89,1.44259536838132,0.0153166955209762,0.142960348024014,1,0.972807651437528,0.0215334067125474,0.301275803723065,0.996610277396544,1,0.939266666666666,0.0607333333333333,1,1,0,0,0,0,0.181288552357569,0.965631211161686,0.00268842855869333,0.00127340971633287,0
90,1.44463666800948,0.0162,0.13960047274858,0.999999999999999,0.969660680040629,0.0240124938946328,0.293114704206291,0.996566819393652,0.999999999999999,0.940466666666667,0.0595333333333333,0.999999999999999,0.999999999999999,0,0,0,0,0.177647956027279,0.962800982720262,0.0015603581070162,0.00183829459392752,0
91,1.44423515076911,0.0156,0.137425343256925,1,0.970496683118583,0.0225333333333333,0.289766948046739,0.996873862416073,1,0.940733333333333,0.0592666666666667,1,1,0,0,0,0,0.176518718647007,0.962926221614374,0.00193873801065902,0.00183657423952,0
92,1.44438269927852,0.0168666666666667,0.143902294518205,0.999999999999999,0.971326936873341,0.0245703867236402,0.290951673518511,0.996612031539879,0.999999999999999,0.941666666666665,0.0583961967478642,0.999999999999999,0.999999999999999,0,0,0,0,0.181382525754249,0.964023970849504,0.00214940720174194,0.00252312434641936,0
93,1.44384290870033,0.016,0.145057410816286,0.999999999999999,0.970882597009469,0.0243033661194742,0.289160456545598,0.996742263833126,0.999999999999999,0.937333333333333,0.0627333333333333,0.999999999999999,0.999999999999999,0,0,0,0,0.186512939943093,0.964011951261948,0.00282940884096631,0.00204998905658371,0
94,1.44494998055313,0.0155333333333333,0.144614675676188,1,0.969870468585605,0.0249405694241287,0.282515822728822,0.996998184907899,1,0.940800000000001,0.0592666666666666,1,1,0,0,0,0,0.184915603035514,0.963923791321123,0.00263927083148003,0.0020196961405525,0
95,1.44584523499074,0.015204445103042,0.140164740282073,1,0.969768696141681,0.0246256760865388,0.288233560480831,0.996714634953043,1,0.941466666666666,0.0585333333333333,1,1,0,0,0,0,0.180842256258236,0.963091298887429,0.00229910199458134,0.00164648196139361,0
96,1.4467538548026,0.0150862825695348,0.133839849435202,1,0.969772743043914,0.025562905481936,0.291188021971137,0.996689064251275,1,0.943803778376771,0.0561333333333333,1,1,0,0,0,0,0.172985173204205,0.964551483512887,0.00209844246640032,0.00173312764877405,0
97,1.44728237542322,0.0146666666666667,0.128825519570878,0.999999999999999,0.969058707800047,0.0257927487905272,0.290732201063155,0.996504723155232,0.999999999999999,0.942582195873596,0.0572,0.999999999999999,0.999999999999999,0,0,0,0,0.169805225321843,0.964332300775641,0.0023556631120952,0.0015837120356153,0
98,1.4483996066109,0.0138,0.122197685407581,0.999999999999999,0.969832574129643,0.0238846535953195,0.289997379478584,0.996693075840451,0.999999999999999,0.945533333333333,0.0542,0.999999999999999,0.999999999999999,0,0,0,0,0.161791562458028,0.965133333333332,0.00202145912585219,0.0018069660970921,0
99,1.44871027822937,0.0115333333333333,0.12100737180254,0.999999999999999,0.969199999999999,0.0222964338414854,0.291209928777399,0.997010103017207,0.999999999999999,0.944933333333332,0.0547333333333333,0.999999999999999,0.999999999999999,0,0,0,0,0.160551595836307,0.965036701867228,0.00248192786843492,0.00204102484219828,0
100,1.44934901897518,0.0117333333333333,0.118688573748729,1,0.969852910222231,0.0221129646986271,0.293213730523102,0.996453159256452,1,0.947,0.0527333333333333,1,1,0,0,0,0,0.157479654708572,0.965907474230918,0.00279829789904239,0.00233371762926459,0
101,1.45002235793342,0.0135704651580565,0.121337710602534,1,0.97155133684648,0.0232226311369847,0.29628018956871,0.99668131195891,1,0.945200000000001,0.0545333333333333,1,1,0,0,0,0,0.162437689064859,0.966996025783869,0.00221851926655619,0.00176148396186506,0
102,1.45068506934359,0.0113517587928353,0.120136032939094,0.999999999999999,0.971873920382972,0.0204517140176647,0.293930784154177,0.996613619335373,0.999999999999999,0.9458,0.0538,0.999999999999999,0.999999999999999,0,0,0,0,0.161386288400426,0.96831192212379,0.00269725248586431,0.00207033792548454,0
103,1.45156841938054,0.0118,0.117497857470023,1,0.973435006978977,0.0207384275372697,0.294998146295955,0.996914581420426,1,0.948200000000001,0.0512666666666667,1,1,0,0,0,0,0.156052396431961,0.970148917324969,0.00231008626111505,0.00209688715246928,0
104,1.45187789247369,0.010661244499129,0.118307097237301,1,0.973962361962014,0.0208414486053253,0.297360728479988,0.996823174330144,1,0.949735344165667,0.0498,1,1,0,0,0,0,0.156091712484133,0.968967161934495,0.00192267791318103,0.00205846750828105,0
105,1.45158395070304,0.00878861483074218,0.115033024708632,1,0.971950935153855,0.0200126855362771,0.298295301429988,0.996757629309757,1,0.950400000000001,0.0491333333333333,1,1,0,0,0,0,0.150832323403172,0.96819238271792,0.00234979307042447,0.00121149810968092,0
106,1.45323628139922,0.00873333333333333,0.113938743075079,1,0.973524570253329,0.0200666666666667,0.294512717043246,0.996737954995546,1,0.952133333333334,0.0476666666666667,1,1,0,0,0,0,0.149988922342749,0.9690095443397,0.00226832959523346,0.00208556657949161,0
107,1.45350187924459,0.00795766635017618,0.112006539175603,1,0.971456136949582,0.0220891890377791,0.291518854487461,0.996556321948458,1,0.952933333333334,0.047,1,1,0,0,0,0,0.148085017760504,0.96682698640376,0.00232834383783331,0.0019034280807522,0
108,1.45411949509603,0.00815253670074099,0.108613217323676,1,0.969937752373607,0.0223571265769053,0.296107925602785,0.996460953179963,1,0.956733333333333,0.0432666666666667,1,1,0,0,0,0,0.141886153620914,0.965422551350945,0.00244781528250788,0.00175545230521453,0
109,1.45512627359899,0.00804518818596303,0.109463220194519,1,0.970617074063264,0.0213143753964285,0.299235720490212,0.996506494972072,1,0.9538,0.0462,1,1,0,0,0,0,0.145325169600833,0.965389669731637,0.00239431953241205,0.00206037988890981,0
110,1.45556924666629,0.00719816877562886,0.107179567109678,1,0.970190435660835,0.0205005575936275,0.302442140718877,0.996469351837581,1,0.955533333333333,0.0444666666666666,1,1,0,0,0,0,0.141496402932571,0.965182105841182,0.00237559804773344,0.00185842858228664,0
111,1.45627043698855,0.00693333333333333,0.105675066551597,0.999999999999999,0.971677979900996,0.0207391080024511,0.301259237168604,0.996726372843389,0.999999999999999,0.956728103927047,0.0432,0.999999999999999,0.999999999999999,0,0,0,0,0.140099780571862,0.966363493431277,0.00239530452283339,0.00155774417991873,0
112,1.45749015135513,0.00586666666666667,0.1010191634565,0.999999999999998,0.970516010855801,0.0214293054611309,0.304722790199052,0.996736715826133,0.999999999999998,0.958066666666665,0.0418666666666667,0.999999999999998,0.999999999999998,0,0,0,0,0.132440641850766,0.965689190796237,0.00195615270206722,0.00165752362586799,0
113,1.45782823428251,0.00636428542252212,0.100484793728601,0.999999999999999,0.971374095193518,0.0222666666666667,0.302003018862427,0.996591460215848,0.999999999999999,0.958929844035513,0.0410666666666667,0.999999999999999,0.999999999999999,0,0,0,0,0.131480399060414,0.966534943156572,0.00226542569044434,0.0018750947569901,0
114,1.45839726973801,0.0064,0.0983264870906164,0.999999999999999,0.973466666666665,0.0213070114126351,0.301521850042217,0.996633405731441,0.999999999999999,0.956358385932068,0.0435333333333333,0.999999999999999,0.999999999999999,0,0,0,0,0.13068611435344,0.968293324673234,0.00305915793256474,0.00229185770866105,0
115,1.45951187955157,0.00706666666666667,0.0995473357618794,1,0.972710889396867,0.0238701685826382,0.301725531665264,0.996696646677123,1,0.955866666666668,0.044,1,1,0,0,0,0,0.130994594838865,0.968518251097575,0.00228636406988711,0.00198743686721792,0
116,1.45994816735499,0.00706666666666667,0.0945865832271496,1,0.974706028486214,0.021972342754112,0.294177488596356,0.996641007317363,1,0.95290650496815,0.047,1,1,0,0,0,0,0.128024464909617,0.970784834417557,0.00239546411720279,0.00266792087666667,0
117,1.45955039460832,0.0074,0.094670296101659,1,0.974329150120805,0.0224679816569641,0.291308621609354,0.99671659742758,1,0.951733333333334,0.0481333333333333,1,1,0,0,0,0,0.128452347714427,0.97126137150076,0.00249773744561276,0.00117466696437268,0
118,1.46148148265131,0.00853333333333333,0.0963810363982856,1,0.975619226453239,0.0221061576717631,0.296810640685584,0.996653957412061,1,0.950200000000001,0.0496,1,1,0,0,0,0,0.129048812630633,0.972717028470287,0.0026062000289411,0.00195279819264739,0
119,1.46243641733579,0.0089156374794741,0.0962419605149432,0.999999999999999,0.973276831013271,0.0242362585765918,0.30113641412875,0.996768356258329,0.999999999999999,0.951066666666666,0.0486666666666666,0.999999999999999,0.999999999999999,0,0,0,0,0.128786502661694,0.970488090535576,0.00219730025069473,0.00173930257204164,0
120,1.4631062098201,0.00855656410457904,0.0984859029870816,0.999999999999999,0.973846809982303,0.0228123434355745,0.302756338367219,0.996798896860728,0.999999999999999,0.952666666666667,0.047,0.999999999999999,0.999999999999999,0,0,0,0,0.130040602074701,0.9706,0.00244075473041576,0.00138956907656191,0
121,1.46464420607793,0.00866666666666667,0.0974734966782546,1,0.972278934251969,0.0231381396922496,0.303987321869992,0.996628393191468,1,0.950332265597143,0.0492,1,1,0,0,0,0,0.130334002859851,0.968356956314569,0.00260132440268867,0.00192927817690351,0
122,1.46562851468874,0.00913107890793067,0.101064770034174,1,0.973836090411466,0.021919248229167,0.308069820661551,0.996694012422567,1,0.9516,0.0478666666666667,1,1,0,0,0,0,0.132419180092549,0.969297193682341,0.00231446246042323,0.00193897511688345,0
123,1.46612499705997,0.0086,0.100867696686665,1,0.975298802881979,0.0205892751303684,0.316114362674183,0.996765897545075,1,0.953733333333334,0.0459333333333333,1,1,0,0,0,0,0.131265112949013,0.97085153041873,0.00272034406573642,0.00121742482491499,0
124,1.46832846452751,0.00805982846987892,0.100916623881493,0.999999999999999,0.9752,0.0202736164166525,0.319772287223599,0.996732302524388,0.999999999999999,0.954266666666666,0.0452666666666666,0.999999999999999,0.999999999999999,0,0,0,0,0.131567121726066,0.970466666666666,0.00229796241898051,0.00223347592040916,0
125,1.46842315188893,0.00692657058122305,0.103731625276919,0.999999999999999,0.975624328907229,0.0190528809167368,0.325036548982406,0.996755134581985,0.999999999999999,0.954066666666666,0.0455333333333333,0.999999999999999,0.999999999999999,0,0,0,0,0.13349810291905,0.97063167895869,0.00210173338616635,0.00168254058063739,0
126,1.46903870430968,0.00613333333333333,0.0997881976756924,0.999999999999999,0.975028790580836,0.0182760878749776,0.3219631100663,0.996757711418126,0.999999999999999,0.953599999999999,0.0458666666666666,0.999999999999999,0.999999999999999,0,0,0,0,0.129813230702893,0.97030602130251,0.00227602540482864,0.00152945557942819,0
127,1.47013544427866,0.0058,0.0999314116877392,1,0.975003386398797,0.0170205034111706,0.329629228584891,0.996654564481658,1,0.955066666666666,0.0446,1,1,0,0,0,0,0.128316157033355,0.970527728829117,0.00176327735821315,0.00215675566582824,0
128,1.46955697787208,0.00732122429099245,0.103442422344543,1,0.976179667948164,0.018520476120484,0.336590978352921,0.996753090395042,1,0.954266666666667,0.0454,1,1,0,0,0,0,0.132154728891489,0.97180231026603,0.00226320177171004,0.00227790328832369,0
129,1.46953537315575,0.00706666666666667,0.102907953459776,0.999999999999998,0.975252685028965,0.0184683018622775,0.331486830649231,0.996578893499643,0.999999999999998,0.953199999999999,0.0464666666666667,0.999999999999998,0.999999999999998,0,0,0,0,0.131012182723388,0.970230766653078,0.00302358839332378,0.00184400167549448,0
130,1.47126881756331,0.00693333333333333,0.0995988952709156,0.999999999999999,0.975619447641248,0.018437775240759,0.334664414600851,0.996637814623449,0.999999999999999,0.952632178462559,0.0472666666666667,0.999999999999999,0.999999999999999,0,0,0,0,0.128499011761171,0.970445472047119,0.00222921014860502,0.00163530031323906,0
131,1.47214261858452,0.00613333333333333,0.0968327563348168,0.999999999999999,0.974916202832004,0.0172666666666667,0.33400250099006,0.996678138816002,0.999999999999999,0.952031702190816,0.0478666666666667,0.999999999999999,0.999999999999999,0,0,0,0,0.12721768495422,0.970535414591191,0.00220090243683524,0.00166984404630509,0
132,1.47292441227418,0.0050220673413289,0.0960208905579146,0.999999999999999,0.977030080132042,0.0159872024318936,0.334117433030588,0.996539759934002,0.999999999999999,0.955466666666665,0.0444666666666667,0.999999999999999,0.999999999999999,0,0,0,0,0.12495727126529,0.972326834299357,0.0026195744309803,0.0013762496552389,0
133,1.47475573568875,0.00433333333333333,0.0978251402455767,1,0.976777510771662,0.0154640808298351,0.333356784648705,0.996443956906764,1,0.953657147465823,0.0461333333333333,1,1,0,0,0,0,0.12836729868471,0.972803812910151,0.00258197218222768,0.00229873183380055,0
134,1.47517344601718,0.00426666666666667,0.0971134993511506,1,0.975141752669772,0.0160848839350816,0.332107925858115,0.996927719956124,1,0.954266666666667,0.0455333333333333,1,1,0,0,0,0,0.12622271932411,0.97151314558751,0.00225619859666477,0.00189235573972326,0
135,1.47571017733826,0.00518328128464151,0.0968427576323541,1,0.973749114002989,0.0165333333333333,0.337335467754737,0.996563326704667,1,0.952733333333333,0.0471333333333334,1,1,0,0,0,0,0.12712127077448,0.969862683598906,0.0029826464704663,0.00193623297575717,0
136,1.47725438038211,0.00453333333333333,0.0965684220289044,1,0.970998426545749,0.0178720948137313,0.334426534043701,0.996815980880946,1,0.953,0.0469333333333333,1,1,0,0,0,0,0.128113916620173,0.96663979305499,0.0027056687921033,0.00154808620157198,0
137,1.47886594070926,0.00453333333333333,0.097553883381436,0.999999999999999,0.969562634194842,0.0188167450604439,0.339146494375789,0.996804287536375,0.999999999999999,0.950066666666666,0.0498666666666666,0.999999999999999,0.999999999999999,0,0,0,0,0.130731058857555,0.965849546041432,0.00222238321925589,0.00168513185568895,0
138,1.47966046345244,0.00473333333333333,0.0968366947184916,1,0.969800483018939,0.0175285155573952,0.341293685292613,0.996897103848448,1,0.949533333333334,0.0504,1,1,0,0,0,0,0.13153846847549,0.965990705355883,0.00210924426736808,0.00227160113034773,0
139,1.47942023042132,0.00453333333333333,0.0970196983047851,1,0.970198313285876,0.0172032001186107,0.344462583347123,0.996753587289064,1,0.951788763783324,0.0482,1,1,0,0,0,0,0.130277792238284,0.9657232998418,0.00275152094368525,0.00226607270451353,0
140,1.48013841236717,0.00473333333333333,0.0922782427561621,1,0.972514253593283,0.0168625114023415,0.355775038239372,0.99648765634911,1,0.952455358869732,0.0474510243108651,1,1,0,0,0,0,0.125440556327374,0.967869941381165,0.00269230510820703,0.00175885652825054,0
141,1.48152004546634,0.00433333333333333,0.0887773522915613,1,0.97303357293483,0.0166954838097857,0.363382644217132,0.996604290714627,1,0.955411555440189,0.0444666666666667,1,1,0,0,0,0,0.120165524617294,0.968594622803991,0.00222977047465868,0.00170074804746118,0
142,1.48230380279673,0.004,0.0894138234762895,0.999999999999999,0.97365114947702,0.0157523305580161,0.362130406699402,0.996485840995647,0.999999999999999,0.955109266642366,0.0445333333333333,0.999999999999999,0.999999999999999,0,0,0,0,0.12252613457371,0.968827855078914,0.00184030875351069,0.00165136465733302,0
143,1.48258387534901,0.00426666666666667,0.0884898409626373,0.999999999999999,0.974054471982267,0.0154409976241295,0.363079203325873,0.99664090043009,0.999999999999999,0.954826239594416,0.0447333333333333,0.999999999999999,0.999999999999999,0,0,0,0,0.120796609582438,0.970121138992323,0.00212049343740335,0.00196767522325709,0
144,1.48281044116916,0.00369674113937442,0.0926575690129006,1,0.973102590025531,0.01623081520208,0.366955222263796,0.996782792853459,1,0.953933333333333,0.0456,1,1,0,0,0,0,0.124916894990109,0.969629897167641,0.00248855876653711,0.00169189658798284,0
145,1.48399174016561,0.00326666666666667,0.0908412041634797,1,0.971624414830753,0.0164666666666667,0.361247868691293,0.996711341906881,1,0.952133333333335,0.0474666666666666,1,1,0,0,0,0,0.125308657996808,0.966537151482528,0.00226213076656038,0.0019348910134849,0
146,1.48447736125623,0.0032,0.0918691467166448,1,0.974218104687242,0.0154359208681212,0.370699057071748,0.996631636889876,1,0.955666666666667,0.044,1,1,0,0,0,0,0.122650559457446,0.969244278072366,0.00310245550275991,0.00188940385200294,0
147,1.48627810896981,0.0038,0.0902177335958047,0.999999999999999,0.974666666666666,0.0173141144036396,0.367680627920616,0.997017169636888,0.999999999999999,0.957933333333333,0.0417333333333333,0.999999999999999,0.999999999999999,0,0,0,0,0.120216077599809,0.970282114401144,0.00239670932708947,0.00208664888458691,0
148,1.48673894501796,0.00326666666666667,0.0942226602795242,0.999999999999999,0.976314946818889,0.0168666666666667,0.363995903086561,0.996790653976769,0.999999999999999,0.957599999999999,0.0417333333333333,0.999999999999999,0.999999999999999,0,0,0,0,0.123107706277738,0.971873866889875,0.00237530049355582,0.00121686168818501,0
149,1.48846124110532,0.00406666666666667,0.0955127699352995,1,0.976785704216539,0.0183117440064061,0.36107085855478,0.99667697817878,1,0.959071089327794,0.0400666666666667,1,1,0,0,0,0,0.123297625262566,0.972012700594793,0.00246764370249906,0.00249746118601128,0
150,1.4884168589368,0.00496653059673752,0.0954600924093772,1,0.977996356519968,0.0185016829981931,0.358983931138678,0.99676695049798,1,0.95548012136024,0.0436666666666667,1,1,0,0,0,0,0.127056438505157,0.973499917570424,0.00210598615589938,0.00180543928072079,0
151,1.48886419797272,0.00473333333333333,0.0939737948287996,1,0.977681599076065,0.0191706482361773,0.365993376637807,0.996755159562459,1,0.956166935298519,0.0427333333333333,1,1,0,0,0,0,0.124752898995014,0.973564087740547,0.0017734122034721,0.00189962230211742,0
152,1.48867628827543,0.00486666666666667,0.0928914367445666,0.999999999999999,0.977466666666665,0.0201679797914008,0.362338328335079,0.996816459650586,0.999999999999999,0.957133333333333,0.0417333333333333,0.999999999999999,0.999999999999999,0,0,0,0,0.123851849955079,0.972460573683242,0.00264710554050117,0.00169773567484517,0
153,1.49004619927269,0.005,0.0938859362675787,0.999999999999998,0.979605070777077,0.0193903101942494,0.361014679113136,0.99680570280312,0.999999999999998,0.956066666666665,0.0431333333333333,0.999999999999998,0.999999999999998,0,0,0,0,0.126266347328099,0.975162135896711,0.0025357484494809,0.0018148201478543,0
154,1.49112041574847,0.00526666666666667,0.0922324008320845,1,0.979565252835473,0.0203584397649066,0.369938371316547,0.996655359065734,1,0.957460721713535,0.0416755593304251,1,1,0,0,0,0,0.123844347467706,0.975559421882769,0.0021445277990701,0.00164536529621188,0
155,1.49186472714726,0.00553333333333333,0.0917191546433034,1,0.978463737748949,0.0212610153669037,0.375877307247401,0.996721305652469,1,0.957909863906793,0.0409333333333333,1,1,0,0,0,0,0.122023085094182,0.974359966902007,0.00314623736793431,0.00147610764100966,0
156,1.49435633477662,0.00534877915293901,0.0943346371298,0.999999999999998,0.977674532740323,0.0205889573677288,0.375683459720623,0.996925308965216,0.999999999999998,0.958457299937436,0.0396,0.999999999999998,0.999999999999998,0,0,0,0,0.123311786602329,0.974179478807982,0.0025726235516663,0.00207049675875837,0
157,1.49510669113046,0.00634066269187876,0.0954742668671363,1,0.976478638973727,0.0218038478134437,0.379755732849694,0.996724301425581,1,0.959904817286592,0.0378,1,1,0,0,0,0,0.122768647308333,0.973335899821806,0.00197540296501231,0.00178805678492459,0
158,1.49538679365787,0.00653333333333333,0.0945169229700077,0.999999999999998,0.977795628489275,0.0215225919946051,0.380634479118571,0.996989220460121,0.999999999999998,0.958466666666666,0.0393333333333333,0.999999999999998,0.999999999999998,0,0,0,0,0.122922004675974,0.974816076520006,0.00248843011777101,0.0017458872417405,0
159,1.49649718246841,0.00526666666666667,0.0946742580992907,1,0.979780459034065,0.019420372144581,0.381264908748599,0.996756910806339,1,0.958133333333334,0.0399333333333333,1,1,0,0,0,0,0.124347328344937,0.976806611423892,0.00204046460716986,0.00203711389544953,0
160,1.49650219679906,0.00593333333333333,0.0959135385487517,1,0.980473630535604,0.0184007494157883,0.384299829153084,0.996578422428338,1,0.954228117544975,0.0436,1,1,0,0,0,0,0.128494049092109,0.977825839617593,0.00252246256277625,0.00212008817946459,0
161,1.49710435094762,0.0056,0.0930685458226091,1,0.9808,0.0178775122574657,0.382727568632989,0.996470299202609,1,0.954264634565572,0.0437333333333333,1,1,0,0,0,0,0.125107405959386,0.977811140309675,0.00214806552975752,0.00219824213636819,0
162,1.49702923133155,0.0064,0.0943558347296992,1,0.981194002114537,0.0188,0.38177986161499,0.996467508163195,1,0.950759785489701,0.0472,1,1,0,0,0,0,0.128332167131973,0.977914751949714,0.00203784477998998,0.00174368276913991,0
163,1.49746960046054,0.00666666666666667,0.0953179597655623,1,0.981753714191464,0.0185186174753456,0.379791701150657,0.996552077408152,1,0.950266666666666,0.0471333333333333,1,1,0,0,0,0,0.128452624685362,0.978413985201961,0.00271025332869207,0.00182519913398473,0
164,1.49879494221187,0.007,0.0950634849746625,1,0.981617614269314,0.0185172011366534,0.382358770951687,0.996638215178188,1,0.950600000000001,0.0463333333333334,1,1,0,0,0,0,0.128171302643944,0.978019764824122,0.00220287217097226,0.00206856924600143,0
165,1.49899623475655,0.007,0.0918240547633888,1,0.981258187538487,0.0182418811608124,0.382348557642591,0.996827519276466,1,0.948668905992567,0.0488,1,1,0,0,0,0,0.127637376480962,0.978353694552428,0.00251387663151378,0.00223023084025289,0
166,1.49942141872965,0.0074,0.0916877019103509,1,0.98244905884067,0.0180666666666667,0.381283156563335,0.996666676597889,1,0.949,0.0484,1,1,0,0,0,0,0.127140409559097,0.979890413121227,0.0020480911792158,0.00173475639454892,0
167,1.49989123961701,0.00806666666666667,0.0888404104032539,1,0.982466666666666,0.018125059694179,0.382922426864093,0.996384131665736,1,0.950066666666666,0.0474,1,1,0,0,0,0,0.122785787947123,0.980343185135876,0.00239045037398751,0.00217911563851351,0
168,1.50020821873538,0.0080125284723136,0.089192243501601,1,0.984715174501239,0.0168,0.383021692996896,0.996755634280278,1,0.948466666666667,0.0492666666666666,1,1,0,0,0,0,0.12349732457043,0.982903164335344,0.00183818671581678,0.00162418029564519,0
169,1.50052927292578,0.0086,0.0910278085160735,0.999999999999999,0.984054703979627,0.018182237829916,0.374474893571321,0.996653643581254,0.999999999999999,0.946599999999998,0.051,0.999999999999999,0.999999999999999,0,0,0,0,0.126469668918576,0.982293612990436,0.00223851041388033,0.00180284810972312,0
170,1.50118299696628,0.0104,0.0887745976630487,1,0.983598088122643,0.0205178515614718,0.371628046613689,0.996809957789405,1,0.947509855580269,0.0502,1,1,0,0,0,0,0.12312565214976,0.981758737792926,0.00191913601975479,0.00280075007276673,0
171,1.49985953294001,0.0102,0.0886687042145914,0.999999999999998,0.983804564938954,0.0193333333333333,0.376094790650015,0.996714122390091,0.999999999999998,0.949417984998741,0.0486,0.999999999999998,0.999999999999998,0,0,0,0,0.122130084734054,0.982799999999999,0.00266232121800453,0.00201515087680288,0
172,1.50083019754569,0.00966666666666666,0.0837240210420192,0.999999999999999,0.984351434900916,0.0176555154601044,0.374616394783059,0.99664082628402,0.999999999999999,0.952066666666666,0.0454,0.999999999999999,0.999999999999999,0,0,0,0,0.115724168699385,0.983333333333332,0.00245149645859673,0.00160116902316988,0
173,1.50210639463858,0.0102581581000088,0.083475569010688,1,0.984415102913207,0.0176531442117714,0.374230399660472,0.996610142088771,1,0.951266666666666,0.0459333333333333,1,1,0,0,0,0,0.114659519316259,0.9832,0.00200887719833212,0.00237228898276075,0
174,1.5015605114733,0.010519696234544,0.080952364648645,1,0.986126024856433,0.0166513182127447,0.367325502228351,0.996554457337154,1,0.950533333333334,0.0467333333333333,1,1,0,0,0,0,0.113736052495953,0.984760420466575,0.00217193414027191,0.00210134592809912,0
175,1.50166650394528,0.0102666666666667,0.0785569323881126,0.999999999999999,0.985456261145585,0.0167142524818264,0.369573181536182,0.996616447665723,0.999999999999999,0.947866666666666,0.0492666666666667,0.999999999999999,0.999999999999999,0,0,0,0,0.113658151398644,0.983533333333332,0.00268922447793509,0.000912512674404008,0
176,1.5043345325478,0.0100592281451091,0.0769003435595837,1,0.985409793725855,0.0156795744234115,0.363836814127377,0.99673228401849,1,0.948838782572375,0.0478666666666667,1,1,0,0,0,0,0.111000303576117,0.983133333333333,0.00255249825382073,0.00173040331759781,0
177,1.5055712383494,0.0103145538465844,0.0779396708222873,0.999999999999999,0.985121492419676,0.0158758680918663,0.362795878891404,0.996703625247121,0.999999999999999,0.950794600975626,0.0464,0.999999999999999,0.999999999999999,0,0,0,0,0.110751905533124,0.982971538054602,0.0028549565577557,0.00193861501192076,0
178,1.50695085582531,0.0116666666666667,0.0774512422687527,0.999999999999999,0.985588962159979,0.0164539430013029,0.359020979577821,0.996620843048825,0.999999999999999,0.951791458438995,0.046,0.999999999999999,0.999999999999999,0,0,0,0,0.10995950882012,0.983092808646891,0.0030773833002159,0.00146106880291437,0
179,1.5093865623403,0.0122967670898892,0.079762668095997,0.999999999999999,0.987236664575144,0.016610665787497,0.364168704223728,0.996573473481004,0.999999999999999,0.953733333333332,0.0438,0.999999999999999,0.999999999999999,0,0,0,0,0.109733333333333,0.984533333333333,0.00310924877942076,0.00138407610474538,0
180,1.51199051479317,0.0143191971555268,0.0837257083626854,0.999999999999999,0.985347645032085,0.0189799848211148,0.361265445495097,0.996834483242271,0.999999999999999,0.953799381873563,0.0438,0.999999999999999,0.999999999999999,0,0,0,0,0.114971075932974,0.98178935065106,0.00192583175412904,0.00189995425895765,0
181,1.51202964132042,0.0127698901847708,0.0797075722953414,1,0.985207947381813,0.0176875112039542,0.354387136333063,0.996566293505758,1,0.9544,0.0431333333333333,1,1,0,0,0,0,0.109651761105613,0.982351210531919,0.0015853328629966,0.00194216663434305,0
182,1.51149009808112,0.0116666666666667,0.0766215943794143,1,0.984929838678437,0.0168813062003649,0.357253408272511,0.9969073722408,1,0.953533333333333,0.0441333333333333,1,1,0,0,0,0,0.108169301475016,0.982829751761157,0.003165551161955,0.00244246075567996,0
183,1.51258304207022,0.0110483398656664,0.0754773728314551,0.999999999999999,0.986947606539195,0.015457260595821,0.357403521929261,0.996739688907452,0.999999999999999,0.956333333333333,0.0420666666666666,0.999999999999999,0.999999999999999,0,0,0,0,0.10616905924747,0.98487466687188,0.00203169589665337,0.001608655046015,0
184,1.51322292648699,0.0116720760525821,0.0768461343726624,0.999999999999999,0.987669293269209,0.0158,0.361084642667497,0.996827456475468,0.999999999999999,0.957326549245319,0.0416,0.999999999999999,0.999999999999999,0,0,0,0,0.106557833915483,0.985933333333332,0.00204280119759877,0.00168827069132464,0
185,1.51375941017723,0.0111388817980765,0.0759420402929121,0.999999999999998,0.987399999999998,0.015,0.369483410206737,0.996794170935922,0.999999999999998,0.955333333333332,0.0431333333333333,0.999999999999998,0.999999999999998,0,0,0,0,0.106617918406197,0.985467719340067,0.00307522175163142,0.00143902323925087,0
186,1.51623622107226,0.0109333333333333,0.0775999535730956,1,0.986525554354449,0.0143516878449641,0.374873378673784,0.996560122552667,1,0.957133333333333,0.041,1,1,0,0,0,0,0.105626155034427,0.984666666666666,0.00230094559292716,0.00171253399021567,0
187,1.51702730964245,0.00978207157480477,0.0758998534299649,0.999999999999998,0.987533333333331,0.0128,0.374192700996966,0.996859331628489,0.999999999999998,0.954066666666664,0.0444,0.999999999999998,0.999999999999998,0,0,0,0,0.105536265971236,0.985779842142528,0.00272987093330558,0.00170889512507819,0
188,1.51857615782601,0.00875197357359351,0.0750028213782979,1,0.986666666666667,0.0132,0.377360183674174,0.996757083098241,1,0.953636679281927,0.0449333333333333,1,1,0,0,0,0,0.106164530636801,0.984466666666667,0.00208243228400998,0.00190280789214814,0
189,1.51884893114486,0.0100666666666667,0.0750344238524179,1,0.987205459390387,0.0148,0.373212564744708,0.996793842873633,1,0.950933333333333,0.0481333333333333,1,1,0,0,0,0,0.110522558060847,0.985417327610037,0.00188716579533766,0.00186212372676704,0
190,1.51888696626394,0.0098,0.0742103214347575,1,0.986242369568047,0.0139333333333333,0.379157391904785,0.996750678175868,1,0.951066666666666,0.0478,1,1,0,0,0,0,0.109831249841488,0.9842,0.00240424389071281,0.00172682867752751,0
191,1.519915883402,0.00953333333333333,0.0737432297639596,0.999999999999998,0.98647266506577,0.0132917717924346,0.377145375128736,0.996680139180809,0.999999999999998,0.950266666666666,0.0484666666666667,0.999999999999998,0.999999999999998,0,0,0,0,0.110307763242631,0.984336948216662,0.00304195998175788,0.00203658880468895,0
192,1.52144396302273,0.00813333333333333,0.0750298617327254,1,0.986498561880398,0.0122967506658442,0.377535354322177,0.996834046425036,1,0.951266666666666,0.0479333333333333,1,1,0,0,0,0,0.110830762348362,0.984273858235469,0.00248247509122228,0.00141760278024819,0
193,1.52306410657166,0.00833333333333333,0.0712603639910729,0.999999999999999,0.985733333333332,0.0129333333333333,0.377849713692209,0.996757931643219,0.999999999999999,0.9522,0.0470666666666667,0.999999999999999,0.999999999999999,0,0,0,0,0.105933886855492,0.983758698888114,0.00240488048475375,0.00180517791868088,0
194,1.52397749202466,0.00933333333333333,0.0727299938691336,1,0.985652427405965,0.0147442371451461,0.372186601069711,0.996628516533959,1,0.949666666666667,0.0496,1,1,0,0,0,0,0.109748048118584,0.983536802089568,0.0024627045759627,0.00202116288091402,0
195,1.52465039162971,0.00787965803888176,0.0704261251088306,0.999999999999999,0.985976198391165,0.013,0.375294104829214,0.996820259721627,0.999999999999999,0.951666666666666,0.0476,0.999999999999999,0.999999999999999,0,0,0,0,0.105486226043955,0.98407521754556,0.00261412238204675,0.00239507242457045,0
196,1.52498436623316,0.007,0.0706434489402163,0.999999999999999,0.987718016058163,0.0115906246063435,0.383496943510646,0.996743519560936,0.999999999999999,0.956399999999999,0.0430666666666666,0.999999999999999,0.999999999999999,0,0,0,0,0.100987822622086,0.986082427213461,0.00221548085915988,0.00188370526676355,0
197,1.52549031882466,0.00828234097846439,0.0716510751532197,0.999999999999999,0.987154914936421,0.0132492130874679,0.387980119730054,0.996505926490742,0.999999999999999,0.952933333333334,0.0463333333333333,0.999999999999999,0.999999999999999,0,0,0,0,0.105114222514047,0.986104185331712,0.00250152336225196,0.00191455175330431,0
198,1.52638573833153,0.00884214120300992,0.0729765132840013,1,0.986910021474418,0.0131333333333333,0.394118487110418,0.99654134215258,1,0.953317399934679,0.0462,1,1,0,0,0,0,0.105451329710435,0.986017296278739,0.00250115863873446,0.00182807501690671,0
199,1.52741312357259,0.00743677939788662,0.0713261662021358,1,0.985533333333333,0.011397420602046,0.39591880157745,0.996818342264758,1,0.951400000000001,0.0478,1,1,0,0,0,0,0.104853357833372,0.984665245374703,0.00230265311364534,0.00174229927777401,0
200,1.52826901537535,0.00733333333333334,0.0664812047355912,0.999999999999999,0.985240264085306,0.0109450468666987,0.397375035241875,0.996407572944036,0.999999999999999,0.951733333333333,0.0474666666666666,0.999999999999999,0.999999999999999,0,0,0,0,0.099735803861265,0.984266666666666,0.00226379666114783,0.00204224073387052,0
201,1.52860761243418,0.00737322172806035,0.065391340172282,1,0.985147005811586,0.0108850211951626,0.39688859100418,0.996963683185164,1,0.951265190016682,0.0478666666666666,1,1,0,0,0,0,0.0984549421956363,0.983899650937271,0.00347329598276154,0.00194240483686617,0
202,1.5309477442936,0.00686666666666667,0.0657082994098523,0.999999999999999,0.984629674734164,0.00978153477399562,0.39996737520256,0.996737999265838,0.999999999999999,0.951866666666666,0.0472,0.999999999999999,0.999999999999999,0,0,0,0,0.0994369830211806,0.983399999999999,0.00158073466535652,0.00180119438396782,0
203,1.53061023198468,0.00646666666666667,0.0661338000294392,0.999999999999999,0.983594062057179,0.00939409882017559,0.3941203870497,0.996641610422817,0.999999999999999,0.949733333333334,0.0494,0.999999999999999,0.999999999999999,0,0,0,0,0.101078210833335,0.981933333333332,0.00349502765483618,0.00170286079344046,0
204,1.53335334092016,0.00646666666666667,0.0669025100637061,0.999999999999998,0.984733333333332,0.00960468093416456,0.398745087867112,0.996526871897385,0.999999999999998,0.948600459865869,0.0507333333333333,0.999999999999998,0.999999999999998,0,0,0,0,0.102403717637763,0.982743472832455,0.00251460654108193,0.00172745743942673,0
205,1.53456031862498,0.00536627025696943,0.0650263133869452,1,0.983738452922561,0.00878838119919963,0.401168131350963,0.996716565532606,1,0.9474,0.0519333333333333,1,1,0,0,0,0,0.101949042647163,0.981527248994663,0.0021792906155915,0.00153708971183693,0
206,1.53554581464846,0.00500406248153588,0.0640092505876835,0.999999999999999,0.982820808931731,0.00790238523900171,0.396668622493307,0.996652119514487,0.999999999999999,0.945133333333332,0.0542666666666667,0.999999999999999,0.999999999999999,0,0,0,0,0.102474702974953,0.981187141909196,0.00285921497820137,0.00228302352717585,0
207,1.53643058301952,0.00549979677184109,0.0608152158478775,1,0.986007072965839,0.00813365858147271,0.398252702255907,0.996667657382617,1,0.944133333333333,0.0552,1,1,0,0,0,0,0.100970313239746,0.984265600903638,0.0027879649992037,0.00185212958183949,0
208,1.53786842917543,0.00566666666666666,0.0628191664946659,1,0.985433610947473,0.00833403023692493,0.401141848543493,0.996814911054651,1,0.942866666666666,0.0564,1,1,0,0,0,0,0.102361606065611,0.982924947752539,0.00208554117805749,0.00176399720017038,0
209,1.53826039694567,0.005,0.0641612880555526,0.999999999999999,0.985757005491532,0.00774384473549555,0.404547458025871,0.996601379483153,0.999999999999999,0.945388814389702,0.0538666666666667,0.999999999999999,0.999999999999999,0,0,0,0,0.101097251308672,0.983005530116026,0.00291451889955948,0.00161786696311081,0
210,1.54025498526813,0.00435428698369176,0.0655536969568918,1,0.985767222120541,0.00732601569661931,0.407117074060348,0.99661224167431,1,0.944449710657814,0.0545333333333333,1,1,0,0,0,0,0.0994769557124583,0.983729188152109,0.00239017438438593,0.00153606691402462,0
211,1.54157052855731,0.00493333333333333,0.0641887568825524,1,0.987076600253501,0.007,0.400778325041785,0.996739094153127,1,0.944400000000001,0.0546666666666667,1,1,0,0,0,0,0.0996535880918658,0.98533589034566,0.00199173484491267,0.0020227039829445,0
212,1.54152278744683,0.00466666666666667,0.0657779673936006,1,0.986933333333334,0.00666666666666666,0.405211163485717,0.996693936160616,1,0.947133333333333,0.0522666666666666,1,1,0,0,0,0,0.100074794213628,0.984684329793561,0.00278813715149098,0.00228749033466515,0
213,1.54229454592343,0.003762957887869,0.0632696727812488,0.999999999999998,0.988110327415158,0.00554438751422769,0.414679720184179,0.996678668612907,0.999999999999998,0.947543965874253,0.0518,0.999999999999998,0.999999999999998,0,0,0,0,0.0984666666666666,0.986933333333332,0.00241252036198859,0.00231271451397546,0
214,1.54244847593847,0.00346666666666667,0.0624198622863728,0.999999999999999,0.987543344567183,0.005,0.416025847249197,0.996716680596759,0.999999999999999,0.945466666666666,0.0540666666666667,0.999999999999999,0.999999999999999,0,0,0,0,0.099880900819171,0.986789850738824,0.00213342840016502,0.00206866636666765,0
215,1.54254836803833,0.00388406073128975,0.0635766574412659,0.999999999999998,0.98834034276419,0.00526666666666667,0.425916689590977,0.99650829710039,0.999999999999998,0.946866666666665,0.0526666666666667,0.999999999999998,0.999999999999998,0,0,0,0,0.0978008948846922,0.987667770372989,0.00283943856253315,0.00256983076657684,0
216,1.54296425110399,0.0046,0.0635958608899188,1,0.988217204866114,0.00609756086015491,0.42926091846162,0.996738738385198,1,0.946866666666667,0.0526,1,1,0,0,0,0,0.0973582813249783,0.987666666666666,0.00205992970971856,0.00187682654057939,0
217,1.54324677274824,0.00553333333333333,0.0656772049222846,0.999999999999999,0.988514428784961,0.00693333333333333,0.432391743921148,0.996831727629502,0.999999999999999,0.948466666666667,0.0510666666666667,0.999999999999999,0.999999999999999,0,0,0,0,0.0984478571329676,0.987781215876255,0.00197859924117906,0.00148580585104124,0
218,1.5440072745572,0.00473333333333333,0.0653336637538139,0.999999999999999,0.98870812811862,0.00636173400887277,0.435636274727118,0.996503231347471,0.999999999999999,0.948533333333333,0.0507333333333333,0.999999999999999,0.999999999999999,0,0,0,0,0.098066297330327,0.987933333333332,0.00252096380440593,0.00188641966537438,0
219,1.54498701532389,0.00446666666666667,0.0649138473719643,0.999999999999999,0.988376807725634,0.0062,0.442029328265561,0.996901816525292,0.999999999999999,0.9474,0.052,0.999999999999999,0.999999999999999,0,0,0,0,0.0988228176192959,0.987473156301302,0.00211563407537829,0.00210256559907964,0
220,1.54494566916197,0.00386666666666667,0.0651822590906215,1,0.990444341294517,0.00506666666666667,0.448366370419405,0.996965271537877,1,0.950333333333334,0.0492666666666667,1,1,0,0,0,0,0.0959949006229126,0.989600000000001,0.00289356359364004,0.00220019650729091,0
221,1.54595660672499,0.00339921872249125,0.0676609346188881,1,0.989303286778581,0.00528420192378768,0.446283815436266,0.996809467301699,1,0.950533333333333,0.0491333333333333,1,1,0,0,0,0,0.0976197289065726,0.988666666666667,0.00234455976869086,0.00174945798353638,0
222,1.54687660826142,0.0036,0.0653538808577616,0.999999999999999,0.989857313054597,0.00485966417349233,0.443833067245637,0.99671332690943,0.999999999999999,0.951933333333333,0.0477333333333333,0.999999999999999,0.999999999999999,0,0,0,0,0.0946712744817865,0.989133333333333,0.00225632308795595,0.00164740032409985,0
223,1.54781853664107,0.0034,0.0626171647375594,0.999999999999997,0.989490567348942,0.00533333333333333,0.450190460827103,0.996630796325119,0.999999999999997,0.950466666666664,0.0494,0.999999999999997,0.999999999999997,0,0,0,0,0.0930805548580164,0.988466666666664,0.00234334336742203,0.00214859035286496,0
224,1.54811997896706,0.0034,0.0613556086577052,1,0.989481766016112,0.00486666666666667,0.455580428642874,0.996767673912347,1,0.952,0.0479999999999999,1,1,0,0,0,0,0.0928493000546099,0.9882,0.00241733386187977,0.00220978726565225,0
225,1.54844128599925,0.00353333333333333,0.0596317841294476,1,0.988744859532832,0.00533333333333333,0.45656337664191,0.996830571137636,1,0.950466666666667,0.0495333333333333,1,1,0,0,0,0,0.0914168048528261,0.9878,0.00300154661151406,0.00185175383748986,0
226,1.55022160885708,0.0036,0.0580362341578808,1,0.990484847823544,0.00533333333333333,0.459461315603129,0.996500099064657,1,0.951600000000001,0.0484,1,1,0,0,0,0,0.0904451967406345,0.988871698041031,0.0019165054611886,0.00159951440664895,0
227,1.55071301523964,0.00333333333333333,0.0561465842745927,0.999999999999999,0.990933333333332,0.0054,0.461350146144439,0.996681025551166,0.999999999999999,0.951533333333333,0.0484666666666666,0.999999999999999,0.999999999999999,0,0,0,0,0.0886217079814082,0.989657590055882,0.00215678653434718,0.00210652087064258,0
228,1.55079096285857,0.0024,0.0518632658932149,0.999999999999998,0.990562075217678,0.00466666666666667,0.466522684747597,0.99664436983217,0.999999999999998,0.953066666666665,0.0469333333333333,0.999999999999998,0.999999999999998,0,0,0,0,0.0842156905710343,0.988818906404738,0.00264240171912545,0.00147233512999446,0
229,1.55260549155094,0.00193333333333333,0.0519087156884693,1,0.990298429082161,0.00433333333333333,0.465745920794736,0.996965224791368,1,0.952399999999999,0.0476,1,1,0,0,0,0,0.0848433264993636,0.9892,0.00259305844771042,0.00269911284471667,0
230,1.55244083091174,0.002,0.0501481735897002,1,0.990000000000001,0.00418567935823326,0.472159949036719,0.99661474929484,1,0.953,0.047,1,1,0,0,0,0,0.0829955692348811,0.989000000000001,0.00244026670353006,0.001885496136583,0
231,1.55330207939166,0.00173333333333333,0.0514100581904754,0.999999999999999,0.99046233858466,0.0036,0.475637717353937,0.996369930419298,0.999999999999999,0.951933333333333,0.0480666666666667,0.999999999999999,0.999999999999999,0,0,0,0,0.0862684155657291,0.9892,0.00301394583876385,0.0021537823354418,0
232,1.55453461967803,0.0018,0.0491189516936367,0.999999999999999,0.989639411564853,0.0038,0.472096925807495,0.996767441323708,0.999999999999999,0.949866666666666,0.0501333333333333,0.999999999999999,0.999999999999999,0,0,0,0,0.0862446882901484,0.988161074682036,0.00267576807501809,0.00240249676644762,0
233,1.55495942938776,0.00166666666666667,0.0494048798988217,0.999999999999999,0.989866666666666,0.00393333333333333,0.469287008738378,0.996567070326902,0.999999999999999,0.948999999999999,0.051,0.999999999999999,0.999999999999999,0,0,0,0,0.0865755052451232,0.988396243756426,0.00202468071039589,0.00157603535449171,0
234,1.55565705471437,0.00113333333333333,0.0502858121795103,0.999999999999999,0.989371198730056,0.0034,0.468345637343195,0.99640886133816,0.999999999999999,0.9514,0.0486,0.999999999999999,0.999999999999999,0,0,0,0,0.0848096383717655,0.988133333333333,0.00154453790738983,0.00226126329137499,0
235,1.55454207581448,8e-04,0.0478054841504201,0.999999999999999,0.989574662645618,0.0032,0.46986465881471,0.996752593198094,0.999999999999999,0.9534,0.0466,0.999999999999999,0.999999999999999,0,0,0,0,0.0802948879673725,0.988399999999999,0.00231789222965892,0.00251532767164682,0
236,1.55423515411265,0.000733333333333333,0.0441333333333333,0.999999999999999,0.989999999999999,0.00322835475626566,0.464617499591076,0.996425066615934,0.999999999999999,0.955666666666666,0.0443333333333333,0.999999999999999,0.999999999999999,0,0,0,0,0.0739013931422086,0.988866666666666,0.00179457011104171,0.00122322924460421,0
237,1.55512315217225,0.000974097437703958,0.0442728215321637,0.999999999999998,0.989481714699068,0.00306666666666667,0.465783126681914,0.996429687039845,0.999999999999998,0.955933333333333,0.0440666666666667,0.999999999999998,0.999999999999998,0,0,0,0,0.0735941922658725,0.988000315525786,0.00293234179746774,0.00186993461614669,0
238,1.55677532617696,4e-04,0.0448571152788365,1,0.989898959862411,0.00167500960729953,0.470149574116809,0.996637410436551,1,0.953533333333333,0.0464666666666667,1,1,0,0,0,0,0.0756161052844922,0.987466666666666,0.00259767274848441,0.00165141334773994,0
239,1.5582484394642,0.000266666666666667,0.0446865620872114,1,0.990362206999072,0.00146666666666667,0.463371872290331,0.996752691747453,1,0.952933333333334,0.0470666666666667,1,1,0,0,0,0,0.0752619206241732,0.987266666666667,0.00198416222439552,0.00189067482373372,0
240,1.55839411606039,0.000333333333333333,0.0422,0.999999999999999,0.991199999999999,0.00153333333333333,0.459996921989603,0.996691463635497,0.999999999999999,0.952533333333333,0.0474666666666666,0.999999999999999,0.999999999999999,0,0,0,0,0.0750720015754074,0.988333333333332,0.00227188083494448,0.00219812816540427,0
241,1.55850905178664,0.000133333333333333,0.0440529896851224,1,0.992133333333334,0.00113333333333333,0.45962721526438,0.996707288973551,1,0.953066666666667,0.0469333333333333,1,1,0,0,0,0,0.0741333333333333,0.989340581960728,0.00254872831902015,0.00183269945682568,0
242,1.55962498924971,0.000266666666666667,0.0471540677476578,1,0.992835367011612,0.000866666666666667,0.46814377223061,0.996395676958966,1,0.954733333333333,0.0452666666666666,1,1,0,0,0,0,0.0759061376183967,0.990358025644172,0.00281574181824525,0.00193856371419902,0
243,1.5609930581408,0.000333333333333333,0.0484595620791285,0.999999999999999,0.9926,8e-04,0.467468530393212,0.996658751390001,0.999999999999999,0.952466666666666,0.0475333333333334,0.999999999999999,0.999999999999999,0,0,0,0,0.0787145994588151,0.990400598420066,0.00215425741847097,0.00210935485171215,0
244,1.56106315073581,2e-04,0.0469697683904931,1,0.9914,0.000733333333333333,0.475944872134639,0.996798023909936,1,0.954,0.046,1,1,0,0,0,0,0.0766681261365095,0.989981900336789,0.00180896435603515,0.00191332754630777,0
245,1.56090023320518,2e-04,0.0450277951670171,0.999999999999999,0.990133333333333,0.000866666666666667,0.470300256752048,0.996945322911019,0.999999999999999,0.954,0.046,0.999999999999999,0.999999999999999,0,0,0,0,0.0755214079113384,0.988666666666666,0.00209878982702338,0.00160505204306828,0
246,1.56167090862729,2e-04,0.0443625964105283,1,0.991000000000001,8e-04,0.472156959164883,0.996593986717197,1,0.952800000000001,0.0472,1,1,0,0,0,0,0.0758594146246229,0.989800000000001,0.00257266627828958,0.0021535288152441,0
247,1.56222135201614,2e-04,0.0439876965469159,0.999999999999999,0.990441624780948,0.00126666666666667,0.468650072424353,0.99672166417198,0.999999999999999,0.951733333333332,0.0482666666666666,0.999999999999999,0.999999999999999,0,0,0,0,0.077261706676375,0.988937527000198,0.00197999258567596,0.00216005877501514,0
248,1.56194004877038,0.000266666666666667,0.0437611769437288,0.999999999999999,0.99030457131782,0.00133333333333333,0.463998584907946,0.996808726170426,0.999999999999999,0.952466666666667,0.0475333333333333,0.999999999999999,0.999999999999999,0,0,0,0,0.0778585526654846,0.989066666666666,0.00263007271525524,0.00161517070971935,0
249,1.5635252648584,2e-04,0.0408845470693825,1,0.99028088540238,0.000933333333333333,0.469902744698772,0.996605057665217,1,0.955,0.045,1,1,0,0,0,0,0.0736280856895463,0.989285557927082,0.00222653954145208,0.00170130106689471,0
250,1.56434648848345,0.000333333333333333,0.0409176914462488,1,0.990329787129634,0.00153333333333333,0.471866278024695,0.996447938412313,1,0.954933333333333,0.0450666666666667,1,1,0,0,0,0,0.0740761006886567,0.9892,0.00275958724970885,0.00190513325779137,0
251,1.56568315058528,8e-04,0.0402990279817228,0.999999999999999,0.99074830702274,0.0016,0.471446235538846,0.9965780492573,0.999999999999999,0.954399999999999,0.0456,0.999999999999999,0.999999999999999,0,0,0,0,0.0738025495579077,0.989666666666666,0.00234298627862152,0.00134484491625195,0
252,1.56724592369824,0.000533333333333333,0.0388464552067263,1,0.991,0.00143267385600589,0.476650453365849,0.996890192764003,1,0.954666666666666,0.0453333333333333,1,1,0,0,0,0,0.0719541981431752,0.989857919529188,0.00223054041757364,0.00184192158383151,0
253,1.56785498498129,0.000466666666666667,0.0392165676729861,1,0.991108298896983,0.00146666666666667,0.475716397898812,0.996667594357969,1,0.954333333333334,0.0456666666666666,1,1,0,0,0,0,0.0720076301721331,0.989933333333334,0.00279442120791162,0.00136876398862254,0
254,1.57009020875943,0.000266666666666667,0.0370735205108205,0.999999999999999,0.990999999999999,0.00113333333333333,0.477633101983882,0.996596197473554,0.999999999999999,0.953799999999999,0.0462,0.999999999999999,0.999999999999999,0,0,0,0,0.0710238840086864,0.990046303156555,0.00191433876623643,0.002282249279644,0
255,1.56951255606463,4e-04,0.0390712981721448,0.999999999999998,0.990682404164049,0.00106666666666667,0.479770994314668,0.996788224559357,0.999999999999998,0.954066666666665,0.0459333333333333,0.999999999999998,0.999999999999998,0,0,0,0,0.0725430214941395,0.989666666666665,0.0030971461263289,0.00202041392466841,0
256,1.57120250077465,4e-04,0.038104574793697,1,0.990583847376449,0.00146666666666667,0.482453065686552,0.996498136993382,1,0.955800000000001,0.0442,1,1,0,0,0,0,0.0702462122628392,0.989066666666668,0.00258223519516606,0.00168115755981863,0
257,1.5726182762087,0.000266666666666667,0.0359846449992095,1,0.9914,0.00106666666666667,0.478066799533977,0.99682964877729,1,0.953066666666667,0.0469333333333333,1,1,0,0,0,0,0.0706666666666667,0.989858846580974,0.00265766587378694,0.00265805093566112,0
258,1.57261767065336,0.000333333333333333,0.0355333333333333,0.999999999999999,0.990954399024854,0.0012622540047866,0.479187303421041,0.996734457990445,0.999999999999999,0.9574,0.0426,0.999999999999999,0.999999999999999,0,0,0,0,0.0669597033568929,0.988866666666666,0.00228367776665948,0.00191386641405483,0
259,1.57319924252127,0.000533333333333333,0.0358695221581507,1,0.991212472039104,0.00153333333333333,0.48067318406355,0.996560014443637,1,0.955733333333334,0.0442666666666666,1,1,0,0,0,0,0.0684992361386723,0.989221095334435,0.00228128655606272,0.00176270695953405,0
260,1.57401507154972,0.000533333333333333,0.0338,1,0.990066666666668,0.00186666666666667,0.485608335858479,0.996522610536153,1,0.957400000000001,0.0426,1,1,0,0,0,0,0.0658819893495142,0.988132916489792,0.00243744551035183,0.00145973469336949,0
261,1.57555400311127,0.000666666666666667,0.0327303382888046,1,0.991066666666668,0.00233333333333333,0.482120688831319,0.996669520147402,1,0.959200000000001,0.0408,1,1,0,0,0,0,0.0638666666666667,0.989570138694816,0.00263582294664569,0.00246286961541162,0
262,1.57582650042465,4e-04,0.0340965301105135,1,0.990743123057949,0.00173333333333333,0.485253705307133,0.996917134666846,1,0.957,0.043,1,1,0,0,0,0,0.0658,0.989105698246814,0.00230775463961473,0.00218603681712155,0
263,1.5760183065949,2e-04,0.0345333333333333,0.999999999999999,0.989199999999999,0.00141415411256066,0.491345267796344,0.996625156339263,0.999999999999999,0.956599999999999,0.0434,0.999999999999999,0.999999999999999,0,0,0,0,0.0667945961194363,0.987333333333333,0.00291184554453911,0.00191541802223559,0
264,1.57758869461125,0.000266666666666667,0.032913504273483,0.999999999999999,0.988599999999999,0.00126666666666667,0.492726692371077,0.996657871046705,0.999999999999999,0.955666666666666,0.0443333333333333,0.999999999999999,0.999999999999999,0,0,0,0,0.0668666666666667,0.986645667084,0.0018372533031529,0.00177862974965417,0
265,1.57768117846648,2e-04,0.0328,1,0.990666666666667,0.001,0.498416482914674,0.996490176311379,1,0.958066666666667,0.0419333333333333,1,1,0,0,0,0,0.0640666666666667,0.98811344761313,0.0023381451787402,0.00176530941150008,0
266,1.57858493067481,2e-04,0.03071909430365,0.999999999999999,0.990202453640682,0.000933333333333333,0.498309081963123,0.996737047472088,0.999999999999999,0.959199999999999,0.0408,0.999999999999999,0.999999999999999,0,0,0,0,0.0617473232510594,0.988106806230796,0.00236599627041929,0.00124372287044575,0
267,1.5803565345521,6.66666666666667e-05,0.0288522589225702,1,0.990333333333334,0.000466666666666667,0.49620571153438,0.996479371359629,1,0.9576,0.0423999999999999,1,1,0,0,0,0,0.0606666666666666,0.988436412175313,0.0024020059424101,0.00203303108756173,0
268,1.58093964637505,0,0.0277326775988069,1,0.991533333333334,4e-04,0.502723738090664,0.996774146916141,1,0.959066666666667,0.0409333333333333,1,1,0,0,0,0,0.0585333333333333,0.990312827362255,0.00231360646048345,0.00156566289849171,0
269,1.58212210000545,0,0.0293617792141981,1,0.991533333333333,0.00058870582485955,0.503425021746232,0.996772168723924,1,0.959466666666667,0.0405333333333333,1,1,0,0,0,0,0.0584,0.990266666666667,0.00212988851463906,0.00202604589473765,0
270,1.58228639170932,0,0.0297402318524184,0.999999999999999,0.993290621181557,0.000491504687029748,0.501545759539077,0.996431280380277,0.999999999999999,0.958199999999999,0.0418,0.999999999999999,0.999999999999999,0,0,0,0,0.0618338728717378,0.991733333333332,0.00292309078184107,0.00237880805959161,0
271,1.58314760285398,0,0.029710310380225,0.999999999999999,0.992666666666666,0.000733333333333333,0.502827230544935,0.996723649351687,0.999999999999999,0.956466666666666,0.0435333333333333,0.999999999999999,0.999999999999999,0,0,0,0,0.0626666666666667,0.991333333333333,0.00253752601550126,0.0020086898142701,0
272,1.58398482861826,0,0.0306,0.999999999999999,0.993333333333332,8e-04,0.497693442181778,0.99661427141401,0.999999999999999,0.954666666666666,0.0453333333333333,0.999999999999999,0.999999999999999,0,0,0,0,0.0640817080871554,0.992134515925359,0.00267800555029708,0.0019282174420728,0
273,1.58517248160636,0,0.0304017878346196,1,0.9936,0.000866666666666667,0.500328016276633,0.996628215958735,1,0.955933333333333,0.0440666666666666,1,1,0,0,0,0,0.0623995412308686,0.992066666666666,0.00233803876632579,0.00190310311181759,0
274,1.58586192963716,0,0.0302418135255116,0.999999999999999,0.993959856834355,0.00110068071498258,0.503292970662046,0.99675917345705,0.999999999999999,0.9562,0.0438,0.999999999999999,0.999999999999999,0,0,0,0,0.0623919344991769,0.992569140272531,0.00222445518771453,0.00197202162648905,0
275,1.58621787433437,0,0.0291438474220138,1,0.993735537787108,0.00146666666666667,0.500711340585935,0.996640095344915,1,0.958266666666667,0.0417333333333333,1,1,0,0,0,0,0.059229352927981,0.992426709530368,0.00222003880128459,0.00212278074671931,0
276,1.58637214679895,0,0.0287624283213343,1,0.992933333333334,0.00167725869895935,0.501034958539377,0.996595585513889,1,0.957533333333334,0.0424666666666667,1,1,0,0,0,0,0.0596,0.991543840815231,0.00213292952129819,0.00230439022195574,0
277,1.58610014631916,0,0.0281373079172135,0.999999999999999,0.993553118995935,0.00166666666666667,0.506688186534273,0.996588354122925,0.999999999999999,0.957733333333333,0.0422666666666667,0.999999999999999,0.999999999999999,0,0,0,0,0.0578,0.992533333333333,0.00322707101031301,0.00139097987399133,0
278,1.58901237073913,0,0.0286666666666666,1,0.993666666666668,0.00146666666666667,0.50750334889592,0.996555407658508,1,0.955333333333335,0.0446666666666666,1,1,0,0,0,0,0.0602666666666666,0.992333333333335,0.00306308035848772,0.00226958719070221,0
279,1.59016730704079,0,0.0290540115920002,1,0.992226403798786,0.00186666666666667,0.498324935608984,0.996701881431808,1,0.953866666666667,0.0461333333333333,1,1,0,0,0,0,0.0617333333333333,0.990775729036655,0.002379714350842,0.00151840287797229,0
280,1.59153693638613,0,0.0291333333333333,1,0.991933333333333,0.00153333333333333,0.495624874493482,0.996849887766079,1,0.9548,0.0452,1,1,0,0,0,0,0.0609333333333333,0.990941488102514,0.00299834477697729,0.00207514562150615,0
281,1.5930062419417,0,0.0290516945589124,0.999999999999999,0.991378609473087,0.00173333333333333,0.490934608414165,0.996627344356338,0.999999999999999,0.953799999999999,0.0462,0.999999999999999,0.999999999999999,0,0,0,0,0.0615589702206637,0.989849235177322,0.00231888813302924,0.00185537664362755,0
282,1.59374461863753,0,0.0297301697316313,0.999999999999999,0.991999999999999,0.00106666666666667,0.490000362065823,0.996660756697952,0.999999999999999,0.950399999999999,0.0496,0.999999999999999,0.999999999999999,0,0,0,0,0.0646,0.990633413944828,0.00214334503322913,0.00232818493801488,0
283,1.59345003103397,0,0.0285410873508059,1,0.992165603288644,0.00174105946510383,0.495788971284723,0.99696257878615,1,0.948600000000001,0.0514,1,1,0,0,0,0,0.0660548596696591,0.991266666666667,0.00282668535976995,0.00225781938780579,0
284,1.59435649053465,0,0.0277582444583751,1,0.991232870297836,0.00186666666666667,0.496621187877683,0.996689629793343,1,0.947266666666667,0.0527333333333333,1,1,0,0,0,0,0.0665465699059391,0.990725693510954,0.00202287256847648,0.00228895290813635,0
285,1.59393226361811,0,0.0267610717715931,1,0.991549774555332,0.002,0.494288553510831,0.996810826771066,1,0.9462,0.0538,1,1,0,0,0,0,0.0668252929803858,0.9906,0.00234077375551588,0.00209405346871953,0
286,1.59432551904332,0,0.0265641057027849,1,0.991666666666667,0.00193333333333333,0.498335005951758,0.996694214833933,1,0.948133333333334,0.0518666666666667,1,1,0,0,0,0,0.0638,0.990870803812004,0.00239694775104418,0.00218287517757749,0
287,1.59466682041013,0,0.0248842627713418,0.999999999999999,0.991012356235163,0.00206666666666667,0.501906826300242,0.996698903477654,0.999999999999999,0.947533333333333,0.0524666666666667,0.999999999999999,0.999999999999999,0,0,0,0,0.0633333333333333,0.990219861795421,0.00225623518028615,0.00194052626267441,0
288,1.59517027094595,0,0.0293260289418932,0.999999999999999,0.990866666666666,0.00209019863788927,0.511139897769801,0.996347588403106,0.999999999999999,0.945599999999999,0.0544,0.999999999999999,0.999999999999999,0,0,0,0,0.0678268154469265,0.989762497881806,0.00267812444209657,0.00262244769468914,0
289,1.59525908483819,0,0.0299792205834797,1,0.991525774259892,0.0016,0.505538513468,0.996698752435746,1,0.9422,0.0578,1,1,0,0,0,0,0.0710666666666667,0.990666666666667,0.00225031716329482,0.00275266928352743,0
290,1.5944577030546,0,0.0305108619553429,0.999999999999999,0.992358035873352,0.002,0.50905561316814,0.996793578457985,0.999999999999999,0.942866666666667,0.0571333333333333,0.999999999999999,0.999999999999999,0,0,0,0,0.0713333333333334,0.991599999999999,0.00260157368826482,0.00186574191667624,0
291,1.59563095569097,0,0.0303090256629644,1,0.9934,0.00231532282876063,0.514343666221673,0.996802356409357,1,0.9428,0.0572,1,1,0,0,0,0,0.0717333333333333,0.992277047240458,0.00212480950116038,0.00184639152841148,0
292,1.5960752080269,0,0.0294290604493464,1,0.994400000000001,0.00166666666666667,0.516449922263555,0.996610362324013,1,0.943200000000001,0.0568,1,1,0,0,0,0,0.0714666666666667,0.993121849286549,0.00276720540501036,0.00171092540050638,0
293,1.59776111035483,0,0.0283093183562632,1,0.994162215187935,0.00166666666666667,0.517938113929971,0.996841168802907,1,0.946333333333334,0.0536666666666666,1,1,0,0,0,0,0.0682,0.992757719016913,0.00283705724341798,0.00222530412840553,0
294,1.59873854569114,0,0.0294729106789802,0.999999999999999,0.994399999999999,0.00173333333333333,0.520172228292213,0.99658506383503,0.999999999999999,0.942933333333333,0.0570666666666667,0.999999999999999,0.999999999999999,0,0,0,0,0.0717282916284066,0.993133333333332,0.00249212236117325,0.00216555637496659,0
295,1.599260639321,0,0.0285425817446283,0.999999999999999,0.994266666666666,0.0016,0.523826830704241,0.996764744558727,0.999999999999999,0.943533333333333,0.0564666666666666,0.999999999999999,0.999999999999999,0,0,0,0,0.0702551678592004,0.992866666666666,0.00210873963063331,0.0017983825922398,0
296,1.59975698111663,0,0.0261923840550492,1,0.993066666666667,0.00208450095593421,0.520171787897577,0.996484866459841,1,0.944466666666667,0.0555333333333333,1,1,0,0,0,0,0.0675665562513184,0.991343824790792,0.00237125265040585,0.00220801578346495,0
297,1.6000181204341,0,0.0263523893752694,1,0.992733333333333,0.00206666666666667,0.520549439341451,0.99674978923165,1,0.943933333333333,0.0560666666666666,1,1,0,0,0,0,0.0683183819774588,0.990821756408388,0.00208446969425217,0.00176295739770915,0
298,1.60053254593451,0,0.02548643074489,0.999999999999999,0.993358146503736,0.00153333333333333,0.527007576403063,0.996726442862985,0.999999999999999,0.944666666666666,0.0553333333333333,0.999999999999999,0.999999999999999,0,0,0,0,0.0681100077327106,0.991466666666667,0.00256638087255233,0.00153901418908493,0
299,1.60217687974801,0,0.026854903626218,0.999999999999999,0.99421364863708,0.00126666666666667,0.528697152190337,0.996847797675404,0.999999999999999,0.943133333333333,0.0568666666666666,0.999999999999999,0.999999999999999,0,0,0,0,0.069313927318753,0.992726775944906,0.00214676724639115,0.00208028439539996,0
300,1.60228339703476,0,0.0277600122290604,1,0.993,0.00153333333333333,0.529026002043837,0.996442935244433,1,0.943200000000001,0.0568,1,1,0,0,0,0,0.0704123609774196,0.991482752382055,0.00248721566964535,0.00236204027225048,0
