"X","PopRatio","KC","LC","aKC","Prol_KC","Diff_KC","preDiff_KC","pDC","iDC","M1","M2","Neutrophil","Th0","Th1","Th2","Th17","Th22","Treg","Fibroblast","Division","Death","ILC3"
0,1.28850579895167,0.124367527701829,0.280376782220413,0.999999999999995,0.90443981035833,0.0519354893161425,0.183268201583116,0.996734459048167,0.999999999999995,0.942828644949004,0.0481333333333333,0,0.999999999999995,0.927157661113979,0,0.682009994023121,0.920518984020867,0.312764971149014,0.87955308336166,0.00897587353668731,0.00605494029701478,0.757613824815058
1,1.29201173720954,0.119542780702921,0.275802557498656,0.999999999999999,0.901467164615114,0.0536481305128226,0.186328944177338,0.996775700099381,0.999999999999999,0.944128069843109,0.048,0,0.999999999999999,0.848475399325487,0,0.370665797956624,0.837574764383075,0.307480404667746,0.8775417133175,0.00377758051893379,0.00225976433521928,0.43799541243954
2,1.29397277353382,0.113986683206939,0.272109207271135,1.00000000000001,0.902785572363601,0.0558292282922782,0.180433325244978,0.996749820220676,1.00000000000001,0.944256166643066,0.0480666666666667,0,1.00000000000001,0.696409454450398,0,0.188503465225431,0.684057555320645,0.304040754794378,0.878089797870282,0.00375172716170339,0.00227333349942789,0.225016839030064
3,1.29588577468138,0.115615042777748,0.270096351503806,0.999999999999996,0.900169413308159,0.0536193349525158,0.180204112928583,0.99663879281796,0.999999999999996,0.944330330564559,0.0492,0,0.999999999999996,0.529887360092195,0,0.0986087210202075,0.51178184316817,0.303324766547177,0.871762728706543,0.00240292768132037,0.001989723461327,0.113253973083047
4,1.2964212401521,0.114099861006606,0.269770957870216,0.999999999999998,0.904128912015869,0.050018146834699,0.181318970817698,0.996340425463813,0.999999999999998,0.947086748137878,0.0466,0,0.999999999999998,0.371555640785198,0,0.0508481371163806,0.357497640608542,0.300657067571772,0.869591756823877,0.00196100067714396,0.00274347601564761,0.0565715946032551
5,1.29540682250336,0.110755099646965,0.270792705260245,1,0.899584412798384,0.0513962313548039,0.1823614923432,0.996524904215449,1,0.943873367701726,0.0486666666666668,0,1,0.241292974617056,0,0.0243734985152595,0.234853759472064,0.304248795450107,0.858653233571374,0.00160709079317252,0.0016421496108196,0.0271812781496257
6,1.2953614070718,0.112252848390164,0.269178141675777,1,0.905002787310871,0.0503825742881568,0.181902704930094,0.99666209644659,1,0.942702580456996,0.04896539185513,0,1,0.153592027420667,0,0.0107650291641459,0.151209178939591,0.30275489642392,0.856962493783646,0.00169386554323945,0.001757255382973,0.0138564092261716
7,1.29527929431981,0.111680377225033,0.267742631425723,0.999999999999997,0.906807210861951,0.049871060481443,0.187871081759125,0.996521853919597,0.999999999999997,0.943491234170488,0.0497333333333333,0,0.999999999999997,0.0936005991100386,0,0.00555992483614366,0.0937973891210985,0.302770291722448,0.855993257154789,0.00122246400661805,0.00174282599972522,0.00630272444629172
8,1.29460528020458,0.11021766389668,0.266587097796641,1,0.903686355268801,0.0480206176236115,0.19220889168116,0.996445978911388,1,0.944707385448165,0.0487333333333333,0,1,0.056883311290519,0,0.00174302503791581,0.0554869831748524,0.301516823019249,0.852182902914512,0.00092812445514122,0.00240968693501939,0.00295586007833338
9,1.29268724159518,0.111708507525635,0.262699306530963,1,0.902684628204504,0.048304994835054,0.196383711517134,0.996773292213786,1,0.945266666666668,0.0486,0,1,0.0342750295106846,0,0.000758847558643101,0.0298847836861135,0.297397672338566,0.850243788858505,0.000912210571496822,0.00162864803716028,0.00119200568124107
10,1.29176111202392,0.107769378174203,0.259412822667139,0.999999999999998,0.903934272185772,0.0465256022629761,0.197790840359061,0.996680809196581,0.999999999999998,0.94634971621849,0.0472814709629001,0,0.999999999999998,0.0205222620990335,0,0.000248692230864398,0.0160045579014871,0.292370963409308,0.854055192985676,0.00124249591155905,0.00200099401231008,0.000436656276714752
11,1.29078131367382,0.105099515134075,0.260995260232819,0.999999999999998,0.900168539084549,0.0489288038187712,0.197893320053958,0.996868573158502,0.999999999999998,0.945599999999998,0.0488666666666667,0,0.999999999999998,0.0117279880972919,0,0.000251007629843584,0.00965216494485312,0.293790313300239,0.852078075457635,0.00139696551034268,0.00124737519934374,0.000133333333333333
12,1.29097440205196,0.103899161834556,0.260286769330521,0.999999999999999,0.899382385418051,0.0469775786644188,0.194410969804709,0.996545312364984,0.999999999999999,0.944209678469561,0.0495333333333333,0,0.999999999999999,0.00675537064275901,0,9.40709440622812e-05,0.00603243761341396,0.293674543630206,0.850029857791267,0.00151023802656052,0.00145718694536229,2.55768560053408e-05
13,1.29104288963979,0.105157583787358,0.264183388776392,0.999999999999999,0.898210289912756,0.050431507727386,0.195177221307849,0.996583146464952,0.999999999999999,0.945397330607845,0.0483333333333333,0,0.999999999999999,0.00408730117448259,0,6.66666666666667e-05,0.00371355442526256,0.296888847597111,0.85135713404598,0.00111370484122626,0.00184713272716054,0
14,1.29009600278259,0.104971521684553,0.263835171234697,1,0.893776890930449,0.0504021281401408,0.194977238768258,0.996858727739252,1,0.944264246109912,0.049,0,1,0.00229486435480006,0,0,0.00216036126627072,0.297554141210693,0.846412920006224,0.00130084587010072,0.00215863226267837,0
15,1.28898937598628,0.101177066921683,0.259706575675749,1,0.891333333333334,0.0522693297973325,0.193449834005657,0.996549841362419,1,0.944091872910055,0.0498,0,1,0.00109595695779372,0,0,0.00133802753908898,0.295303480182794,0.844185175834339,0.00105435460300011,0.00206641951098802,0
16,1.28768483507208,0.0986789807293377,0.256573215044219,1,0.895222159280679,0.0505257197806952,0.190917712168432,0.996523994857733,1,0.94268525058732,0.0509333333333333,0,1,0.000533628787734191,0,0,0.000697870523176419,0.291173723685776,0.84736410673343,0.000821416695030175,0.00215196867275502,0
17,1.28597150346808,0.0939114748350421,0.250744157229789,1,0.891852935514929,0.0493027771735034,0.199259265390449,0.996484454252691,1,0.946956933568092,0.0478,0,1,0.000133333333333333,0,0,0.00026617251165051,0.284100329562353,0.848711319916112,0.00145832658050727,0.00166839806275223,0
18,1.28570135752823,0.0927829740977687,0.249863216234677,0.999999999999999,0.891358583101576,0.0500691101683063,0.201564047183836,0.996616912576851,0.999999999999999,0.944404395262915,0.0504,0,0.999999999999999,8.13999763937511e-05,0,0,1.93441673340983e-05,0.283821541775976,0.846171125781139,0.0012381327147813,0.00108246561140654,0
19,1.28590149893436,0.0861788133943014,0.24631769100596,0.999999999999999,0.889873399440975,0.0492280379839029,0.198579432811181,0.9966862609879,0.999999999999999,0.946414526948989,0.0488,0,0.999999999999999,3.44528621385039e-05,0,0,0,0.279132194002992,0.846157911349589,0.00128876044648772,0.00217780819407775,0
20,1.2847582711031,0.0875032059553883,0.248495322564068,1,0.892954647818871,0.0491678587747742,0.205299991703809,0.996692889178978,1,0.948008398391145,0.0481333333333333,0,1,0,0,0,0,0.27958615294538,0.850612722647448,0.00124434162071908,0.00264584916950352,0
21,1.28295767268779,0.0861661649901755,0.24730076816427,0.999999999999999,0.890651378418854,0.0488153984504114,0.207455093451613,0.996757897979566,0.999999999999999,0.947297142788387,0.0491333333333333,0,0.999999999999999,0,0,0,0,0.278280310502134,0.849793088069468,0.000852844463410764,0.00144899214602014,0
22,1.28219284044433,0.0826575814207499,0.2437321893904,1,0.891315698351303,0.0493099412126143,0.207984264323115,0.996800678596222,1,0.946930795418389,0.0504666666666667,0,1,0,0,0,0,0.276531620160332,0.851368379649053,0.00133019025606146,0.00131936351353708,0
23,1.28220672241608,0.0816588302635801,0.237565658182461,1,0.893751988841865,0.0485854820750477,0.20964433071209,0.9967666091639,1,0.949577972663888,0.0475333333333333,0,1,0,0,0,0,0.267552024268056,0.854828688071732,0.000854579988552615,0.00173772413177078,0
24,1.28107434905878,0.083228694068083,0.238994494443183,1,0.893183611631529,0.0488982620923174,0.211186112296206,0.996759940237363,1,0.948470348330633,0.0482666666666666,0,1,0,0,0,0,0.269797136458163,0.852876956354065,0.00126645708699201,0.00222178989457254,0
25,1.27985049670418,0.0834740347309745,0.237436474977094,0.999999999999999,0.891166812268772,0.0488843550442495,0.211557428859108,0.996578927305403,0.999999999999999,0.944999999999999,0.0516666666666666,0,0.999999999999999,0,0,0,0,0.270521851045258,0.849704332547941,0.000787432210911258,0.00210449238181073,0
26,1.27816485659026,0.0814112978184655,0.236849541501409,0.999999999999999,0.889756775529595,0.0464819217297975,0.209576206685098,0.996923521595377,0.999999999999999,0.945578572433528,0.0508,0,0.999999999999999,0,0,0,0,0.268345927025288,0.85081602209425,0.00171599997529398,0.00147393304358187,0
27,1.27846825894278,0.081511788349906,0.236961940844798,0.999999999999998,0.888123789898117,0.0481104529954752,0.213144585457427,0.996671204190351,0.999999999999998,0.94365141545317,0.0527474612093368,0,0.999999999999998,0,0,0,0,0.26965101869161,0.850692589948946,0.000910055511079701,0.00119859480336381,0
28,1.27809937061613,0.08035822432849,0.235312538040327,0.999999999999999,0.889535296320646,0.0461918015403533,0.212351678483065,0.996620371645308,0.999999999999999,0.941709301477679,0.0545333333333333,0,0.999999999999999,0,0,0,0,0.268669929196929,0.851708338504941,0.00131428708661617,0.00145356290847821,0
29,1.27792136227587,0.0812419295286335,0.233869978212021,0.999999999999999,0.888331748009096,0.0468980732544697,0.212004958538608,0.996680800031505,0.999999999999999,0.941066666666666,0.0555333333333333,0,0.999999999999999,0,0,0,0,0.267233532517734,0.849529819332094,0.00126960454338465,0.00185171087692846,0
30,1.27717747615711,0.0804162221141314,0.234598967163104,0.999999999999999,0.893333333333332,0.0461722040521291,0.210617435282462,0.996713783384814,0.999999999999999,0.937732937033281,0.0584666666666666,0,0.999999999999999,0,0,0,0,0.271698015009886,0.852333387294409,0.000986744798804883,0.00214333869140695,0
31,1.27570030048842,0.0806158415172613,0.237621830173697,1,0.891241074878345,0.0467976944813701,0.213513192159725,0.996532853182852,1,0.937983737640001,0.0578666666666666,0,1,0,0,0,0,0.274340329870121,0.851155128480542,0.00108222857590831,0.00167138237141959,0
32,1.27494871681445,0.0793193946072734,0.234864846228847,0.999999999999999,0.890871516525106,0.0515044814568599,0.20766711202463,0.99659678246636,0.999999999999999,0.941816383527008,0.0545999999999999,0,0.999999999999999,0,0,0,0,0.270711219495903,0.851852777407829,0.00188798905721715,0.00145838063752084,0
33,1.27549644551788,0.079094119021228,0.234002121802593,0.999999999999999,0.890573559677234,0.050814317133632,0.204011922798163,0.996782075313961,0.999999999999999,0.939133001327888,0.0574,0,0.999999999999999,0,0,0,0,0.269382217825678,0.849399999999999,0.00135305837149633,0.00150544145096044,0
34,1.27530208144166,0.0727339543067108,0.228440727236882,0.999999999999999,0.895901442982519,0.0471288882679557,0.195171592456585,0.99651405992854,0.999999999999999,0.937533333333333,0.0594666666666667,0,0.999999999999999,0,0,0,0,0.265606326116195,0.85410704902933,0.00153395337219611,0.00214366117812602,0
35,1.27452451980769,0.0728087110933127,0.230912248251156,0.999999999999999,0.898643188646226,0.0430351983991876,0.193841462850189,0.996586163225761,0.999999999999999,0.938666666666666,0.058587748181913,0,0.999999999999999,0,0,0,0,0.267368644612525,0.857168017549702,0.00133906702028639,0.001766684788348,0
36,1.27397951047719,0.0713129638315231,0.227035151440107,1,0.905580472446174,0.0436334778388594,0.194148919436025,0.996693993523697,1,0.940426595415961,0.057,0,1,0,0,0,0,0.261338338576096,0.863769638366668,0.0010153678389881,0.00210232009514779,0
37,1.27259475557397,0.0708541254578845,0.229185089766342,1,0.90702169014859,0.0424336131323499,0.196427114656915,0.996606205708066,1,0.939137276353188,0.0575333333333333,0,1,0,0,0,0,0.263429729330316,0.864793615614648,0.00094684532110303,0.00109489254369299,0
38,1.27234009178039,0.0704740110449534,0.225499224183227,0.999999999999999,0.906133333333333,0.0435205284698744,0.191333415669637,0.996676640722008,0.999999999999999,0.93771232332509,0.0588,0,0.999999999999999,0,0,0,0,0.261154584123755,0.863662822483787,0.00144644054622177,0.00168768907189642,0
39,1.27203314160909,0.0696884364238333,0.222621736884346,0.999999999999999,0.903752953834168,0.0438550068108671,0.196004926522661,0.996667775472332,0.999999999999999,0.937812867041313,0.0591333333333333,0,0.999999999999999,0,0,0,0,0.259433961438394,0.862677421826724,0.000604269100561236,0.00181607473504011,0
40,1.27049168468084,0.0701393255772658,0.223643456322608,0.999999999999999,0.903089514058567,0.0435262756524335,0.19666236781185,0.996916801416161,0.999999999999999,0.936133794608624,0.0606975783341519,0,0.999999999999999,0,0,0,0,0.261829228508055,0.861011230940118,0.00122492280243522,0.00184345112501367,0
41,1.26970584959027,0.0724716185300246,0.226865032135787,1,0.9002,0.0444571143778004,0.198132224956042,0.996648246329089,1,0.935710686981469,0.0612666666666667,0,1,0,0,0,0,0.267080409031174,0.858068885788988,0.00145789129428877,0.00144900521802675,0
42,1.26971713229328,0.0759892788421077,0.226148426820443,1,0.903180030113591,0.0441378713326421,0.196889548596152,0.996475189191853,1,0.931230979704247,0.0660666666666667,0,1,0,0,0,0,0.270433396524531,0.856951711625697,0.001128594418665,0.00160502325888005,0
43,1.26911220243254,0.0745549541203177,0.219759827450693,0.999999999999997,0.901146390764289,0.0447738733930199,0.194519838997645,0.996738756551886,0.999999999999997,0.934183459774106,0.0630666666666667,0,0.999999999999997,0,0,0,0,0.262884645231754,0.856220002087627,0.00154239925606181,0.00157001466589005,0
44,1.26907715537894,0.0728175487756847,0.219341102349357,1,0.898604447725875,0.0453719439001577,0.193000920618886,0.996683671530782,1,0.935611702925561,0.0618666666666666,0,1,0,0,0,0,0.262136447880575,0.854333333333334,0.0012554349341522,0.00246251913300743,0
45,1.26754527239756,0.0711593812113198,0.215806423036754,0.999999999999999,0.901985795006312,0.0436392277147754,0.19176971141684,0.996743225480241,0.999999999999999,0.935333333333333,0.0626,0,0.999999999999999,0,0,0,0,0.259081045000825,0.856466666666666,0.000898717526565263,0.00196835528655752,0
46,1.2661894581117,0.0699600630556874,0.220059122012392,0.999999999999998,0.90096440561734,0.0452520149414934,0.19134252760546,0.99649647930657,0.999999999999998,0.935868576863177,0.0617333333333333,0,0.999999999999998,0,0,0,0,0.263457959256565,0.857533333333332,0.00103919391935333,0.0021445581575398,0
47,1.26478985756593,0.0709113740110458,0.215428104649707,1,0.901996143173161,0.0442948880351834,0.190523636280928,0.996583897524243,1,0.937758739383252,0.06,0,1,0,0,0,0,0.257966558611947,0.859200000000001,0.000977288921531017,0.0022674103296993,0
48,1.26315812509386,0.0736904148511242,0.215015000662386,1,0.902809507644415,0.0429334378655005,0.19299197574301,0.996498738763414,1,0.938752246625276,0.0587333333333333,0,1,0,0,0,0,0.254623994728044,0.8624,0.00134849372819453,0.00200769676694547,0
49,1.26232544741937,0.0701351999173467,0.210720185678207,0.999999999999999,0.900475626873034,0.0435549461323143,0.190571387984224,0.996759774029846,0.999999999999999,0.939679471555016,0.0573333333333333,0,0.999999999999999,0,0,0,0,0.251129705136934,0.861133333333332,0.000756065343097328,0.00143627640611414,0
50,1.26146679968491,0.0713511757705094,0.210007642607275,1,0.898060107250577,0.0460138602711858,0.188872952171244,0.996611497549359,1,0.936672855572342,0.0599333333333333,0,1,0,0,0,0,0.253233375417705,0.857133333333333,0.00145195431303756,0.00179522225441502,0
51,1.26103377857346,0.0713583631425943,0.208194884846764,0.999999999999998,0.897990571388832,0.0444271822796519,0.194304739026381,0.996775887059866,0.999999999999998,0.939347196202157,0.0574666666666667,0,0.999999999999998,0,0,0,0,0.249583817394428,0.860133333333332,0.00131080057465972,0.00168805927657466,0
52,1.26055804260709,0.0729366832305788,0.211375604967374,1,0.897849806160209,0.0451150523320222,0.19885571589369,0.996659358740952,1,0.939218417759356,0.0574666666666667,0,1,0,0,0,0,0.252740959513644,0.859733333333334,0.000897136786834108,0.00171569345606825,0
53,1.25952356949524,0.0738004206876655,0.213342582993018,0.999999999999999,0.89678370288424,0.0464649101320118,0.193317127857613,0.996799556340678,0.999999999999999,0.938032334700085,0.0591333333333333,0,0.999999999999999,0,0,0,0,0.254435241645448,0.858333333333333,0.000936151375436182,0.00148216375822325,0
54,1.25883585402988,0.0753361346347428,0.213555360557006,0.999999999999998,0.898214444785958,0.0432774658493181,0.193846083967572,0.996510048178326,0.999999999999998,0.937718464203536,0.059,0,0.999999999999998,0,0,0,0,0.255088862417813,0.859399999999999,0.0012201007019881,0.0020721080968187,0
55,1.25776331657337,0.0713526181786382,0.211798985974173,1,0.897779803158078,0.0406209285960173,0.197482976879487,0.996395613377752,1,0.937335532495773,0.0594,0,1,0,0,0,0,0.253975349396715,0.857866666666667,0.000816525161409925,0.00204186577525192,0
56,1.25622212809897,0.0706326603311324,0.211649924854522,1,0.902337001608462,0.0362545485302277,0.196635671389917,0.996636478553788,1,0.936799999173169,0.0604666666666666,0,1,0,0,0,0,0.253514794937562,0.862133333333334,0.000568398506848686,0.00178823708251684,0
57,1.25468973988751,0.0713092737628905,0.209544438006564,0.999999999999999,0.904314641250118,0.0367589806096241,0.193915107095872,0.996696123082807,0.999999999999999,0.937235160145988,0.0599333333333333,0,0.999999999999999,0,0,0,0,0.250206949322204,0.864533333333333,0.000775392731467886,0.00183536697910753,0
58,1.25335980107445,0.068976367828858,0.202481142457672,0.999999999999999,0.901886190584029,0.0364666666666667,0.190521287849048,0.996763681404766,0.999999999999999,0.936687923704841,0.0603333333333333,0,0.999999999999999,0,0,0,0,0.244992800354424,0.861599999999999,0.00117481546530609,0.00161311094705639,0
59,1.25281045913663,0.068162310349741,0.202893511521828,1,0.902331928885288,0.0367333333333333,0.1934180296276,0.996645274377721,1,0.938695860182077,0.0588666666666666,0,1,0,0,0,0,0.244214487102559,0.8628,0.0012875543227058,0.00225662225727042,0
60,1.25159640069259,0.0646689851515113,0.196518133331071,0.999999999999999,0.8993636819968,0.0368116915963001,0.19424733530931,0.996746910136042,0.999999999999999,0.936134068139554,0.0610666666666667,0,0.999999999999999,0,0,0,0,0.238984317956417,0.859066666666666,0.00101644901021267,0.0019859151827648,0
61,1.25038302032043,0.0590588803953576,0.190737021337626,0.999999999999999,0.897954495715296,0.0387333333333333,0.198945851725266,0.996618186329266,0.999999999999999,0.936291533666239,0.0610666666666666,0,0.999999999999999,0,0,0,0,0.235187251781995,0.857266666666667,0.000820629568591786,0.0017197712061546,0
62,1.24925874888396,0.0597782307355329,0.189976409124518,1,0.900357969098113,0.0382874798811095,0.201011602867383,0.996698089109145,1,0.938925549163371,0.0582,0,1,0,0,0,0,0.232949506965627,0.861800000000001,0.000802280330208491,0.0015505181416206,0
63,1.2483240062518,0.0575555275959287,0.185487897782915,0.999999999999999,0.898025358836809,0.0399497167043383,0.199684644226442,0.996872506622652,0.999999999999999,0.943007615207571,0.0545333333333333,0,0.999999999999999,0,0,0,0,0.227262546359311,0.862533333333333,0.00101135878515466,0.00186518999059528,0
64,1.24725814826076,0.0530831092179207,0.183405054792175,0.999999999999999,0.897057240757603,0.0416193458206833,0.205895987372421,0.996717704854336,0.999999999999999,0.940992548014688,0.0561333333333333,0,0.999999999999999,0,0,0,0,0.226048801763272,0.860399999999999,0.00115177112171113,0.00195324057346402,0
65,1.24625850895648,0.0502349164929438,0.180596469236366,1,0.897793493381857,0.0410796977714405,0.211072208418181,0.996497567728551,1,0.942209065712298,0.0550666666666667,0,1,0,0,0,0,0.22239413502502,0.860866666666666,0.00127860171802313,0.00171808090051006,0
66,1.2457108042858,0.0490828419206568,0.178020637616204,0.999999999999999,0.902650369023205,0.0408686239180057,0.210538320111554,0.996397803227918,0.999999999999999,0.946940140574914,0.0513333333333333,0,0.999999999999999,0,0,0,0,0.215437208045101,0.868066666666666,0.0010990055550638,0.0019041183726073,0
67,1.24467212495665,0.0489141440229366,0.180291815166074,1,0.901526456996342,0.0428188555899951,0.216409182878404,0.996705703505791,1,0.952077974233508,0.0461999999999999,0,1,0,0,0,0,0.213307974219683,0.869733333333333,0.000907985376730102,0.00227699857581855,0
68,1.24295494925159,0.0475201065079612,0.182735075392048,0.999999999999999,0.902399999999998,0.0427254727370203,0.217833579058213,0.996647616466921,0.999999999999999,0.951611690849426,0.0468,0,0.999999999999999,0,0,0,0,0.216279391783772,0.870866666666665,0.00125607868824641,0.00224325041760225,0
69,1.24172793926482,0.0454666666666667,0.181346516361068,1,0.899934918904525,0.0424526220136021,0.226302939594205,0.99665336246651,1,0.952862548389019,0.0452666666666666,0,1,0,0,0,0,0.212578390361822,0.8702,0.00145312906858671,0.00166681118614893,0
70,1.24146260420933,0.0453591947546364,0.178680479984653,1,0.902450994370049,0.0402949849616242,0.231147098509684,0.996811353361324,1,0.9533433018044,0.0448666666666666,0,1,0,0,0,0,0.209120369009684,0.872466666666668,0.00102988078169878,0.00165544703589204,0
71,1.24068598709829,0.0458274886628791,0.178022416911451,1,0.900270118952323,0.0422,0.22796410056352,0.996903064684235,1,0.954723141447657,0.0432666666666666,0,1,0,0,0,0,0.207404282754761,0.869800000000001,0.000827404669430298,0.00195434345242748,0
72,1.23928780994191,0.0473749947486995,0.174202345591857,0.999999999999999,0.894066666666667,0.0433706269825837,0.221973235945933,0.996628295809394,0.999999999999999,0.949666666666666,0.0480666666666666,0,0.999999999999999,0,0,0,0,0.206886827129632,0.860266666666667,0.000758751568834069,0.00217312141084984,0
73,1.23753499863795,0.0478668365448603,0.185148975162754,0.999999999999999,0.895716229470967,0.0428170601850556,0.223948281687641,0.996671063477727,0.999999999999999,0.949656806402404,0.0475333333333333,0,0.999999999999999,0,0,0,0,0.215836004207447,0.861666666666666,0.00113479671624261,0.00136144174799914,0
74,1.23725451747888,0.049603145983573,0.181965877353702,1,0.897466666666667,0.0415835373284144,0.225245687389337,0.996596368522289,1,0.948434096973011,0.0492388512768592,0,1,0,0,0,0,0.213343571962073,0.861333333333334,0.00118348234414044,0.00205528298381615,0
75,1.2361758781991,0.0495622911447986,0.181583410722227,1,0.89830617053176,0.0406864822904321,0.226242615206828,0.99649765107339,1,0.949238430000482,0.0483333333333333,0,1,0,0,0,0,0.213925185649806,0.865200000000001,0.000616677962355937,0.00281140483181838,0
76,1.23346280978384,0.0473493054521006,0.178970041124985,0.999999999999998,0.898585749590254,0.0406240046819981,0.225256062070892,0.996879146696821,0.999999999999998,0.952146117301794,0.0456,0,0.999999999999998,0,0,0,0,0.209429701212572,0.867,0.00116840624335042,0.00201891572848398,0
77,1.23241373796456,0.044394710345962,0.179247770609846,1,0.897678444420139,0.0404724818363202,0.22601430699272,0.996503458896934,1,0.949733333333333,0.0479333333333333,0,1,0,0,0,0,0.211403265167568,0.864666666666666,0.00119029927649952,0.00118735105795046,0
78,1.2324173713896,0.0444212583792027,0.179072706416447,0.999999999999999,0.902523724127448,0.0390177121917433,0.234026718719467,0.996857583978931,0.999999999999999,0.951460631253766,0.0466,0,0.999999999999999,0,0,0,0,0.209648485131927,0.868933333333332,0.00156885570661791,0.00149937735110833,0
79,1.23250299772186,0.0473328377028972,0.181715461684154,1,0.904562478830092,0.039598267865079,0.23127733197367,0.996939120124167,1,0.951266666666666,0.0462666666666667,0,1,0,0,0,0,0.21058538624664,0.871533333333332,0.00134693944929923,0.00141181527621278,0
80,1.23242303807071,0.0472417015527578,0.180602650215721,0.999999999999999,0.905266666666666,0.0381850027605872,0.237998931718062,0.996763486619919,0.999999999999999,0.952832590175852,0.0447333333333333,0,0.999999999999999,0,0,0,0,0.209378944602931,0.874866666666666,0.00113355107117788,0.00182445812932522,0
81,1.23157154829508,0.0473353233338329,0.187863313158805,0.999999999999998,0.906146412044991,0.0384953526104059,0.238469165484992,0.996593769644793,0.999999999999998,0.952559308298601,0.0450645247857029,0,0.999999999999998,0,0,0,0,0.217543116815101,0.874933333333332,0.00138204460828824,0.00147790389360573,0
82,1.23145349072665,0.0458531405757407,0.186230971389542,0.999999999999998,0.905362075073447,0.038715701346921,0.236374010517731,0.996656964952735,0.999999999999998,0.949588265617779,0.0478,0,0.999999999999998,0,0,0,0,0.219223287317179,0.870999999999999,0.00110130184802501,0.00200367652047381,0
83,1.23034225828631,0.0474617592143642,0.188555922209552,0.999999999999999,0.906499276993161,0.0382666666666667,0.235669235193681,0.996709058068212,0.999999999999999,0.951266666666666,0.0462,0,0.999999999999999,0,0,0,0,0.220185652970783,0.874133333333333,0.00101840015202618,0.00184750189287939,0
84,1.22932217937812,0.0452870529301942,0.190715638227657,1,0.907429653817733,0.0378717590706787,0.238477152767731,0.996771863752029,1,0.951066666666667,0.0463333333333333,0,1,0,0,0,0,0.22446632548868,0.874266666666667,0.0011291270910031,0.00229297567172987,0
85,1.2278914345044,0.0426666666666667,0.189379325465316,0.999999999999999,0.905913096018802,0.0378630757593297,0.240175206517314,0.996577216921415,0.999999999999999,0.952934564134338,0.0451333333333333,0,0.999999999999999,0,0,0,0,0.223572997309758,0.874,0.00151917569404008,0.00131200884432496,0
86,1.22806395347571,0.0434911846636596,0.192537031201183,1,0.904487937615157,0.0373586959388497,0.245694543665266,0.996383568228499,1,0.949156084097584,0.0487333333333333,0,1,0,0,0,0,0.228838030459507,0.8712,0.00133010758113525,0.00154640086956822,0
87,1.2277983314848,0.0454821801974139,0.193550509355064,1,0.902129504200944,0.0370192434558462,0.244730843409389,0.996789411026556,1,0.947531176398155,0.0502,0,1,0,0,0,0,0.230520770282722,0.867200000000001,0.00114301895011001,0.00159180891116838,0
88,1.22724730791943,0.0484434292369189,0.19454743030108,0.999999999999998,0.898266666666665,0.038622901680048,0.241639255658837,0.996709851875853,0.999999999999998,0.948733274071197,0.0487333333333333,0,0.999999999999998,0,0,0,0,0.231079588533739,0.865399999999999,0.00101326168347167,0.00127022503085087,0
89,1.22693195034312,0.0484470617399749,0.188326590180107,1,0.898659393285209,0.0389842006817553,0.238194985056508,0.996491721534187,1,0.947308096231766,0.0506666666666667,0,1,0,0,0,0,0.226704235958003,0.864733333333334,0.00153811329720511,0.00171430857298581,0
90,1.22671577072977,0.0484097265621758,0.184288263506554,1,0.901764910536998,0.0351514466572511,0.241781795804946,0.9967422665821,1,0.947215169275696,0.051,0,1,0,0,0,0,0.222157521001396,0.868066666666666,0.000932703463415853,0.00191993548258712,0
91,1.22550471764248,0.0483537623234734,0.181735320136464,1,0.898777635854565,0.0335396464891897,0.239265735691148,0.996438419991731,1,0.948290932419154,0.0500666666666666,0,1,0,0,0,0,0.217211902663391,0.866600000000001,0.00136774290231692,0.00208923777777696,0
92,1.22462052226885,0.0508524319081997,0.185282147165033,1,0.897258282462616,0.0356773900661842,0.23860401819223,0.99662072188538,1,0.949000000000001,0.0496649505376896,0,1,0,0,0,0,0.221962699131507,0.863266666666667,0.000808592032822075,0.00203586706967523,0
93,1.22311757607225,0.0502785582259854,0.181462978472209,1,0.895688744792307,0.0379049712215345,0.236864094414883,0.996703044274495,1,0.949333333333333,0.0491333333333333,0,1,0,0,0,0,0.215269343848514,0.861733333333333,0.00106022005645572,0.00155254446625319,0
94,1.2225154054335,0.0494166416656249,0.184326290707259,0.999999999999999,0.892466666666666,0.0402720150927448,0.238325909416952,0.996601662122378,0.999999999999999,0.951422572664543,0.0467333333333333,0,0.999999999999999,0,0,0,0,0.219019574024363,0.8608,0.00109120017394285,0.00208372949135293,0
95,1.22130202305262,0.0471970141455547,0.179056001472283,1,0.894260885941625,0.0370949462198262,0.244040920699953,0.99670308663774,1,0.952275050011733,0.0457333333333333,0,1,0,0,0,0,0.213723354450113,0.863799999999999,0.00145207863779216,0.00178175367289796,0
96,1.22089939026529,0.0483711834005005,0.173110137867926,0.999999999999999,0.894399999999999,0.0373333333333333,0.250032699313009,0.996787470422829,0.999999999999999,0.952064810330007,0.0459333333333333,0,0.999999999999999,0,0,0,0,0.207418502414335,0.863999999999999,0.000939674020076951,0.00164429742461035,0
97,1.22003911598033,0.0475746767253277,0.174042837832418,1,0.895752955526722,0.0376003381355337,0.257121826033077,0.996675496333878,1,0.953981488915964,0.044,0,1,0,0,0,0,0.207220132404457,0.8674,0.00112985133411474,0.00154557496626218,0
98,1.21953191688767,0.051152007112734,0.177398143400949,1,0.897824447743093,0.0352351857773965,0.252547284300436,0.996841500565507,1,0.950919343533936,0.047,0,1,0,0,0,0,0.208361264087508,0.867133333333334,0.000775766910785628,0.00171312489622388,0
99,1.21838877890688,0.0528202886429416,0.179273857213141,0.999999999999999,0.898332027035904,0.0356066254991482,0.252946245026679,0.996827390560768,0.999999999999999,0.953513775161507,0.0447333333333333,0,0.999999999999999,0,0,0,0,0.210844575346815,0.869200000000001,0.000878358755014689,0.00201859935297168,0
100,1.21699952255708,0.0522687388669458,0.177328160505258,0.999999999999999,0.900133333333332,0.0355539624057608,0.253530311425598,0.996713365298988,0.999999999999999,0.954015504161052,0.0438666666666667,0,0.999999999999999,0,0,0,0,0.208061410711946,0.871599999999999,0.000969699794246261,0.00223874307268506,0
101,1.21545509749311,0.0505074527306381,0.173275771086612,0.999999999999999,0.902712064964947,0.0349728700416734,0.250646857510887,0.996794157951755,0.999999999999999,0.954130198709263,0.0438,0,0.999999999999999,0,0,0,0,0.202039979225831,0.874333333333333,0.00146128772025021,0.00183188001319844,0
102,1.21500465920155,0.0494720348072721,0.173845681792771,0.999999999999999,0.899470616627002,0.0348047308638488,0.241959752266456,0.996687542343588,0.999999999999999,0.953360936141785,0.0452,0,0.999999999999999,0,0,0,0,0.202917780816043,0.871000000000001,0.00152582649132987,0.00171181900173168,0
103,1.21477867743484,0.0462841188114761,0.168961377722399,1,0.902424975596012,0.0343807097788576,0.247737183771417,0.996627524392649,1,0.95894041245247,0.0397333333333333,0,1,0,0,0,0,0.196259487333213,0.877866666666667,0.000926668085281515,0.00150978566134961,0
104,1.21407031863699,0.0480335033827409,0.169396056588756,0.999999999999999,0.902151644568552,0.0353278114098475,0.248850110454989,0.996761911538234,0.999999999999999,0.957456880133564,0.0411333333333333,0,0.999999999999999,0,0,0,0,0.194792688592785,0.875666666666667,0.0011157050937568,0.00189250252244368,0
105,1.21312723193523,0.0464712194009604,0.166242175364923,0.999999999999997,0.89866128958711,0.037907628793492,0.249320793744253,0.996718792470713,0.999999999999997,0.956986222370342,0.0413204770365232,0,0.999999999999997,0,0,0,0,0.192746997528412,0.871799999999998,0.00117174747724683,0.00182457194498182,0
106,1.21227690663159,0.0477420739922126,0.16748372954337,1,0.894670237606208,0.0374411183317356,0.247502007880469,0.99668503928499,1,0.954496748577293,0.0427333333333333,0,1,0,0,0,0,0.19553371953507,0.867666666666667,0.00120487075344296,0.00122134842431121,0
107,1.21225693113172,0.0480898240134967,0.1697177355685,0.999999999999999,0.890433566256728,0.0374405575057751,0.252225238390969,0.99680883935502,0.999999999999999,0.950792557812095,0.0459773719783667,0,0.999999999999999,0,0,0,0,0.198001605575479,0.862799999999999,0.000772216782060633,0.00165342462199029,0
108,1.21118868082,0.0509324403096392,0.173239535557527,1,0.894788029069945,0.036206966251055,0.254081163489349,0.996569612132533,1,0.952826634990911,0.0440666666666667,0,1,0,0,0,0,0.19908568801864,0.867733333333333,0.000936523696408434,0.0015593736023099,0
109,1.21043429206412,0.0508025374233128,0.172769654765797,0.999999999999999,0.893666666666666,0.0358763651486102,0.254626802852266,0.996806980279979,0.999999999999999,0.955089489912081,0.0425333333333333,0,0.999999999999999,0,0,0,0,0.195803051190687,0.8684,0.00140382605058123,0.00227211893400434,0
110,1.20938328058247,0.0492002388498953,0.171568244007597,0.999999999999999,0.893429414755881,0.0352296945219283,0.252031820151809,0.996466753505898,0.999999999999999,0.955112416754894,0.0426,0,0.999999999999999,0,0,0,0,0.195339744603548,0.869199999999999,0.00112357050028101,0.00165908589678059,0
111,1.20873563721545,0.0469552114252865,0.165089852566295,0.999999999999999,0.893891670164309,0.0354737872283401,0.250935088555022,0.996541600195669,0.999999999999999,0.957866666666666,0.0403333333333333,0,0.999999999999999,0,0,0,0,0.188022029791685,0.871199999999999,0.00107033247603447,0.0014249047073902,0
112,1.20830705312344,0.0453977887187651,0.160470665794057,0.999999999999999,0.895609215507946,0.0339270308054729,0.249525474190979,0.996869258875617,0.999999999999999,0.961066666666666,0.0377333333333333,0,0.999999999999999,0,0,0,0,0.181941621118591,0.874066666666666,0.00119846951039698,0.00139705093627425,0
113,1.20806710578593,0.0461660659178028,0.155282802280843,0.999999999999998,0.893619017951465,0.0335084503117954,0.249298777549994,0.996784598385431,0.999999999999998,0.960382704961473,0.0386666666666667,0,0.999999999999998,0,0,0,0,0.176543907416613,0.872533333333331,0.00121856963788767,0.00237824922850201,0
114,1.20666613501925,0.047760640574381,0.154774995254515,0.999999999999999,0.896628953956078,0.0322034090716645,0.254635216979297,0.996792225494603,0.999999999999999,0.962573197907215,0.0368,0,0.999999999999999,0,0,0,0,0.175601381989499,0.876599999999999,0.000921759658576672,0.00146686961366135,0
115,1.20600836929659,0.047079895638885,0.152077750187515,1,0.8958,0.0340008785125935,0.256141042313178,0.996473653747402,1,0.964733333333333,0.0346,0,1,0,0,0,0,0.172495301021733,0.878066666666666,0.00109311276143921,0.00138113941062038,0
116,1.2056610067471,0.0475674801201668,0.154093220849739,0.999999999999999,0.893621951206728,0.0340024058275127,0.253297849121139,0.996717750477136,0.999999999999999,0.963666666666666,0.0354666666666667,0,0.999999999999999,0,0,0,0,0.173815141299783,0.876066666666666,0.00127920426142974,0.00227440794304029,0
117,1.20446112847441,0.0446494041335214,0.150780409320589,0.999999999999999,0.892066666666666,0.0320610647776185,0.256310495127913,0.996707978142794,0.999999999999999,0.965688550438706,0.0333333333333333,0,0.999999999999999,0,0,0,0,0.168950375511292,0.876266666666666,0.00102521608370757,0.00132054850920864,0
118,1.20410541204791,0.0454491703371071,0.153605491587688,0.999999999999999,0.8942,0.0320736393027188,0.251812136966595,0.996772228680455,0.999999999999999,0.966333333333332,0.0327333333333333,0,0.999999999999999,0,0,0,0,0.1722749558058,0.878866666666666,0.00185821945755114,0.00181720974414105,0
119,1.20415479206577,0.0467800674768654,0.150510053913779,1,0.896444475285943,0.0306221856026308,0.256707766818611,0.996636121374123,1,0.967666666666667,0.0310620185029415,0,1,0,0,0,0,0.170013952880948,0.881733333333333,0.000814481484247335,0.00153835234861218,0
120,1.20328313949561,0.0434879885151933,0.146078155276275,1,0.894581232375998,0.0321528659740627,0.254282774928817,0.996494949549534,1,0.968000000000001,0.0306567911539257,0,1,0,0,0,0,0.165928627707561,0.879733333333334,0.00135940684106392,0.00124848805806003,0
121,1.20341660619706,0.0432194164732938,0.146714273878148,1,0.899293221649007,0.0311975680810267,0.253768219191001,0.996835321576309,1,0.968933333333334,0.0299333333333333,0,1,0,0,0,0,0.165784930109926,0.884800000000001,0.000991817221651099,0.00169341087287184,0
122,1.20257229674638,0.0412633048605967,0.145152442321071,1,0.897950443850144,0.0296892623954007,0.252208201006669,0.996589945110415,1,0.967866666666667,0.0314666666666666,0,1,0,0,0,0,0.164460267686339,0.883133333333334,0.00113590872887532,0.00152870337356756,0
123,1.20209993278836,0.0386257466430346,0.140521892413357,1,0.897869405250134,0.0284666666666667,0.255857179121094,0.996705712229241,1,0.968400489916146,0.031,0,1,0,0,0,0,0.159512898478411,0.883666666666666,0.00119679106338722,0.00208182742079777,0
124,1.2010360306426,0.0404828884654826,0.140421689171642,0.999999999999998,0.900032422957143,0.0277527745382792,0.2569418327448,0.996804166372592,0.999999999999998,0.968848347551099,0.0304666666666667,0,0.999999999999998,0,0,0,0,0.157739500505169,0.884933333333332,0.000985689040599778,0.00120743481884382,0
125,1.20076970597328,0.0374035794499325,0.131588698772302,1,0.902,0.0260105042457682,0.256813728088488,0.996605750721973,1,0.967454911820942,0.0319333333333333,0,1,0,0,0,0,0.150090606133729,0.885066666666667,0.000948919415800341,0.00125913836862227,0
126,1.20039720445252,0.0387839946545412,0.132658076654507,0.999999999999999,0.905042727529697,0.0266506829580344,0.250796829922782,0.996824908995337,0.999999999999999,0.967615776809464,0.031779508762022,0,0.999999999999999,0,0,0,0,0.151506387094703,0.888733333333333,0.00113630123292841,0.00141549287028789,0
127,1.20006206359152,0.0392001751323106,0.13678618499585,0.999999999999999,0.905588983377183,0.0242512458228391,0.252395543924424,0.996635658718361,0.999999999999999,0.968124403419771,0.0312666666666667,0,0.999999999999999,0,0,0,0,0.153574610095045,0.889666666666666,0.00104195237983498,0.00208781732677705,0
128,1.19880696074506,0.039606978986897,0.136900784260258,1,0.9042,0.0246498396027879,0.249929745109926,0.996791838432733,1,0.966066666666666,0.033,0,1,0,0,0,0,0.154577453474695,0.887466666666666,0.00126642797736563,0.00195051709992603,0
129,1.19798686994316,0.0429717586825997,0.134136264801157,1,0.904898362532143,0.0256170452410661,0.247944271439346,0.996670348903791,1,0.96672286538796,0.0323333333333333,0,1,0,0,0,0,0.150686262063076,0.8886,0.0011421584189692,0.0013413513466153,0
130,1.19774823943125,0.0422635119763764,0.133936320828954,0.999999999999999,0.904266666666666,0.0244666666666667,0.248317458399429,0.996619727876826,0.999999999999999,0.967260710430666,0.0316666666666667,0,0.999999999999999,0,0,0,0,0.15019377133433,0.886933333333333,0.00110173443881319,0.0010822032197659,0
131,1.19777163291448,0.0436527533132672,0.136327567669709,1,0.898753129108837,0.0245493641183059,0.249413252535453,0.99659214587398,1,0.965999999999999,0.0333333333333333,0,1,0,0,0,0,0.153377417294875,0.880733333333333,0.00125922762241505,0.00143636720241051,0
132,1.1975594601505,0.0435940088771366,0.129641386688989,0.999999999999998,0.896141222517592,0.0246982568026222,0.239852299594715,0.996485345981004,0.999999999999998,0.965533333333332,0.034,0,0.999999999999998,0,0,0,0,0.146693002189585,0.877533333333333,0.0011875516424051,0.00226524875732188,0
133,1.19626885377535,0.0440666666666666,0.129238432559926,0.999999999999999,0.8957348566822,0.0242496027711425,0.240579933157455,0.996718545829208,0.999999999999999,0.965266666666666,0.0344,0,0.999999999999999,0,0,0,0,0.146978275057063,0.876266666666666,0.000493270224901206,0.00135409520938605,0
134,1.19523907565786,0.0433121058142022,0.125852906033019,0.999999999999998,0.894999999999998,0.0234624343500837,0.237664247298662,0.996888881557046,0.999999999999998,0.966133333333332,0.0334666666666667,0,0.999999999999998,0,0,0,0,0.14470304866767,0.877666666666665,0.00104968878558327,0.00150561576608279,0
135,1.19469413391512,0.0382673508951515,0.121901569805519,0.999999999999998,0.895399999999998,0.0230462432290817,0.236403751736973,0.996883722320596,0.999999999999998,0.966333333333332,0.033,0,0.999999999999998,0,0,0,0,0.14109587833622,0.877799999999999,0.00099271653350257,0.00204054927960356,0
136,1.19344229428002,0.0388111470855668,0.120828746179842,1,0.896979631867421,0.0237652002547774,0.237411764510166,0.996641808419991,1,0.968506015567844,0.0309333333333333,0,1,0,0,0,0,0.138440201873629,0.881399999999999,0.000897693650331755,0.00161742378927914,0
137,1.19258333789173,0.0374079952757122,0.121189169823815,1,0.895119161141426,0.0236228044084568,0.236348106076201,0.99667165073319,1,0.969266666666666,0.0300666666666666,0,1,0,0,0,0,0.137642728693506,0.879933333333333,0.00115742857198905,0.00185979568627816,0
138,1.19174570657415,0.0373885893164488,0.122664984879158,1,0.8954,0.0224,0.232265163887886,0.996859601035043,1,0.968985934256965,0.0301333333333333,0,1,0,0,0,0,0.139420668256615,0.879999999999999,0.00110035932038254,0.00219936092567194,0
139,1.19043597612953,0.0381531966008221,0.125942992647547,1,0.895649853145718,0.0231579589228539,0.233060158922273,0.996869041947665,1,0.969826472261736,0.0292666666666666,0,1,0,0,0,0,0.142198448816622,0.881466666666666,0.000992386261520542,0.00197041478099941,0
140,1.18927169579426,0.0392485216540758,0.12611367798615,1,0.892974588735554,0.0246835796978881,0.240703708318704,0.996605049096724,1,0.968333305676516,0.0307333333333333,0,1,0,0,0,0,0.143877082067846,0.879066666666667,0.00107456255556951,0.00223874971634394,0
141,1.18788716095534,0.0387866040748728,0.123751684584181,1,0.888102934212476,0.0259063250407345,0.239482478944555,0.996657025023852,1,0.968726531923277,0.0305333333333333,0,1,0,0,0,0,0.142561747622213,0.874066666666668,0.00122852915157169,0.00174495779967865,0
142,1.18727370199471,0.0379333333333333,0.121455656443034,1,0.883133333333333,0.0266992874936395,0.237724444589641,0.996715942180675,1,0.968533333333333,0.031,0,1,0,0,0,0,0.141183939587919,0.870866666666667,0.00124476615608704,0.001136420918731,0
143,1.18740233744576,0.0366351890863081,0.119430804892602,0.999999999999999,0.883733333333332,0.0284304818389227,0.238441849982035,0.996944177945031,0.999999999999999,0.9706,0.0289333333333333,0,0.999999999999999,0,0,0,0,0.138167270867156,0.871933333333333,0.00103281802190234,0.00166840862069038,0
144,1.1866476356831,0.0387653234110271,0.12091977721561,1,0.881631244278596,0.0309214387263024,0.234588713331564,0.996652241961851,1,0.969733333333333,0.0298,0,1,0,0,0,0,0.13926358401921,0.868133333333334,0.000908861916015104,0.00192475438570003,0
145,1.18544212928584,0.0412277334840718,0.117584046244713,0.999999999999999,0.879,0.0336912676440096,0.234426308823974,0.996665125917767,0.999999999999999,0.9676,0.0319333333333333,0,0.999999999999999,0,0,0,0,0.135367699942613,0.864933333333333,0.00116898287180618,0.00158319799272266,0
146,1.18495110123091,0.0419275367442466,0.11829975633483,0.999999999999999,0.878533333333333,0.0338,0.23773862174789,0.99659848590352,0.999999999999999,0.968666666666666,0.0305333333333333,0,0.999999999999999,0,0,0,0,0.135029540328288,0.865066666666666,0.000885923521511383,0.00149076920881867,0
147,1.18423438866766,0.0431908262530506,0.118855670522737,1,0.879333333333333,0.0339154095220794,0.230174327315161,0.996690097573948,1,0.970091866797418,0.0293333333333333,0,1,0,0,0,0,0.134447735244185,0.8642,0.000849195639407497,0.00215351942755327,0
148,1.18268976358378,0.0405417723597571,0.121880693029425,0.999999999999998,0.880019763325592,0.0332137140237196,0.230898700612374,0.99657664206343,0.999999999999998,0.972266666666665,0.0272666666666667,0,0.999999999999998,0,0,0,0,0.137374428550549,0.866533333333332,0.00154360751171659,0.00132318366173263,0
149,1.18295045661481,0.0423267971840621,0.124990324836201,1,0.883050834031287,0.0313392627924309,0.231841547485348,0.996658729120245,1,0.971133333333334,0.0282,0,1,0,0,0,0,0.139570947039592,0.8696,0.001214867002524,0.00151899952532776,0
150,1.18259068290809,0.0417728938754318,0.120964266553303,1,0.879098275907009,0.0321303410121876,0.232649439234922,0.996764344012274,1,0.9716,0.0277333333333333,0,1,0,0,0,0,0.135938522461916,0.867,0.0017384477767553,0.00162196965476861,0
151,1.18272842884991,0.0439164761911397,0.122078020056299,0.999999999999999,0.876661883465386,0.0345738403817992,0.230267932995288,0.996624001680776,0.999999999999999,0.970466666666666,0.0287333333333333,0,0.999999999999999,0,0,0,0,0.135855000236928,0.864066666666667,0.000960604618296042,0.00140968827209802,0
152,1.18219728484563,0.0434356712649772,0.117477690392796,1,0.874874984129283,0.033702397451503,0.235510387335874,0.99675290258933,1,0.969151254349182,0.0295333333333333,0,1,0,0,0,0,0.130768270847825,0.860266666666667,0.00152958042678667,0.00141810840287204,0
153,1.18232906676963,0.0451092719537501,0.116847711538173,1,0.879141933928726,0.0348424560792292,0.23292948188632,0.996692382413591,1,0.970269385263869,0.0284666666666667,0,1,0,0,0,0,0.130424260020558,0.8648,0.000903602441493005,0.00209461176346706,0
154,1.18085690360174,0.0451576310653961,0.11520891719159,0.999999999999998,0.878799999999999,0.0337960937543192,0.231299673440101,0.996524824031902,0.999999999999998,0.970199999999999,0.0284666666666667,0,0.999999999999998,0,0,0,0,0.127961995430894,0.864399999999999,0.00121317584473391,0.00185446241452498,0
155,1.18009963592862,0.0430394348944014,0.113873760936868,0.999999999999999,0.881333333333333,0.0333146375656925,0.231048596422338,0.996956510173346,0.999999999999999,0.971066666666666,0.028,0,0.999999999999999,0,0,0,0,0.125592455257995,0.8658,0.000795451957153954,0.00139191111874871,0
156,1.17939575468917,0.0416224350575391,0.112207346036652,1,0.881176365546365,0.0312359168045168,0.231339912037662,0.996843550679988,1,0.969972844537879,0.0289333333333333,0,1,0,0,0,0,0.124648643135539,0.8654,0.00137424042167211,0.00187626253894893,0
157,1.1788036719353,0.0442919434663633,0.113633919246773,1,0.884333333333333,0.0306514939453151,0.231497818931607,0.996726580829816,1,0.967117684400327,0.032,0,1,0,0,0,0,0.127066666666667,0.865866666666667,0.00149270001294119,0.00212421809598027,0
158,1.17805923610012,0.0431890266683443,0.112041164622994,1,0.88415514057263,0.0290517707516053,0.239847913041758,0.996708635751791,1,0.966718299310914,0.0326666666666667,0,1,0,0,0,0,0.125129769542437,0.8654,0.000918470623758144,0.00162263672244747,0
159,1.17722968672381,0.0425555147146227,0.114886394828545,0.999999999999999,0.884189571105298,0.0273298220424514,0.240291481064733,0.996601545466948,0.999999999999999,0.964866666666666,0.0345333333333333,0,0.999999999999999,0,0,0,0,0.128312808183162,0.864933333333332,0.000969102096510848,0.00213819698483474,0
160,1.17585339351467,0.0430360005649038,0.113448993845882,1,0.889007548144551,0.0275111572425524,0.243612321843995,0.996862433632991,1,0.9664,0.0331333333333333,0,1,0,0,0,0,0.127197714549898,0.869533333333334,0.00087504325591041,0.00173973080540513,0
161,1.17483664772527,0.0435730054352364,0.109266666666667,0.999999999999999,0.888074087674461,0.0301881182429089,0.246367019701102,0.996835681552325,0.999999999999999,0.966654529659696,0.0328,0,0.999999999999999,0,0,0,0,0.123992621950119,0.869666666666666,0.000976636294023796,0.0015119794546023,0
162,1.17420770696111,0.0437369688963373,0.108678721608681,0.999999999999998,0.886742229080128,0.0325612286333802,0.250722701093621,0.996352046770446,0.999999999999998,0.966466666666665,0.0332,0,0.999999999999998,0,0,0,0,0.123554394641984,0.867466666666665,0.00110507851567394,0.00103531105765526,0
163,1.17428962844801,0.0450163204103997,0.111389949637295,0.999999999999999,0.888391999136011,0.0319948962849768,0.249473354375697,0.996539571832859,0.999999999999999,0.965333333333332,0.0340666666666666,0,0.999999999999999,0,0,0,0,0.125332355588602,0.868466666666665,0.000790207639791782,0.00172549563352708,0
164,1.17319132945735,0.0415528198623344,0.110714581375839,1,0.888849131855931,0.0301079212753563,0.250479870369162,0.996859502112989,1,0.9676,0.0322,0,1,0,0,0,0,0.125097248892748,0.870266666666667,0.00133544304720052,0.00123360189378686,0
165,1.17331080861552,0.039156925371301,0.109227302723969,0.999999999999999,0.888131654343434,0.0287333333333333,0.254997722800135,0.996537951116158,0.999999999999999,0.967741871729732,0.0318666666666667,0,0.999999999999999,0,0,0,0,0.124010441927294,0.870199999999999,0.00121047668294614,0.00178074255073408,0
166,1.17264170950906,0.0387568916319001,0.10947323353762,1,0.890466666666667,0.0297610646651575,0.256777085847312,0.99677600389316,1,0.968133333333334,0.0316666666666667,0,1,0,0,0,0,0.123722970650663,0.8732,0.000839544037245453,0.00208335272350542,0
167,1.1711831675649,0.0397235751168745,0.110730284018459,0.999999999999998,0.890733333333332,0.0302311528139439,0.257115038502013,0.996885636939832,0.999999999999998,0.971533333333332,0.0284,0,0.999999999999998,0,0,0,0,0.123170454749521,0.874799999999999,0.001033868972938,0.00154884139403453,0
168,1.17058004053355,0.0382980359211649,0.109054766838819,1,0.893532084977021,0.0307082959833659,0.256289091608292,0.996715345264151,1,0.971466666666667,0.0284666666666667,0,1,0,0,0,0,0.120991543590313,0.876933333333333,0.000949834838190908,0.00185186474587529,0
169,1.16952414232765,0.0400431428087626,0.112122463533765,0.999999999999999,0.887780603616632,0.034108468385166,0.256307422358081,0.996631963512925,0.999999999999999,0.971266666666665,0.0286666666666666,0,0.999999999999999,0,0,0,0,0.124323550995938,0.871666666666666,0.00125417815251577,0.00181668014267515,0
170,1.16880083635564,0.040953705416058,0.112516120370279,0.999999999999999,0.890066666666666,0.0316666666666667,0.254904736483253,0.996512980556286,0.999999999999999,0.972466666666667,0.0274666666666667,0,0.999999999999999,0,0,0,0,0.124696337648445,0.8742,0.0014547535560547,0.00168924598857349,0
171,1.1685267614044,0.0404328750278401,0.111904460279896,0.999999999999999,0.895007450189214,0.0309518775046837,0.258914361801356,0.996600276080746,0.999999999999999,0.970333333333333,0.0296666666666667,0,0.999999999999999,0,0,0,0,0.125379562080149,0.8772,0.00138525340164191,0.0018195408293918,0
172,1.16801928492293,0.0394247272109195,0.108,1,0.89465777441843,0.0301879640971064,0.256317516003471,0.996667039248494,1,0.971866666666667,0.0281333333333333,0,1,0,0,0,0,0.120118949004396,0.878533333333334,0.00149904304378087,0.00179797682919835,0
173,1.16767012449664,0.0417239542303333,0.109102815854737,1,0.895033210827277,0.0307489322576683,0.2595402936736,0.996644513596328,1,0.973600000000001,0.0264,0,1,0,0,0,0,0.120303435425202,0.879666666666667,0.00119343821865739,0.0019781248900337,0
174,1.16675386931339,0.040629287382032,0.110647973412772,0.999999999999999,0.8926,0.0321931971073367,0.262767179217665,0.996460670136209,0.999999999999999,0.973466666666667,0.0265333333333333,0,0.999999999999999,0,0,0,0,0.122974287425121,0.877866666666667,0.00122371851712598,0.00114052704259588,0
175,1.16685093328819,0.0427803693297074,0.115166276739443,1,0.891036671880404,0.0333565373198853,0.264222023893835,0.9966641447221,1,0.971878754432541,0.028,0,1,0,0,0,0,0.128381763644243,0.875866666666667,0.000857480220910601,0.00218432392276738,0
176,1.16530270447635,0.0404528447892782,0.112893050273518,1,0.894179521428181,0.0298962428830283,0.259643019119971,0.996697144617607,1,0.972152888165961,0.0277333333333333,0,1,0,0,0,0,0.127718330613796,0.879933333333333,0.00138072305077945,0.00214982458203131,0
177,1.16440646838197,0.0410198780379694,0.117861248211614,1,0.891533333333333,0.0320361814914512,0.262463174948371,0.996608973937403,1,0.9718,0.0279333333333333,0,1,0,0,0,0,0.132478524248302,0.877,0.00117425296188514,0.00128912548128432,0
178,1.16427271007734,0.0419343303369089,0.118932950846797,1,0.888212033484797,0.0304911128179826,0.263835927491709,0.996803058237692,1,0.9706,0.0294,0,1,0,0,0,0,0.1326532748976,0.872866666666666,0.000743581266882394,0.00139622224826426,0
179,1.16351285799324,0.0424619263326497,0.119428533815621,0.999999999999999,0.886946855245531,0.0319048294598641,0.263887008414635,0.996814376919682,0.999999999999999,0.968533333333333,0.0314666666666666,0,0.999999999999999,0,0,0,0,0.134695904489838,0.870999999999999,0.00131397832287536,0.00128421757798373,0
180,1.16354748500258,0.0435110347745808,0.11855720511192,1,0.887133333333333,0.0320786469589324,0.257473015282561,0.996877798504919,1,0.970066666666667,0.0299333333333333,0,1,0,0,0,0,0.132983179240207,0.8724,0.00110507060607913,0.00204792011705236,0
181,1.16245043482535,0.0436603845157623,0.117413105947292,0.999999999999998,0.883999999999998,0.0358883728223396,0.254823029610787,0.996688287557615,0.999999999999998,0.970799999999999,0.0292,0,0.999999999999998,0,0,0,0,0.132479747896505,0.869533333333332,0.00116359131302097,0.00137348742789297,0
182,1.16220644099535,0.0450106926870872,0.116677937419846,1,0.880840193944562,0.0372220941477753,0.255730807038315,0.996487601313944,1,0.967363826863257,0.0326,0,1,0,0,0,0,0.133384236955601,0.863933333333333,0.000678418483548002,0.00136511072644916,0
183,1.16140836284767,0.0461672678941166,0.116823543738772,1,0.873026380071382,0.0397413209381751,0.257441484191165,0.996554733798894,1,0.9658,0.0342,0,1,0,0,0,0,0.133108381220062,0.856666666666667,0.00104160876699729,0.00204379459469386,0
184,1.16024441584626,0.0460415449820127,0.116124448035593,1,0.8727474304188,0.0404446548961927,0.257031151244249,0.99668462303927,1,0.966432196801913,0.0335333333333333,0,1,0,0,0,0,0.131141355492003,0.857133333333333,0.00133992828656583,0.00141071826436125,0
185,1.16016228216982,0.0481333333333333,0.11960278649451,1,0.874090745343516,0.042674500587957,0.257689147161239,0.996625938458309,1,0.966866666666667,0.0330666666666667,0,1,0,0,0,0,0.134231264762091,0.8586,0.00125103833309992,0.00230166871350424,0
186,1.15894338042997,0.0477108022829442,0.120813677804433,1,0.875085354861028,0.0406187892424079,0.26361489091584,0.997022800384477,1,0.965133333333334,0.0347333333333333,0,1,0,0,0,0,0.136106998236682,0.859,0.000980077447804447,0.00153984565280849,0
187,1.15829464077421,0.0511086153961838,0.122079314280584,1,0.873266666666666,0.0427588253181741,0.261271218585578,0.996858485690451,1,0.965,0.0349333333333334,0,1,0,0,0,0,0.136023474604744,0.857,0.000735587237572642,0.00185851541556862,0
188,1.15699395908366,0.0506289591639846,0.122535470909167,1,0.873568589377758,0.0425611635058216,0.261922446767937,0.996710875610541,1,0.966600000000001,0.033354233491139,0,1,0,0,0,0,0.135171349783104,0.858600000000001,0.00130029574663745,0.00133551714912179,0
189,1.1569215752463,0.053401426738218,0.127015719949338,1,0.873533333333333,0.0429381325631919,0.26499751414384,0.996712929718448,1,0.965666666666667,0.0343333333333333,0,1,0,0,0,0,0.140365927135309,0.858066666666667,0.00109517941958834,0.00142418751847798,0
190,1.15654093867826,0.052992925059862,0.126062722295188,1,0.8762,0.0427452723722914,0.272367979426205,0.996889378459168,1,0.967066666666667,0.0329333333333333,0,1,0,0,0,0,0.139533333333333,0.861533333333334,0.000714518987102999,0.00151783467862619,0
191,1.15561187119433,0.0508772220888143,0.121704676980373,0.999999999999999,0.873761546815822,0.0392663794679948,0.272848670473297,0.996662087821914,0.999999999999999,0.966599999999999,0.0334,0,0.999999999999999,0,0,0,0,0.133671555042935,0.858133333333332,0.0011131960030759,0.00169969127482975,0
192,1.15493411029589,0.0524016763600552,0.12087324676139,1,0.871600000000001,0.0430868424088838,0.277935010811207,0.996585186326448,1,0.9692,0.0308,0,1,0,0,0,0,0.131594621904781,0.8566,0.00135740901489705,0.00114030536052973,0
193,1.15510785510444,0.0503844681168561,0.116994288989179,1,0.8714,0.0414760674825009,0.277206178914264,0.996775863930785,1,0.967866666666667,0.0321333333333333,0,1,0,0,0,0,0.129107552168369,0.855933333333333,0.00103997919006755,0.00163547738964764,0
194,1.15441999045641,0.0461630487264693,0.11170927589027,1,0.870383975527866,0.0427385504742766,0.281039760086762,0.996661737625155,1,0.968999999999999,0.031,0,1,0,0,0,0,0.122162458779711,0.855599999999999,0.00128495637176808,0.00166876536768265,0
195,1.15397691367901,0.0460504041363593,0.110600899039324,0.999999999999998,0.871066666666665,0.043160295836416,0.282438146040068,0.996459592111159,0.999999999999998,0.968533333333332,0.0314666666666667,0,0.999999999999998,0,0,0,0,0.120364804534609,0.856399999999998,0.000746679169038837,0.0017906348062632,0
196,1.15277221297474,0.0461782507285085,0.111759589869858,1,0.867666666666667,0.0458076468686099,0.281300499944097,0.996513522152296,1,0.967733333333333,0.0322666666666667,0,1,0,0,0,0,0.12178744217969,0.8528,0.00183933267470904,0.00145746669475618,0
197,1.15321241746551,0.046050488680745,0.111553560530085,0.999999999999999,0.866133333333333,0.0457975252395224,0.282193508403102,0.996956252008906,0.999999999999999,0.968533333333333,0.0314666666666666,0,0.999999999999999,0,0,0,0,0.121177814714845,0.852133333333333,0.000772603436781693,0.00204211416595202,0
198,1.15174840192852,0.0470351754038071,0.10991207723514,0.999999999999999,0.859519525155438,0.0485137012520182,0.282267364579619,0.996638948743545,0.999999999999999,0.968199999999999,0.0318,0,0.999999999999999,0,0,0,0,0.119665656458521,0.845266666666666,0.00123063778627777,0.00172061458374921,0
199,1.15118407193505,0.0470789264993696,0.106204110988961,0.999999999999999,0.857933333333332,0.0461627497423437,0.280683610418211,0.996551423022625,0.999999999999999,0.968866666666666,0.0311333333333333,0,0.999999999999999,0,0,0,0,0.116644940652366,0.845466666666666,0.00115993674768582,0.00153652003380831,0
200,1.15075055525431,0.0473279200295466,0.10613316035909,0.999999999999999,0.859333333333333,0.0444380654118762,0.28469232109868,0.996577455715334,0.999999999999999,0.969066666666666,0.0309333333333333,0,0.999999999999999,0,0,0,0,0.116517963800506,0.845266666666666,0.000899679219223778,0.00152070574063847,0
201,1.15003590863996,0.0464911977988789,0.107853268243191,0.999999999999999,0.860199999999999,0.0442339253659643,0.288839368454115,0.996727566297537,0.999999999999999,0.970133333333332,0.0298666666666667,0,0.999999999999999,0,0,0,0,0.117588849205985,0.846133333333332,0.000889378727363732,0.00154625985685127,0
202,1.14928047175334,0.0484030899092205,0.108945378515523,1,0.8578,0.0467368110304586,0.284963261068494,0.996464434287394,1,0.970733333333334,0.0292666666666667,0,1,0,0,0,0,0.11812008530684,0.844866666666667,0.000938953811780774,0.00197024286733414,0
203,1.14809523138106,0.0507448567280318,0.111648649456227,1,0.858683203251177,0.0475017990684438,0.289902940485357,0.996785132546693,1,0.969266666666666,0.0307333333333333,0,1,0,0,0,0,0.120114551377032,0.846266666666667,0.000852704521592766,0.00170216011786062,0
204,1.14711997546172,0.0504015154885736,0.114673502938814,1,0.8592,0.0487878704958499,0.290520274136631,0.99643422220216,1,0.9692,0.0308,0,1,0,0,0,0,0.123565405888651,0.846466666666667,0.00100021674147813,0.00190377744874967,0
205,1.14608348292536,0.0507117916481363,0.114950182543043,1,0.857266666666667,0.0481333333333333,0.288597003355065,0.99661385102565,1,0.9682,0.0318,0,1,0,0,0,0,0.124152790978092,0.844733333333334,0.00119779221254268,0.0010445708062013,0
206,1.1462590874484,0.0530066662068702,0.117585959655648,0.999999999999999,0.860066666666666,0.0474480727808506,0.290769016957779,0.996613766101691,0.999999999999999,0.968466666666666,0.0315333333333333,0,0.999999999999999,0,0,0,0,0.127206608751605,0.847533333333333,0.00101719216421027,0.00175622580104173,0
207,1.14541196342625,0.0503452092294303,0.112832898104069,0.999999999999999,0.860337854147041,0.0459259927224107,0.288935651308515,0.996471463996088,0.999999999999999,0.968799999999999,0.0312,0,0.999999999999999,0,0,0,0,0.122183445807287,0.847599999999999,0.00101791624571715,0.00127910222067427,0
208,1.14511279788586,0.0500624712978074,0.113408000844282,1,0.8626,0.044219097789559,0.289762495554129,0.996754296260447,1,0.968666666666666,0.0313333333333333,0,1,0,0,0,0,0.123354214453358,0.849733333333333,0.00143696143227344,0.00195501283220592,0
209,1.14451957059783,0.0500235278179604,0.112424662806197,1,0.8614,0.047648386486281,0.295536873530791,0.996658787868859,1,0.9692,0.0308,0,1,0,0,0,0,0.122965393150401,0.849466666666667,0.000974659631912941,0.00193008138835805,0
210,1.1433497703947,0.0501421440238525,0.11252362520164,0.999999999999998,0.857333333333331,0.0502,0.292738801059793,0.996765380364307,0.999999999999998,0.969266666666665,0.0307333333333333,0,0.999999999999998,0,0,0,0,0.122751394200523,0.844866666666665,0.000849331224097781,0.00163880671842869,0
211,1.14244712376952,0.0494676211848044,0.110466187612369,0.999999999999999,0.861199999999999,0.0462429708240365,0.286309637232719,0.996793799239618,0.999999999999999,0.971599999999999,0.0284,0,0.999999999999999,0,0,0,0,0.119922688952283,0.849199999999999,0.00145253155468862,0.00137141337595874,0
212,1.14253979699949,0.051545248097077,0.111915432678061,1,0.861800000000001,0.0473408478873153,0.285485061045368,0.996551127485795,1,0.969933333333335,0.0300666666666666,0,1,0,0,0,0,0.122908992629803,0.849666666666668,0.000828379393297877,0.00174237500307981,0
213,1.14149552064104,0.0507022445439896,0.109414789074383,1,0.861066666666667,0.0458144480911612,0.287739598433454,0.996605741800115,1,0.969733333333333,0.0302666666666666,0,1,0,0,0,0,0.121032560008074,0.848466666666667,0.00163857836157978,0.0016775889424738,0
214,1.14145099023769,0.0493245849977057,0.103363053923734,1,0.862133333333334,0.0450809369319063,0.281959516534081,0.996787470736728,1,0.970866666666667,0.0291333333333333,0,1,0,0,0,0,0.114599560812096,0.850333333333334,0.000888217568788084,0.00176046659662713,0
215,1.14045536072113,0.0498038887473778,0.103175269046715,1,0.8588,0.0484909715692057,0.279819538897888,0.996633924328167,1,0.972200000000001,0.0278,0,1,0,0,0,0,0.113681277370794,0.848866666666667,0.00100194930568636,0.00142643842478226,0
216,1.13997124982969,0.0504740528845455,0.106483235249121,0.999999999999999,0.857733333333334,0.0502874476834384,0.287541858813751,0.99665036169376,0.999999999999999,0.969533333333333,0.0304666666666666,0,0.999999999999999,0,0,0,0,0.11720320683425,0.846066666666667,0.00136033066622639,0.00161189633380348,0
217,1.13968447220121,0.0498311202107075,0.105399245101411,0.999999999999999,0.856199999999999,0.0489086716883203,0.285578913100727,0.996713125522529,0.999999999999999,0.971599999999999,0.0284,0,0.999999999999999,0,0,0,0,0.115533333333333,0.845533333333332,0.000882818208910446,0.00174598385563107,0
218,1.1387007357167,0.0482079712440545,0.100485301424987,0.999999999999999,0.855133333333332,0.0483829806211162,0.285674423985423,0.99651465377121,0.999999999999999,0.971066666666665,0.0289333333333333,0,0.999999999999999,0,0,0,0,0.111279747649239,0.843666666666666,0.000730047403980012,0.00100829135227357,0
219,1.13838389912807,0.0485438022168766,0.101157657334486,1,0.858666666666666,0.0490554351938216,0.292026592589285,0.996808444267935,1,0.9706,0.0294,0,1,0,0,0,0,0.111890341277418,0.847599999999999,0.00142121664695667,0.00126230040715718,0
220,1.13848891455682,0.0467333333333333,0.0989720218118515,1,0.860533333333333,0.0485008174560113,0.301056772578537,0.997011273162118,1,0.971666666666666,0.0283333333333333,0,1,0,0,0,0,0.108162151589471,0.850066666666666,0.00128731891068557,0.00184350196149685,0
221,1.13785570631901,0.0472913959456839,0.101865386408511,1,0.8612,0.0488919987423551,0.304128596724882,0.99679133049824,1,0.972266666666667,0.0277333333333333,0,1,0,0,0,0,0.110193130705314,0.852,0.000887262260700718,0.00144402734872261,0
222,1.13722218798653,0.0468654744205352,0.100990101663924,1,0.8608,0.0494185204620933,0.306111327070238,0.996547411980396,1,0.972933333333333,0.0270666666666667,0,1,0,0,0,0,0.109199195987371,0.851266666666666,0.00212227017915449,0.00207160967797271,0
223,1.13727980023252,0.049451137964555,0.103257242542392,0.999999999999998,0.859666666666665,0.0539612872711026,0.300722447947362,0.996429332857872,0.999999999999998,0.971533333333332,0.0284666666666666,0,0.999999999999998,0,0,0,0,0.112010585450652,0.849266666666666,0.00210636513215444,0.00200616466652692,0
224,1.13739375619805,0.0520666666666667,0.106479930737366,0.999999999999999,0.859032459262232,0.0549028713395233,0.299631497541736,0.99672597028932,0.999999999999999,0.970066666666666,0.0299333333333333,0,0.999999999999999,0,0,0,0,0.114393701565694,0.849133333333333,0.00130218119423559,0.00176518628135937,0
225,1.13686713710287,0.0517290353073949,0.107829265522632,1,0.859463909624106,0.0556171191854238,0.303319641095551,0.996693231048816,1,0.967200000000001,0.0328,0,1,0,0,0,0,0.117094361767483,0.848666666666667,0.00093219764727164,0.00172146388797431,0
226,1.13596984625139,0.0553832760357681,0.108785003645634,0.999999999999999,0.854733333333333,0.0587376681705467,0.304435786395671,0.996775488507905,0.999999999999999,0.967266666666666,0.0327333333333333,0,0.999999999999999,0,0,0,0,0.117968104151248,0.8442,0.00111295441475714,0.00213833300157309,0
227,1.13480504709578,0.0550030145635284,0.10682315450097,1,0.849546777088073,0.0603156084727058,0.30506594114589,0.99701034450848,1,0.968866666666667,0.0311333333333333,0,1,0,0,0,0,0.116017180263769,0.8386,0.000735221106043368,0.0012308279170227,0
228,1.1342426299853,0.0536417525186302,0.106586864584966,1,0.8468,0.060681281948271,0.306271443469601,0.996901234472173,1,0.9698,0.0302,0,1,0,0,0,0,0.115467009443097,0.8362,0.000905203563049008,0.00142371114069985,0
229,1.13365451658676,0.0522676729651968,0.104918077863942,1,0.844266666666667,0.0627623595278541,0.304132893776391,0.996727222002478,1,0.968466666666666,0.0315333333333333,0,1,0,0,0,0,0.114112129097714,0.833,0.00138879442774004,0.00151196661432327,0
230,1.13351488188112,0.0538553070729993,0.104919709046963,0.999999999999999,0.844286011445081,0.0653370982880764,0.307142608604975,0.996642756194454,0.999999999999999,0.9698,0.0302,0,0.999999999999999,0,0,0,0,0.114333333333333,0.833133333333333,0.00157482133295104,0.00164587155036992,0
231,1.13343434540232,0.0538666666666667,0.104580629255777,1,0.846018000904047,0.0645616884813744,0.305471453129434,0.996611662507428,1,0.968666666666667,0.0313333333333333,0,1,0,0,0,0,0.11480134144115,0.833933333333334,0.000968680811382631,0.00179909985391382,0
232,1.13249311993844,0.0546037587678722,0.105537276916653,1,0.844266666666666,0.0643416628865467,0.303392735594033,0.996765322134849,1,0.966866666666667,0.0331333333333333,0,1,0,0,0,0,0.116679158842383,0.8304,0.00121565994144383,0.00164036964652637,0
233,1.13201213911946,0.0575783837595446,0.10606264750801,1,0.839552525663536,0.0682459019467605,0.295215926847139,0.996741295976476,1,0.964333333333334,0.0356666666666667,0,1,0,0,0,0,0.118263194462538,0.825133333333334,0.00109187725158665,0.00111841346490544,0
234,1.13198209980386,0.0579307045062207,0.107554831287084,1,0.837225868953589,0.0684179774537039,0.300341463105639,0.996595054885822,1,0.962066666666667,0.0379333333333333,0,1,0,0,0,0,0.121016729998845,0.822133333333334,0.00115011634518131,0.00173696505911407,0
235,1.13131779756439,0.0573743973529077,0.107555759318767,1,0.835403834565714,0.0708341433199542,0.301011317166434,0.996565392918576,1,0.961799999999999,0.0382,0,1,0,0,0,0,0.120367559143893,0.821399999999999,0.000796832381240369,0.00114649294592571,0
236,1.13092222034446,0.0594830376700101,0.110218283882466,0.999999999999999,0.835999999999999,0.0718927045411918,0.301489007046722,0.996597551388955,0.999999999999999,0.958999999999999,0.041,0,0.999999999999999,0,0,0,0,0.124788682319121,0.820733333333333,0.000936246213596755,0.00189125078449836,0
237,1.12984218445469,0.0603003731890766,0.112770563007879,0.999999999999999,0.830599999999999,0.071593122088114,0.29451411629414,0.996639610608018,0.999999999999999,0.959333333333332,0.0406666666666667,0,0.999999999999999,0,0,0,0,0.126167095343359,0.815933333333333,0.000695617564829069,0.00179083672641244,0
238,1.12860475964471,0.0568632900831215,0.107837297932955,0.999999999999999,0.837199999999999,0.0670286630755795,0.303680978724878,0.996769437858305,0.999999999999999,0.963866666666666,0.0361333333333333,0,0.999999999999999,0,0,0,0,0.120452897070289,0.824399999999999,0.000947766153993453,0.00140561504077403,0
239,1.12808802921189,0.0544621234659774,0.108495538808965,0.999999999999999,0.835733333333333,0.0648679441803577,0.294532986603948,0.996745384379811,0.999999999999999,0.962799999999999,0.0372,0,0.999999999999999,0,0,0,0,0.121638476166205,0.822733333333333,0.00112596283657508,0.00206324120949945,0
240,1.12695549083074,0.0528089385314696,0.102974487114152,0.999999999999999,0.835266666666665,0.0649333333333334,0.292624755133997,0.996692686221294,0.999999999999999,0.963599999999999,0.0364,0,0.999999999999999,0,0,0,0,0.116646609501918,0.822666666666665,0.00131388938894717,0.00149090871072774,0
241,1.12675599793407,0.0502849633763257,0.101519208343222,1,0.83116645640816,0.0650116281838045,0.28897887354577,0.996218092439749,1,0.961666666666667,0.0383333333333333,0,1,0,0,0,0,0.116452053305508,0.818466666666667,0.00129437787171106,0.00133235417860359,0
242,1.1267132079025,0.049,0.0988867910413904,1,0.835533333333333,0.0631288496111925,0.290943460629563,0.996721006292088,1,0.9628,0.0372,0,1,0,0,0,0,0.114398173414473,0.822133333333333,0.00100644523997505,0.0016092470924256,0
243,1.12600569889797,0.048,0.0966885470140487,0.999999999999999,0.839174124969779,0.0597272035932719,0.297318806826773,0.996535479891293,0.999999999999999,0.964466666666666,0.0355333333333333,0,0.999999999999999,0,0,0,0,0.112769407414126,0.824999999999999,0.000910491446433665,0.00187695896469803,0
244,1.1249174509646,0.0502145223490683,0.0990754835510797,0.999999999999998,0.843210198688058,0.0589869806156264,0.299385164543933,0.996604152376536,0.999999999999998,0.965866666666665,0.0341333333333333,0,0.999999999999998,0,0,0,0,0.114562058879794,0.829733333333332,0.000869006399645802,0.00147237752542068,0
245,1.12423870825581,0.0502479035361797,0.0977858200655307,0.999999999999999,0.841105980861725,0.0577200161101226,0.303480045861886,0.996448821657895,0.999999999999999,0.966199999999999,0.0338,0,0.999999999999999,0,0,0,0,0.114061443147344,0.827399999999999,0.00115099558983064,0.00222762142345022,0
246,1.12302832381935,0.0484478238955019,0.0926899643607837,1,0.840020139572212,0.0591579196106299,0.303780425104302,0.996630700327538,1,0.967933333333333,0.0320666666666667,0,1,0,0,0,0,0.108159442070436,0.827333333333333,0.000853582799700422,0.00128672090054385,0
247,1.12254189746397,0.0476255624383654,0.0908182163801851,1,0.842399999999999,0.059025795112188,0.3028657914524,0.996681914344917,1,0.970533333333333,0.0294666666666667,0,1,0,0,0,0,0.10551510368125,0.830666666666666,0.00132675020775732,0.0019594680744298,0
248,1.12183164514936,0.0449575779174701,0.086473811438762,0.999999999999999,0.842466666666665,0.0582725685548889,0.299941568862656,0.99666505069914,0.999999999999999,0.971199999999998,0.0288,0,0.999999999999999,0,0,0,0,0.101035053607534,0.830799999999999,0.00156407807772085,0.00242831375644081,0
249,1.1208621182161,0.0430930302391222,0.0804115847909522,0.999999999999999,0.840346882664406,0.0584312016182413,0.301218084052597,0.996759810976897,0.999999999999999,0.973733333333333,0.0262666666666667,0,0.999999999999999,0,0,0,0,0.093158015406748,0.8298,0.000834852842441723,0.00107563102650271,0
250,1.12059223907069,0.0433333333333333,0.0821575636957217,0.999999999999998,0.838599999999999,0.0572182482274702,0.300477626087833,0.996637129169176,0.999999999999998,0.972666666666665,0.0273333333333333,0,0.999999999999998,0,0,0,0,0.0951329889378846,0.828466666666666,0.00113541749867189,0.00169740941455165,0
251,1.11996247529134,0.0390573749584959,0.0794544092111103,0.999999999999999,0.842733333333333,0.0543648235785966,0.303543623614983,0.996745964145431,0.999999999999999,0.974866666666665,0.0251333333333333,0,0.999999999999999,0,0,0,0,0.0913333333333333,0.833933333333332,0.000668059719030254,0.00127085436894339,0
252,1.11928736790313,0.0387333333333333,0.0801946068687648,1,0.841866666666666,0.0551517322886108,0.303047397689044,0.996794385432396,1,0.977733333333333,0.0222666666666667,0,1,0,0,0,0,0.0902981534145575,0.834733333333333,0.000735889293060672,0.00178273901065176,0
253,1.11811564223813,0.0406421211350238,0.0824666666666667,1,0.842319797956136,0.0555789697140819,0.309059481737362,0.996715470196736,1,0.9748,0.0252,0,1,0,0,0,0,0.0933583483228619,0.8344,0.000497310280607252,0.00179261561664538,0
254,1.11664744991215,0.0413929931331144,0.0833333333333335,0.999999999999998,0.835733333333332,0.0588189532196567,0.299679427307718,0.996617573790941,0.999999999999998,0.973866666666665,0.0261333333333333,0,0.999999999999998,0,0,0,0,0.0946190401478341,0.827599999999999,0.00075055922106473,0.00146710247570859,0
255,1.11584732371409,0.0446505683882329,0.0869345130817426,1,0.838533333333334,0.0582808911661579,0.30244594651191,0.996776554159659,1,0.972933333333334,0.0270666666666667,0,1,0,0,0,0,0.0976982137740215,0.830466666666667,0.000714745815619788,0.0016385407971712,0
256,1.11481650955627,0.0436258927174949,0.087048890543144,1,0.840666666666667,0.0563880288277444,0.300664099282407,0.996621109394034,1,0.976,0.024,0,1,0,0,0,0,0.0969732051078569,0.8336,0.00158021524435993,0.00187278052222734,0
257,1.11449035295438,0.043564094576987,0.0865226914409105,0.999999999999999,0.840333333333332,0.0560639487522224,0.300520218044586,0.996682953517014,0.999999999999999,0.977799999999999,0.0222,0,0.999999999999999,0,0,0,0,0.0951333333333334,0.833999999999999,0.0011212597489287,0.00165620212061604,0
258,1.11389416484175,0.0429042644456314,0.0867449388398642,1,0.839466666666666,0.0599727441339716,0.31014221708201,0.996538075955279,1,0.976933333333333,0.0230666666666667,0,1,0,0,0,0,0.0962176913226156,0.832,0.0011645785487144,0.0010340179439318,0
259,1.11403959553757,0.0458186473764601,0.0904777007025976,0.999999999999999,0.841648295490404,0.0586752562141662,0.307349612448268,0.996876653381197,0.999999999999999,0.977333333333332,0.0226666666666667,0,0.999999999999999,0,0,0,0,0.0991603091819808,0.834866666666666,0.00124416279529771,0.00189429861364635,0
260,1.11331531849345,0.0458,0.0917781535284859,1,0.8396,0.0586337779626838,0.305005985696755,0.996637207935406,1,0.9776,0.0224,0,1,0,0,0,0,0.100535548881497,0.832333333333333,0.00114678897593486,0.00167772881700238,0
261,1.11272421503519,0.0458621456842289,0.0921439138032397,0.999999999999999,0.835652451223369,0.0585944526361658,0.309997751091534,0.996633707093105,0.999999999999999,0.977533333333332,0.0224666666666666,0,0.999999999999999,0,0,0,0,0.102299658738679,0.827466666666666,0.00124905747819263,0.00153739136542088,0
262,1.11240337893686,0.0438325471153618,0.0918513659164562,1,0.836826445896991,0.0586469342504216,0.308622606847403,0.996768968859977,1,0.978466666666667,0.0215333333333333,0,1,0,0,0,0,0.102103090657352,0.8288,0.000882326462540702,0.00100021440822264,0
263,1.11227223998775,0.0435958786469474,0.0880159750945387,1,0.840066666666667,0.0586202988029948,0.313536788614161,0.996701568225495,1,0.978933333333333,0.0210666666666667,0,1,0,0,0,0,0.0991279962856192,0.831266666666667,0.000682442065409958,0.00162720494834297,0
264,1.11122140645969,0.0438421299768051,0.0897616420622063,0.999999999999999,0.838266666666665,0.0585555986870624,0.320472227710722,0.996754453714125,0.999999999999999,0.980333333333332,0.0196666666666667,0,0.999999999999999,0,0,0,0,0.0989337795778725,0.831066666666666,0.000980043207343287,0.00183233999940872,0
265,1.11027431601969,0.0444837437429989,0.090347475229689,1,0.835933333333334,0.0602443158144279,0.316764392312087,0.996602257583291,1,0.978733333333334,0.0212666666666667,0,1,0,0,0,0,0.100761969397318,0.827666666666667,0.000678941244340363,0.00196113707094043,0
266,1.10885072692531,0.0440371460762063,0.0924648948648085,1,0.835709844092644,0.0593149192465911,0.317960075138849,0.99679749624077,1,0.979066666666667,0.0209333333333333,0,1,0,0,0,0,0.1028,0.827933333333334,0.000826530666879557,0.00173810830302077,0
267,1.10783992340082,0.0452928872108097,0.0933050824645346,1,0.833066666666667,0.0593911478803253,0.307808842994848,0.996936850246255,1,0.979866666666667,0.0201333333333333,0,1,0,0,0,0,0.103102470931961,0.826733333333333,0.00113919805748861,0.00129607134595039,0
268,1.10766613290895,0.0467492415293474,0.0939443435026514,0.999999999999999,0.8312,0.0605868128445879,0.311293080283128,0.996584975348434,0.999999999999999,0.980333333333333,0.0196666666666667,0,0.999999999999999,0,0,0,0,0.103179240227159,0.8254,0.00132466169128027,0.00140884390828586,0
269,1.10757288711818,0.0451001442393999,0.0927917094687879,0.999999999999999,0.829799999999999,0.0617624205487115,0.309152383510355,0.996736191279623,0.999999999999999,0.977866666666666,0.0221333333333333,0,0.999999999999999,0,0,0,0,0.1022,0.823866666666666,0.000642708825163958,0.00139144944745981,0
270,1.10674360230544,0.0417696047596741,0.0890035572201981,1,0.8268,0.0604318058854561,0.316467196003545,0.996583406076221,1,0.9776,0.0224,0,1,0,0,0,0,0.099793126345769,0.819933333333333,0.00105581653644429,0.00159986172771195,0
271,1.10614148377064,0.0419105672920645,0.0866375746840799,1,0.827933333333334,0.0580995850995701,0.315107625417333,0.9967994120887,1,0.976933333333333,0.0230666666666667,0,1,0,0,0,0,0.0978566991043351,0.821133333333334,0.00151177110835195,0.00138767771575435,0
272,1.10627874862005,0.0423920027966124,0.0856666666666667,1,0.823868244584299,0.0591228942459193,0.315662932440949,0.996818376310178,1,0.975933333333334,0.0240666666666667,0,1,0,0,0,0,0.0983743286545048,0.816066666666667,0.000871854958371192,0.00225049465525569,0
273,1.10475358882139,0.0418200153380191,0.0881296097551518,1,0.823666666666667,0.0571645196859273,0.320578161502569,0.996587856220082,1,0.973933333333335,0.0260666666666667,0,1,0,0,0,0,0.10209324027932,0.814266666666668,0.000963634573647864,0.00216155085711177,0
274,1.10343018650813,0.0401030837810036,0.0857503666462208,0.999999999999999,0.825933333333332,0.0568586553064087,0.322821594423801,0.99674077518453,0.999999999999999,0.975799999999999,0.0242,0,0.999999999999999,0,0,0,0,0.0994206977596455,0.816533333333333,0.00101523814325641,0.00160361950707397,0
275,1.10276382155321,0.040419053286908,0.0866580074070862,1,0.825333333333333,0.0582828658108628,0.324966089550769,0.996687618066567,1,0.975533333333333,0.0244666666666667,0,1,0,0,0,0,0.0996729847731851,0.815799999999999,0.000767232757041421,0.00132708176936722,0
276,1.10214644031688,0.0402743322710416,0.0870147742787514,0.999999999999999,0.826133333333333,0.056549105749914,0.324809869044186,0.996744499544862,0.999999999999999,0.974733333333332,0.0252666666666667,0,0.999999999999999,0,0,0,0,0.101360253693761,0.815866666666666,0.00113679870877488,0.00145349544398662,0
277,1.10179739413751,0.0403515376445729,0.0901902042464471,0.999999999999999,0.824113753104251,0.0580183852338099,0.326944303448625,0.99679410011974,0.999999999999999,0.974866666666665,0.0251333333333333,0,0.999999999999999,0,0,0,0,0.104650788148328,0.813799999999999,0.00100814175355034,0.00160645436249286,0
278,1.1011381748641,0.0419532559417738,0.094544630562964,1,0.825466666666666,0.0591355024669664,0.326333028788343,0.996627592885575,1,0.975866666666667,0.0241333333333333,0,1,0,0,0,0,0.108406423514714,0.8156,0.00131859877137518,0.00106192605314067,0
279,1.10142080699259,0.039941483267559,0.0908368640244012,1,0.828266666666667,0.0607283378833149,0.324715687658035,0.996781470777939,1,0.976466666666667,0.0235333333333333,0,1,0,0,0,0,0.104641094652774,0.817600000000001,0.00144840173277806,0.00230821966004841,0
280,1.10047378563727,0.0384,0.0900058923407278,1,0.830696337200659,0.0600737900812113,0.330242035829508,0.996555300500246,1,0.9764,0.0236,0,1,0,0,0,0,0.103574873413666,0.8204,0.000668503803375179,0.00110486650349208,0
281,1.09999357992476,0.039,0.0887160689047208,1,0.833399999999999,0.0624660959369167,0.338621624810336,0.996570701316912,1,0.976133333333334,0.0238666666666667,0,1,0,0,0,0,0.1032,0.822733333333333,0.000651501245589023,0.00146934551885604,0
282,1.09909395647479,0.0366222135123918,0.0861061790105102,1,0.832303747290945,0.0649145414391834,0.338386512492577,0.996539077620443,1,0.977333333333334,0.0226666666666667,0,1,0,0,0,0,0.100338537602419,0.8218,0.000799773778813721,0.00198780315447008,0
283,1.09778820056789,0.0397796923186813,0.0918757658790353,1,0.838200000000001,0.0653392083897827,0.340845763283257,0.996836328056765,1,0.975800000000001,0.0242,0,1,0,0,0,0,0.107774473534452,0.827066666666668,0.00114636895882294,0.00167840688932017,0
284,1.09720413560554,0.0386158336659974,0.0902408985321449,0.999999999999999,0.840369928710388,0.064804428296953,0.336409752103998,0.996756000817351,0.999999999999999,0.976933333333333,0.0230666666666667,0,0.999999999999999,0,0,0,0,0.104947502183778,0.830133333333334,0.00102004404947747,0.00219236391810565,0
285,1.09591786139742,0.0396273201412574,0.0892551479625968,1,0.8366,0.066706310521692,0.334510132832807,0.996817615421633,1,0.976333333333333,0.0236666666666667,0,1,0,0,0,0,0.104345914634305,0.826266666666666,0.000728924381203401,0.001806369573303,0
286,1.09473706996673,0.0419894682420935,0.0948433093036805,1,0.832092034847734,0.0696836311116904,0.326928757888818,0.996540922504751,1,0.974933333333333,0.0250666666666666,0,1,0,0,0,0,0.111092406164353,0.821466666666667,0.000852395097913293,0.00161675794130256,0
287,1.09382731115583,0.0402365716435407,0.0933070542166269,1,0.832129517613672,0.0701478345169723,0.324173337817888,0.996663235669792,1,0.9756,0.0244,0,1,0,0,0,0,0.109478217249124,0.820933333333333,0.00102185590283204,0.00137029061822382,0
288,1.09344618374798,0.0374043982433753,0.09024790624366,0.999999999999998,0.832244628446214,0.0725702801390899,0.327508941355836,0.996648395505792,0.999999999999998,0.973599999999998,0.0264,0,0.999999999999998,0,0,0,0,0.107455493082356,0.820066666666665,0.000718422398583955,0.00201870344674768,0
289,1.09202439639806,0.0366816804177245,0.0884,0.999999999999999,0.831719251270766,0.0722696333193224,0.324141469410476,0.996510144260396,0.999999999999999,0.973199999999999,0.0268,0,0.999999999999999,0,0,0,0,0.107733333333333,0.817466666666666,0.00115744827630443,0.00147146200788305,0
290,1.09168148574238,0.0361333333333333,0.0871823900427538,1,0.826,0.0732974207717873,0.328215563061642,0.99695548721729,1,0.969866666666666,0.0301333333333333,0,1,0,0,0,0,0.108574055228189,0.8114,0.000783909758723974,0.00192238918335178,0
291,1.09043862883261,0.0372111472581908,0.086683592549403,0.999999999999999,0.826533333333333,0.0714114093502688,0.329138917091184,0.99658244658753,0.999999999999999,0.971999999999999,0.028,0,0.999999999999999,0,0,0,0,0.107066666666667,0.812866666666666,0.000881076321356665,0.00159043516482031,0
292,1.08966511654799,0.0352777352496708,0.0824209390508062,0.999999999999999,0.823077337573166,0.068717597527162,0.333154740517758,0.996665495848812,0.999999999999999,0.970333333333333,0.0296666666666667,0,0.999999999999999,0,0,0,0,0.103836010846523,0.809333333333333,0.000876390404862035,0.00134221386369847,0
293,1.08915752497443,0.0337838318984236,0.0845141151803253,1,0.823823486479488,0.0675447487895674,0.325676961983189,0.996741542221039,1,0.970866666666667,0.0291333333333333,0,1,0,0,0,0,0.104962465016341,0.810333333333333,0.00118132209889531,0.00181695231918813,0
294,1.0884652235369,0.0355365626587306,0.0844069444176171,0.999999999999999,0.82115960824254,0.0715852729054927,0.330519377412426,0.996622327288888,0.999999999999999,0.970133333333333,0.0298666666666667,0,0.999999999999999,0,0,0,0,0.104805177226497,0.807333333333333,0.000951622558790178,0.00205621681448011,0
295,1.08726291110346,0.0346608389945534,0.0823333333333333,0.999999999999998,0.823122850484463,0.0740397469451214,0.336172318926116,0.996704087462053,0.999999999999998,0.969599999999998,0.0304,0,0.999999999999998,0,0,0,0,0.102772771902363,0.809866666666665,0.000812891913022313,0.00187028376694518,0
296,1.08611324815818,0.0315719827708501,0.0781835282720266,1,0.824666666666667,0.0717485346313636,0.336506059873411,0.996611833660757,1,0.970666666666667,0.0293333333333333,0,1,0,0,0,0,0.0977218441188349,0.812,0.000819386997084955,0.00140982669189373,0
297,1.08547196378341,0.0300815729284714,0.079985132674273,1,0.824733333333333,0.0706817115937511,0.331027364809871,0.996549665808646,1,0.9686,0.0314,0,1,0,0,0,0,0.10055090646778,0.810866666666667,0.00101334944573432,0.00220933306661326,0
298,1.0841737570938,0.0303435696117038,0.0823927084374209,1,0.8242,0.0703810667953952,0.327946906432522,0.996785995577856,1,0.967933333333334,0.0320666666666667,0,1,0,0,0,0,0.102704288553959,0.811133333333334,0.00143603837602934,0.00124433048328751,0
299,1.08438160176014,0.028,0.0799826797981691,1,0.828133333333333,0.0694399084303324,0.334243007079396,0.996619794541463,1,0.966866666666666,0.0331333333333333,0,1,0,0,0,0,0.102877238982102,0.813733333333333,0.000922865593458066,0.00157900210991653,0
300,1.08367009939345,0.0267221538774546,0.0783476378244226,0.999999999999999,0.832266666666665,0.069253697442558,0.334334574179068,0.996720665471184,0.999999999999999,0.966333333333333,0.0336666666666667,0,0.999999999999999,0,0,0,0,0.101141414410261,0.817199999999999,0.000754630829475067,0.00143411357513433,0
