"X","PopRatio","KC","LC","aKC","Prol_KC","Diff_KC","preDiff_KC","pDC","iDC","M1","M2","Neutrophil","Th0","Th1","Th2","Th17","Th22","Treg","Fibroblast","Division","Death","ILC3"
0,1.28850579895167,0.123676491930306,0.275854687804912,0.999999999999999,0.90324830433314,0.0524423737032999,0.176102983050316,0.996622528307625,0.999999999999999,0.941579163551167,0.0509333333333333,0,0.999999999999999,0.940271949980796,0,0.780534859729759,0.773344928410802,0.310324844784782,0.876428227127197,0.00891051353639997,0.00442079341826727,0.501488253170799
1,1.29429082935955,0.12206325100852,0.274550006679743,1,0.902755146034186,0.0512681520530023,0.177037072478713,0.996474978795657,1,0.940059739476003,0.0529999999999999,0,1,0.938006183379201,0,0.526129216991181,0.520718251281678,0.310130507195816,0.874379060854329,0.00287956989584929,0.0013412865556536,0.236991427671754
2,1.29628181537972,0.120193306225302,0.275536041978616,0.999999999999996,0.903535400680723,0.0496565756990658,0.180893960834194,0.996769201025316,0.999999999999996,0.940729550495122,0.0526,0,0.999999999999996,0.938854729733373,0,0.323992604894616,0.314629185912615,0.312359638294074,0.871151415571622,0.00149485580541004,0.00146155828809152,0.1113385839077
3,1.29632497834591,0.120963116341771,0.277161186126856,0.999999999999997,0.902884441691126,0.0494667916904539,0.179547374967553,0.996613838969773,0.999999999999997,0.938199566988549,0.0545333333333333,0,0.999999999999997,0.936002366519775,0,0.184998642053283,0.189747179818139,0.315544409565846,0.867496138788851,0.00176468347810422,0.00140814413161866,0.0516986712822295
4,1.29678716920652,0.12306486734931,0.280508731279758,0.999999999999999,0.906487733874201,0.0489223153758857,0.176449885614913,0.996665826029212,0.999999999999999,0.935767038157846,0.0565775035686675,0,0.999999999999999,0.934554941317754,0,0.106418148715297,0.103329656795621,0.319441629066637,0.865107399693035,0.00111573719130269,0.00134505137015749,0.02465459799224
5,1.29648979752166,0.12140807570656,0.284126626079329,0.999999999999999,0.908389744842548,0.0478355707534438,0.17461063548682,0.996719351425437,0.999999999999999,0.936194535450347,0.0557333333333333,0,0.999999999999999,0.936098022353956,0,0.0597961722257736,0.0590021384344861,0.322571838810821,0.863044506942156,0.00115765606334034,0.00185322077913801,0.0124893877737051
6,1.29558800496412,0.122520470891869,0.286710032885017,0.999999999999999,0.907808379891827,0.0485456415799788,0.17629514770157,0.99673081962143,0.999999999999999,0.93478179401157,0.0568666666666667,0,0.999999999999999,0.934704662614515,0,0.0316055079526039,0.0316073198360298,0.324971504937694,0.855915280183132,0.00127971403911159,0.00138685904590614,0.0062276471979185
7,1.29544918917852,0.120216378663984,0.282859740684457,0.999999999999999,0.90784615250391,0.0500455916430427,0.174886776743848,0.996733912144444,0.999999999999999,0.933708025828303,0.0572666666666667,0,0.999999999999999,0.933389448463068,0,0.0148924145282299,0.0168012825078907,0.321886014299856,0.85131681393877,0.00103922399716902,0.00200791210831143,0.00291436687584069
8,1.29419430295037,0.121228245534061,0.287593730413718,0.999999999999998,0.906485504987349,0.0524888991219635,0.174876903262618,0.99652979980295,0.999999999999998,0.932492565544292,0.0594735779132565,0,0.999999999999998,0.931114503663328,0,0.0070188597512863,0.00795194428327686,0.328558400239318,0.849251943037927,0.000600008656794093,0.0015103067443058,0.00138862827112383
9,1.29301620035153,0.118617353564595,0.28356525725653,0.999999999999999,0.906009176145056,0.0505950942484124,0.172921063005218,0.996554943043435,0.999999999999999,0.935541921603931,0.0576666666666666,0,0.999999999999999,0.933995738322898,0,0.00317416015117585,0.0046157988135936,0.32215926030418,0.848614192208597,0.00111088067874424,0.00196723591230316,0.000414745415337271
10,1.29190891916128,0.119071671165347,0.282421072041309,1,0.904152390339461,0.0508712841971299,0.176242142924832,0.9966492053106,1,0.932370513971579,0.0597930565998108,0,1,0.931390076569386,0,0.00244735389891931,0.00241939763852518,0.322295970565135,0.844922632032859,0.00105930890532092,0.00143806475067501,0.000133333333333333
11,1.29141960110648,0.117626089077254,0.28207429886123,0.999999999999998,0.903126418462973,0.0477443444274845,0.178009279050744,0.996855299334492,0.999999999999998,0.933726778404709,0.0604,0,0.999999999999998,0.931940226939966,0,0.00152689395110987,0.0010992911767895,0.322189713843824,0.843159770185173,0.000816234738537288,0.00213810987843356,6.66666666666667e-05
12,1.2897125056406,0.117471535096158,0.27537137504561,1,0.907061916589162,0.045897277112231,0.174496265383028,0.996895553464811,1,0.936131507155981,0.0584749091855975,0,1,0.934636684719223,0,0.00060575151846314,0.000330365159168872,0.313615467661897,0.844326682511239,0.000970959919877729,0.00164146407698016,0
13,1.2888477480441,0.112861509929741,0.273574501356598,1,0.908848237575565,0.0454720459183469,0.176340542646983,0.996876961998781,1,0.934421704932362,0.0604666666666666,0,1,0.932471748908373,0,0.000448892594555571,0.000197315594825019,0.313293660038065,0.844110908950218,0.00104152403100047,0.00235856733449193,0
14,1.28715027974832,0.1100865557026,0.271341670622118,0.999999999999999,0.906158262937913,0.0464355826689752,0.177572358773914,0.99652177943834,0.999999999999999,0.936287761352247,0.0592666666666667,0,0.999999999999999,0.933722157471827,0,0.000168729709492561,8.90447256545686e-05,0.312040631846568,0.84195815314348,0.00110257287858905,0.00195462887790115,0
15,1.28605355563044,0.105648590493638,0.270987943075534,0.999999999999999,0.906720996556418,0.045652753937516,0.174392088685732,0.996692691953126,0.999999999999999,0.933969781656389,0.0614666666666666,0,0.999999999999999,0.931821993816203,0,8.84090749178033e-05,0.000106987326062389,0.315622593974706,0.840204936256279,0.00107328331699544,0.00179620912626768,0
16,1.28512383432297,0.107037578512205,0.275409541539781,0.999999999999999,0.903025641065699,0.0463573690013484,0.177822371969777,0.996513415303094,0.999999999999999,0.934083110119424,0.0608666666666667,0,0.999999999999999,0.932002292587001,0,6.66666666666667e-05,4.67446165918365e-06,0.316348145892184,0.841211658094926,0.00105927281128125,0.00210989791464296,0
17,1.2837736509617,0.104925427271858,0.276668030081107,0.999999999999998,0.903963934578212,0.0456457144175721,0.178509942772456,0.99665162636925,0.999999999999998,0.934074054471057,0.061,0,0.999999999999998,0.932129041679123,0,6.66666666666667e-05,0,0.317286273534405,0.843800383428897,0.00164230182366421,0.00169177598237994,0
18,1.28371013734033,0.103988071028123,0.273477924050861,0.999999999999999,0.901282545436435,0.0479821302502129,0.183407598874518,0.996836809501804,0.999999999999999,0.934333333333333,0.0596928431509316,0,0.999999999999999,0.93380023495027,0,1.54476776576427e-05,0,0.312970063682685,0.842799138605915,0.000744460986607378,0.00196918219868706,0
19,1.2820406397439,0.106996213904125,0.275878209746761,0.999999999999999,0.901008690912946,0.0467329494384697,0.183299149330653,0.996572848690407,0.999999999999999,0.933822086714186,0.0600017819207123,0,0.999999999999999,0.933881950616107,0,0,0,0.315010882101529,0.843414847374369,0.00109035251737622,0.00163928256472212,0
20,1.28133688911483,0.105954375063276,0.271849623202443,0.999999999999999,0.903971036901524,0.0464518953073411,0.188029801737195,0.996779407249697,0.999999999999999,0.9368625832436,0.0563333333333333,0,0.999999999999999,0.937794441483052,0,0,0,0.310657535820531,0.848916805230471,0.00118284644886761,0.00173771641572567,0
21,1.28062591375763,0.106818269386897,0.271657015832765,1,0.905231322381282,0.0449865935103713,0.194947676940709,0.996730583371013,1,0.936996486153074,0.0561333333333333,0,1,0.938197594960375,0,0,0,0.309403799238063,0.85042502526348,0.00149220398904941,0.00144499494258426,0
22,1.2806863708859,0.106341504734122,0.271117969547524,0.999999999999999,0.902929974279828,0.0454088400653423,0.196417941742098,0.996649224447541,0.999999999999999,0.936025521129263,0.0566,0,0.999999999999999,0.936821890047591,0,0,0,0.30738641445906,0.84838562360085,0.00113514051003948,0.00148573859822177,0
23,1.2802373646927,0.110729304363481,0.26977371977449,0.999999999999999,0.903551027567824,0.0441476430547524,0.195993720284621,0.996487209659207,0.999999999999999,0.937466294516901,0.0554666666666666,0,0.999999999999999,0.938303627839219,0,0,0,0.306690037471398,0.849399979352353,0.00134111319793405,0.00171112438842964,0
24,1.27976366254127,0.10756064249509,0.266386012302374,1,0.90612290168369,0.0429487274109752,0.196138877971457,0.996593960657576,1,0.935747333635662,0.0558666666666667,0,1,0.937170849578757,0,0,0,0.304514148678631,0.851029980320459,0.000982138175878424,0.00251326260469658,0
25,1.27780418513444,0.104953177069759,0.263532418722734,1,0.909745365559949,0.0391210209081918,0.198223098972864,0.9966139358474,1,0.937520128238739,0.054126471052726,0,1,0.93963281934848,0,0,0,0.301976752100563,0.854910272034716,0.000759687156185597,0.00217633176859552,0
26,1.27599399071986,0.104880692291929,0.25745424575595,0.999999999999999,0.911033301878733,0.0397948310824809,0.200337859205352,0.996496177792905,0.999999999999999,0.937135244337491,0.054,0,0.999999999999999,0.938910835811587,0,0,0,0.295515882971922,0.859037390823292,0.00138627316100695,0.00205966746734406,0
27,1.27513474363158,0.108138018466826,0.261166446931946,1,0.915348591887623,0.0408880655612022,0.205719329591838,0.996636589328506,1,0.937619710759986,0.0548666666666667,0,1,0.936976028728124,0,0,0,0.299041378877699,0.862092308835701,0.00097237101729219,0.00164346570322019,0
28,1.27427900748129,0.108608758149294,0.261286229013699,1,0.917576218110945,0.0379545378303752,0.206892531289905,0.996829125726153,1,0.936334839444148,0.0560947467907577,0,1,0.934968261203091,0,0,0,0.2981972769696,0.861982561076874,0.00129394829179815,0.00200786902982285,0
29,1.27336927327182,0.107488689542521,0.260853364352355,0.999999999999999,0.916974429451374,0.0361354116692688,0.205765020731953,0.996813239129548,0.999999999999999,0.935221537990473,0.0567333333333333,0,0.999999999999999,0.934904476247553,0,0,0,0.299299265467474,0.860322171705852,0.000965312864243347,0.00191032633069255,0
30,1.27216592216081,0.105672145684965,0.255870363128254,0.999999999999999,0.918110153308524,0.0316660524963443,0.207592060430206,0.996821069293792,0.999999999999999,0.935715489223396,0.0567333333333333,0,0.999999999999999,0.934732294937923,0,0,0,0.294018820323382,0.862786894724676,0.00119469348681523,0.00161715517669969,0
31,1.27162848079552,0.102472512054285,0.25696875545147,0.999999999999999,0.917612347833435,0.0316460320911945,0.205937045789264,0.996859565787252,0.999999999999999,0.935668159731846,0.057,0,0.999999999999999,0.93442078367718,0,0,0,0.292794931554409,0.862439629040505,0.000960110092217964,0.0016458163832755,0
32,1.27075651714635,0.0989882251501203,0.255552742219666,0.999999999999998,0.916069031247221,0.0311039828889566,0.201321079458935,0.99664288132526,0.999999999999998,0.936956232112326,0.0539333333333333,0,0.999999999999998,0.937417890965271,0,0,0,0.291197515937107,0.862900861024093,0.0013443070061815,0.00173608142521097,0
33,1.27025866725012,0.0952272296835881,0.249103037586965,0.999999999999999,0.916862165183481,0.0302077843431176,0.205674003684177,0.996735454280102,0.999999999999999,0.937989807631852,0.054,0,0.999999999999999,0.938213296189594,0,0,0,0.285539213854858,0.863662777203483,0.00131111246034665,0.00212319389235636,0
34,1.26922711377259,0.0982984025859006,0.250384177170321,1,0.922987044841795,0.0290962624130911,0.209499129025997,0.996791958058612,1,0.93595623391364,0.0568,0,1,0.935786421875698,0,0,0,0.28757555781068,0.867179936078654,0.00112444789051837,0.00183023759318627,0
35,1.26833130634535,0.0998798009008791,0.249220906099785,1,0.92049872466498,0.0284443985902893,0.211711101009356,0.996621813187239,1,0.938722043721864,0.054021081603249,0,1,0.938469689645121,0,0,0,0.282905674374873,0.868918824716582,0.000775295178980883,0.00166747602846879,0
36,1.26719972544302,0.0982439277423982,0.250121980512115,0.999999999999998,0.923965222588477,0.0296745521767889,0.211918583099858,0.996843575657975,0.999999999999998,0.941927039804725,0.0505411361677771,0,0.999999999999998,0.941603655312252,0,0,0,0.280114805922696,0.874222175508095,0.00108577031051416,0.00183577798602394,0
37,1.26619117926631,0.0979259171872919,0.249430124302871,0.999999999999999,0.927415466494622,0.0278072372382385,0.216920715974524,0.996712167820734,0.999999999999999,0.941266666666666,0.0506,0,0.999999999999999,0.941581506507201,0,0,0,0.279627125978685,0.877404527480886,0.00150252708292062,0.00163025153071674,0
38,1.26602945569713,0.0987148062676439,0.250943522853229,0.999999999999999,0.926915316853273,0.0287914729674888,0.22297445695007,0.996907533388302,0.999999999999999,0.943291204403645,0.0487333333333334,0,0.999999999999999,0.942852870238567,0,0,0,0.279372530360485,0.877653624007578,0.00125563533817872,0.0017020016737354,0
39,1.26546434276828,0.0972107333497576,0.252206280946454,0.999999999999999,0.92822883013828,0.0273306380289439,0.224954901353881,0.996861665281649,0.999999999999999,0.943269877735688,0.0482,0,0.999999999999999,0.943296503984751,0,0,0,0.278501100135439,0.880019088892934,0.00148386531350349,0.00181865964918222,0
40,1.26504067247432,0.0958202091981064,0.247661167916009,0.999999999999999,0.930433723322988,0.0268320725674426,0.229896185137755,0.996839451165543,0.999999999999999,0.946314373992651,0.0458666666666667,0,0.999999999999999,0.946064117575066,0,0,0,0.273894487607566,0.884124550293552,0.000799819854369416,0.00197765376445604,0
41,1.26355066467264,0.0927179292267932,0.247312920982583,0.999999999999999,0.930272256759443,0.0257769630450617,0.233573429035194,0.996569766734711,0.999999999999999,0.946325462698361,0.0460666666666667,0,0.999999999999999,0.945436688009114,0,0,0,0.273950324989002,0.884205589241606,0.00131315910244127,0.00118497056345182,0
42,1.26371263738628,0.0935455286893551,0.247431770832595,1,0.929199651100597,0.0251777570925745,0.233541863135988,0.996587964031776,1,0.944542139658782,0.0483333333333333,0,1,0.943025438359275,0,0,0,0.275346626427444,0.883250989174172,0.00101225844936276,0.00163233229824686,0
43,1.26292904222733,0.0960823066443987,0.25049987024205,1,0.929442517411817,0.0255834686990636,0.233377661463382,0.996589044366017,1,0.942846335824694,0.0510206445479219,0,1,0.940491289590283,0,0,0,0.280144890893232,0.882050538327254,0.00110118536136626,0.00175743064361582,0
44,1.26210025100156,0.093687715680274,0.247685064727642,1,0.932129942099631,0.0263441455230392,0.232962868121522,0.996557951041536,1,0.943646120680015,0.0516666666666667,0,1,0.939895752902359,0,0,0,0.278129604271629,0.884915959702776,0.00097525398063103,0.00149183252810428,0
45,1.26144827708713,0.0899194361037269,0.245166950014644,1,0.934923862116526,0.0250021863804325,0.234861412270563,0.996513178959737,1,0.945636861831543,0.0498,0,1,0.941544056561836,0,0,0,0.273782097418672,0.888676001386966,0.00138297455624675,0.00213028392099232,0
46,1.26050558497652,0.0881235161570134,0.244302091385514,0.999999999999999,0.935969361790786,0.0221519594217765,0.23570788027457,0.996533726107758,0.999999999999999,0.944599999999999,0.0513333333333333,0,0.999999999999999,0.941159426907576,0,0,0,0.274866594749799,0.889786217664665,0.00113526325356295,0.00190141118153803,0
47,1.25953985123439,0.0853383509293761,0.241269724404005,0.999999999999999,0.938802650327608,0.0246134014522154,0.238266984742876,0.996654542737528,0.999999999999999,0.947307830650121,0.0494666666666667,0,0.999999999999999,0.943064103972392,0,0,0,0.272020655693996,0.892417807030923,0.000968738994667127,0.00144453397971943,0
48,1.25894056848969,0.0854343596272986,0.241001957034507,1,0.939047874291035,0.0255458497808664,0.24296607684009,0.996648122593863,1,0.951066666666667,0.0467333333333333,0,1,0.946398512176206,0,0,0,0.269252393022053,0.895222448275935,0.00116362291305443,0.00140350216385833,0
49,1.25863857476932,0.0848621682309865,0.240630611795464,0.999999999999999,0.938973466174604,0.0236889227892922,0.241769475300417,0.996543327287693,0.999999999999999,0.951437610563051,0.0464666666666667,0,0.999999999999999,0.947452160514084,0,0,0,0.269617802812687,0.893841706029906,0.00138414544393478,0.0015945256980459,0
50,1.25837378206612,0.0873954426217203,0.244130230718565,0.999999999999999,0.940302229649895,0.0240444361853286,0.24588082892686,0.996600213596575,0.999999999999999,0.950874662208624,0.046102796901335,0,0.999999999999999,0.949263561030004,0,0,0,0.272331269678952,0.897099134185982,0.000834169008017167,0.00112194663133141,0
51,1.25801165024988,0.0840228214380352,0.242969194368982,0.999999999999999,0.942108680656675,0.0225914241697183,0.248009058783486,0.996392929009407,0.999999999999999,0.951866599686513,0.045293033367678,0,0.999999999999999,0.949573308336609,0,0,0,0.26925261570193,0.900831111184755,0.00128663998905802,0.00130118215539282,0
52,1.25799335603521,0.079160329172374,0.240341306400678,0.999999999999998,0.942329784097887,0.0214314460412907,0.24279796598541,0.996607005451517,0.999999999999998,0.955048495306012,0.0425037676478427,0,0.999999999999998,0.952651242388266,0,0,0,0.265309712247909,0.903094205526952,0.00120820462835511,0.00159888463078567,0
53,1.25750188318781,0.0786548685826728,0.239754343178033,0.999999999999998,0.943717884597156,0.0215525839261317,0.241020220555385,0.996826984144045,0.999999999999998,0.955399999999999,0.0423333333333333,0,0.999999999999998,0.952399999999999,0,0,0,0.264447952391331,0.904965321919128,0.00129823685936146,0.00199709672944682,0
54,1.25662306558509,0.0799769805743005,0.244692087698797,0.999999999999999,0.949462025475164,0.0231446700507894,0.237065554033472,0.996603445635467,0.999999999999999,0.956916325920542,0.0413333333333333,0,0.999999999999999,0.954402595181123,0,0,0,0.268363167612799,0.911356254262369,0.00158752683132677,0.00219357860207628,0
55,1.25586148695103,0.0809337333980237,0.243192791207219,1,0.949095025364305,0.022451609271303,0.232722833989001,0.996573538076799,1,0.952430203789869,0.0455632638288368,0,1,0.950533156418103,0,0,0,0.268232334846309,0.907568357885111,0.000629524875046058,0.00203533344703541,0
56,1.25409598610744,0.0764208587041108,0.235524673844248,0.999999999999999,0.948576642968008,0.0196865821938156,0.229570449652879,0.996673395163475,0.999999999999999,0.952832667936683,0.0448,0,0.999999999999999,0.950790851974513,0,0,0,0.261212724235,0.908010057256241,0.00146361632040826,0.00190121296209715,0
57,1.25354719791556,0.0732925938181543,0.230599193665792,0.999999999999999,0.949064531732643,0.0220382189568682,0.229031664311473,0.99662808543196,0.999999999999999,0.957581713027131,0.0404875541842379,0,0.999999999999999,0.954666666666667,0,0,0,0.253776451277285,0.910754549639311,0.0015824296327261,0.00172713308667672,0
58,1.25336580530633,0.0733018801172974,0.228360330120502,0.999999999999999,0.948559416724575,0.0227564494554165,0.227728877483353,0.996657320919448,0.999999999999999,0.956428908827753,0.0412723601612046,0,0.999999999999999,0.953008971220165,0,0,0,0.25245027737711,0.911379388934219,0.00100119033559337,0.0021158984743968,0
59,1.25196866824226,0.0726367648311851,0.227599636778494,1,0.951264921951747,0.0208981099856324,0.221403197028392,0.996722652167593,1,0.954682294593802,0.0425333333333333,0,1,0.951671326242375,0,0,0,0.251486141322314,0.91155222630088,0.00121138021236671,0.00272238357110659,0
60,1.25007693937951,0.0731900114958581,0.225164039174068,0.999999999999999,0.953640361351052,0.0227306935724959,0.222308533136972,0.996691741895763,0.999999999999999,0.957629115313547,0.0394,0,0.999999999999999,0.954726151862307,0,0,0,0.248052309299766,0.915841877307673,0.00148236160689579,0.00174896139882168,0
61,1.24974366912757,0.0710909953670621,0.22410348094548,0.999999999999999,0.956072428293237,0.0224578160481348,0.226580282641825,0.996667327472427,0.999999999999999,0.957066666666666,0.0395333333333333,0,0.999999999999999,0.955152731099216,0,0,0,0.246352918382242,0.918802073148802,0.000811862487968623,0.0018546502770858,0
62,1.24844045168988,0.0701909629431193,0.218599855765934,0.999999999999999,0.957409816748412,0.022982107341424,0.223395112735163,0.996632424501725,0.999999999999999,0.956066666666666,0.041,0,0.999999999999999,0.953530995197554,0,0,0,0.242178164847882,0.920193186271231,0.00143647046061591,0.00150372522836884,0
63,1.24835648811725,0.0692213202683511,0.216875857608985,0.999999999999999,0.95959151306308,0.024,0.229097521345772,0.996655660669821,0.999999999999999,0.959866666666666,0.0383333333333333,0,0.999999999999999,0.95698132048511,0,0,0,0.239556680598554,0.925415812757094,0.00152719428158865,0.00157547722913275,0
64,1.24829621378642,0.0696775934154442,0.217808974783146,1,0.955682903226027,0.0243501407414571,0.232452475912217,0.996715404839205,1,0.959515327055251,0.038,0,1,0.957685308278949,0,0,0,0.24069398943109,0.922089192334365,0.000902589045498556,0.00196500770684433,0
65,1.246970000594,0.0709806911069127,0.217351510196491,0.999999999999999,0.957124139933944,0.0244417887462483,0.233860233475326,0.996598152585254,0.999999999999999,0.959945610690558,0.0370666666666667,0,0.999999999999999,0.958298340297958,0,0,0,0.239536817907726,0.925406187682277,0.000647333129566568,0.00123944990812994,0
66,1.24623164873428,0.0742974108312558,0.218157015830103,1,0.956501015300794,0.0266207524022883,0.231756200899179,0.996708464577225,1,0.958010644694638,0.0390666666666667,0,1,0.955821741920712,0,0,0,0.240819863839975,0.923785743088155,0.000938236338150584,0.00242966444342248,0
67,1.24437298382768,0.0745462291455713,0.214495550466186,1,0.953947865762248,0.0264637191595656,0.232501833053161,0.99672832451654,1,0.956663444622777,0.0400666666666667,0,1,0.9548,0,0,0,0.23762004561286,0.921787653833507,0.0010039888485199,0.00225958409492337,0
68,1.24281055502443,0.0722553030458408,0.205988071258778,1,0.952279946915158,0.0269333333333333,0.235582886341029,0.996598436130076,1,0.956133333333333,0.0399333333333333,0,1,0.953801568055934,0,0,0,0.23003774227236,0.92080046864183,0.00165890982883802,0.00201139523271425,0
69,1.242372482444,0.0690220086627474,0.19744042477615,0.999999999999999,0.95485408925355,0.0266082596142594,0.238990816658095,0.99665215876305,0.999999999999999,0.958176359385419,0.0381333333333333,0,0.999999999999999,0.955621820513945,0,0,0,0.222353014391489,0.9255407924141,0.000872604479285013,0.00233394091031295,0
70,1.2405569582745,0.0664870703180913,0.195141429255472,1,0.952327586657031,0.0250499590583055,0.234643710011026,0.99666020851969,1,0.956930679522495,0.0396666666666667,0,1,0.955103432245647,0,0,0,0.222617548546328,0.923132258341537,0.00099164194913054,0.00116605722075879,0
71,1.24034058619565,0.0651045603732077,0.195244883449634,1,0.95012552625146,0.0239708256893909,0.230514969782936,0.996726469117653,1,0.953260438244612,0.0428,0,1,0.952442483488607,0,0,0,0.223548166430041,0.918141300604328,0.00116030832450975,0.00175861640286281,0
72,1.23959848040302,0.0627823920204896,0.193789010175829,1,0.949835961074888,0.0233612636360569,0.233916621346737,0.9967614900485,1,0.951134795595368,0.0447333333333333,0,1,0.950597432040587,0,0,0,0.223005085707126,0.917846565787777,0.00122991832570944,0.0022349714674691,0
73,1.23835261805577,0.0619440897837407,0.193653804767158,0.999999999999999,0.950812357641175,0.0245845446071001,0.237047150260844,0.996707020589122,0.999999999999999,0.951491405233278,0.0447333333333333,0,0.999999999999999,0.950339878484136,0,0,0,0.223417457963853,0.91844174491613,0.00120199545711595,0.00183788891599128,0
74,1.23756515772617,0.0584856525264957,0.187936636814898,0.999999999999999,0.95157407471372,0.0240444934012505,0.239095768862857,0.996857674546538,0.999999999999999,0.952272749376525,0.0442349952556373,0,0.999999999999999,0.951184780977416,0,0,0,0.217913653914872,0.918644106022047,0.00103091263592079,0.00202219152521686,0
75,1.23633838551118,0.0593007716978082,0.184475733799533,0.999999999999999,0.952845094971721,0.0243269392177508,0.236952141963207,0.996765978780218,0.999999999999999,0.952999999999999,0.0434024945544055,0,0.999999999999999,0.952245534779564,0,0,0,0.213788479025932,0.91955100628485,0.00147615862761931,0.00171077285767509,0
76,1.23600105916251,0.0578933387463092,0.183036145523282,1,0.949740004536993,0.0230850676525298,0.23848501807446,0.996583883447511,1,0.95267826619763,0.0436666666666667,0,1,0.951203522104416,0,0,0,0.213884741563171,0.916699223782775,0.00114027845551407,0.00165349317299322,0
77,1.23536672522813,0.0582140534251708,0.18173410734192,1,0.951913867711437,0.0227052000411879,0.243952587360193,0.996856374317866,1,0.955194259353623,0.0414666666666667,0,1,0.953746615041352,0,0,0,0.210780127745012,0.919312467240858,0.00138530428107353,0.00164794670593462,0
78,1.23504226551582,0.0578735340375084,0.180620669425548,0.999999999999999,0.951962859219477,0.0238546850048327,0.244551915938799,0.996714158380573,0.999999999999999,0.954527498518273,0.0414666666666667,0,0.999999999999999,0.954053877355925,0,0,0,0.209705724168436,0.9202,0.00119221451437195,0.00149497352692545,0
79,1.23466834533905,0.0590127476180802,0.174409506021557,1,0.954407049303009,0.0268806476698963,0.25337892851963,0.996694358911134,1,0.955933333333334,0.0399333333333333,0,1,0.955188757568054,0,0,0,0.202574942221463,0.923170989993231,0.00136724507826727,0.00160366881182263,0
80,1.23437644043914,0.0600140328343013,0.176191555383353,0.999999999999999,0.952494050053831,0.0274685977004637,0.256996336893759,0.996546594732887,0.999999999999999,0.955945589221842,0.04,0,0.999999999999999,0.953991381163717,0,0,0,0.203677939528629,0.923856366795082,0.00163502699715883,0.00196167042917223,0
81,1.23397323948224,0.0587556750483249,0.174581092861519,1,0.951138181524585,0.029265238772635,0.257327544959938,0.996840693300696,1,0.957378806631419,0.0384,0,1,0.955870847509944,0,0,0,0.201766665587178,0.922531649532842,0.000841770943501818,0.00244573540379638,0
82,1.23199399026116,0.0548079153381335,0.168566892401373,1,0.95314313123379,0.0280449624882344,0.26144703655476,0.997015445498707,1,0.958397725245709,0.0378666666666667,0,1,0.956885220467666,0,0,0,0.195950819139393,0.924106404147424,0.00132997799126071,0.00180353795854078,0
83,1.23141056722744,0.0562780746874556,0.168581107394544,0.999999999999999,0.952042767830739,0.0295133202025621,0.262206217737233,0.996431506349833,0.999999999999999,0.958650841985344,0.0376666666666666,0,0.999999999999999,0.957545034488338,0,0,0,0.196417705013303,0.922791160339173,0.000903313878472751,0.00135954441782346,0
84,1.23084876012019,0.053979656969409,0.16348664697699,1,0.951410378922664,0.0301052364644016,0.259377403606512,0.996536758894918,1,0.958807302978361,0.0364,0,1,0.958079760162076,0,0,0,0.190744524347667,0.922247931628912,0.00148321697676776,0.00146432343785569,0
85,1.23087201520913,0.055800789084445,0.164707773871699,0.999999999999999,0.94989357151017,0.0317097677557289,0.258153463910546,0.996767460926908,0.999999999999999,0.957469391242071,0.0372666666666667,0,0.999999999999999,0.956594768067072,0,0,0,0.191110036426246,0.921789202726447,0.00120054892651208,0.00145087447656076,0
86,1.23056389649489,0.0541759551112722,0.161522580701109,1,0.946324241709834,0.0305549445948181,0.269558262924681,0.996722057530211,1,0.956169191802181,0.0388249749789767,0,1,0.955136136176816,0,0,0,0.189230238766695,0.919225116163978,0.000903095245098109,0.00221222123740943,0
87,1.22895293331278,0.0552027701694442,0.166163055196863,1,0.948015775667702,0.0299074588384602,0.268339928707099,0.996501900291067,1,0.9561881038892,0.0392493489056122,0,1,0.954638312304501,0,0,0,0.193663934143983,0.920093130947178,0.000818540707301575,0.00178128264989544,0
88,1.22776976877841,0.0509996935211872,0.158025505251091,1,0.950043072101541,0.027601422686037,0.270862292944441,0.996488041147203,1,0.958682598489937,0.0376,0,1,0.956665245602362,0,0,0,0.185685665943545,0.924106779238515,0.00131444312244172,0.00183217497759292,0
89,1.22713411325832,0.0514669582587911,0.164762366494581,0.999999999999999,0.947239607987316,0.027972064720234,0.278270749180121,0.996424502747357,0.999999999999999,0.956799999999999,0.0393424623134211,0,0.999999999999999,0.955617286875508,0,0,0,0.194071425125927,0.921733593423706,0.000889527527869731,0.00195930534810417,0
90,1.22577479187137,0.0498,0.166380117098544,0.999999999999999,0.944945636399154,0.0281420602966795,0.276499514305226,0.99673891948899,0.999999999999999,0.957657715472882,0.0388666666666666,0,0.999999999999999,0.956273923134936,0,0,0,0.195171016039689,0.91911172894435,0.00125647809005177,0.00211344849390226,0
91,1.22472433915295,0.0525188435170481,0.170152662955655,0.999999999999999,0.946709127253527,0.0295662277907382,0.274712376375176,0.996738188846785,0.999999999999999,0.957784252384963,0.0395333333333333,0,0.999999999999999,0.956215584242929,0,0,0,0.199657651559676,0.919677334124892,0.00177353962087582,0.00206090234928502,0
92,1.2243723990253,0.0503446271322809,0.167573432476982,0.999999999999999,0.949718322690583,0.0280965540009005,0.27136792450089,0.996707353993004,0.999999999999999,0.96028797759973,0.0373333333333333,0,0.999999999999999,0.958053894061788,0,0,0,0.196014285315344,0.9229732810998,0.0018631319135278,0.00161140920494436,0
93,1.22468060136189,0.0495610644398724,0.166703880853874,0.999999999999999,0.949733535260713,0.03081884415987,0.27021076770737,0.996573898833658,0.999999999999999,0.95900463284743,0.0386,0,0.999999999999999,0.956904978108477,0,0,0,0.195941147748525,0.924970221108254,0.00123064565916163,0.00190754044494917,0
94,1.22385162144858,0.0500775413465063,0.169128182662857,0.999999999999999,0.948666666666666,0.0313005959159614,0.269414331597532,0.996735228288173,0.999999999999999,0.957818526212868,0.04,0,0.999999999999999,0.955601715734168,0,0,0,0.199384969028224,0.923225183726448,0.00114071147758174,0.00202382218299209,0
95,1.22277082497984,0.0486154970878831,0.164102238743981,0.999999999999999,0.948330398013386,0.0331628511325378,0.271708353785192,0.996688492641886,0.999999999999999,0.957533333333333,0.0395333333333333,0,0.999999999999999,0.955423240423622,0,0,0,0.193582429250395,0.922428122720052,0.000842949680516615,0.00206949495491136,0
96,1.22127104120279,0.0484163868292195,0.164056872325566,1,0.950607363426043,0.0318000291166546,0.27669310999815,0.996403986392989,1,0.956708530939707,0.0401925132791151,0,1,0.954467695427727,0,0,0,0.192947820060993,0.923751797874128,0.000859667282737617,0.00191259964167028,0
97,1.21998512540448,0.04638741512386,0.169320688655377,1,0.953020129491484,0.0318019970192185,0.278172448246357,0.996514122043019,1,0.959215126999524,0.0371457598617712,0,1,0.957202205102876,0,0,0,0.196269962035096,0.928015992029885,0.00115295520336077,0.00194008841268263,0
98,1.2189435022557,0.0431862333428382,0.167425513280316,1,0.951980282204982,0.0281853009892061,0.279561475574342,0.996714172846317,1,0.961179919277338,0.0356,0,1,0.959079143452373,0,0,0,0.194559536827093,0.927513810873155,0.00161872318182568,0.00203183185811743,0
99,1.21843994611901,0.0452589000170057,0.169817782007811,0.999999999999999,0.951204488152563,0.028718784847448,0.285001664505526,0.996711053775206,0.999999999999999,0.961189161888734,0.0348666666666667,0,0.999999999999999,0.959675661186115,0,0,0,0.196183863795453,0.928113193176628,0.0015276484986549,0.00216009795355274,0
100,1.21766934443926,0.04798345519908,0.170486101481983,1,0.953441521650506,0.0300797004185624,0.290235717303133,0.99645724733544,1,0.96142694506787,0.0345333333333333,0,1,0.959866666666666,0,0,0,0.195597833552292,0.929206989641702,0.00145167726866626,0.00147600803565068,0
101,1.21763971761018,0.0466328857169873,0.169591298953264,1,0.954814493354546,0.0295288634448383,0.294566323837986,0.996464135951111,1,0.962271547785291,0.033,0,1,0.960816087177243,0,0,0,0.194091879192442,0.930235610879353,0.000975193084050818,0.00153488177973646,0
102,1.21695821842481,0.0451750983736864,0.163057444354581,0.999999999999999,0.954417082269408,0.0293278584076038,0.298485207321905,0.996638277418704,0.999999999999999,0.96274756037813,0.0331333333333333,0,0.999999999999999,0.96206880730738,0,0,0,0.188915242903243,0.932157835134147,0.00138016853056995,0.0014988835938274,0
103,1.21681374715293,0.0424410757495145,0.159898490065532,0.999999999999999,0.95344201296218,0.0281824072689457,0.302853928445841,0.996561939334162,0.999999999999999,0.962116283185494,0.0334666666666667,0,0.999999999999999,0.961066391515681,0,0,0,0.184510466036349,0.932071817054147,0.00114434188276415,0.00201793721574579,0
104,1.21575074434231,0.0413173099195006,0.159460561064678,0.999999999999999,0.953193957990589,0.0276799343427516,0.302013581919985,0.996711737423381,0.999999999999999,0.963251293678163,0.0331333333333333,0,0.999999999999999,0.961565613083885,0,0,0,0.183230885367427,0.934079298600279,0.00099829127520183,0.00207441479886435,0
105,1.21444244636741,0.0409503504042169,0.161083535145171,0.999999999999999,0.953138822651813,0.0277754973091151,0.295188962361672,0.996708847668906,0.999999999999999,0.964666666666667,0.0318666666666666,0,0.999999999999999,0.962081868301884,0,0,0,0.184113762109022,0.933529446533952,0.00144520218383369,0.00207820704717519,0
106,1.21367369839261,0.0414322812532215,0.15969949483986,0.999999999999999,0.954191640000132,0.0267509265266978,0.29943687518293,0.996622691982718,0.999999999999999,0.966768307181801,0.0292872515628864,0,0.999999999999999,0.964010638750707,0,0,0,0.18109660345595,0.938394995915466,0.000922110434487939,0.00190143920419399,0
107,1.21248511282274,0.0414489980133043,0.162008351792025,1,0.955991365081292,0.0260927115064993,0.299824774140675,0.996790741640711,1,0.967894070399275,0.0282,0,1,0.965045061395613,0,0,0,0.181331284419054,0.93913155064096,0.00079756107785674,0.00172927106634155,0
108,1.21135542833223,0.0407307068476858,0.160841258061348,1,0.956796593057443,0.0257846483868364,0.297626379573486,0.996664856722357,1,0.968127560583883,0.0284666666666667,0,1,0.964873853274208,0,0,0,0.181454982595983,0.938785332650859,0.00135441302208829,0.00137278325198729,0
109,1.21133317545453,0.0389273428541276,0.160716777659211,0.999999999999999,0.959076911706221,0.0236,0.299739575995295,0.996724994792343,0.999999999999999,0.968200462488637,0.0276,0,0.999999999999999,0.965167876344999,0,0,0,0.181506581019484,0.93984772907996,0.00129008357852339,0.00245463249303636,0
110,1.20992251871994,0.0394,0.162349255165176,1,0.962092742709753,0.0232510273262824,0.302778371899334,0.996613580238979,1,0.970032229180712,0.0262,0,1,0.96724556243816,0,0,0,0.1837183122963,0.94473160328459,0.00117328483309333,0.00187574962709357,0
111,1.20907259074707,0.0364326968385495,0.156736632158674,1,0.962757787431872,0.0228666666666667,0.302941318583687,0.996807186312976,1,0.971888997625814,0.0243333333333333,0,1,0.9684,0,0,0,0.177167696242264,0.947295044324675,0.00173805570297607,0.00171775910603375,0
112,1.20909713080611,0.0374388758114995,0.157522598388681,1,0.963629258132971,0.0221244972794113,0.30412248922537,0.99680907027819,1,0.972193863773093,0.0244666666666667,0,1,0.969066666666666,0,0,0,0.17824842090939,0.947799472265716,0.00126288224966173,0.00249676707716476,0
113,1.20760524420144,0.0364666666666667,0.160179032110322,0.999999999999999,0.962519708234678,0.0234232139310848,0.310318794416334,0.996836663947094,0.999999999999999,0.971453185763623,0.0242,0,0.999999999999999,0.968702892944525,0,0,0,0.181403718404755,0.946520569769608,0.00156551552500538,0.00196906702518053,0
114,1.20711791329352,0.03322441022371,0.152723720847952,1,0.963181673700145,0.0225333333333333,0.312616013943812,0.9966006697256,1,0.971751404421961,0.0230666666666667,0,1,0.968797071031929,0,0,0,0.174394448996072,0.948723786136046,0.00105244218852308,0.00150576905183292,0
115,1.20657069431624,0.032722501083894,0.14880364409007,0.999999999999999,0.96282949997867,0.0228986427070544,0.312826001619554,0.996540623386183,0.999999999999999,0.97165523846613,0.023,0,0.999999999999999,0.969137729952936,0,0,0,0.169295083031861,0.947898171045514,0.000900121215483755,0.00195650747309558,0
116,1.20529608961593,0.0318,0.147858251294464,0.999999999999999,0.960068930168717,0.0232274417012204,0.312703155415337,0.996578305402205,0.999999999999999,0.97011770157128,0.0246,0,0.999999999999999,0.967151036426328,0,0,0,0.169246899471292,0.946058919556758,0.000650878359649585,0.00182330275197566,0
117,1.20388297108048,0.0333786105439016,0.149976157256283,1,0.962732629075138,0.0236980169801085,0.314413239532746,0.996622313105728,1,0.972756132677135,0.0227333333333333,0,1,0.968899260421051,0,0,0,0.170866930688209,0.949833640697242,0.000740362601294098,0.00224889158791953,0
118,1.2020668787221,0.0327690090548528,0.148662243248681,1,0.961857993635366,0.0227063418329564,0.316613946784174,0.996805943556814,1,0.972699762224011,0.0226666666666667,0,1,0.968909596811459,0,0,0,0.170077977255523,0.949638441661114,0.00117738055588631,0.00245209362947296,0
119,1.20053458835647,0.0348540821188852,0.151961421137344,0.999999999999999,0.958807489338197,0.023315359222362,0.319053162343077,0.996644828110225,0.999999999999999,0.969752112150441,0.0246,0,0.999999999999999,0.966814379863377,0,0,0,0.1739313864175,0.945808563511381,0.000960564489649498,0.00211922899661937,0
120,1.19914357153955,0.0354057787924768,0.151157255507889,1,0.959024921384752,0.0229746478100634,0.320347210734287,0.996313097342239,1,0.969209669340675,0.0262666666666667,0,1,0.966000000000001,0,0,0,0.174707072136724,0.945832228350621,0.00111412098125078,0.00255949205552401,0
121,1.19741036410735,0.0369905629910048,0.148662728930822,1,0.960399999999999,0.0247993961464624,0.315982718859522,0.996599951640976,1,0.96992689950749,0.0258,0,1,0.96622766081732,0,0,0,0.170675654406628,0.948133333333333,0.000866299242944447,0.00225050501812079,0
122,1.1957529017661,0.037283873064197,0.149440242090357,0.999999999999999,0.960383787650993,0.0256879923332877,0.315216516511716,0.996508133125079,0.999999999999999,0.970056455474362,0.0252666666666667,0,0.999999999999999,0.967659966514865,0,0,0,0.170535744425637,0.94834376318655,0.00132867504277559,0.00210463958552441,0
123,1.19482503991243,0.0364086765038904,0.150469703039839,0.999999999999999,0.956740598325635,0.0258455627869962,0.318693187703684,0.996653742439696,0.999999999999999,0.967558076212128,0.0263333333333333,0,0.999999999999999,0.965562534866525,0,0,0,0.1724177473169,0.9443303513508,0.000581875419562013,0.00195616505259589,0
124,1.19318300424679,0.0366,0.150734867494299,1,0.957266666666666,0.0232431252948346,0.314616831847465,0.996665147664896,1,0.965722949885483,0.0270666666666666,0,1,0.964737414356526,0,0,0,0.172758080146606,0.943933333333334,0.00169293782135653,0.00169663080593524,0
125,1.19317859784036,0.0351594412202772,0.151843706544023,0.999999999999999,0.961314886517004,0.0218127581964199,0.315599505986443,0.996734528843095,0.999999999999999,0.969526456130703,0.0244666666666667,0,0.999999999999999,0.968612986750482,0,0,0,0.171394562625492,0.948197726809442,0.0011666696520147,0.00151775408119712,0
126,1.19275969141342,0.0328666666666666,0.146318149993153,1,0.962774222790695,0.020177766040085,0.316007508725573,0.996619750246733,1,0.969315688322915,0.0244666666666667,0,1,0.968462701611745,0,0,0,0.165690589374806,0.949331921414777,0.0013785834564794,0.00192203392737986,0
127,1.19211148559745,0.0314666666666667,0.14541523082449,1,0.962725909767188,0.0187333333333333,0.315475196477353,0.996564161611052,1,0.97089018344367,0.0232666666666667,0,1,0.969975896425287,0,0,0,0.163936562542719,0.950521146052614,0.0010123901158521,0.00151985611713486,0
128,1.19150652954877,0.031192645495695,0.144941816808328,0.999999999999999,0.964217785700322,0.0190269719005181,0.317314311418468,0.996684047029167,0.999999999999999,0.972759365961729,0.0224,0,0.999999999999999,0.971775176081111,0,0,0,0.162906235680103,0.951068267212887,0.000943553166389708,0.00133818939430582,0
129,1.19103631790641,0.0326220296580745,0.143495009885733,1,0.965570596295673,0.0186931886388005,0.323878477099928,0.996756426392234,1,0.972452256844036,0.023,0,1,0.971760291046602,0,0,0,0.161559369344127,0.953051937459569,0.00114626973383277,0.000936293338032027,0
130,1.19128640741972,0.033753285944365,0.144581637386183,1,0.962785498952188,0.0189810222638932,0.327331221558829,0.996735766469684,1,0.970866666666666,0.0247333333333333,0,1,0.969466666666667,0,0,0,0.164586133823301,0.950138778782971,0.00145395762681491,0.00206914464953577,0
131,1.19055354348153,0.0326429853064035,0.14477416946517,1,0.960503231468552,0.0195720939841851,0.325707639396676,0.996427571606729,1,0.967183092894957,0.02682492434677,0,1,0.966265189562657,0,0,0,0.165995460905862,0.947350486216679,0.000947484442006088,0.00163855393644428,0
132,1.18973078824613,0.0339074368965582,0.149131495664061,1,0.961202035220448,0.0188002268647879,0.325806688959361,0.996613349682225,1,0.968360187881862,0.0256,0,1,0.967214582649875,0,0,0,0.169453064526361,0.948841485004619,0.00106140556105263,0.00185934431021995,0
133,1.18878145594911,0.0350927339864434,0.147611828308104,0.999999999999999,0.960337326939842,0.0207532355578508,0.329098683578293,0.99661806287337,0.999999999999999,0.969794364817463,0.0252666666666667,0,0.999999999999999,0.968679251967294,0,0,0,0.167602142969289,0.949019735842999,0.000955538650425782,0.00192558264627984,0
134,1.18762828563539,0.0336597425571354,0.146352944086363,1,0.960419394861743,0.021351528376155,0.322806769448659,0.996616039500684,1,0.967835339803715,0.0274,0,1,0.966716003355046,0,0,0,0.169351418056739,0.947143792650102,0.0007162340750594,0.00191557468488412,0
135,1.18620391480305,0.032166807402895,0.146061203710443,0.999999999999999,0.96141700945362,0.020895981831211,0.324177913319026,0.996590077714112,0.999999999999999,0.969533333333333,0.0256666666666667,0,0.999999999999999,0.967807028157133,0,0,0,0.167970527470801,0.949008016156823,0.00112346744518875,0.00190895094580195,0
136,1.18527217119961,0.032745663405618,0.147658033684031,1,0.960077939694036,0.0218385628640273,0.325075273051914,0.996888941013053,1,0.969347300543973,0.0257043583340792,0,1,0.96774999063621,0,0,0,0.169327597487126,0.946963188316478,0.00136352107951551,0.00151640255051683,0
137,1.18509096504653,0.0343770791177856,0.148678571186657,1,0.960159685142605,0.0240322271248781,0.324307823894341,0.996908328899705,1,0.970505940928466,0.0258,0,1,0.968837171154302,0,0,0,0.169239120600772,0.945788269601688,0.000914921614193195,0.00210937444265595,0
138,1.18367542979135,0.0347522062979391,0.148300426119437,1,0.959448629942158,0.0236662914858523,0.323435238166797,0.996627165915118,1,0.970971789964042,0.0254,0,1,0.968839152036279,0,0,0,0.169554802562005,0.946320825058666,0.00143362442462636,0.00194840147216384,0
139,1.18306610084836,0.0308737257714594,0.149057164855767,1,0.959963522666654,0.0225588716431413,0.323213988629396,0.996759903111306,1,0.972917331109643,0.0229333333333333,0,1,0.971544222525929,0,0,0,0.168024587509053,0.949299742189389,0.00153413035360086,0.00171716863243467,0
140,1.18284955446551,0.0312179663460115,0.148225336416314,0.999999999999999,0.959011909871131,0.0221980241902021,0.324761727261244,0.996756385401095,0.999999999999999,0.972186619671074,0.0225192725735107,0,0.999999999999999,0.97088514364093,0,0,0,0.167309554075557,0.950133333333333,0.00142951839948776,0.00158960776484113,0
141,1.18266019283103,0.0324179777208407,0.150030706563064,0.999999999999999,0.9597170281909,0.0227047512824031,0.329925838995512,0.996778180375145,0.999999999999999,0.971053513881225,0.0241333333333333,0,0.999999999999999,0.970153057129845,0,0,0,0.169614833506356,0.949956103360213,0.00145135116084708,0.00150710585792065,0
142,1.18259425397024,0.0338282859753907,0.149920049326344,1,0.957533025688081,0.0223632861171897,0.33250857701291,0.996864951712412,1,0.96905501874654,0.0258666666666667,0,1,0.9682,0,0,0,0.170588902997946,0.948466666666666,0.001208068548112,0.00198101913987767,0
143,1.18168016704181,0.0333536780552951,0.148145161128232,1,0.959612549438941,0.0214248515368563,0.333358119944307,0.996757992950909,1,0.970397725856247,0.0253333333333333,0,1,0.9698,0,0,0,0.168067016069873,0.950641332135935,0.000846477937039417,0.0015869226502915,0
144,1.18080519820937,0.033503308522307,0.144131608764306,1,0.958873584463679,0.0215901470374647,0.33627994798034,0.9963375969115,1,0.969933333333333,0.0264666666666667,0,1,0.969333333333333,0,0,0,0.165433165580045,0.949304435823573,0.00132052828040042,0.00169963270167658,0
145,1.18035754973806,0.0335767793010659,0.146453589337786,0.999999999999999,0.954864702752417,0.022755539641322,0.331160467293344,0.9967948827623,0.999999999999999,0.966508516869535,0.0293333333333333,0,0.999999999999999,0.966517528674169,0,0,0,0.170590798627942,0.944427038240356,0.00105717017563649,0.0020523918764429,0
146,1.17918283228985,0.0312152018260668,0.141025407234632,1,0.954390379924764,0.0201606452931871,0.330458186427297,0.996936680840357,1,0.963929097051795,0.0306,0,1,0.964635511408036,0,0,0,0.166727995671073,0.9424,0.00115466190078174,0.00187208719715747,0
147,1.17833685669692,0.030589649536493,0.139447453621222,0.999999999999999,0.951274211619771,0.0196603213103066,0.33156428384204,0.996730716319742,0.999999999999999,0.961567523448701,0.032,0,0.999999999999999,0.962444601181991,0,0,0,0.165952189747795,0.939160700610299,0.00086603711492263,0.00246331864445361,0
148,1.17645472100015,0.0318,0.138672945317853,0.999999999999999,0.948935463850761,0.0202,0.334250701069892,0.996675733957771,0.999999999999999,0.960948009364696,0.0328774530698548,0,0.999999999999999,0.96161782011015,0,0,0,0.167101714137427,0.937685878166711,0.00120555686302947,0.00174523922233371,0
149,1.1758198091407,0.0324957376407767,0.141594366385818,0.999999999999999,0.948716148366906,0.0207953640774851,0.333599220732105,0.996614529051779,0.999999999999999,0.960533333333333,0.0326,0,0.999999999999999,0.961629137000259,0,0,0,0.169955735326325,0.937804312666893,0.00146468497692488,0.00216031938510943,0
150,1.17499832758709,0.0327251557779178,0.137816493975939,0.999999999999999,0.949449487669475,0.0200560033361163,0.333425583163253,0.996798546883578,0.999999999999999,0.961425459828681,0.0305333333333333,0,0.999999999999999,0.962493855154919,0,0,0,0.165204688053733,0.938372302849584,0.00112375103540475,0.00215609967632042,0
151,1.17378531966053,0.0316035355267324,0.135580693111472,0.999999999999999,0.952695246018413,0.0194329170815112,0.334438115203668,0.996350516330462,0.999999999999999,0.961738285283226,0.029764885777001,0,0.999999999999999,0.963259139594766,0,0,0,0.161746364523273,0.942182689072163,0.00112235544113973,0.00174105423441536,0
152,1.17305910009969,0.0313347817353819,0.133812843727301,1,0.953195265642353,0.0192873476703187,0.335571735678647,0.996668097857123,1,0.964569679460824,0.0284666666666667,0,1,0.965333333333334,0,0,0,0.158406164678237,0.943767214607614,0.00142329136068164,0.00243352590776066,0
153,1.171795831331,0.0342575625895626,0.1342388274564,0.999999999999999,0.953854681585431,0.0206967698908282,0.336154072440683,0.996543464033574,0.999999999999999,0.96520024589042,0.0288666666666666,0,0.999999999999999,0.966301257694165,0,0,0,0.158938470003779,0.9446,0.000891347829820806,0.00162854468036023,0
154,1.17093198713466,0.0345867240323117,0.131497944537281,1,0.958844619822472,0.0204659421841839,0.344831677255894,0.996857669960857,1,0.9664,0.0276666666666667,0,1,0.9678,0,0,0,0.154583617835949,0.949127749591581,0.00113406750941142,0.00186117235525964,0
155,1.17000365160457,0.0335557641992583,0.133433341686329,0.999999999999999,0.958764477655116,0.0199807305379415,0.3489301507483,0.996543447687067,0.999999999999999,0.966498835575379,0.0260666666666667,0,0.999999999999999,0.968150606479163,0,0,0,0.155894172413178,0.94903696998205,0.00105882099681971,0.0019640721909343,0
156,1.16894450440183,0.0305737389763668,0.13120764415248,0.999999999999998,0.957971912415054,0.0190677048918337,0.350330380930983,0.996680554635493,0.999999999999998,0.966430656299267,0.0262,0,0.999999999999998,0.967787207673421,0,0,0,0.154661924881604,0.948066666666666,0.00143213726788444,0.00154964256023134,0
157,1.16880714723611,0.0288101643132218,0.125468864722571,0.999999999999999,0.9588193410893,0.0165022516015279,0.350114638332123,0.996496589873487,0.999999999999999,0.96697989147829,0.0258666666666667,0,0.999999999999999,0.968123107687664,0,0,0,0.149447600955511,0.949133333333333,0.00123416118110954,0.00197858832296722,0
158,1.16793705547211,0.0279423289279716,0.126002908135711,1,0.959240896906655,0.0159625240337168,0.350420856104565,0.99686127712955,1,0.963739207972245,0.0277333333333333,0,1,0.96483888786077,0,0,0,0.150879508259384,0.947747393837751,0.00144775992863142,0.00198138021828161,0
159,1.16731382056227,0.0275330818349018,0.127631762266275,1,0.959666174737513,0.016521135757848,0.358726280726696,0.996865569285335,1,0.963704915899087,0.0278666666666667,0,1,0.965045834478182,0,0,0,0.152752126065606,0.947996228062414,0.00102461592655844,0.00233089749976883,0
160,1.16578898002832,0.0294477308435915,0.126238133659107,1,0.960621305580399,0.0170423219367591,0.356251918506578,0.996891346637925,1,0.964745408049835,0.0271238860423176,0,1,0.966154935197777,0,0,0,0.150720465868577,0.94966812645169,0.0010450397997208,0.00189295965566754,0
161,1.16480048440431,0.0283592181719559,0.127118206512906,1,0.962466666666666,0.0160342285152664,0.35799553116215,0.996898277514885,1,0.967153396770458,0.0255333333333333,0,1,0.9688,0,0,0,0.150167348247504,0.951847071256172,0.00114347992405569,0.00199982072488345,0
162,1.16380301822469,0.0265973586089265,0.123205168552325,1,0.964187755591817,0.0136350600508446,0.358944368795597,0.996743998356415,1,0.968235478000105,0.025,0,1,0.969933333333334,0,0,0,0.146423019941442,0.954815195381455,0.00105126913294185,0.00181010721901603,0
163,1.16291988016977,0.0264,0.119583521687903,1,0.963573231312209,0.0139333333333333,0.360986460596089,0.996708592443274,1,0.965218743667046,0.0278666666666667,0,1,0.967167582340955,0,0,0,0.144425523394457,0.952616514643653,0.00121119222165845,0.00203701011099399,0
164,1.16195952012886,0.0242858726869169,0.115907756899887,1,0.965494124981527,0.0130866604112281,0.366537320614153,0.996777560907622,1,0.965876798320134,0.0272,0,1,0.968139637378191,0,0,0,0.140674579370407,0.953666666666667,0.000908955322152026,0.0021958656488735,0
165,1.16046418242318,0.0256486111519397,0.114308352069547,1,0.965886899229596,0.0141322519758952,0.369683895158305,0.996911372820309,1,0.967009545190166,0.0276666666666667,0,1,0.968749603255746,0,0,0,0.138381293334186,0.95329155816128,0.00114558264484479,0.00218524916025206,0
166,1.15920011246042,0.0255241761229058,0.114776493431013,1,0.964933333333334,0.0149333333333333,0.373062202860145,0.996891776335098,1,0.966246018134909,0.0280666666666667,0,1,0.968733333333334,0,0,0,0.138345770951023,0.951551670003107,0.00113239040207145,0.00146754935891482,0
167,1.15881159615995,0.0284877112435791,0.118557861157186,0.999999999999999,0.967591679135263,0.0157240423667084,0.382021936755148,0.996550696003361,0.999999999999999,0.967728155055966,0.027,0,0.999999999999999,0.969660566899733,0,0,0,0.141419407518815,0.953096639738101,0.00127179210249024,0.00144070289853646,0
168,1.15861586037078,0.0274666666666667,0.117847286544126,0.999999999999999,0.966766121156553,0.0150666666666667,0.381012487772412,0.996676970784561,0.999999999999999,0.966574501676276,0.028,0,0.999999999999999,0.969298215320426,0,0,0,0.142103291351124,0.951724059850798,0.00135238871555492,0.00159547950828007,0
169,1.15833421152281,0.0251924663332785,0.115323073089532,1,0.966649012287623,0.0138,0.383553692936563,0.996607406045269,1,0.967582281662169,0.0266666666666667,0,1,0.970957942816213,0,0,0,0.14003563305281,0.952333333333333,0.00151365970185831,0.00200471918084228,0
170,1.15772099721495,0.024454832674466,0.115888673467944,1,0.967205686502102,0.012403925025845,0.379183087283028,0.996772182658419,1,0.967502127234021,0.0264666666666667,0,1,0.971073940880712,0,0,0,0.140207489272389,0.952533333333333,0.000982919059765023,0.00168845972470804,0
171,1.15690417797276,0.0219742881926807,0.111157217860597,1,0.970433514763139,0.0100666666666667,0.383549959544763,0.996795110029473,1,0.967692876036265,0.0264666666666667,0,1,0.970950452969499,0,0,0,0.13546974977405,0.955123231906912,0.00116531225449992,0.00223688458869242,0
172,1.15559613786632,0.0255932869274314,0.112216374432863,0.999999999999999,0.970851244787412,0.0109333333333333,0.384360919484718,0.996766909663974,0.999999999999999,0.970532689647899,0.0242,0,0.999999999999999,0.972661724452291,0,0,0,0.133805522931929,0.956343867511393,0.00113376258857263,0.00195750670662362,0
173,1.15464422234491,0.0229907182440217,0.107275369744,1,0.969563296272005,0.0104443095299981,0.381602728286696,0.996539630487713,1,0.969234245504767,0.0258,0,1,0.970956416284315,0,0,0,0.130430032925479,0.954771685486733,0.00107277258617871,0.00236305397790738,0
174,1.15315440639075,0.0244542202165913,0.109380206260994,0.999999999999999,0.9707912996174,0.0113333333333333,0.37834636680412,0.996514102267832,0.999999999999999,0.969061510161388,0.0253333333333333,0,0.999999999999999,0.971281323759786,0,0,0,0.132553203297306,0.955594775387324,0.00109552343118475,0.00173430224466777,0
175,1.15241779578727,0.0250565245297098,0.111650124573117,0.999999999999999,0.97069262621104,0.0112356050196678,0.39036515637909,0.996739460070813,0.999999999999999,0.969276595890617,0.0246666666666666,0,0.999999999999999,0.971721753148508,0,0,0,0.133929563170017,0.956710074378515,0.00155251919768783,0.00230515779128006,0
176,1.15155044167822,0.0262048559038308,0.114871450265006,0.999999999999999,0.970231797364417,0.0131774712638492,0.38700268108414,0.996515411797706,0.999999999999999,0.966866365083081,0.0265333333333333,0,0.999999999999999,0.969241181338551,0,0,0,0.138199494508314,0.955469955068826,0.00103328218465223,0.00165380820655862,0
177,1.15083587466362,0.0265798788717843,0.120517182000779,0.999999999999999,0.971325202568154,0.0112175995585548,0.388436336172908,0.996808582940385,0.999999999999999,0.965614045579717,0.0278666666666667,0,0.999999999999999,0.968133333333332,0,0,0,0.145670537859909,0.955533333333332,0.000658866028991398,0.00202697893971247,0
178,1.14926140124537,0.0246770592406295,0.119929991057271,0.999999999999999,0.972086911468776,0.00974593495218747,0.389365549827274,0.996826837984427,0.999999999999999,0.966305386602273,0.0276666666666667,0,0.999999999999999,0.968417985416869,0,0,0,0.145444421744797,0.955914654988084,0.00111355086267974,0.00151520866663574,0
179,1.14879979143477,0.0246055438862095,0.123447335986835,0.999999999999999,0.969302948302713,0.0096,0.38312869800486,0.996836876299465,0.999999999999999,0.965153698152391,0.0276666666666667,0,0.999999999999999,0.968199999999999,0,0,0,0.148102893661214,0.955172373433715,0.00093030284673239,0.0016794678615866,0
180,1.14793915082195,0.0234241099539128,0.119829792656042,0.999999999999999,0.971487776729736,0.00873333333333333,0.388117471208016,0.996603236573746,0.999999999999999,0.967878934881224,0.0258666666666667,0,0.999999999999999,0.970016240820212,0,0,0,0.144108336017883,0.957336589717404,0.00110879775534873,0.00206874697295725,0
181,1.14683718753226,0.0250174689861807,0.120982467033173,1,0.970455055233236,0.00816709129733577,0.398752916722462,0.996514700352877,1,0.966824871014862,0.0272,0,1,0.969056646972288,0,0,0,0.146853100583431,0.956077307665341,0.00159163286514375,0.00201180124682638,0
182,1.14635532280712,0.0255296206328782,0.121581873542238,1,0.970500709674794,0.00781973392981475,0.403715015415339,0.996734763705644,1,0.96669976683662,0.0282,0,1,0.968733333333333,0,0,0,0.147904684152611,0.955558992364498,0.00137037247993198,0.00172052862175166,0
183,1.14595391945013,0.0255333333333333,0.1186731744841,1,0.971248662228712,0.0072,0.406786304207572,0.996580104698111,1,0.969028444344342,0.0264,0,1,0.970161761416489,0,0,0,0.143048118345501,0.957039586487451,0.00127749268306896,0.00199951053093469,0
184,1.14512652026746,0.0239910535007708,0.116311569318081,1,0.969360409111752,0.0066,0.407835366978533,0.996761287168565,1,0.969398588565767,0.0259333333333333,0,1,0.970269515417616,0,0,0,0.139772838590183,0.956733333333333,0.00114713737504429,0.00181206872368359,0
185,1.14436508974597,0.0223283948156579,0.114991889360068,0.999999999999999,0.968820492090576,0.00582524072450565,0.405089241950234,0.996568349007533,0.999999999999999,0.969118876204818,0.0265333333333333,0,0.999999999999999,0.970365351299159,0,0,0,0.138943513900132,0.956422893702479,0.00134702066752165,0.00112048125417503,0
186,1.14454345565214,0.0216500679937364,0.113629891607917,0.999999999999999,0.97011066982058,0.00586666666666667,0.407851237798337,0.996578917832266,0.999999999999999,0.970988428293557,0.0248666666666667,0,0.999999999999999,0.972177965731328,0,0,0,0.13655542211274,0.958517468201567,0.00140531256426038,0.00243085099677248,0
187,1.14336968235069,0.0209436376635305,0.111535851249968,0.999999999999999,0.968133333333333,0.006,0.402455729566474,0.996716818728584,0.999999999999999,0.970773192194591,0.0256,0,0.999999999999999,0.971474022570639,0,0,0,0.135625701514342,0.956825990034567,0.00107052603223062,0.0018768488147575,0
188,1.1423718624449,0.0217781661163332,0.113602449947775,0.999999999999999,0.966965014796049,0.00663693939613316,0.411109201433484,0.996674437234256,0.999999999999999,0.969649196331477,0.0267333333333333,0,0.999999999999999,0.970333333333333,0,0,0,0.137324732861768,0.955756581677297,0.000928269361437782,0.00203926918223204,0
189,1.14110268751045,0.0198285587259752,0.111576551576464,0.999999999999999,0.965457255188605,0.00566666666666667,0.412565837593314,0.996491295169118,0.999999999999999,0.969180210856201,0.0276,0,0.999999999999999,0.969380597506565,0,0,0,0.137456049151419,0.952831546235808,0.000855610159274516,0.00195684945979106,0
190,1.13977403296696,0.0169110785246132,0.108545237059349,0.999999999999999,0.9648,0.00597968629568173,0.410721667583309,0.996748889908586,0.999999999999999,0.969084250687379,0.0281333333333333,0,0.999999999999999,0.969095933582972,0,0,0,0.134758801928159,0.952202480878117,0.00167624187675404,0.00283156530434018,0
191,1.13845722532452,0.0150865836648294,0.105071103729541,0.999999999999999,0.96358685078836,0.0057118955533477,0.407442267247611,0.99660207003426,0.999999999999999,0.969195754328135,0.028,0,0.999999999999999,0.969109313925718,0,0,0,0.13199086390056,0.95108782151458,0.00102733173656097,0.00192152001445702,0
192,1.13743923021875,0.0144666666666667,0.103318944326503,0.999999999999999,0.965466666666666,0.00526666666666667,0.406601505556386,0.996704225856155,0.999999999999999,0.969353651966532,0.0281562004761585,0,0.999999999999999,0.968943318474797,0,0,0,0.131527348604404,0.953533333333333,0.000829942109957999,0.00261755095062521,0
193,1.13540593379508,0.0123333333333333,0.102671995195555,0.999999999999999,0.964460632540175,0.00515377799350781,0.407665099213472,0.996788470524401,0.999999999999999,0.970799999999999,0.0273333333333333,0,0.999999999999999,0.970153168587668,0,0,0,0.13104379103385,0.953243695013008,0.000816073391001573,0.0018297244820345,0
194,1.13425502833153,0.0121333333333333,0.0995413947231052,1,0.963797790272121,0.0052,0.410621810751617,0.996582398746461,1,0.971833458816041,0.0261333333333333,0,1,0.970666666666667,0,0,0,0.127329336571071,0.953066666666667,0.0011689711438703,0.00161881383459935,0
195,1.13374479199761,0.0110666666666667,0.101428170310187,1,0.963681425258452,0.00533333333333333,0.414365870895993,0.996663052822985,1,0.971652240406405,0.0260666666666667,0,1,0.970354524431414,0,0,0,0.128649473456676,0.952670620290725,0.00124894390777985,0.00173353421716066,0
196,1.1331953902581,0.0119562853127345,0.0998750716203778,1,0.964608083886999,0.0062,0.409221550463546,0.996548029837992,1,0.973584532155085,0.0246387180942883,0,1,0.972,0,0,0,0.125585166920803,0.953496845903883,0.0017932816255675,0.00142277605189598,0
197,1.13361524546625,0.0101668977394603,0.0973051243248497,0.999999999999999,0.966999999999999,0.00458605362863313,0.412281708886649,0.996558561661692,0.999999999999999,0.974866666666666,0.0234,0,0.999999999999999,0.973842660240908,0,0,0,0.12202130020482,0.955527290083062,0.000933428917677666,0.00207410025517195,0
198,1.1323022010123,0.00924807495095689,0.0958251954885966,0.999999999999999,0.967188617099951,0.00426773402067329,0.416871156996006,0.996630078020019,0.999999999999999,0.975266666666666,0.0225333333333333,0,0.999999999999999,0.974266666666666,0,0,0,0.119416496880947,0.956104340150056,0.000823363740385956,0.00192529610362956,0
199,1.13105448057203,0.00884719765272063,0.0959420157759882,0.999999999999999,0.968784841830653,0.00346666666666667,0.4236922186516,0.996436061333971,0.999999999999999,0.975605255472081,0.0224,0,0.999999999999999,0.974799999999999,0,0,0,0.118314860818177,0.957556592438765,0.00135208175495292,0.00196304068207737,0
200,1.13036345274006,0.00853333333333333,0.0961038589478118,1,0.967957076364466,0.00373333333333333,0.422346173089731,0.996871355289335,1,0.975983320458943,0.0224666666666667,0,1,0.974733333333334,0,0,0,0.118278516131662,0.957626851374819,0.00135559336248081,0.00184090510842568,0
201,1.12981487407926,0.00866666666666667,0.0949427515393199,0.999999999999999,0.967999999999999,0.0038,0.422287761020618,0.996777787472533,0.999999999999999,0.975439217404083,0.0231333333333333,0,0.999999999999999,0.974017483503604,0,0,0,0.118212948406651,0.958234167649172,0.000983175480621637,0.00165206196785693,0
202,1.12905915617691,0.0089195825019895,0.0946990134000918,0.999999999999999,0.969591420269317,0.00466666666666667,0.427093483260992,0.996715128497682,0.999999999999999,0.976074487826666,0.0227333333333333,0,0.999999999999999,0.974599999999999,0,0,0,0.116733333333333,0.960993872590993,0.0013210997111294,0.0020203579755872,0
203,1.12825078825541,0.00931718352625041,0.0928185810101875,1,0.970568377181064,0.00533333333333333,0.4267359280634,0.996489448674531,1,0.9781975365261,0.0204666666666667,0,1,0.975951666316995,0,0,0,0.113047327288151,0.963156717946243,0.0011284980753238,0.0011043721605604,0
204,1.12827800833776,0.00995756590882726,0.0907631471761081,0.999999999999999,0.973097382467924,0.00586666666666667,0.42391028978768,0.996794211241507,0.999999999999999,0.980084020770594,0.0186,0,0.999999999999999,0.977587551732442,0,0,0,0.109440485940945,0.965437383654928,0.00135036075629081,0.00236857075467918,0
205,1.12712918438871,0.00906666666666666,0.0916972463429174,1,0.973923147843737,0.00533333333333333,0.430144089243538,0.996664668391978,1,0.980316751031376,0.018,0,1,0.978533333333333,0,0,0,0.109838628185835,0.9656,0.000946737121611907,0.00113397638981016,0
206,1.12691814154506,0.00972869770611015,0.09415956622744,1,0.973666666666667,0.0046,0.430850297848442,0.996592349564246,1,0.97961095026881,0.0184,0,1,0.977485047998932,0,0,0,0.112813947375367,0.964933333333334,0.0012322504908384,0.00173457060743837,0
207,1.1263520678928,0.0094,0.0949800900755086,1,0.974440156761025,0.00506666666666667,0.433047372454763,0.996943530591546,1,0.981001826472529,0.0174666666666667,0,1,0.979387531334014,0,0,0,0.112833399351259,0.966666666666666,0.00194768393689914,0.00178938186234475,0
208,1.12653037176182,0.0092,0.0930611120700207,1,0.972938857205035,0.00546643385585008,0.427180667100747,0.996561071241211,1,0.98094587930845,0.0178,0,1,0.979364915793433,0,0,0,0.111877926682609,0.966077083899293,0.00152371865710971,0.00187962717066956,0
209,1.12612943001173,0.00826666666666667,0.093014713313056,1,0.971466666666667,0.00487080837434744,0.426604121675823,0.996641195612571,1,0.980666666666667,0.018,0,1,0.979225405534989,0,0,0,0.113193347918571,0.964466666666667,0.000952072319582558,0.00223450041595612,0
210,1.12468524999053,0.0084,0.0931622078666648,1,0.970933333333333,0.00513809651048611,0.423811141251738,0.996695185243662,1,0.979158214719957,0.0189333333333333,0,1,0.9774,0,0,0,0.1145287497499,0.963317000500061,0.00127533383300872,0.00223951096459049,0
211,1.12360085419226,0.00826666666666667,0.0947738273817505,0.999999999999999,0.96928158540064,0.00526666666666667,0.419392900264833,0.996755745395448,0.999999999999999,0.978248742240013,0.0192,0,0.999999999999999,0.976190447550905,0,0,0,0.117102395043694,0.962533982650831,0.00156673358900357,0.00139252871127875,0
212,1.12379659094168,0.00773333333333333,0.0901334095668952,1,0.969733333333333,0.00477303597937581,0.425452157939508,0.996863601545715,1,0.978533333333333,0.0185333333333333,0,1,0.9768,0,0,0,0.111997510469135,0.96287424041427,0.00116361591739718,0.00193457252215534,0
213,1.12293019253748,0.00806666666666667,0.0900323516000348,1,0.970633270323728,0.00489419816142863,0.426640321901347,0.996699855756161,1,0.978866666666666,0.0178666666666667,0,1,0.978066666666666,0,0,0,0.110900263317767,0.963762857211335,0.00109729162800208,0.00149796845267726,0
214,1.12248026043361,0.00833333333333333,0.0917087446275548,1,0.969487199965113,0.00586666666666667,0.428144217371698,0.996868291821134,1,0.978821988754222,0.0191333333333333,0,1,0.977066666666667,0,0,0,0.112936848620169,0.963036376052602,0.00083327854858537,0.00170259284495041,0
215,1.12150447229582,0.0084,0.0907387935650317,1,0.971214446123215,0.0061824228445521,0.438672058457317,0.996694763606415,1,0.980175661419437,0.0179333333333333,0,1,0.977933333333333,0,0,0,0.110456047794058,0.965150715327543,0.00147817326401027,0.0017438703742478,0
216,1.12120649179842,0.00846666666666667,0.0900241665886749,1,0.973330313450273,0.00586932317277181,0.440590212589501,0.996784410913734,1,0.980450168411302,0.0176,0,1,0.97884238321659,0,0,0,0.109421626718323,0.967658255997703,0.00143686292821006,0.00190936396321628,0
217,1.12067672057058,0.00953333333333333,0.0894441151756952,1,0.973379356009924,0.00706666666666667,0.439750716882348,0.996742734276987,1,0.979543119610805,0.0186666666666667,0,1,0.977933333333333,0,0,0,0.109672230463375,0.967310543929584,0.00119029488560323,0.00187469867641031,0
218,1.11983501339339,0.0114746016243618,0.0940907301889463,1,0.973466666666667,0.00795629861770373,0.43405974812856,0.996707400601741,1,0.9784,0.0201333333333333,0,1,0.97670251502491,0,0,0,0.115691717448799,0.966499464392482,0.000846121796520266,0.00174968771252606,0
219,1.11882316864373,0.0122368391421647,0.0966569077635919,1,0.974533333333333,0.00909428366834284,0.432345593656606,0.996322484497853,1,0.977533333333333,0.0210666666666667,0,1,0.975666666666666,0,0,0,0.118362722395017,0.967266666666666,0.000891633941504881,0.00235021623513515,0
220,1.11719127298025,0.0114,0.0953545166630737,1,0.9726,0.00905598062642854,0.425034581536078,0.996343628211871,1,0.976,0.0229333333333333,0,1,0.973957934135156,0,0,0,0.118579674808003,0.964481293485365,0.00152982005657376,0.0016667147153569,0
221,1.11703833546214,0.0106,0.0960169070367649,0.999999999999999,0.972574390946966,0.00826666666666667,0.426768485805242,0.996675785526831,0.999999999999999,0.975066666666666,0.0239333333333333,0,0.999999999999999,0.973133333333333,0,0,0,0.120140118286602,0.963412746928409,0.00142110808099449,0.00216122888248114,0
222,1.116211592154,0.0097430581928046,0.0971845519675708,1,0.975833440514309,0.00793333333333334,0.423022784182023,0.996590518963292,1,0.976033361114864,0.0232,0,1,0.973534594580901,0,0,0,0.120335541909115,0.96584787141528,0.00120023676298501,0.00215449360709473,0
223,1.11514643960271,0.00946666666666667,0.0951299672011271,0.999999999999999,0.976762032431752,0.00788285030062679,0.425085417587337,0.996908299776001,0.999999999999999,0.976806306641999,0.0223333333333333,0,0.999999999999999,0.97472770822926,0,0,0,0.117868075165539,0.966563894998504,0.000911182706373014,0.00154263222089514,0
224,1.1144422809248,0.00825253097569832,0.0942790779297046,1,0.975898678731081,0.00713333333333333,0.42628998909555,0.996692438959041,1,0.976390788125822,0.0228,0,1,0.9746,0,0,0,0.11783083319762,0.967108130796701,0.00122506051945844,0.00198527294679674,0
225,1.11357172949197,0.00753333333333333,0.0947822248447884,1,0.976652671951653,0.0064,0.429604631582308,0.996613152983865,1,0.976985441769928,0.0223333333333333,0,1,0.975469685516368,0,0,0,0.117907882337129,0.967938513494779,0.00124770530182135,0.00202180796537328,0
226,1.11270971065011,0.00753333333333333,0.0947298874867266,1,0.977383547605417,0.00647982627531671,0.436912958370279,0.996560707269825,1,0.977866666666667,0.0216,0,1,0.97595581518107,0,0,0,0.117432972378247,0.9686,0.00130771444549695,0.0015237035825949,0
227,1.11246937743987,0.0072,0.0910320682154839,1,0.978266666666667,0.006,0.44359434367276,0.996717626245746,1,0.979133333333333,0.0206,0,1,0.978014407892024,0,0,0,0.112840435321028,0.96955554166009,0.00114649340464454,0.00199040512687095,0
228,1.11153055149163,0.00593333333333333,0.0908572525522541,1,0.978196343771584,0.00497677988049234,0.440802486507189,0.996795946158892,1,0.9794,0.0204666666666667,0,1,0.9778,0,0,0,0.112246508016996,0.969816387689,0.000972242737181442,0.00249004083987268,0
229,1.10984347252949,0.0066,0.0884533972206918,1,0.978666666666666,0.0058,0.439117616481247,0.996708993118521,1,0.980317426850746,0.0195333333333333,0,1,0.977849307279202,0,0,0,0.108605361689349,0.97004694194097,0.00114726686872559,0.00183839262736852,0
230,1.10907643111757,0.00629895768551266,0.0842877185999836,1,0.977842829895907,0.00569200353327612,0.441821260855861,0.996747672098675,1,0.979583628430653,0.0202666666666667,0,1,0.976902065260776,0,0,0,0.105495420989474,0.969100559418684,0.00117588282319365,0.00100392456601133,0
231,1.10926714596774,0.00606666666666667,0.0826623107546168,0.999999999999998,0.977507226677862,0.00542457343496689,0.442207948750869,0.996794389550116,0.999999999999998,0.980333333333332,0.0195333333333333,0,0.999999999999998,0.977936602244325,0,0,0,0.103328205983622,0.969986008452004,0.000930715272617357,0.00176692212431758,0
232,1.10833956917992,0.007,0.081970353136989,0.999999999999999,0.978199999999999,0.00561263183928105,0.442470439460874,0.99675757095341,0.999999999999999,0.981999999999999,0.0179333333333333,0,0.999999999999999,0.980056324408372,0,0,0,0.101150766281519,0.971882672202525,0.00129840614627461,0.0020673882760965,0
233,1.10748727585744,0.00813333333333333,0.079586337061501,1,0.977477972292777,0.00637169314875724,0.443441757246884,0.996881463065157,1,0.981266666666667,0.0187333333333333,0,1,0.979666666666667,0,0,0,0.0992706003270895,0.972030430001967,0.00111948631643834,0.00173276235659503,0
234,1.10680808044638,0.00846666666666667,0.0792176509410566,1,0.977874934818283,0.00672537893627577,0.452885358897891,0.996589505955175,1,0.9816,0.0184,0,1,0.980066666666666,0,0,0,0.0982847516325032,0.972866666666667,0.000880723558616513,0.00228632122607735,0
235,1.10525235359018,0.00690887091335025,0.076273699525586,0.999999999999999,0.977666666666666,0.00538475098149495,0.454009343820759,0.996599218031984,0.999999999999999,0.980599999999999,0.0194,0,0.999999999999999,0.979399999999999,0,0,0,0.0966043243510076,0.972276749237573,0.00106901123571309,0.00158300506897125,0
236,1.10468426069624,0.0077169838463942,0.0764810381246671,0.999999999999999,0.977666666666666,0.00601840250012305,0.454210876720802,0.99654636926529,0.999999999999999,0.9798,0.0202,0,0.999999999999999,0.978688894712305,0,0,0,0.0972005797320672,0.972133333333333,0.00155861328676433,0.00189777963243783,0
237,1.10430958897241,0.00773333333333333,0.076130606918453,0.999999999999999,0.976625797950739,0.00606666666666667,0.447392368471156,0.996748331129744,0.999999999999999,0.9792,0.0208,0,0.999999999999999,0.977933333333333,0,0,0,0.0973130235710444,0.971039447438964,0.000952024492119197,0.00159136751623869,0
238,1.10360355634024,0.00646666666666667,0.0724268948909122,1,0.979419340431404,0.00521205674643452,0.448931975924209,0.996690362404374,1,0.981933333333333,0.0180666666666667,0,1,0.9812,0,0,0,0.0909964163585978,0.97419873828387,0.00108996992707823,0.00159520059760533,0
239,1.10304598197547,0.0061767121024423,0.0701869670840965,1,0.980223661977228,0.00525225699052114,0.45428300136544,0.996626459410047,1,0.982133333333333,0.0178666666666667,0,1,0.981466666666666,0,0,0,0.0885322333966637,0.975001180970427,0.000997523695219932,0.00210778357539582,0
240,1.10182131427569,0.0048,0.0677111970544144,0.999999999999999,0.981660242789542,0.00428050345896854,0.462097132730821,0.996728817422684,0.999999999999999,0.983999999999999,0.016,0,0.999999999999999,0.983296771577334,0,0,0,0.0841222411358259,0.976999999999999,0.00183834665694562,0.00232501460912385,0
241,1.10123815738067,0.00373333333333333,0.0633837041838276,1,0.981756391502457,0.00326666666666667,0.469326563977796,0.996667858661935,1,0.984333333333334,0.0156,0,1,0.9838,0,0,0,0.0790122785373611,0.977440445274838,0.000632745984394786,0.00206671279484618,0
242,1.09965901841258,0.00306666666666667,0.0610904375665154,0.999999999999999,0.983005744206606,0.00286492887555182,0.474157859209401,0.99668355267334,0.999999999999999,0.985266666666666,0.0147333333333333,0,0.999999999999999,0.984342202387287,0,0,0,0.0757073821546818,0.9794,0.000952517640680185,0.00145304042416397,0
243,1.0991086140198,0.00266666666666667,0.0599632988885107,0.999999999999999,0.983065031439517,0.00273333333333333,0.481477573681314,0.996744250454384,0.999999999999999,0.985733333333333,0.0142666666666667,0,0.999999999999999,0.984199999999999,0,0,0,0.0745909692060343,0.979666666666666,0.00118176926778629,0.00202231224288965,0
244,1.09818476599541,0.00253333333333333,0.0588417428614631,1,0.984000000000001,0.0022,0.479205406273375,0.996813984444101,1,0.985133333333334,0.0148666666666667,0,1,0.984000000000001,0,0,0,0.074129422799708,0.980133333333334,0.00162145419499897,0.00238548756557904,0
245,1.09734571618713,0.00313333333333333,0.0599333333333333,1,0.9848,0.00286666666666667,0.478905604805146,0.996523036948528,1,0.985266666666667,0.0147333333333333,0,1,0.984333333333333,0,0,0,0.0751502626402748,0.981133333333333,0.00100499324348655,0.00214708597948391,0
246,1.09609244561579,0.0036,0.0615257035606288,0.999999999999999,0.982333333333333,0.00313333333333333,0.472045631277574,0.996590289753979,0.999999999999999,0.983266666666667,0.0167333333333333,0,0.999999999999999,0.982133333333333,0,0,0,0.0784401646174136,0.978866666666667,0.00144376623069092,0.00128643601433935,0
247,1.0962648940774,0.0028,0.0614086532299867,1,0.983133333333333,0.0028,0.475670700114653,0.996705694384377,1,0.984333333333333,0.0156666666666667,0,1,0.983466666666666,0,0,0,0.0775089841696626,0.980066666666666,0.00128676440410634,0.00249523133188844,0
248,1.09494009420882,0.00292096721066991,0.0619436662957601,1,0.984252432297281,0.00313333333333333,0.479480755446781,0.99690342553153,1,0.985533333333333,0.0144666666666667,0,1,0.984666666666667,0,0,0,0.0769333333333334,0.980874155649604,0.000740160400003882,0.00195154270962341,0
249,1.0936137031486,0.0028,0.0610346595462006,1,0.9864,0.00313333333333333,0.478620384850484,0.996813980517265,1,0.987,0.013,0,1,0.986466666666667,0,0,0,0.0745505625032185,0.982510712256767,0.00128687889142058,0.00266634478665819,0
250,1.09210510034255,0.00266666666666667,0.059056926136412,1,0.986333333333333,0.00293333333333333,0.479633502992659,0.99646508271261,1,0.986266666666666,0.0137333333333333,0,1,0.985866666666666,0,0,0,0.0735194757279892,0.98218258071822,0.00109163441294898,0.00123829591037017,0
251,1.09194493057319,0.00246666666666667,0.0602725201982314,1,0.988,0.00266666666666667,0.483619597455172,0.996504969110096,1,0.988333333333333,0.0116666666666667,0,1,0.9882,0,0,0,0.0727655371393398,0.984256676391487,0.00152936895848456,0.00153112130900987,0
252,1.09194301710292,0.00266666666666667,0.0600811640891666,1,0.985866666666667,0.00306666666666667,0.483595922416862,0.996623191862076,1,0.986466666666667,0.0135333333333333,0,1,0.986133333333333,0,0,0,0.0746933964279062,0.98175749295498,0.00135203785937593,0.00167631264835596,0
253,1.09158892751147,0.00213333333333333,0.0592505679324391,0.999999999999999,0.985933333333333,0.00222874001742812,0.491902020974196,0.996500679176407,0.999999999999999,0.986866666666666,0.0131333333333333,0,0.999999999999999,0.986599999999999,0,0,0,0.0741134863401573,0.981875796513148,0.000968588658146528,0.00264610857901547,0
254,1.08975776534016,0.00166666666666667,0.0573275864403208,1,0.985,0.00166666666666667,0.495135013100559,0.996732016257712,1,0.986733333333333,0.0132666666666667,0,1,0.986266666666666,0,0,0,0.0721599323211341,0.981320698466368,0.00102312223759012,0.00206931553781094,0
255,1.0886176680672,0.00166666666666667,0.0549359638486751,1,0.987,0.00146666666666667,0.496268387620934,0.996838766383219,1,0.986666666666666,0.0133333333333333,0,1,0.986533333333333,0,0,0,0.0696499572113757,0.982718334585922,0.0014252596189089,0.00190293084347901,0
256,1.08809766673261,0.0014,0.0540625660454721,1,0.987249345294136,0.00126666666666667,0.490741091045131,0.996553174194251,1,0.986466666666666,0.0135333333333333,0,1,0.9864,0,0,0,0.0694147071435657,0.98236717535141,0.00158367556988747,0.0021859454602523,0
257,1.08744233827016,0.00126666666666667,0.0540772688207584,1,0.988333333333333,0.00113333333333333,0.491077401746709,0.996765202595388,1,0.9868,0.0132,0,1,0.986666666666666,0,0,0,0.0686301566080312,0.982672538689046,0.00105038212399012,0.00249431582226232,0
258,1.085872143633,0.00173333333333333,0.0566309465591229,1,0.989380310183509,0.0016,0.491195271956473,0.996773376274194,1,0.987266666666666,0.0127333333333333,0,1,0.9872,0,0,0,0.0707632983978252,0.984245569762064,0.000845198113672699,0.00147522055550682,0
259,1.08518801981355,0.00126666666666667,0.0561871669231706,1,0.987659862374927,0.000933333333333333,0.495371518368849,0.996624032594286,1,0.984066666666667,0.0159333333333333,0,1,0.983933333333333,0,0,0,0.0728795055249712,0.981398754582443,0.00141672572883483,0.00175418334244915,0
260,1.08480109488495,0.0018,0.0569690351703195,1,0.986666666666667,0.0014,0.493949271516292,0.996435652170238,1,0.9836,0.0164,0,1,0.9834,0,0,0,0.0742807607318597,0.9804,0.00130287554409391,0.00197435199328071,0
261,1.08407267649768,0.00164967579428521,0.0585191944809374,1,0.986319725081942,0.00133333333333333,0.491422568719126,0.996470114179806,1,0.983733333333333,0.0162666666666667,0,1,0.983533333333333,0,0,0,0.0756928880932363,0.980711069798905,0.0012264306117885,0.00129563356865926,0
262,1.083997655463,0.00193333333333333,0.0585587650283785,0.999999999999999,0.985066666666666,0.0018,0.49604547258726,0.996890675351806,0.999999999999999,0.982333333333333,0.0176666666666667,0,0.999999999999999,0.982133333333333,0,0,0,0.0769130131242722,0.979199999999999,0.00109445025142834,0.00181262784468412,0
263,1.08321915263571,0.00173333333333333,0.0557370708204336,1,0.984075285513004,0.00146666666666667,0.492040817694539,0.996754973929637,1,0.9812,0.0188,0,1,0.980933333333333,0,0,0,0.0752441988503135,0.978133333333333,0.00117095668485972,0.0019735624653207,0
264,1.08227754007212,0.0012,0.0553473342818138,1,0.9836,0.00106666666666667,0.488555791565821,0.996757688340174,1,0.980933333333334,0.0190666666666667,0,1,0.9808,0,0,0,0.0749758977694475,0.978167476438773,0.00133450062743857,0.0015136271085726,0
265,1.08208367550476,0.00113333333333333,0.0531415578106212,1,0.982066666666666,0.001,0.492621671296566,0.996861188918203,1,0.9788,0.0212,0,1,0.9788,0,0,0,0.0751010025938835,0.976140353284154,0.0011155335301974,0.00201083466216901,0
266,1.08111488476519,0.00153333333333333,0.0534425384031004,1,0.980733333333333,0.0012,0.489604951637626,0.996752564947484,1,0.976733333333333,0.0232666666666667,0,1,0.976733333333333,0,0,0,0.077255174178185,0.974533333333333,0.0013915903681267,0.00215523811253103,0
267,1.080289293822,0.00133333333333333,0.0535054816796807,0.999999999999999,0.979666666666666,0.001,0.490238031097202,0.996570643361824,0.999999999999999,0.975333333333333,0.0246666666666667,0,0.999999999999999,0.975333333333333,0,0,0,0.0786506337505677,0.973666666666666,0.00113042153329041,0.00198093449825781,0
268,1.07934493854514,0.0012,0.0536778637981876,0.999999999999999,0.980333333333333,0.000933333333333333,0.493157050450085,0.996841352643988,0.999999999999999,0.975933333333333,0.0240666666666667,0,0.999999999999999,0.975933333333333,0,0,0,0.0784646810785819,0.97459223792763,0.00132788727241288,0.00197123584826634,0
269,1.07865054351607,0.0014,0.0523186330987827,0.999999999999999,0.979399999999999,0.001,0.497013949209299,0.996727739105227,0.999999999999999,0.974533333333333,0.0254666666666667,0,0.999999999999999,0.974533333333333,0,0,0,0.0784546594832939,0.973466666666666,0.00154421404285821,0.00246524476237532,0
270,1.07765707322987,0.00153333333333333,0.0508864742596198,1,0.979288623214813,0.00106666666666667,0.491077206812182,0.996962835915892,1,0.9754,0.0246,0,1,0.9754,0,0,0,0.0762403219006193,0.974266666666667,0.00140837648732005,0.00230948654656629,0
271,1.07668598560076,0.00173333333333333,0.0467775789262191,1,0.9792,0.00126666666666667,0.488493772542056,0.996752076523633,1,0.9744,0.0256,0,1,0.9744,0,0,0,0.0732816263915979,0.9736,0.00113619831487523,0.00185738890667927,0
272,1.07590948979762,0.00103626128566661,0.0457476494418181,1,0.9788,0.000851215563930713,0.48845587333124,0.996794977930383,1,0.973066666666667,0.0269333333333333,0,1,0.973066666666667,0,0,0,0.0733226491671541,0.9726,0.00102436842786836,0.00187192694907508,0
273,1.0749975935415,0.000733333333333333,0.0466048789941237,1,0.978466666666667,0.000666666666666667,0.496810713357881,0.9968076595483,1,0.972399999999999,0.0276,0,1,0.972399999999999,0,0,0,0.0748550528131341,0.971866666666666,0.00149946264032956,0.00239718816026805,0
274,1.0740325407679,4e-04,0.0461533564485634,1,0.978066666666667,4e-04,0.493939781400616,0.996728293245832,1,0.9704,0.0296,0,1,0.9704,0,0,0,0.0764323606927867,0.97,0.00169877747909469,0.00141171529348625,0
275,1.07434085489647,0.000333333333333333,0.0435569200231281,1,0.977799999999999,4e-04,0.486090272594046,0.996872547315978,1,0.970599999999999,0.0294,0,1,0.970599999999999,0,0,0,0.073835097809603,0.970066666666666,0.00108852069246137,0.00162013419357316,0
276,1.07376972079321,0.000266666666666667,0.0445533078163887,1,0.97729416105034,0.000266666666666667,0.481685058701956,0.996913959758471,1,0.970666666666666,0.0293333333333333,0,1,0.970666666666666,0,0,0,0.074435945872099,0.970266666666666,0.00126836498174391,0.00166318279598661,0
277,1.07334577737905,6.66666666666667e-05,0.0454102149283553,1,0.978733333333333,6.66666666666667e-05,0.487370064931855,0.996725698075301,1,0.971333333333333,0.0286666666666667,0,1,0.971333333333333,0,0,0,0.0747181048819734,0.970866666666666,0.00171019101312381,0.00184694811960197,0
278,1.07319573637857,0,0.0422445612569959,1,0.980570886760832,0,0.48015217066937,0.996671126119728,1,0.973533333333334,0.0264666666666667,0,1,0.973533333333334,0,0,0,0.0695493358429996,0.973066666666667,0.00151630738399869,0.00185202138675529,0
279,1.07283544954217,0,0.0408419759193352,1,0.978369785006552,0,0.483901716127701,0.996723398308842,1,0.972333333333333,0.0276666666666667,0,1,0.972333333333333,0,0,0,0.0695205435926901,0.971666666666667,0.00109544961794669,0.00214682849377649,0
280,1.07170749301328,0,0.0413728041328639,1,0.9776,0,0.488713832299111,0.996749302519291,1,0.973,0.027,0,1,0.973,0,0,0,0.0695828828894307,0.972133333333333,0.000946824833484648,0.00195494503940931,0
281,1.07062708303473,0,0.037911966518302,1,0.979133333333333,5.39481390851027e-08,0.494982570194002,0.996547392325636,1,0.974,0.026,0,1,0.974,0,0,0,0.0650093603119531,0.973066666666666,0.00128632999555442,0.001524080569099,0
282,1.07037254083168,0,0.0400680213711805,1,0.979466666666666,0,0.493714385685904,0.996601305328464,1,0.975066666666666,0.0249333333333333,0,1,0.975066666666666,0,0,0,0.0661694697759915,0.9742,0.00142184168081925,0.00194301627342309,0
283,1.06981468985878,0,0.0390343319527547,1,0.977269835776338,0,0.490929680446436,0.996509782099817,1,0.9726,0.0274,0,1,0.9726,0,0,0,0.0672677134741139,0.972066666666667,0.00118005501597676,0.00176068705266407,0
284,1.06919352117653,0,0.0409494136708816,1,0.975933333333333,2.26585087835592e-05,0.492865837337072,0.996585612353499,1,0.970666666666667,0.0293333333333333,0,1,0.970666666666667,0,0,0,0.0711620254239573,0.97,0.00121999605256398,0.00258489227147287,0
285,1.06773418298219,0,0.0388963670834787,1,0.9756,0,0.496559417774649,0.9968030952626,1,0.9708,0.0292,0,1,0.9708,0,0,0,0.0688203111152527,0.970133333333334,0.00130526801774984,0.00266328653319816,0
286,1.06628418019213,0,0.0385333333333333,1,0.975133333333334,0,0.499285069881545,0.996701656498291,1,0.970266666666667,0.0297333333333333,0,1,0.970266666666667,0,0,0,0.0691995330588346,0.969266666666667,0.000957178621068827,0.00170995030774889,0
287,1.06548151165133,0,0.0364474807201716,1,0.974476659150588,0,0.499763955726269,0.996741936308651,1,0.969733333333334,0.0302666666666667,0,1,0.969733333333334,0,0,0,0.0675893154927918,0.968933333333333,0.00129566468482617,0.00224853246160018,0
288,1.06446624865212,0,0.0379343258563791,0.999999999999999,0.972866666666666,0,0.507393367875421,0.996807549121294,0.999999999999999,0.968466666666666,0.0315333333333333,0,0.999999999999999,0.968466666666666,0,0,0,0.0705995689638688,0.967737237276695,0.00102416682849671,0.00173584248180367,0
289,1.06370869393919,0,0.0411121641352601,1,0.9734,0,0.507027908960573,0.996649919263191,1,0.968333333333333,0.0316666666666667,0,1,0.968333333333333,0,0,0,0.0736524484713982,0.967733333333333,0.000836344652736995,0.00156716505721924,0
290,1.06293131392123,0,0.0397247137611567,1,0.9726,0,0.509826810416909,0.996674000560174,1,0.9676,0.0324,0,1,0.9676,0,0,0,0.0728445744992326,0.966933333333333,0.00116125498028316,0.00163195854425751,0
291,1.06243098836351,0,0.0405604952464093,1,0.9722,6.62695894566654e-05,0.506618888188255,0.996671402508591,1,0.967533333333334,0.0324666666666667,0,1,0.967533333333334,0,0,0,0.0737028035209105,0.966847650507326,0.00154500823601799,0.00146472653435628,0
292,1.06251628213116,0,0.0397000379387563,1,0.974,6.66666666666667e-05,0.507283088053161,0.996612208596502,1,0.969466666666667,0.0305333333333333,0,1,0.969466666666667,0,0,0,0.0713343512371783,0.9686,0.00104976097805726,0.00146205343400854,0
293,1.06207821468371,0,0.0378920118741053,1,0.975333333333333,2e-04,0.504924241083393,0.996653311410376,1,0.9702,0.0298,0,1,0.9702,0,0,0,0.0686604785760166,0.9694,0.000827431972011694,0.00176458635401925,0
294,1.06108288343078,0,0.0392704027968318,1,0.975466666666666,0.000133333333333333,0.510464139620139,0.996712207937442,1,0.97,0.03,0,1,0.97,0,0,0,0.0702675484398021,0.9694,0.00106520609413393,0.00173083237278673,0
295,1.06037659877974,0,0.0374807799237852,1,0.974133333333333,6.66666666666667e-05,0.511836138841719,0.99651415954827,1,0.967866666666666,0.0321333333333334,0,1,0.967866666666666,0,0,0,0.0704684761444449,0.967133333333333,0.00147208412099442,0.00142020119837015,0
296,1.06043161421677,0,0.0384932703764517,1,0.975666666666667,0,0.50931991096949,0.996704121226891,1,0.9696,0.0304,0,1,0.9696,0,0,0,0.0695326388653507,0.968933333333333,0.000966148775063545,0.00156457887794231,0
297,1.05979702001678,0,0.0394475717788315,1,0.974760258393215,0,0.508254832193401,0.996843597835938,1,0.968066666666667,0.0319333333333333,0,1,0.968066666666667,0,0,0,0.0721526417587748,0.967466666666667,0.00109379719342541,0.00220160443301437,0
298,1.05855231607084,0,0.0378046375507392,1,0.974533333333333,6.66666666666667e-05,0.502995206161908,0.99678936168491,1,0.968066666666667,0.0319333333333333,0,1,0.968066666666667,0,0,0,0.0706924201697362,0.967266666666667,0.00162320520684309,0.00201297062520805,0
299,1.0581397289845,0,0.0398772288533529,1,0.974666666666667,0,0.499229868194532,0.996912213981745,1,0.9686,0.0314,0,1,0.9686,0,0,0,0.0721367302402806,0.967933333333333,0.0015120427539086,0.00155597132440524,0
300,1.05809324641882,0,0.0391462252183581,1,0.9746,0,0.500452199044839,0.996794134269645,1,0.965933333333333,0.0340666666666667,0,1,0.965933333333333,0,0,0,0.0741682252263179,0.965466666666666,0.0012299338476281,0.00172019527450557,0
