"X","PopRatio","KC","LC","aKC","Prol_KC","Diff_KC","preDiff_KC","pDC","iDC","M1","M2","Neutrophil","Th0","Th1","Th2","Th17","Th22","Treg","Fibroblast","Division","Death","ILC3"
0,1.2904752884973,0.120826815401348,0.274430301230797,0.999999999999999,0.923159648103152,0.0550944196732344,0.233581346966185,0.996624068641837,0.999999999999999,0.960155276279269,0.0332,0.997599999999999,0.999999999999999,0.460870691925313,0,0.961763287175185,0.956584489173344,0.302647039263625,0.900466666666667,0.0104496624024531,0.00526809196424865,1
1,1.29698991373161,0.121940603703194,0.276100114667688,1,0.923034142498387,0.0549647295316969,0.227857081092735,0.996784912789328,1,0.961335626407244,0.0328666666666667,0.997665053789903,1,0.218852086818024,0,0.962137272157862,0.959165578503881,0.303866278131553,0.900384123754638,0.00488365578471849,0.00204769066872571,0.999999999999997
2,1.30066813188274,0.119521986326987,0.266811635104194,0.999999999999999,0.925298089091166,0.0530676865408761,0.230905850718032,0.99667237944642,0.999999999999999,0.960780979892764,0.0332666666666666,0.997803490558981,0.999999999999999,0.107642390324798,0,0.961627184595887,0.959933333333332,0.295301352996417,0.905053975293735,0.00481920515298533,0.00184498684704809,0.999999999999999
3,1.30453660285054,0.118205454518897,0.264909107439248,1,0.928849790114347,0.052400544102005,0.237050704577831,0.996481045218001,1,0.96091147555413,0.0332,0.997607243491046,1,0.0527506742841777,0,0.961418424301138,0.960956747452225,0.29206353476615,0.908921677105193,0.00448632345061662,0.00262076188743334,0.999999999999999
4,1.30697029619458,0.117907818194887,0.264323322826291,0.999999999999999,0.929288393399494,0.0485340150090372,0.243304184754666,0.996685811106381,0.999999999999999,0.960236658746058,0.0342,0.996866666666666,0.999999999999999,0.0252549938279899,0,0.961652077416331,0.960503701899174,0.292708968021729,0.911316467664129,0.00544612419881338,0.00268418076021655,0.999999999999999
5,1.31049629211904,0.117042485312172,0.262201924924657,0.999999999999999,0.932088020045206,0.0496066370537194,0.241830081126011,0.996658393694632,0.999999999999999,0.961984020607805,0.0324666666666667,0.997319341787867,0.999999999999999,0.0114811736598183,0,0.96337555003718,0.962697805715761,0.28907962384437,0.91550657030618,0.00469953993833182,0.00303618886555096,1
6,1.31267610753241,0.116942211946422,0.264290227005033,1,0.935594580981099,0.0482954863246071,0.241670622865813,0.996650204291525,1,0.963122811907132,0.0304666666666667,0.998,1,0.00383423744205088,0,0.96531854378574,0.964751687608027,0.288690196928653,0.918871754167768,0.0057100597031366,0.00336762664477756,0.999999999999998
7,1.31575096344161,0.118835736499346,0.260758358563438,0.999999999999998,0.935003866917054,0.0500591459431995,0.237041312658544,0.996730726644338,0.999999999999998,0.963248523174608,0.0306666666666667,0.998257209748112,0.999999999999998,0.00171596327018433,0,0.964808514457167,0.964253009376406,0.286838301611091,0.918000530738853,0.00442261746545287,0.00226669240509088,0.999999999999998
8,1.31858762391689,0.11515537436205,0.256710473838611,0.999999999999998,0.936776104319108,0.0509844824845247,0.238635365757898,0.996485596287354,0.999999999999998,0.964210651309985,0.0297333333333333,0.998549536580956,0.999999999999998,0.000622532473429765,0,0.966599999999998,0.965244587451032,0.282096887831544,0.920408776297103,0.00405132182397414,0.00293076355403752,0.999999999999999
9,1.32002352229897,0.115034207840669,0.260839761460703,1,0.937686924781645,0.0543394507696068,0.241230675961546,0.996475324141052,1,0.964023973604984,0.0286,0.998595607101995,1,0.00056649888201861,0,0.968070245515531,0.965048487819074,0.284219413467303,0.921122037662694,0.0055914438263352,0.00237951140235794,0.999999999999998
10,1.32425541004925,0.11459483105924,0.25586792218568,1,0.940973087130956,0.0525130064761086,0.239198959261436,0.99656880401623,1,0.963493960180584,0.028319094261233,0.999066666666667,1,0.000334019153730715,0,0.968559591685411,0.965280804757517,0.277170914017182,0.925104547455477,0.00549289816359148,0.00254057125363084,0.999999999999999
11,1.3281522885401,0.115153049308093,0.258349632979522,0.999999999999999,0.941532378494862,0.05258525982906,0.243030190713861,0.996608700664529,0.999999999999999,0.963607342966101,0.0272193832555411,0.998680907344971,0.999999999999999,0.00024473857614561,0,0.969316731201363,0.966276881772819,0.278081830986348,0.924477530820402,0.00333661002051384,0.00217590500109464,0.999999999999999
12,1.32968360679288,0.118854624710017,0.259126925682833,1,0.945226129250945,0.052189330507873,0.244000977841343,0.996649764333436,1,0.967594568820654,0.024,0.9994,1,0.000133333333333333,0,0.972933333333334,0.969369135608654,0.276731153554523,0.930687000197486,0.00378795358130078,0.00314152069332163,0.999999999999998
13,1.33054315800692,0.117536056946203,0.256936035989348,0.999999999999998,0.946530584991111,0.0518529961685369,0.244238961642593,0.996895694964885,0.999999999999998,0.966691642051644,0.0250666666666667,0.999266666666665,0.999999999999998,6.66666666666667e-05,0,0.970599999999999,0.968793443820192,0.274517391856614,0.932108533241653,0.00481591355529102,0.0023522418134713,0.999999999999998
14,1.33382117958657,0.117293158810371,0.255802462015521,0.999999999999999,0.943674477385006,0.0501208831689261,0.240068322362934,0.996701433622513,0.999999999999999,0.966871622709285,0.025,0.999333333333333,0.999999999999999,0,0,0.971015252555965,0.968934196199265,0.272813404109873,0.929708111416312,0.00431503882744598,0.00251215748172704,0.999999999999998
15,1.33622590090977,0.116898905477915,0.260546707791127,0.999999999999999,0.946467936288773,0.0500297106119197,0.240678778085204,0.996738269564276,0.999999999999999,0.967885114524492,0.0244666666666667,0.999605917202079,0.999999999999999,0,0,0.971142747391382,0.969933333333331,0.277694818932845,0.932689558196585,0.00452754869654301,0.00279158750702242,0.999999999999998
16,1.33854553721418,0.114701952528333,0.259993932865382,0.999999999999999,0.948442187026979,0.0493737118968,0.240969259458266,0.996604088598338,0.999999999999999,0.968110228158777,0.0246,0.999859704727334,0.999999999999999,0,0,0.970638491802145,0.970349217413302,0.277258002984652,0.934196144721969,0.00438203879738698,0.00185232054444545,0.999999999999999
17,1.34193168029206,0.115606870274529,0.261489061188762,1,0.948615721846792,0.0498970394830931,0.244491276459586,0.996745975189359,1,0.969201250499416,0.0235333333333333,0.999933333333333,1,0,0,0.971066666666667,0.971733333333334,0.276205045128369,0.936563484196661,0.0040137066049151,0.00294709382144206,0.999999999999999
18,1.34336300177681,0.118919977564422,0.263944111005463,1,0.945259504121834,0.0531618430901767,0.247988660288089,0.996783634264527,1,0.969799333116296,0.0232,0.999933333333333,1,0,0,0.971510623155014,0.971579502889659,0.278373787615368,0.934840064038355,0.00579317133346744,0.00278879907902398,0.999999999999998
19,1.347398964307,0.118775968062715,0.262921375081181,0.999999999999997,0.948268232290342,0.0530960383909971,0.251586106206649,0.996761799263795,0.999999999999997,0.969143609138596,0.0242475612109892,0.999885982877363,0.999999999999997,0,0,0.969834967164422,0.970550416863202,0.278409976696184,0.937402667128378,0.00510513458562239,0.00259680136177194,0.999999999999998
20,1.35070254282869,0.118012682769894,0.265488942340838,1,0.950554533221977,0.0522616282862034,0.254639822244807,0.996751103482634,1,0.967943832711489,0.0258,1,1,0,0,0.968666666666666,0.968767346595714,0.281023219830787,0.940436191079766,0.00400990170462304,0.00255527467909734,0.999999999999998
21,1.35266731125093,0.113100494777282,0.267781628995818,0.999999999999998,0.951512204122658,0.0503766904197087,0.255921515919621,0.996705530151806,0.999999999999998,0.967821490102711,0.0274,0.999933333333332,0.999999999999998,0,0,0.967521314421232,0.967486745366334,0.283878616765078,0.941668423426758,0.00428404122726556,0.0030096951374805,0.999999999999998
22,1.35437860325245,0.113279602200719,0.273177890686831,0.999999999999999,0.952775926368578,0.0499116597783883,0.259390690375575,0.996778354073325,0.999999999999999,0.969153846735934,0.0264666666666667,0.999933294725464,0.999999999999999,0,0,0.969082218290588,0.968733333333332,0.289318602275268,0.943121590346656,0.00442091527244822,0.00249983403115101,0.999999999999999
23,1.35695929785782,0.112329122835784,0.269363474455352,0.999999999999999,0.955440102135867,0.0502996765430721,0.261577136613471,0.996509798433827,0.999999999999999,0.970912838998862,0.0258,0.999799999999999,0.999999999999999,0,0,0.970735315054674,0.970066666666666,0.286378358771799,0.945756725272825,0.005269428037301,0.00293470872879851,0.999999999999998
24,1.36012741693138,0.109482871033976,0.270603883684813,1,0.958058474255156,0.0481401654905003,0.268371449261592,0.996660806669144,1,0.971720739043463,0.0255333333333333,0.9998,1,0,0,0.971092993204329,0.9706,0.287605326170239,0.949142308661224,0.00399921585603835,0.00247118626587168,0.999999999999999
25,1.36216140847866,0.109697356771482,0.269579342673331,1,0.955666666666666,0.0509838053404037,0.270452006458733,0.996657523205138,1,0.971061971714491,0.0263333333333333,0.999622914131876,1,0,0,0.970708295271552,0.969166074719579,0.286757324497096,0.948073925724011,0.00454702117963468,0.00356943138742008,0.999999999999999
26,1.36349304356693,0.105765130403423,0.265063371726388,0.999999999999999,0.957373475701766,0.0490312825011224,0.274233612618623,0.996535715772924,0.999999999999999,0.970466666666666,0.0266666666666667,0.999533333333333,0.999999999999999,0,0,0.970333333333333,0.969087445769424,0.284817929087389,0.950655929700169,0.00354388780156644,0.00334512637902069,0.999999999999998
27,1.36367315384766,0.103332254706927,0.258934942653976,0.999999999999999,0.956327985086179,0.0469559401922725,0.274105737220208,0.996603243066417,0.999999999999999,0.969733333333333,0.0270666666666666,0.999157372943378,0.999999999999999,0,0,0.970387870927438,0.968856856396539,0.279319626994515,0.949995962760653,0.00327396069132713,0.00231116133220994,1
28,1.36498609748623,0.0979365689369903,0.251544055198689,1,0.957679554598732,0.0437427243304873,0.271380325579802,0.996823335441228,1,0.9694,0.0274666666666667,0.998941508759681,1,0,0,0.969533333333333,0.967333333333333,0.27240546734875,0.951720181558042,0.00491427764587925,0.00312178738329064,0.999999999999999
29,1.36734182270138,0.0973830533349593,0.245831439286505,0.999999999999999,0.959185774729774,0.0435149388346748,0.281472399132596,0.996643513134136,0.999999999999999,0.970860003900009,0.0262,0.999126116525457,0.999999999999999,0,0,0.971266666666666,0.968971001850437,0.267895515802504,0.954199999999999,0.00483305450987025,0.00241770994007908,0.999999999999999
30,1.37056227047088,0.0994327262932563,0.246282451219261,0.999999999999999,0.958843618460477,0.0450588546176908,0.287909481523086,0.996789477589413,0.999999999999999,0.969642396865096,0.027,0.998831020914672,0.999999999999999,0,0,0.96979159257037,0.967510237606047,0.2693050516307,0.952904001299219,0.00467699954264418,0.00192417539089819,0.999999999999999
31,1.3743351873905,0.0972154824601472,0.246763925762442,1,0.961638750947254,0.0428499649662858,0.289856943345923,0.996570872055398,1,0.96990362813452,0.0262,0.998333333333334,1,0,0,0.970273434234115,0.968926566634073,0.269096083671424,0.956584726388701,0.00471444581330359,0.00254939373543344,0.999999999999999
32,1.37731069464366,0.0957528091644246,0.24242162988325,1,0.964326282425938,0.0418191601295244,0.296206278690492,0.996457592740749,1,0.969106778554111,0.0276048415411839,0.997613170002772,1,0,0,0.969199999999999,0.967133333333332,0.266298200353842,0.959205443053171,0.00537140789733132,0.00253112065309399,1
33,1.38119445058465,0.0960062058128262,0.235747903684627,0.999999999999998,0.963701373001901,0.0399191699528059,0.290908277859504,0.996773607187919,0.999999999999998,0.968799999999999,0.0278,0.997815494793277,0.999999999999998,0,0,0.969819647841248,0.967368343897678,0.259530310237058,0.958785137482458,0.00412140503190894,0.00299547462083498,1
34,1.38274755968405,0.0951227361832402,0.235710916091801,1,0.964465381782901,0.0416107053750736,0.286395625271977,0.996589753135411,1,0.966866666666666,0.0289333333333333,0.997626348179229,1,0,0,0.9688,0.966733333333333,0.260202833264636,0.959632189674049,0.00577514066784093,0.00273884698279154,0.999999999999998
35,1.38694598736753,0.0974756462235159,0.236728098383222,0.999999999999999,0.966268409011511,0.042239846575496,0.291319358290014,0.996587009220526,0.999999999999999,0.965934193544843,0.0302666666666667,0.997527361131782,0.999999999999999,0,0,0.967556029065912,0.965389916088899,0.261338657580765,0.961304728685691,0.00459302448440269,0.0029932280073533,0.999999999999999
36,1.38911513885523,0.100642127387152,0.235354129024387,0.999999999999999,0.96673099177345,0.0425917580085132,0.290941931278149,0.996810468566025,0.999999999999999,0.964133333333333,0.0316,0.99776884756415,0.999999999999999,0,0,0.9658,0.964311710104335,0.261776929944459,0.962800366173367,0.00420573599463572,0.00322244501644046,1
37,1.39039560293556,0.099655239125935,0.232943147385163,0.999999999999998,0.9678726536882,0.0429696761814518,0.291163688702153,0.996590194350877,0.999999999999998,0.962533333333332,0.0329333333333333,0.997599999999998,0.999999999999998,0,0,0.964133333333332,0.963276220404138,0.260247298532237,0.963477860819742,0.00423900710249425,0.00277749362171311,0.999999999999998
38,1.39233499181267,0.0977616765949541,0.234252317896253,0.999999999999999,0.969071811836055,0.04290658398224,0.287131901693511,0.996513536861767,0.999999999999999,0.963603761885737,0.0313333333333333,0.998049844038613,0.999999999999999,0,0,0.965390406003143,0.965496791176678,0.261133861202952,0.964331737811808,0.00514662768211088,0.00247053299647987,0.999999999999999
39,1.39601690090535,0.100955795342515,0.2381780106391,1,0.969953921515375,0.0438865848891409,0.283931896966315,0.996835370544234,1,0.961254301594547,0.0332666666666667,0.997767523634888,1,0,0,0.963,0.963733333333333,0.266878230549022,0.964768420937563,0.00469930060165044,0.00304630931533665,0.999999999999999
40,1.39832450467809,0.10002064091514,0.235062958600581,1,0.970037084666384,0.0439010478182571,0.287331943055094,0.996578108720127,1,0.962708373862579,0.031,0.997559343024401,1,0,0,0.9656,0.965866666666667,0.262645524152973,0.964379969299363,0.00431209701995727,0.0027495227889046,1
41,1.40050949051575,0.097826961944209,0.239897503515996,0.999999999999999,0.970637713928417,0.0429275959817633,0.288526805102174,0.996623146167848,0.999999999999999,0.963353890091491,0.0302,0.998030882413383,0.999999999999999,0,0,0.965972282358489,0.96662340576666,0.267379455387996,0.965794662146927,0.00478229870031513,0.00291690024644151,0.999999999999999
42,1.40312199875399,0.0945665930611304,0.237645046593781,1,0.96920251859699,0.0421791723989641,0.28428600040866,0.996488827441277,1,0.964003880687857,0.0301333333333333,0.997650767641147,1,0,0,0.966933333333333,0.9668,0.264897755570945,0.96539171154525,0.0051541418945228,0.00287667380033488,0.999999999999999
43,1.40627254566974,0.09360420641593,0.239622417468449,0.999999999999999,0.96831945577717,0.0376938319182205,0.284451902156686,0.996699804894133,0.999999999999999,0.964097061374994,0.0313333333333333,0.997484578167137,0.999999999999999,0,0,0.964733333333332,0.965263333944642,0.26715996145008,0.964799999999999,0.00443563489310857,0.00295413429344712,0.999999999999999
44,1.40835593928943,0.0929275804982908,0.231209645931451,1,0.969475215349211,0.038244443482776,0.2865610779027,0.996974940320245,1,0.965931606662216,0.0306666666666667,0.998014932521318,1,0,0,0.966303449914135,0.966166990970543,0.258255265889817,0.965803730452934,0.00526006194095698,0.0020296610231553,0.999999999999998
45,1.41288034928343,0.0904238130770026,0.220183064193938,0.999999999999999,0.967064448947798,0.0386897561464654,0.290017600237878,0.996931268848074,0.999999999999999,0.965266666666666,0.0314,0.998066666666666,0.999999999999999,0,0,0.965333333333333,0.964799187944185,0.248624616677969,0.962736172393761,0.00430943047465353,0.00272504950852863,1
46,1.41511889001625,0.0904691082954808,0.21994579253456,0.999999999999999,0.970455361532578,0.0384377812502836,0.294982448164676,0.996679616960627,0.999999999999999,0.966599534528981,0.0304666666666667,0.997735812036327,0.999999999999999,0,0,0.967446072687239,0.966147291753336,0.246385256099869,0.966012191596513,0.00494231102716412,0.00302976003630307,0.999999999999999
47,1.4177310357922,0.0901465671460523,0.218792933116579,1,0.969729266226368,0.0356430316722849,0.29397378189757,0.996783150200295,1,0.964600000000001,0.0324,0.997868159976884,1,0,0,0.965266666666668,0.963679834251963,0.247661857684303,0.965941500620779,0.00611267493329816,0.00288701681180264,1
48,1.4223041514219,0.0918553473788606,0.216018198886274,0.999999999999999,0.971629504827735,0.0344130150455034,0.297637945332688,0.996797028118876,0.999999999999999,0.963448429022078,0.0336,0.998194463596658,0.999999999999999,0,0,0.964627632473914,0.962968699043969,0.246000845519823,0.96817763100463,0.00529397111851493,0.00279841189849115,1
49,1.42585359566066,0.0911881577883062,0.214818437696607,1,0.971882158656638,0.0339964379453921,0.306734246912322,0.996960055450522,1,0.964533333333334,0.0325333333333333,0.997842640044594,1,0,0,0.966325693780949,0.965,0.24414483300527,0.967412035509132,0.00437828265920982,0.00232853082877848,0.999999999999999
50,1.42877624167829,0.089250846172701,0.215808684790942,1,0.971531646193764,0.0362799259634987,0.307338026819153,0.996636023229063,1,0.965194335629319,0.0325333333333333,0.998083159441146,1,0,0,0.966266666666667,0.965266666666666,0.245030328146294,0.966719920542936,0.00449086373875759,0.00311798589878059,0.999999999999999
51,1.43073777691878,0.0892145398980503,0.215718106635803,1,0.972580925507406,0.0385962654026621,0.31175062097609,0.996513769921861,1,0.967266533560966,0.0311333333333333,0.99829940625787,1,0,0,0.967697778878211,0.967143841807652,0.244181183347961,0.965395496279939,0.00466535290968242,0.00196783148048968,1
52,1.43459722273157,0.0888538133303519,0.220167685805307,0.999999999999999,0.973762906124566,0.0369441352208068,0.312298948126368,0.99648180973035,0.999999999999999,0.9696,0.0293333333333333,0.99847736188275,0.999999999999999,0,0,0.969666666666666,0.968266666666666,0.247121139952068,0.966297071499883,0.00428689401283507,0.0032402727450543,1
53,1.43609870269558,0.0914934006718712,0.219705881617449,1,0.974628370811048,0.0368841820676757,0.311322354564956,0.996685074893058,1,0.9714,0.0270666666666667,0.998791598564984,1,0,0,0.972333333333333,0.970466666666667,0.244340357950401,0.966007577333017,0.00456112608296103,0.00279901790386222,1
54,1.43862926396559,0.0913099758429622,0.221589888861062,1,0.977043152866544,0.0345340120295239,0.312276358453624,0.996495458127622,1,0.970181620966093,0.028,0.998335396543345,1,0,0,0.971023391331535,0.9694,0.245977018958676,0.968678638761996,0.00485747396044146,0.00274586366640821,0.999999999999999
55,1.44157638222606,0.0936711920526938,0.224817664092121,0.999999999999999,0.97689327373909,0.0324096782874218,0.313427147592236,0.996752261468472,0.999999999999999,0.970511635335447,0.0278666666666667,0.998244083845709,0.999999999999999,0,0,0.971020727617168,0.968992630204856,0.249483178744096,0.967824680685829,0.00471363758705934,0.0026442610830892,0.999999999999999
56,1.44455954652012,0.0918905283232877,0.224266801354825,1,0.977927303362248,0.0310865607221917,0.312683909015511,0.996888772323821,1,0.971333333333333,0.0267333333333333,0.998599999999999,1,0,0,0.972233338917235,0.970514628490302,0.246903574676821,0.967831217377041,0.00539792509645633,0.00286517976269422,1
57,1.44821824797091,0.089478555862586,0.221959231419673,1,0.981300423424032,0.0308251659032587,0.315880239378419,0.996450564967104,1,0.972896612249349,0.0254,0.998666666666667,1,0,0,0.973533333333333,0.971733333333333,0.243462489799409,0.971776660274985,0.00510904664033896,0.00258728653322726,0.999999999999999
58,1.45187030697503,0.0873286378044064,0.217327890818711,0.999999999999999,0.983058077827772,0.0313672839801115,0.317640760716304,0.996846285531637,0.999999999999999,0.972240961766824,0.0260666666666667,0.998901467256879,0.999999999999999,0,0,0.972923709910414,0.971466666666665,0.239122587206832,0.974821515455905,0.00478550318378686,0.00279848624254913,0.999999999999999
59,1.45465785659136,0.0887348763407024,0.219604208568952,1,0.9844,0.0295674018043382,0.320700819728069,0.996638014011086,1,0.97135481025971,0.0273333333333333,0.999011375791054,1,0,0,0.971553144956346,0.9696,0.242107218602373,0.975785807914736,0.00430593223939577,0.00250104684306304,1
60,1.45728334731338,0.0871094027253863,0.216322245636297,1,0.984817795576931,0.028962413394975,0.321669917606647,0.996921036483421,1,0.97277355680446,0.0254666666666667,0.999177850450111,1,0,0,0.973618988041432,0.971844307943846,0.238457067148058,0.976457120734234,0.00547971196635774,0.00169749653268512,1
61,1.46279510688083,0.0870320333034941,0.211272891386,1,0.985512432876383,0.0303980549926289,0.325744233641083,0.996719430761314,1,0.975990991381098,0.0226903403195687,0.9996,1,0,0,0.976445132793305,0.973761669259865,0.231236040457089,0.97770899016863,0.00473376471953224,0.00256044994860448,0.999999999999999
62,1.46597422109345,0.0868145274468177,0.208747863914777,0.999999999999999,0.985433537704536,0.0330045815357125,0.323006989998874,0.996858713179842,0.999999999999999,0.976344468069159,0.0221333333333333,0.999666666666666,0.999999999999999,0,0,0.976755783349171,0.974533333333333,0.228028262202259,0.978402966483868,0.00480350558308583,0.00292168212698133,1
63,1.46873292576875,0.0851770201668348,0.207295308940699,1,0.984931909346895,0.0315333333333333,0.31885768065734,0.996750190581243,1,0.977466666666667,0.0212,0.999533333333333,1,0,0,0.977666666666667,0.975466666666667,0.226431766925271,0.977716486790164,0.00416316672396565,0.00255769877303394,1
64,1.47109092940955,0.0844001713822841,0.205819663455047,1,0.985533333333333,0.0320372831801779,0.324844608582238,0.996894003514803,1,0.975404623187925,0.0228666666666667,0.9992,1,0,0,0.975773310268737,0.973866666666667,0.225349956538703,0.978190496344885,0.00485938513573868,0.00365854585150227,0.999999999999999
65,1.47285747318827,0.0847275073487566,0.206204941722478,0.999999999999999,0.983605334517981,0.0312056659038494,0.323397628563012,0.996551831411997,0.999999999999999,0.973133333333333,0.0251333333333333,0.999333333333332,0.999999999999999,0,0,0.97299730877933,0.970916892759208,0.227782015710669,0.976637170725027,0.0048950368097721,0.00303919819568572,0.999999999999999
66,1.47559085896005,0.0782151341857617,0.196222527983733,1,0.984847481011602,0.030199169462701,0.322614823429354,0.996638824432857,1,0.974666666666667,0.0239361252157859,0.999,1,0,0,0.974672324603288,0.972077195664405,0.215468445277009,0.978244341779245,0.00492568867455776,0.00254934800923592,0.999999999999999
67,1.47909736552358,0.0754777803246758,0.196343806480681,1,0.984028419211866,0.0298774802186159,0.326544193038422,0.996833582058982,1,0.9746,0.0238,0.9994,1,0,0,0.974933333333333,0.971088434358248,0.216350549916282,0.977433465733165,0.0043881153601522,0.00332569144971404,0.999999999999998
68,1.48066879393058,0.0705731363928078,0.195070074681472,1,0.9858,0.0283025392539064,0.323150287985885,0.996516166634513,1,0.973370968831051,0.0246666666666667,0.999466666666667,1,0,0,0.974132911909361,0.970720428526586,0.216718429519227,0.979744208230136,0.00491456041946838,0.00271877685355554,0.999999999999999
69,1.48392002213485,0.072128460585784,0.192812148240966,1,0.986000000000001,0.0278029583986202,0.322702060284454,0.996650773636052,1,0.972608190700776,0.0252,0.999314037092192,1,0,0,0.973400000000001,0.970400000000001,0.214166698976283,0.980012624403316,0.00506160680659715,0.00335240708025438,0.999999999999998
70,1.48642056774432,0.0716076423263211,0.18956289918247,1,0.986066666666667,0.0255544460778499,0.321038603994094,0.996674346680116,1,0.971421817519978,0.0264,0.999155444560599,1,0,0,0.972326011896986,0.970585876837073,0.212413295306515,0.980633708786086,0.00497748264973017,0.00275580397432745,0.999999999999999
71,1.48972291662235,0.0710798642651125,0.192864938956454,0.999999999999999,0.987255554803846,0.0247231793273378,0.323706827960951,0.996734469103949,0.999999999999999,0.971162687790063,0.0265333333333333,0.998903884746362,0.999999999999999,0,0,0.972399999999999,0.970724268758385,0.216803675700957,0.98248161057744,0.00437931364870967,0.00271450562487829,0.999999999999999
72,1.49220301928723,0.0752091128676294,0.191759057960894,1,0.986992469475759,0.0258731813142106,0.31850180373059,0.996686550980628,1,0.970333333333333,0.0275333333333333,0.999133333333333,1,0,0,0.971666666666666,0.969808683491801,0.21593223048989,0.983205006615477,0.00439252515121949,0.00305528444585862,0.999999999999999
73,1.49413425973839,0.0760842679653491,0.197637890314669,1,0.987048162892276,0.026,0.31933301361025,0.99650402612046,1,0.969622823227389,0.0286,0.999248880155044,1,0,0,0.9704,0.969,0.221685078666278,0.983911297822054,0.00425924877887987,0.0026968534481636,1
74,1.49646868812927,0.0760379589565197,0.195872503340571,1,0.98716272955992,0.0267333333333333,0.321636939165179,0.996671968615755,1,0.969866666666667,0.0281333333333333,0.999270808846471,1,0,0,0.97107697510307,0.969658289401169,0.220044711104626,0.984120337021322,0.00495764688827197,0.00237195641882163,1
75,1.500338092954,0.0812033378186355,0.192711088082053,1,0.988572725970819,0.029200649289238,0.319513744399602,0.996613435987064,1,0.970783641889952,0.0276666666666667,0.99921483896903,1,0,0,0.971666666666667,0.970171322883629,0.217178199637958,0.985557610855695,0.00459878433600623,0.00319257267584569,0.999999999999998
76,1.50243491031144,0.0788714283677616,0.18879273457605,1,0.987666666666666,0.0282390184975222,0.315301177681779,0.996631680501668,1,0.968,0.0304,0.999333333333333,1,0,0,0.968866666666667,0.968,0.216192260851755,0.984406994592007,0.00510302571133294,0.0035731013383113,0.999999999999999
77,1.50466966979755,0.0802244369770794,0.185880105604721,1,0.98917158736132,0.0307333333333333,0.314190957051871,0.996666189372122,1,0.9682234895235,0.0308,0.999607470769696,1,0,0,0.9688,0.968,0.213134927800864,0.986306814108414,0.00465918607573507,0.00272808827746512,0.999999999999998
78,1.50757533408402,0.0751943043268868,0.178893158516644,1,0.988848597025417,0.0302499132518824,0.318261449613718,0.996903370946151,1,0.9686,0.0306666666666667,0.99981018958468,1,0,0,0.969133333333333,0.968066666666667,0.206067883976958,0.986081867110789,0.00499963529158884,0.00275395337339185,1
79,1.51096086875209,0.0766751846975144,0.180935959223896,1,0.989206886277055,0.0308078402171415,0.313433438390577,0.996631709498453,1,0.968187977270627,0.0315333333333333,0.999933333333333,1,0,0,0.9684,0.9674,0.208068283270491,0.9868,0.00396045450472133,0.00327985181039832,0.999999999999998
80,1.51198923279038,0.0761347563533555,0.181758163135601,1,0.989066666666667,0.0298104752306382,0.319524007912461,0.996467587316973,1,0.9686,0.0310666666666667,0.999933333333334,1,0,0,0.968866666666667,0.968,0.20884084662601,0.986720749874976,0.0042911165639281,0.00338633549843741,0.999999999999999
81,1.51335725201943,0.0790152542926987,0.18595130095758,1,0.990055498401082,0.0318648165510591,0.317734270618925,0.996656563759828,1,0.968733333333333,0.0309333333333333,0.999779177402453,1,0,0,0.9688,0.967790064551477,0.213053890244253,0.987886224214701,0.00446771837778891,0.00270145863560206,0.999999999999999
82,1.5159596018676,0.0822109530503402,0.188208186525024,1,0.99063713825518,0.0334290226742938,0.321760528686345,0.996801467443103,1,0.97201404923196,0.0276666666666667,0.999777020597561,1,0,0,0.9722,0.971,0.213312621559747,0.987866666666666,0.00473841750334992,0.00308276048779814,1
83,1.51846951101773,0.0899607726089704,0.193804457157938,0.999999999999999,0.989917966215564,0.0363317415897027,0.324145574974097,0.996578028314535,0.999999999999999,0.972599999999999,0.0270666666666667,0.999614976380133,0.999999999999999,0,0,0.972733333333333,0.971866666666666,0.218866581285651,0.987466666666666,0.00443441662552097,0.00331206660157543,0.999999999999999
84,1.52017376530978,0.0936477671332041,0.198467376023982,0.999999999999999,0.989533333333333,0.0374699301275716,0.325280473785505,0.996648178539819,0.999999999999999,0.975333333333333,0.0242666666666667,0.999515407125911,0.999999999999999,0,0,0.975466666666666,0.974539090155888,0.220467800724034,0.987466666666666,0.00496480098692471,0.00298630600022946,0.999999999999999
85,1.52318142148335,0.097874719907325,0.197994044616627,1,0.989720260974813,0.0422297873512256,0.326436000003639,0.996483217414777,1,0.9758433032805,0.0237333333333333,0.9994,1,0,0,0.976266666666666,0.974885820178918,0.219643717171126,0.988257636670151,0.00421127782738942,0.0028238043430618,0.999999999999999
86,1.52529479531747,0.101822392689863,0.203161915069881,1,0.988864566118184,0.0449370723443687,0.325063934744232,0.996958785076917,1,0.976,0.0236,0.9992,1,0,0,0.9764,0.975133333333333,0.224617076838694,0.987699160202382,0.00472131783252948,0.00412169842157382,0.999999999999999
87,1.52620939168418,0.104099381333369,0.204558467873482,1,0.988181433284931,0.0468582463056485,0.322062169537905,0.996452788619032,1,0.975808736365719,0.0238666666666667,0.999266666666666,1,0,0,0.976133333333333,0.975066666666666,0.226954775700366,0.9866,0.00559403056359059,0.00310540737613718,0.999999999999999
88,1.52990580447245,0.10095542788415,0.196944546547507,1,0.988851411235659,0.0455333333333333,0.319750517747741,0.996717726502343,1,0.975533333333334,0.0242,0.999143099683668,1,0,0,0.9758,0.974933333333334,0.218922760618284,0.987,0.00532360324989003,0.00272280612799697,1
89,1.53388477908549,0.0990176413682353,0.19445118424098,1,0.98890279440579,0.0473066523996413,0.320053277327075,0.996627182522173,1,0.974866666666667,0.0246,0.999314743767025,1,0,0,0.9754,0.974533333333333,0.21721556862565,0.986733333333333,0.00484412746733254,0.00286604318861452,1
90,1.53691893245237,0.100142673250397,0.196426072500281,1,0.987769940465292,0.0472994038792563,0.323423824545233,0.99652867279395,1,0.974872330726059,0.0248,0.999663466072747,1,0,0,0.9752,0.974266666666666,0.219561753469843,0.985435502696398,0.00439585730223414,0.00250810162350394,0.999999999999999
91,1.53982025989485,0.098500855814632,0.194637921338401,1,0.98677273098465,0.0481157058365118,0.327017982255065,0.996682195073439,1,0.974333333333333,0.0252666666666667,0.999707475254799,1,0,0,0.974733333333333,0.973933333333333,0.218305826478729,0.984511633717541,0.00476713857978378,0.00259728641457426,0.999999999999999
92,1.54313555119949,0.0950939695792129,0.191229150186043,1,0.987666666666667,0.0475167743445322,0.325802946442656,0.996577001491895,1,0.9722,0.0274666666666667,0.999866666666666,1,0,0,0.972533333333333,0.972066666666666,0.217039013922858,0.985252043967101,0.0055650045937507,0.0028940313938434,0.999999999999999
93,1.54725722490057,0.0919239451227744,0.190071441227517,0.999999999999999,0.989533333333332,0.0455656512993858,0.332989478054708,0.996817130504835,0.999999999999999,0.971799999999999,0.0276,0.999603240870901,0.999999999999999,0,0,0.972399999999999,0.971999999999999,0.217100293231192,0.987733333333332,0.00475748214167745,0.00289151733321702,1
94,1.55014435243187,0.0939513049436097,0.189627690258536,0.999999999999999,0.989999999999999,0.0452966608544326,0.335282058934162,0.996665687252928,0.999999999999999,0.973666666666666,0.0257333333333333,0.999679744019151,0.999999999999999,0,0,0.974266666666666,0.973799999999999,0.21479164655792,0.988439715789535,0.00503826768375665,0.00241332572251168,1
95,1.55421339138855,0.0989435042091284,0.199005212147427,1,0.990133333333333,0.0447303569174257,0.336796056132075,0.996510068719539,1,0.974133333333333,0.0254666666666667,0.999733333333333,1,0,0,0.974533333333333,0.974169416441453,0.223951893837026,0.988999999999999,0.00442121146153162,0.00317990224786154,1
96,1.55606897221008,0.0971733897853703,0.192687111780876,1,0.991247365726308,0.0448813381501403,0.335541449293503,0.996578651375491,1,0.9756,0.0241333333333333,0.9998,1,0,0,0.975866666666667,0.975266666666667,0.2165698492871,0.990057659807367,0.00466029230876149,0.00224938550710276,0.999999999999999
97,1.55982050947903,0.0930892460385961,0.188969309984401,1,0.990466666666667,0.0436920480259689,0.335727086118303,0.996521891013432,1,0.976733333333333,0.0230666666666667,0.999703617640747,1,0,0,0.976933333333333,0.976133333333334,0.211646460746216,0.9896,0.00423744856195661,0.00309545653779399,1
98,1.56160181205998,0.0936056699871936,0.186386208162347,1,0.990333333333334,0.0450698136938591,0.335610682985754,0.996655063182065,1,0.976066666666667,0.0238,0.99957906082761,1,0,0,0.9762,0.9756,0.209736589369231,0.989,0.0048127672135492,0.00259148901735229,1
99,1.56505708613211,0.0929449685659526,0.178856944101868,1,0.989852360592316,0.0452179018557276,0.33352186503046,0.996925585711085,1,0.975866666666667,0.024,0.999733333333333,1,0,0,0.976,0.975,0.202516454861826,0.9884,0.0043566182887602,0.00258017574882902,0.999999999999999
100,1.56783732011733,0.0905654930580818,0.174538794665332,0.999999999999999,0.989316803649382,0.0460473051144573,0.334687088010042,0.996862573573892,0.999999999999999,0.9752,0.0247333333333333,0.999599999999999,0.999999999999999,0,0,0.975266666666666,0.974733333333333,0.199073332853397,0.987733333333333,0.00569201128390405,0.00268206709445592,0.999999999999999
101,1.57250900054932,0.0894809179558969,0.173509255421834,1,0.989297406298248,0.0475033983682213,0.340836683703933,0.996384613368556,1,0.9744,0.0256,0.999404862605378,1,0,0,0.9744,0.974032573302755,0.199131651573485,0.986774405967425,0.00429615077457399,0.00255517045827036,0.999999999999999
102,1.57524670776649,0.0951041088615022,0.18241751586341,0.999999999999999,0.989469981662513,0.051050584899851,0.343742357207557,0.996795729663812,0.999999999999999,0.975,0.025,0.999390397676706,0.999999999999999,0,0,0.975,0.974666666666666,0.206788315364158,0.987948028364218,0.00543223938743634,0.00141485748955546,1
103,1.58157507537496,0.0950469848203576,0.183494714472135,1,0.989571089348742,0.0504670579133577,0.343218291457558,0.996891568668534,1,0.9754,0.0246,0.999537944268194,1,0,0,0.9754,0.975,0.207557384912284,0.98813183908164,0.00485454466005483,0.0027851681367543,0.999999999999999
104,1.58474251136742,0.0927216829696757,0.180921146711799,1,0.99025165999364,0.0490211730963839,0.345266849966162,0.99672619064519,1,0.975800000000001,0.0242,0.999666666666667,1,0,0,0.975800000000001,0.975200000000001,0.204957101788427,0.988728521016328,0.00480474723206574,0.00268639586033765,0.999999999999999
105,1.58808731658034,0.0926572320042853,0.177992549291174,1,0.989933333333334,0.049233559408614,0.346204491703887,0.996846033414085,1,0.973333333333334,0.0266666666666667,0.9996,1,0,0,0.973333333333334,0.972466666666667,0.20410064123602,0.988646262501446,0.00394108764616214,0.0025864589426641,0.999999999999999
106,1.59023858524304,0.0916368443353632,0.18001338010594,1,0.990657317114375,0.0481236405577491,0.34317657359953,0.996555567514317,1,0.9758,0.0242,0.999733333333334,1,0,0,0.9758,0.9756,0.203643181344041,0.988962717204541,0.00262256261043261,0.00328763149968246,1
107,1.58915092900171,0.0929428440218881,0.181875339438086,1,0.989188473061262,0.0461664707881436,0.34912954731458,0.996702464220094,1,0.9756,0.0244,0.999800331496803,1,0,0,0.9756,0.975466666666666,0.206239335866052,0.9882,0.00501020404910132,0.00296276105849833,1
108,1.59237627938803,0.0903061031130095,0.180230018020214,0.999999999999999,0.989163879203015,0.0435210390200045,0.345659417998786,0.996684252298079,0.999999999999999,0.975666666666666,0.0243333333333333,0.999933333333332,0.999999999999999,0,0,0.975666666666666,0.975599999999999,0.204645815555799,0.988333333333332,0.00456841606232919,0.00269703789499696,1
109,1.59535621759145,0.0885082997959542,0.177142647405531,1,0.988987091166038,0.0427329445783198,0.346539030354824,0.996788296496255,1,0.9766,0.0234,1,1,0,0,0.9766,0.976536180478191,0.200558939339537,0.988133333333334,0.00508472878477188,0.00291125442461382,1
110,1.5988017452014,0.0906401667340207,0.18014617506334,0.999999999999999,0.987939529581158,0.0444658577764936,0.34414757674744,0.996905085434385,0.999999999999999,0.977933333333333,0.0220666666666667,0.999999999999999,0.999999999999999,0,0,0.977933333333333,0.977866666666666,0.202225612187109,0.986866666666666,0.00531222367304445,0.00308634316193652,1
111,1.60236048684717,0.0901333333333333,0.178155197927024,1,0.986927093244576,0.0441044149909459,0.342430006720354,0.99671462856672,1,0.9774,0.0226,1,1,0,0,0.9774,0.9774,0.200743678120413,0.9854,0.00527763748629,0.00219380588274888,0.999999999999998
112,1.60730189675677,0.0903320941153754,0.180893640401635,1,0.988037398091776,0.0432386852992175,0.341956110078002,0.996714793096604,1,0.976733333333333,0.0232666666666667,1,1,0,0,0.976733333333333,0.976733333333333,0.204266666666667,0.986066666666666,0.00513150647197297,0.00320791821804443,1
113,1.61039368380589,0.0893307512616191,0.178614942312844,1,0.989286532908748,0.0434742616155108,0.340308290429772,0.996685768600502,1,0.974933333333333,0.0250666666666667,0.999895446587566,1,0,0,0.974933333333333,0.974933333333333,0.203795868310199,0.987327972900282,0.00420882884184854,0.00284794169666362,0.999999999999999
114,1.61258524786887,0.0858974801431149,0.177231589607212,1,0.988533333333333,0.04206172977539,0.34127586140283,0.996618409136429,1,0.973266666666666,0.0267333333333333,0.999839236479824,1,0,0,0.973266666666666,0.973266666666666,0.204165529401281,0.987067403782503,0.00504214274838705,0.00287285922050246,0.999999999999999
115,1.61608340248438,0.0853726638242112,0.179735197436339,0.999999999999999,0.989027148345735,0.0425164679260675,0.348463637413811,0.996560513534401,0.999999999999999,0.973533333333333,0.0264666666666667,0.999933333333333,0.999999999999999,0,0,0.973533333333333,0.973533333333333,0.206252421306788,0.987865885301935,0.00465684018668828,0.00234729577139029,0.999999999999999
116,1.61981581888124,0.0818910866939688,0.171766767524075,0.999999999999999,0.988505010198856,0.0400974119694786,0.351307072504324,0.996494471198782,0.999999999999999,0.973133333333333,0.0268666666666667,0.999949670066771,0.999999999999999,0,0,0.973133333333333,0.973133333333333,0.198261282677898,0.987733333333333,0.00422794380964983,0.00335227306562195,1
117,1.62123424420455,0.0819458651311624,0.170723562183505,1,0.987451823630985,0.0425224933370824,0.349350257829069,0.996617526335865,1,0.970533333333333,0.0294666666666667,0.99999580023253,1,0,0,0.970533333333333,0.970533333333333,0.199796054122217,0.986733333333333,0.0048349158381201,0.00264702768295536,0.999999999999998
118,1.62478132340419,0.0800863891196957,0.17051958133738,1,0.9872,0.0414919868256026,0.348835083472349,0.996803179546146,1,0.969933333333333,0.0300666666666667,0.999754039677678,1,0,0,0.969933333333333,0.969933333333333,0.20065528471047,0.986533333333333,0.00530127582497402,0.00319516800116293,1
119,1.62820328806139,0.0782794493422109,0.166897314626596,0.999999999999999,0.987073760357348,0.0394854495378531,0.353886297468488,0.996499729993224,0.999999999999999,0.969933333333333,0.0300666666666667,0.999666666666666,0.999999999999999,0,0,0.969933333333333,0.969933333333333,0.197507455397173,0.986333333333333,0.00428826427333591,0.00306522179885397,0.999999999999998
120,1.63017582848226,0.0777558261012123,0.167915071516792,1,0.986702619929501,0.0402744801620168,0.356075920008097,0.996756534082182,1,0.968200000000001,0.0318,0.999800000000001,1,0,0,0.968200000000001,0.968200000000001,0.199971422865558,0.986200000000001,0.00446440325304736,0.00245939962617377,1
121,1.63344433693081,0.075586534735882,0.164705138586693,1,0.986136905300989,0.0394240124138039,0.357650487746051,0.996643818555895,1,0.9662,0.0338,0.999615209345119,1,0,0,0.9662,0.9662,0.19892512846563,0.985666666666667,0.00485901103037268,0.00282577600252454,0.999999999999999
122,1.6367655131727,0.0757189253418123,0.162118683422018,1,0.984066666666666,0.0390591108271497,0.355108482914711,0.996774303827545,1,0.964599999999999,0.0354,0.99961118820923,1,0,0,0.964599999999999,0.964599999999999,0.198170003725971,0.983466666666666,0.00508997354475419,0.00272457621676152,0.999999999999999
123,1.64050473925274,0.078684456974423,0.159792116940267,1,0.983399999999999,0.0394920542925578,0.361771220625172,0.996841580511549,1,0.964866666666667,0.0351333333333333,0.999505312924216,1,0,0,0.964866666666667,0.964866666666667,0.195639341318759,0.982399999999999,0.00497483685181557,0.00253562634656209,1
124,1.64450627564665,0.0773867704377029,0.158345918444569,1,0.982883689782191,0.0393301726150187,0.36553779866809,0.996596131898056,1,0.965733333333333,0.0342666666666667,0.999274880471797,1,0,0,0.965733333333333,0.965733333333333,0.193395909721349,0.982666666666666,0.00386763988054252,0.00340631338128184,0.999999999999999
125,1.64519915763628,0.074465464880386,0.156748308555023,1,0.983517202096753,0.0348166290125234,0.361310127955317,0.996566822627118,1,0.966533333333333,0.0334666666666666,0.999141319133024,1,0,0,0.966533333333333,0.966533333333333,0.191031572567402,0.983266666666666,0.00484428822352881,0.0034842359745568,0.999999999999999
126,1.64732703450679,0.0709312510673598,0.152560309084366,1,0.983,0.0311988633755554,0.354733434190412,0.996779682980001,1,0.9678,0.0322,0.998990171234592,1,0,0,0.9678,0.9678,0.185394441198167,0.9824,0.00486959836596693,0.00279378842782192,1
127,1.65074657233639,0.0700659902453652,0.151147569844482,1,0.984126628102861,0.0303891506913389,0.358479182388696,0.99680427178521,1,0.9682,0.0318,0.999310591388248,1,0,0,0.9682,0.9682,0.183312180697445,0.983200000000001,0.00453792799002027,0.0030345018959305,1
128,1.65322834780797,0.0692522939604908,0.149848373185569,1,0.984665800513138,0.02880742063443,0.362036832064952,0.996700453567978,1,0.967866666666667,0.0321333333333333,0.999643361986183,1,0,0,0.967866666666667,0.967866666666667,0.182360146185635,0.983800907177531,0.00522270572076407,0.00312766126407904,1
129,1.65659438627107,0.068322449271427,0.147599124465914,0.999999999999999,0.983616459516006,0.0290098030458882,0.367814840872204,0.996654289351389,0.999999999999999,0.965399999999999,0.0346,0.999599999999999,0.999999999999999,0,0,0.965399999999999,0.965399999999999,0.182845527026292,0.982466666666666,0.00590411822782663,0.00263164102441539,1
130,1.66201555363544,0.0658175238416258,0.151273832486514,0.999999999999999,0.984163344799998,0.0272062309524466,0.362373919828574,0.996775291476565,0.999999999999999,0.964066666666666,0.0359333333333333,0.999482727254197,0.999999999999999,0,0,0.964066666666666,0.964066666666666,0.187799597617863,0.982414107328004,0.00414461993851728,0.0020909833258595,0.999999999999998
131,1.66537983109998,0.0656807433648512,0.150846678664606,1,0.98648118664476,0.0259062483845094,0.366699108148452,0.99646341071982,1,0.961533333333333,0.0384666666666667,0.9992,1,0,0,0.961533333333333,0.961533333333333,0.190085289014103,0.984595451330071,0.00474295849194719,0.00261477733958412,0.999999999999999
132,1.66892406106805,0.0680035958133193,0.153166036112198,1,0.988030782757449,0.0274892985563083,0.364261818504733,0.996594432584988,1,0.961333333333333,0.0386666666666667,0.998970482401375,1,0,0,0.961333333333333,0.961333333333333,0.191956004687448,0.986333333333333,0.00496267130842952,0.00242999192284484,0.999999999999999
133,1.67315091063362,0.0631650992939206,0.148131821385624,1,0.987020918140722,0.0269764755904988,0.365758518457142,0.996847914831615,1,0.9592,0.0408,0.998563403395952,1,0,0,0.9592,0.9592,0.189202111126297,0.985381322728658,0.00635219319923133,0.00272368675347682,1
134,1.67922194949758,0.0615928737650453,0.145999785720434,0.999999999999999,0.987012909175321,0.0283356457684177,0.361515230239296,0.996645555582326,0.999999999999999,0.9592,0.0408,0.998086104310852,0.999999999999999,0,0,0.9592,0.9592,0.187512328748188,0.9846048818364,0.00428433951093922,0.0025766277241255,1
135,1.68208957661341,0.0624429363603001,0.146729814109393,1,0.987533333333333,0.028388796906542,0.360003489474672,0.996577224714304,1,0.958333333333333,0.0416666666666667,0.997950964286015,1,0,0,0.958333333333333,0.958333333333333,0.188810146346813,0.985,0.00386476875726189,0.00316149510951635,0.999999999999999
136,1.68317651811166,0.0624074576250686,0.147988320967659,0.999999999999999,0.986287612546997,0.0297413746552653,0.359489247257928,0.996499796920493,0.999999999999999,0.955533333333333,0.0444666666666667,0.997409138553792,0.999999999999999,0,0,0.955533333333333,0.955533333333333,0.193308527783951,0.983442033809607,0.00518386660844749,0.00329807730227572,0.999999999999999
137,1.68635063438991,0.0646150509963621,0.148475436088563,1,0.985589268054131,0.0314076526779995,0.358155125142371,0.996588132772208,1,0.953333333333334,0.0466666666666667,0.997157507799758,1,0,0,0.953333333333334,0.953333333333334,0.195841216437745,0.983022264995561,0.00427352318923632,0.00268801385075739,1
138,1.68890895125028,0.0645450406130016,0.145119503476978,1,0.987599999999999,0.0304383560944342,0.358839197507123,0.996568754144039,1,0.955266666666666,0.0447333333333333,0.996255474583601,1,0,0,0.955266666666666,0.955266666666666,0.190581662173922,0.984533333333333,0.00489487357477068,0.00331453515467576,1
139,1.69157799895398,0.0635917288385248,0.146864401993215,1,0.988066666666666,0.0293458682971752,0.358683150359048,0.996788397073264,1,0.952133333333333,0.0478666666666666,0.995840906894139,1,0,0,0.952133333333333,0.952133333333333,0.195427107529541,0.98474137341527,0.00496632136788801,0.00302271449078508,1
140,1.6948657615859,0.0626312955866081,0.145662641079225,1,0.988024457088427,0.0291742303543128,0.363294183770956,0.996627089067587,1,0.949133333333333,0.0508666666666667,0.99437416560064,1,0,0,0.949133333333333,0.949133333333333,0.197251609615944,0.984844229217457,0.00352668603665543,0.00247222599227702,0.999999999999999
141,1.69660309665699,0.0597041763546433,0.142680317945119,1,0.987266666666667,0.0289658141562142,0.368611730971644,0.996526850014622,1,0.948666666666667,0.0513333333333333,0.993450152585237,1,0,0,0.948666666666667,0.948666666666667,0.194638278438796,0.983986838506955,0.00547662727303773,0.00317139125381901,1
142,1.70047785772665,0.0623268940291559,0.140604410976075,1,0.988943064011089,0.0293333333333333,0.372177630453861,0.996510279741086,1,0.9502,0.0498,0.993791752956771,1,0,0,0.9502,0.9502,0.19108524037215,0.98607234407315,0.0051692054902124,0.00264711253383156,0.999999999999999
143,1.70470158227988,0.0603624078214058,0.136938204525459,0.999999999999998,0.988333333333332,0.0287203600012449,0.370282923662417,0.996496269514229,0.999999999999998,0.949799999999999,0.0502,0.993729688547627,0.999999999999998,0,0,0.949799999999999,0.949799999999999,0.187844970142747,0.985599999999999,0.00415918829593375,0.00321248334783934,1
144,1.70624547710492,0.0627243174322888,0.138605830122695,0.999999999999999,0.989127621805329,0.0302701497046563,0.369805755152979,0.996560926806163,0.999999999999999,0.950266666666666,0.0497333333333334,0.994025779703829,0.999999999999999,0,0,0.950266666666666,0.950266666666666,0.188835687920699,0.986176839723234,0.00439145393357727,0.00253764549102891,1
145,1.70940852937544,0.0657449722785776,0.140322120801542,0.999999999999999,0.989311914496643,0.0309240345718312,0.374909235318993,0.996644101718809,0.999999999999999,0.946866666666666,0.0531333333333333,0.99379662154998,0.999999999999999,0,0,0.946866666666666,0.946866666666666,0.194022400891031,0.986625045956398,0.00435539974720449,0.00314842975171198,0.999999999999999
146,1.71147173418043,0.065676527070938,0.139141244220826,0.999999999999999,0.988599999999999,0.0322274827280298,0.374817368299947,0.996546918890587,0.999999999999999,0.947199999999999,0.0528,0.994758674009176,0.999999999999999,0,0,0.947199999999999,0.947199999999999,0.192712384195199,0.986070348194618,0.00417458016690669,0.00307611534634816,1
147,1.71335172567181,0.0673901608210548,0.142612259613994,1,0.9892,0.0334655723719036,0.374710675904083,0.996650956883616,1,0.950333333333333,0.0496666666666666,0.994387114309008,1,0,0,0.950333333333333,0.950333333333333,0.192949631678254,0.986354771566808,0.00434481455671484,0.00290249546813929,0.999999999999999
148,1.71582292557119,0.0673479188671083,0.143944916366245,1,0.988933333333333,0.0333007795248102,0.373806299166603,0.996671181226505,1,0.951866666666666,0.0481333333333333,0.993636682590317,1,0,0,0.951866666666666,0.951866666666666,0.192544818397213,0.987089483419723,0.00487622753205442,0.00261397500914801,0.999999999999999
149,1.71968967825968,0.0683741582334964,0.144090219758552,0.999999999999999,0.98863981739825,0.0353210319174858,0.379102227025041,0.996599965397638,0.999999999999999,0.9506,0.0494,0.994067665767679,0.999999999999999,0,0,0.9506,0.9506,0.193991265441865,0.987133333333333,0.00491675444209398,0.00293965439361163,0.999999999999999
150,1.72293992369952,0.0709609069305152,0.149903753858192,1,0.989533333333333,0.0354382271018296,0.375351607096116,0.996493336400133,1,0.953733333333333,0.0462666666666667,0.994825566505245,1,0,0,0.953733333333333,0.953733333333333,0.1967819219464,0.98816088669527,0.00420602359642653,0.00293054741068654,1
151,1.72513749254166,0.0701299409416552,0.149420342737531,1,0.990933333333333,0.0358984281266673,0.381563322558292,0.996821309274881,1,0.953333333333333,0.0466666666666666,0.995431513473335,1,0,0,0.953333333333333,0.953333333333333,0.196794442148164,0.988866666666667,0.00480089973947133,0.00292778105811928,0.999999999999999
152,1.72836887980684,0.0688446026808441,0.150334119044102,1,0.9902,0.0372262281057582,0.375470624825047,0.996676663395894,1,0.954066666666667,0.0459333333333334,0.995535385925466,1,0,0,0.954066666666667,0.954066666666667,0.19656569327413,0.988010400545691,0.00522922771904764,0.00324833043448246,1
153,1.73179260102758,0.067466668782035,0.150343912273008,1,0.98993521671626,0.0358742860766814,0.373488727997137,0.996518728911198,1,0.954933333333334,0.0450666666666667,0.996165258046451,1,0,0,0.954933333333334,0.954933333333334,0.195780289227396,0.987666666666667,0.00463443854600167,0.00291942553366566,0.999999999999999
154,1.73476264787301,0.0678038044679556,0.149583887872741,1,0.990209192428145,0.0365206562341032,0.379657582205832,0.996714701952322,1,0.958666666666666,0.0413333333333333,0.996900297018211,1,0,0,0.958666666666666,0.958666666666666,0.191397227994752,0.98791483719154,0.00497811543769368,0.00278170558422607,0.999999999999999
155,1.73857289764622,0.0656,0.147242990655274,1,0.990533565441074,0.0371176629901237,0.387799966734998,0.996765207440759,1,0.959866666666667,0.0401333333333333,0.996920966141191,1,0,0,0.959866666666667,0.959866666666667,0.188085540229736,0.98741465855657,0.004568390289792,0.0028536126257865,1
156,1.74155416361835,0.0643798513349754,0.144253048733616,1,0.991383115761983,0.0379646215395823,0.380904124709241,0.996690499081416,1,0.958733333333333,0.0412666666666667,0.996918596660291,1,0,0,0.958733333333333,0.958733333333333,0.185726567923036,0.98846089007544,0.00549941163125439,0.00293658168209882,1
157,1.74601747078695,0.0650117698817297,0.143148386543947,1,0.9906,0.0381345503995328,0.379741884584206,0.996699163999394,1,0.956933333333334,0.0430666666666667,0.995855401081495,1,0,0,0.956933333333334,0.956933333333334,0.186604666388405,0.988164667292221,0.00457681661140566,0.00245257832949887,1
158,1.74968193523244,0.0664745313263229,0.1436,1,0.991663282740348,0.0407467030191966,0.380922731231411,0.996680176792518,1,0.957266666666666,0.0427333333333333,0.995880747363796,1,0,0,0.957266666666666,0.957266666666666,0.186771016725067,0.989466666666666,0.00421979528562564,0.00271596292261745,0.999999999999999
159,1.75231316355161,0.0654206029056628,0.144475831785902,1,0.991066666666667,0.0404661547089174,0.372581498813681,0.996664733140637,1,0.9576,0.0424,0.996584064702904,1,0,0,0.9576,0.9576,0.187380305204637,0.989364745411689,0.00369437646629061,0.00240395040393241,1
160,1.75457439412727,0.067225565992691,0.149899151520436,1,0.9918,0.041279165042069,0.374436421939006,0.996649282227227,1,0.954333333333333,0.0456666666666667,0.995224000986664,1,0,0,0.954333333333333,0.954333333333333,0.196192343412925,0.990266666666667,0.0048832949679331,0.00285713610428484,1
161,1.75812917950287,0.0692014673714805,0.148862820590398,1,0.993,0.041350775773545,0.379993019521952,0.996792629496736,1,0.953333333333333,0.0466666666666667,0.99542284722981,1,0,0,0.953333333333333,0.953333333333333,0.196464774203597,0.990933333333333,0.00517664073166784,0.00247665944418153,0.999999999999999
162,1.76286198450138,0.0680604290792757,0.146550407472456,1,0.993669716485358,0.0403076463784201,0.380899171007372,0.996608972265516,1,0.954266666666667,0.0457333333333333,0.996128711623669,1,0,0,0.954266666666667,0.954266666666667,0.192767237527292,0.992367996536112,0.00428574811923477,0.00219302295798278,0.999999999999999
163,1.76655117013217,0.0696459799949177,0.151334910532276,1,0.994313732811945,0.0406293665690248,0.380065945369717,0.996472326943696,1,0.951,0.049,0.995554013932756,1,0,0,0.951,0.951,0.20116146944361,0.993133333333333,0.00413468888247487,0.00324369459544352,1
164,1.76800738705449,0.0724450438308855,0.154247925274774,1,0.993880426704917,0.0422084069305955,0.37659998480354,0.996690947207366,1,0.950533333333333,0.0494666666666666,0.995656353457167,1,0,0,0.950533333333333,0.950533333333333,0.204631911521685,0.992327165001136,0.00499577418131221,0.00330967286638749,1
165,1.77094903966042,0.0722893796961906,0.158502994802812,1,0.993333333333334,0.0432422503858131,0.387752912129211,0.996719223684927,1,0.952866666666666,0.0471333333333333,0.995125072140301,1,0,0,0.952866666666666,0.952866666666666,0.206614695581754,0.992046448599218,0.00402890882893898,0.0022764758536842,0.999999999999999
166,1.77405250915502,0.0717421615115299,0.156988683771068,1,0.9936,0.0435749082539803,0.390621253234141,0.9966913340127,1,0.952400000000001,0.0476,0.994221068386563,1,0,0,0.952400000000001,0.952400000000001,0.20543435138885,0.992558487074169,0.00405813592624693,0.00258381982671749,1
167,1.7765497531634,0.0732258655954104,0.158778903883667,1,0.992866666666666,0.0440060447820674,0.383944414153249,0.996776612226505,1,0.952666666666667,0.0473333333333333,0.995195149658586,1,0,0,0.952666666666667,0.952666666666667,0.206638917787102,0.992133333333333,0.00345323101313659,0.0031401945957272,1
168,1.77710587793348,0.0713790234558563,0.157707800586866,1,0.993732013853545,0.0425852137659757,0.389667724841308,0.996554907521136,1,0.951666666666667,0.0483333333333333,0.996400000000001,1,0,0,0.951666666666667,0.951666666666667,0.206463469158255,0.993023361746193,0.0042283037673905,0.00244401145029255,1
169,1.78027675429815,0.0753347944480278,0.163879468379375,0.999999999999999,0.994733333333332,0.0462815468719607,0.393835436968683,0.996464907212244,0.999999999999999,0.955266666666666,0.0447333333333333,0.996883951125847,0.999999999999999,0,0,0.955266666666666,0.955266666666666,0.209047655704867,0.993866666666666,0.00467182413196701,0.00259363853209652,1
170,1.78376433909618,0.0729214771377115,0.163833179034962,1,0.9946,0.0444,0.390442758114887,0.996454771196921,1,0.953066666666667,0.0469333333333333,0.996058036657888,1,0,0,0.953066666666667,0.953066666666667,0.211355483774827,0.993866666666667,0.00482106333485731,0.00235591862178901,1
171,1.78816157632606,0.0730889823943547,0.164345819255647,1,0.993940623494507,0.045063453424467,0.382908490396833,0.996819999579363,1,0.949733333333334,0.0502666666666667,0.99637983266267,1,0,0,0.949733333333334,0.949733333333334,0.21528140434,0.993212664953419,0.0045921285789973,0.00212806064217518,0.999999999999998
172,1.79256772793214,0.0764683091144839,0.168540250744181,1,0.994600000000001,0.04681922105389,0.379329944755101,0.996681607598874,1,0.951933333333334,0.0480666666666666,0.996755357020978,1,0,0,0.951933333333334,0.951933333333334,0.217327628300101,0.993733333333334,0.00537010329734628,0.00306931018779442,0.999999999999999
173,1.79669205540898,0.0805075404137986,0.168398259248317,1,0.995123776454412,0.0490728829572886,0.390256355406712,0.996833926480949,1,0.954800000000001,0.0452,0.995943971965855,1,0,0,0.954800000000001,0.954800000000001,0.214188821344336,0.994201853581086,0.00351362233444338,0.00347071347009461,1
174,1.79676914942466,0.0794998960098026,0.165121778784095,1,0.9954,0.0480273040200381,0.398140159222491,0.996646984764862,1,0.953466666666666,0.0465333333333333,0.995209225623187,1,0,0,0.953466666666666,0.953466666666666,0.212227833150615,0.9948,0.00447517388339393,0.00260616540616042,0.999999999999999
175,1.80012732619656,0.0779641307935605,0.166086862810841,0.999999999999999,0.995222183838827,0.0467401066680162,0.39872941606411,0.996855781102306,0.999999999999999,0.956333333333333,0.0436666666666666,0.995378519595024,0.999999999999999,0,0,0.956333333333333,0.956333333333333,0.210823783179757,0.994784720892872,0.00451361093833591,0.00307268907470258,1
176,1.8027211690182,0.0745590616463294,0.16232650973141,1,0.994533333333333,0.0468452707176878,0.395095031019891,0.996362112382239,1,0.956466666666666,0.0435333333333333,0.995298657554412,1,0,0,0.956466666666666,0.956466666666666,0.2069357641328,0.994074752974701,0.00580368550435933,0.00319945667826196,0.999999999999998
177,1.80741586745198,0.0729952423679221,0.163478952884385,1,0.995125213626526,0.0458702804318277,0.396991426645125,0.996826514679896,1,0.956666666666666,0.0433333333333333,0.994959007962064,1,0,0,0.956666666666666,0.956666666666666,0.207633707584691,0.994866666666666,0.00405322402066267,0.00257543135007201,0.999999999999999
178,1.81008685337361,0.0712092815983819,0.161932347788147,1,0.993333333333333,0.0465616797417254,0.397723020578422,0.996832705622264,1,0.959666666666666,0.0403333333333333,0.995606130573153,1,0,0,0.959666666666666,0.959666666666666,0.203169667620878,0.993133333333333,0.00501215700564416,0.0031862410955601,0.999999999999999
179,1.81327124730092,0.0743421545828829,0.164288117009088,0.999999999999999,0.991266666666666,0.0499638899250261,0.404043841810258,0.996602451100046,0.999999999999999,0.9594,0.0406,0.995923483845477,0.999999999999999,0,0,0.9594,0.9594,0.205808516910616,0.991022774926069,0.00478834405944203,0.00332774822117625,0.999999999999999
180,1.81591970373838,0.0734621549378646,0.163583805166111,1,0.991903583087279,0.0496516066957717,0.404319609312274,0.996563489441422,1,0.96,0.04,0.996066666666667,1,0,0,0.96,0.96,0.204304415311366,0.991533333333334,0.00522723805793122,0.00325181836059781,1
181,1.81942094421886,0.0741620353750222,0.166290366754505,1,0.993133333333333,0.0482882651392138,0.398714637860352,0.996472038907188,1,0.960866666666667,0.0391333333333333,0.9954,1,0,0,0.960866666666667,0.960866666666667,0.206112646085545,0.992266666666666,0.00411002441959801,0.0023046101345318,1
182,1.82258445805249,0.0739291942166195,0.165584873395544,1,0.993964099227702,0.046649052040928,0.401742379041069,0.99659295345396,1,0.962666666666666,0.0373333333333333,0.995387313763248,1,0,0,0.962666666666666,0.962666666666666,0.203530414577915,0.993290933233431,0.00427000531676093,0.0026178188105305,1
183,1.82559570750055,0.0756420804120638,0.16631608287953,1,0.994050936802091,0.048000960176582,0.400968285420531,0.996475031632945,1,0.963266666666666,0.0367333333333333,0.994876239238671,1,0,0,0.963266666666666,0.963266666666666,0.204076055357187,0.993168010119796,0.00459291053496862,0.00346988454662707,1
184,1.82752419254378,0.0720262103336868,0.16447843722368,1,0.993666666666667,0.0466225810794733,0.403328117021884,0.996734641038374,1,0.965333333333333,0.0346666666666667,0.994320662603424,1,0,0,0.965333333333333,0.965333333333333,0.20018042403157,0.992557720657826,0.00476072224834105,0.00351486038947647,0.999999999999999
185,1.82977311167881,0.0721920102477817,0.163460679321093,0.999999999999999,0.992999999999999,0.049582028827101,0.406736464054018,0.996613429965405,0.999999999999999,0.965066666666666,0.0349333333333333,0.993946223249179,0.999999999999999,0,0,0.965066666666666,0.965066666666666,0.198939982830522,0.991933333333333,0.00496412643842167,0.00325386446585888,1
186,1.83290250305013,0.0710435729920475,0.161404791985273,1,0.992133333333334,0.0479455416049737,0.405140207493753,0.996591134922076,1,0.964,0.036,0.99366109582859,1,0,0,0.964,0.964,0.197865681844161,0.9912,0.00541374998500038,0.00243686782553966,1
187,1.83835883781149,0.0700588192344856,0.158730868610435,1,0.991583980144979,0.0468803003404919,0.404478162689891,0.996610544284304,1,0.964,0.036,0.99369252237435,1,0,0,0.964,0.964,0.195449775001526,0.991066666666667,0.00463971158271117,0.00295013238123509,1
188,1.84146489066871,0.0678058461757644,0.159794339216712,0.999999999999999,0.991011674728773,0.0444137248627023,0.411198965961579,0.996888756799332,0.999999999999999,0.965133333333333,0.0348666666666666,0.993561576130343,0.999999999999999,0,0,0.965133333333333,0.965133333333333,0.195640358027056,0.990141406576739,0.00482431243327291,0.00248270991739689,1
189,1.84572039432118,0.0649179191999239,0.157681324688492,0.999999999999999,0.990962826408731,0.041444132089246,0.409224662564358,0.996588262480641,0.999999999999999,0.965866666666666,0.0341333333333333,0.994457392822819,0.999999999999999,0,0,0.965866666666666,0.965866666666666,0.19272651630334,0.990066666666666,0.0047477062495829,0.00259126741785434,0.999999999999999
190,1.84966329316933,0.0613215243236232,0.152577806930051,1,0.991506594602212,0.040261371963311,0.40794968563503,0.996601994377234,1,0.9648,0.0352,0.994320154514618,1,0,0,0.9648,0.9648,0.188430580255848,0.991033295202535,0.00397410077485429,0.00408184271403191,0.999999999999999
191,1.84937044897077,0.0645680507976639,0.158461095240989,1,0.991866666666667,0.042771960945061,0.412101762703295,0.996594562632699,1,0.962666666666667,0.0373333333333333,0.993234330863697,1,0,0,0.962666666666667,0.962666666666667,0.196506740012708,0.991017158943211,0.00466834898513925,0.00209123612987806,0.999999999999999
192,1.85413648532896,0.0646457475785336,0.161842899462303,1,0.992711360892481,0.0427550013572018,0.411759969057183,0.99665732990394,1,0.964066666666667,0.0359333333333333,0.995235510094964,1,0,0,0.964066666666667,0.964066666666667,0.198361321707855,0.991821359565126,0.0042537104358489,0.00341051890141101,0.999999999999999
193,1.85569987751708,0.0661804964389524,0.162549788442872,1,0.992733333333333,0.0440479925963775,0.407371581591046,0.996774686571411,1,0.964466666666667,0.0355333333333333,0.995979873842201,1,0,0,0.964466666666667,0.964466666666667,0.198618458802926,0.991994045153266,0.0044738083596634,0.00273699401028129,1
194,1.8589228836925,0.0660477821347935,0.161875374523529,1,0.992666666666666,0.0440565058119152,0.408583311716379,0.996772104572361,1,0.964933333333334,0.0350666666666667,0.996239991106156,1,0,0,0.964933333333334,0.964933333333334,0.197807402881124,0.992066666666667,0.00435647086078479,0.00304333509377281,0.999999999999999
195,1.86136390181919,0.0623916898629091,0.156947077089742,1,0.992731249273236,0.0416,0.416545283110846,0.99657607127201,1,0.965333333333333,0.0346666666666667,0.996636233281955,1,0,0,0.965333333333333,0.965333333333333,0.192066027926098,0.991621068026146,0.00403389747934203,0.00312270692880798,1
196,1.86305995901763,0.0594910944658583,0.154369641463804,0.999999999999999,0.992866666666666,0.0399188630649226,0.425517663603998,0.996760908997406,0.999999999999999,0.965666666666666,0.0343333333333333,0.996266666666666,0.999999999999999,0,0,0.965666666666666,0.965666666666666,0.189260361467121,0.991733333333333,0.00525253266207649,0.002759388860996,1
197,1.8677048354055,0.0615228974092187,0.154193245094732,1,0.992344119838318,0.0413181914694074,0.430872977729804,0.996564347765654,1,0.966000000000001,0.034,0.995933333333334,1,0,0,0.966000000000001,0.966000000000001,0.188923477384344,0.991266666666667,0.00532201829208043,0.00290186859530155,0.999999999999999
198,1.87222496069658,0.0641242139641665,0.157201700795069,1,0.991686393600401,0.0441158760529358,0.436946834797517,0.996656094379356,1,0.963666666666667,0.0363333333333333,0.994366183029846,1,0,0,0.963666666666667,0.963666666666667,0.19431514860285,0.991133333333334,0.00495351497361987,0.00278840261064904,1
199,1.87627853810524,0.0623909121997774,0.154458629439659,1,0.991832031457424,0.0417769130375105,0.436054578878992,0.99675773983491,1,0.961133333333333,0.0388666666666667,0.995585748410228,1,0,0,0.961133333333333,0.961133333333333,0.194464316091576,0.991066666666667,0.00412673462532094,0.0031814899069567,1
200,1.87805208048357,0.0590769662031178,0.145873670251038,1,0.9918,0.0404951497257236,0.436613606461561,0.996649108793624,1,0.961666666666666,0.0383333333333333,0.996237251712518,1,0,0,0.961666666666666,0.961666666666666,0.185479730725944,0.991,0.00496387958138982,0.00340627224315289,1
201,1.88097734818572,0.0603402950108858,0.147883249041816,1,0.992389370182252,0.0429578088877442,0.439805942987197,0.996538856276093,1,0.961533333333333,0.0384666666666667,0.996128008752406,1,0,0,0.961533333333333,0.961533333333333,0.18746160815058,0.991933333333333,0.00532828821086754,0.00252029211000598,1
202,1.88625912524523,0.0600292813941216,0.147660400912231,1,0.99387159754036,0.0411170279500897,0.442428873326714,0.99680425837567,1,0.959933333333333,0.0400666666666667,0.996088413639249,1,0,0,0.959933333333333,0.959933333333333,0.188704523629708,0.9934,0.0045067929237751,0.00284753567380527,1
203,1.88938891437412,0.0592391234533487,0.145240786142715,0.999999999999999,0.993733333333333,0.0395828472867004,0.445944075798452,0.996709495004982,0.999999999999999,0.959333333333333,0.0406666666666667,0.995434121642707,0.999999999999999,0,0,0.959333333333333,0.959333333333333,0.186780555698757,0.99272238936226,0.00516002482894938,0.00279068491672448,1
204,1.89384982050414,0.0614506612090042,0.148160144178124,1,0.993468432092799,0.0404361123236799,0.448767968554753,0.996512733915891,1,0.960133333333334,0.0398666666666667,0.995660349158393,1,0,0,0.960133333333334,0.960133333333334,0.188266666666667,0.992165120655479,0.00570680623747535,0.00297883194878667,0.999999999999999
205,1.89880551378888,0.0617438826289506,0.149267691571584,1,0.9938,0.0398513030087307,0.451832282296238,0.996743901742193,1,0.956733333333333,0.0432666666666667,0.996866666666667,1,0,0,0.956733333333333,0.956733333333333,0.193175544712095,0.992533333333333,0.00400330988577113,0.00320258355407037,1
206,1.90032593736255,0.0605658354781848,0.150469679242981,1,0.993866666666667,0.0387890698448652,0.453698838397874,0.996868213904278,1,0.955466666666667,0.0445333333333333,0.996417998712944,1,0,0,0.955466666666667,0.955466666666667,0.195666666666667,0.9926,0.00601641131554234,0.00281014446546891,1
207,1.90629220102402,0.0588675882392824,0.147022346149362,1,0.993066666666666,0.0375896239395445,0.447771666063529,0.996623360511597,1,0.954266666666666,0.0457333333333333,0.996246807204341,1,0,0,0.954266666666666,0.954266666666666,0.193222678630124,0.992066666666666,0.0043928948936569,0.0031109688475391,1
208,1.90873592664803,0.0589522970696941,0.147381274624931,1,0.992319785134037,0.0378811417765473,0.450429941267568,0.996633209940675,1,0.954266666666667,0.0457333333333333,0.997091355570667,1,0,0,0.954266666666667,0.954266666666667,0.193760696284669,0.991466666666667,0.00500049604142525,0.00241271688006583,1
209,1.91367531370354,0.0605707579480942,0.148025395232746,1,0.992733333333333,0.0378,0.448745947710846,0.996485031355181,1,0.955266666666666,0.0447333333333333,0.997352411313623,1,0,0,0.955266666666666,0.955266666666666,0.193322330360962,0.992133333333333,0.00522120836520478,0.00317700884360783,1
210,1.91745966951006,0.0614930267870031,0.150455438563148,0.999999999999999,0.993693901653433,0.0395376706921589,0.444679796571293,0.996870422290489,0.999999999999999,0.954399999999999,0.0456,0.996533333333333,0.999999999999999,0,0,0.954399999999999,0.954399999999999,0.196717592214368,0.992533333333333,0.00546231130513465,0.00254938157406458,0.999999999999999
211,1.9230450947895,0.0571829902304656,0.142863998749717,0.999999999999999,0.994066666666666,0.0376631624638909,0.444779707345542,0.996887274213553,0.999999999999999,0.955466666666666,0.0445333333333333,0.9962,0.999999999999999,0,0,0.955466666666666,0.955466666666666,0.188427624814069,0.993133333333333,0.00438044128576568,0.00290530553687938,0.999999999999999
212,1.92588184735555,0.0566182620464784,0.144797516080678,1,0.994466666666667,0.0381888240822729,0.451370948708888,0.996728271204828,1,0.956533333333334,0.0434666666666667,0.996333333333334,1,0,0,0.956533333333334,0.956533333333334,0.189129203669785,0.993266666666667,0.00414689835029348,0.00316031893526263,1
213,1.92778188274193,0.0553057040014728,0.142609632379761,1,0.99413336524512,0.0383803691492936,0.449490114262168,0.996713061867155,1,0.955333333333333,0.0446666666666667,0.995733333333334,1,0,0,0.955333333333333,0.955333333333333,0.188128957430427,0.993266666666667,0.00493857284050218,0.00263027268153214,1
214,1.93223178196832,0.0524990122713942,0.145035158347354,1,0.994564594610527,0.0365930377859279,0.445575603298443,0.996610805421009,1,0.955866666666667,0.0441333333333333,0.996016699682484,1,0,0,0.955866666666667,0.955866666666667,0.189922893522691,0.993733333333333,0.00412223639629299,0.00326225019307791,1
215,1.93389347464223,0.0541385562594889,0.146754126418868,1,0.995133333333333,0.0367344394018955,0.450202356444386,0.996550951885215,1,0.958866666666667,0.0411333333333333,0.996497768964773,1,0,0,0.958866666666667,0.958866666666667,0.188461766501412,0.994666666666667,0.00492267730107488,0.00273365398389673,1
216,1.93812681255116,0.0513915173719371,0.143737412302583,0.999999999999999,0.994933333333332,0.035391852015854,0.444593514934344,0.996804727063291,0.999999999999999,0.956933333333333,0.0430666666666667,0.996041426541557,0.999999999999999,0,0,0.956933333333333,0.956933333333333,0.187463784882206,0.994679633772908,0.00510260419464631,0.00350225096105256,1
217,1.94109929160857,0.0491515270404178,0.137515065540673,1,0.993733333333333,0.0341048838480215,0.447589843362547,0.996746625284812,1,0.953533333333333,0.0464666666666667,0.99632467186949,1,0,0,0.953533333333333,0.953533333333333,0.18486029133772,0.9936,0.00393891694657018,0.00267064292334353,1
218,1.94356113741662,0.0485293670972235,0.134734563931009,1,0.993466666666667,0.0340533459586255,0.441135338360801,0.996545895590717,1,0.955733333333333,0.0442666666666666,0.995933333333333,1,0,0,0.955733333333333,0.955733333333333,0.179783946706187,0.993333333333333,0.00492122582983102,0.00238007855466687,0.999999999999999
219,1.94850001250508,0.0510213263330453,0.136646229918969,0.999999999999999,0.994264025652556,0.0345401942575224,0.438061198841954,0.996821180870018,0.999999999999999,0.957599999999999,0.0424,0.995231140017499,0.999999999999999,0,0,0.957599999999999,0.957599999999999,0.17971492428093,0.994133333333332,0.00399317735928084,0.00297704567883149,1
220,1.95047994509714,0.0504666967241603,0.134233983294639,1,0.994656504392782,0.0328386152685808,0.442648703212769,0.996639480030744,1,0.956933333333334,0.0430666666666667,0.995730183241019,1,0,0,0.956933333333334,0.956933333333334,0.177814664966679,0.994533333333334,0.00497009124831477,0.00314584216189677,1
221,1.95377804236238,0.0536040623807247,0.134174033305256,1,0.994389342554657,0.0331758850423538,0.447252418247128,0.996518666508156,1,0.9584,0.0416,0.995506011015306,1,0,0,0.9584,0.9584,0.176191702520065,0.994066666666667,0.0046549544191302,0.00273760244310475,1
222,1.95752412255262,0.0541760804581919,0.13534365917768,1,0.9952,0.0318685354299634,0.44237829127528,0.99656999791495,1,0.9582,0.0418,0.996279354838907,1,0,0,0.9582,0.9582,0.177628272488739,0.9946,0.00428954898542148,0.00322948955801776,1
223,1.9595992144531,0.0547339015788636,0.132136768654401,1,0.995640822279338,0.0317825418210131,0.437261870962179,0.996764231378145,1,0.956666666666666,0.0433333333333333,0.996616412233822,1,0,0,0.956666666666666,0.956666666666666,0.176119911873937,0.994866666666666,0.00405063343841774,0.00197356118246681,0.999999999999999
224,1.96366944361422,0.0545203590970091,0.131324460085702,0.999999999999999,0.994866301622564,0.0320519975861402,0.435412459586305,0.996749623351866,0.999999999999999,0.955733333333333,0.0442666666666666,0.996459339868284,0.999999999999999,0,0,0.955733333333333,0.955733333333333,0.176072415499819,0.993933333333333,0.00519970721330871,0.00266226498255878,0.999999999999999
225,1.96865214138768,0.056901244135338,0.136488926148383,1,0.994878545377033,0.0339488147265243,0.433341793631307,0.996790426813438,1,0.959,0.041,0.996146374017788,1,0,0,0.959,0.959,0.178007063617473,0.993666666666667,0.00440479030207439,0.00288544032225266,0.999999999999998
226,1.97164321297897,0.0548850700441398,0.135253268102134,1,0.995933333333333,0.0316591903176081,0.4305037211338,0.996652182050087,1,0.9582,0.0418,0.995627283505393,1,0,0,0.9582,0.9582,0.177375200093413,0.9946,0.00487796529672662,0.00236791433105772,1
227,1.97659213792967,0.0536544951207187,0.133759537496944,1,0.995984168518326,0.0306245433203497,0.434239316962302,0.996766755579626,1,0.9588,0.0412,0.995911265468441,1,0,0,0.9588,0.9588,0.175322644492666,0.994933333333333,0.00447601174707089,0.00336218149438019,0.999999999999999
228,1.97879372605012,0.0528028727897222,0.134143885013667,1,0.996000000000001,0.0304093752644551,0.436110019816837,0.996715945418196,1,0.958933333333334,0.0410666666666667,0.996373905569918,1,0,0,0.958933333333334,0.958933333333334,0.1757531869377,0.995266666666667,0.00482777173242728,0.00298476940467699,0.999999999999999
229,1.98244064749337,0.0527369342186086,0.133158096027935,1,0.996333333333334,0.0293351625780735,0.433802846158576,0.996703621484447,1,0.9604,0.0396,0.996710536137933,1,0,0,0.9604,0.9604,0.174016375097503,0.995133333333334,0.00470276456373328,0.00260333542452705,0.999999999999999
230,1.98660264115547,0.0510386381581171,0.131621157366334,0.999999999999999,0.996411704051224,0.0279039215647174,0.433947242726562,0.996503435508583,0.999999999999999,0.959666666666666,0.0403333333333333,0.996829087383147,0.999999999999999,0,0,0.959666666666666,0.959666666666666,0.172676431094058,0.995533333333333,0.00530184716789584,0.00249111134106741,1
231,1.99218645637263,0.05215014812517,0.129336278302616,0.999999999999999,0.997131347700348,0.0278471697073296,0.437151372691941,0.99655724368669,0.999999999999999,0.960933333333332,0.0390666666666667,0.996733333333332,0.999999999999999,0,0,0.960933333333332,0.960933333333332,0.169087156221849,0.996266666666666,0.00478719486997568,0.00250666508836446,0.999999999999999
232,1.99672969691691,0.0504761276864828,0.128089186529604,1,0.996900099865082,0.0275198700304992,0.446018549615751,0.996612387715687,1,0.961,0.039,0.996761482161288,1,0,0,0.961,0.961,0.167578164838947,0.996266666666667,0.00457594870596457,0.0028064591572254,1
233,2.00026288924726,0.0513745574593615,0.129167320910203,1,0.9972,0.026540363447195,0.440801854071795,0.996819439435001,1,0.9616,0.0384,0.996370116684283,1,0,0,0.9616,0.9616,0.168339132687345,0.996533333333333,0.00460555869277248,0.00286073987691228,1
234,2.00375298557309,0.0515238591524686,0.133796362928974,1,0.997333333333333,0.0257862819819734,0.442990979699407,0.996218114846609,1,0.9628,0.0372,0.996523855323047,1,0,0,0.9628,0.9628,0.171716873466401,0.996771122296038,0.00481957029719181,0.00306565555216372,1
235,2.00726739747988,0.0496719549366409,0.133271633073704,1,0.997533333333334,0.0260137981776202,0.450192271314175,0.996527525385678,1,0.964666666666666,0.0353333333333333,0.996556549939515,1,0,0,0.964666666666666,0.964666666666666,0.169313883362896,0.997078577576784,0.00469553595056557,0.00264105711260493,1
236,2.01139128587013,0.0474699528120257,0.127880965150912,1,0.997933333333333,0.0232956765490666,0.453824099428878,0.996738410729955,1,0.963066666666667,0.0369333333333333,0.99583203369735,1,0,0,0.963066666666667,0.963066666666667,0.165606564468357,0.997522749220645,0.00449355995173341,0.00279116110821519,0.999999999999999
237,2.01481547606905,0.0470095339904893,0.12623251047119,0.999999999999999,0.998581917600438,0.0227015451244016,0.451181050517248,0.996768542627447,0.999999999999999,0.963933333333333,0.0360666666666667,0.996444349712304,0.999999999999999,0,0,0.963933333333333,0.963933333333333,0.162491036994742,0.998,0.00451773723976568,0.00279064189885398,1
238,2.01829525449057,0.0480124059912082,0.128261620347825,0.999999999999999,0.998666666666666,0.0249125277282885,0.457219786100562,0.99681754003544,0.999999999999999,0.965666666666666,0.0343333333333333,0.997194942304371,0.999999999999999,0,0,0.965666666666666,0.965666666666666,0.163135037912085,0.998466666666666,0.00411080360997265,0.00359276795046263,0.999999999999999
239,2.01934080340381,0.0470686904531335,0.12935840739601,0.999999999999999,0.998799999999999,0.0233333333333333,0.454588501015714,0.996583326010802,0.999999999999999,0.968066666666666,0.0319333333333333,0.997354169677966,0.999999999999999,0,0,0.968066666666666,0.968066666666666,0.161910092338127,0.998470152530739,0.00456251967631486,0.00321632659119319,1
240,2.02200171582324,0.0471333333333334,0.131675101849097,1,0.998733333333333,0.0232,0.450423964075185,0.996728115060808,1,0.9672,0.0328,0.99667867552611,1,0,0,0.9672,0.9672,0.164899042127419,0.99827038621353,0.00426036541902762,0.00304732241551287,1
241,2.02445449085772,0.0451333333333333,0.127961910850237,0.999999999999999,0.998733333333333,0.0220635865490298,0.45546459854911,0.996538573732511,0.999999999999999,0.968133333333334,0.0318666666666667,0.997078086136414,0.999999999999999,0,0,0.968133333333334,0.968133333333334,0.160316046351812,0.998399999999999,0.00474835188361659,0.00258098706791777,1
242,2.02884222229218,0.0423237184737003,0.126933513405387,1,0.998533333333334,0.0195454062639143,0.449516883781206,0.996907906370802,1,0.970333333333334,0.0296666666666667,0.997279504866515,1,0,0,0.970333333333334,0.970333333333334,0.157176410360745,0.997933333333334,0.00487752937206686,0.0032992468604897,1
243,2.03204430849038,0.0409450102511274,0.125159757692284,1,0.9986,0.0192666666666667,0.455270778542041,0.996748361630632,1,0.970733333333333,0.0292666666666667,0.997339859643364,1,0,0,0.970733333333333,0.970733333333333,0.154910698014143,0.998197022320911,0.00567373067583879,0.0027050600363949,0.999999999999999
244,2.03807677876704,0.0433468622627889,0.123400673029898,1,0.998333333333334,0.0197284040524116,0.449237697292951,0.997002270070547,1,0.969533333333334,0.0304666666666667,0.997800000000001,1,0,0,0.969533333333334,0.969533333333334,0.154279969098647,0.998066666666667,0.00478891326736513,0.00296728570730639,0.999999999999999
245,2.04178939559676,0.042393399467442,0.125571407287454,1,0.998533333333333,0.0169207837243656,0.44576389425689,0.996584499951912,1,0.969533333333333,0.0304666666666667,0.997900845657229,1,0,0,0.969533333333333,0.969533333333333,0.156552605142978,0.998133333333333,0.00465549107568639,0.00307371765799036,0.999999999999999
246,2.04488292449421,0.0408708582711699,0.123231370159361,0.999999999999999,0.997908346365955,0.0160666666666667,0.446580348942117,0.996776652478872,0.999999999999999,0.969533333333332,0.0304666666666667,0.997453660933604,0.999999999999999,0,0,0.969533333333332,0.969533333333332,0.154270797566593,0.997666666666665,0.00581863614998492,0.00275579677654342,1
247,2.05114607242942,0.0425313921098517,0.125659672893154,0.999999999999999,0.997533333333333,0.0159446168546189,0.448680262576763,0.996626847629172,0.999999999999999,0.967266666666666,0.0327333333333333,0.997400146693017,0.999999999999999,0,0,0.967266666666666,0.967266666666666,0.159338752716994,0.997333333333333,0.0038981836928955,0.00288142548478798,1
248,2.05323159203459,0.0399206351653346,0.12678518949842,0.999999999999999,0.997333333333333,0.0160118241524187,0.449632182035611,0.996556997268861,0.999999999999999,0.967666666666666,0.0323333333333333,0.997441105165618,0.999999999999999,0,0,0.967666666666666,0.967666666666666,0.160152008044416,0.997133333333333,0.0044100564001562,0.00265218382319043,1
249,2.05684091154439,0.0407688868284245,0.124737061371181,1,0.9972,0.0156932979226416,0.444157916926072,0.996475935214131,1,0.968,0.032,0.997533333333333,1,0,0,0.968,0.968,0.157574096846298,0.997066666666666,0.00603214461020983,0.00276625797805305,1
250,2.06355832078187,0.0385535755566167,0.123685834106094,1,0.997095679399457,0.0151278409318679,0.448553843597234,0.996425135247554,1,0.9656,0.0344,0.996963139406301,1,0,0,0.9656,0.9656,0.158869550928664,0.996733333333333,0.00598287968555465,0.00312253649658591,0.999999999999999
251,2.06946080576976,0.0365459053534378,0.12213806141207,1,0.9974,0.0144666666666667,0.457426904001789,0.996774726047713,1,0.963333333333333,0.0366666666666667,0.996352384150961,1,0,0,0.963333333333333,0.963333333333333,0.159250562759508,0.99699382242401,0.00484975598495174,0.00344728281448246,0.999999999999999
252,2.07220200579775,0.0339070500269802,0.117949014067153,1,0.997866666666666,0.0142322962111363,0.458414667650478,0.996593915749984,1,0.965666666666666,0.0343333333333333,0.996950762732642,1,0,0,0.965666666666666,0.965666666666666,0.153005223261462,0.997533333333333,0.00545634934495986,0.00261109641036273,1
253,2.07809794463583,0.0324192886408953,0.1144798274831,1,0.997799999999999,0.0127733163551192,0.456873229805859,0.996626036568867,1,0.964,0.036,0.996948069765912,1,0,0,0.964,0.964,0.151596402933411,0.997616812995534,0.00505224208203484,0.00315547232916258,1
254,2.08203961796072,0.0317501054584352,0.112481152418483,1,0.997466666666667,0.0123460491867755,0.466306010954233,0.99662263945173,1,0.9652,0.0348,0.996687393864292,1,0,0,0.9652,0.9652,0.148300513354065,0.997326270756641,0.00541119082010635,0.00283047721564441,1
255,2.08741276592781,0.0330443616352739,0.115174366286989,1,0.997466666666667,0.0132748627727644,0.464909859898539,0.996864469644626,1,0.964266666666667,0.0357333333333333,0.996531408121173,1,0,0,0.964266666666667,0.964266666666667,0.152058715367873,0.997266666666667,0.00549550456036076,0.00282877355734858,1
256,2.0929793342668,0.0298666666666667,0.113053671242602,1,0.996866666666666,0.0128824281095684,0.468121022368712,0.996898479636443,1,0.9658,0.0342,0.996536264020292,1,0,0,0.9658,0.9658,0.148229629793303,0.9968,0.00510219890927374,0.00231316333655054,1
257,2.09881672808304,0.0336030108406541,0.117055525522406,1,0.9976,0.0131230033416611,0.471768934130251,0.99672894079798,1,0.965466666666666,0.0345333333333333,0.996794659621239,1,0,0,0.965466666666666,0.965466666666666,0.152223361483406,0.9976,0.00382570609865911,0.00329900721547514,1
258,2.09992217250973,0.0307082304410943,0.113486000008613,1,0.998,0.0113677908869844,0.472073312237355,0.996611267827107,1,0.965533333333333,0.0344666666666667,0.996866666666667,1,0,0,0.965533333333333,0.965533333333333,0.148690650177659,0.998,0.00479093020090546,0.00298695709131731,1
259,2.10371037564117,0.0296,0.110677017549359,1,0.997776051109637,0.0105405344964736,0.474083086559545,0.996802589047757,1,0.964066666666667,0.0359333333333333,0.997,1,0,0,0.964066666666667,0.964066666666667,0.147407402872109,0.997666666666667,0.00493292364765202,0.00296297986705678,1
260,2.10776756559356,0.0292531377284235,0.111539482161398,1,0.9978,0.00987682640175401,0.473704489496399,0.996879641200959,1,0.962266666666666,0.0377333333333333,0.996589382106751,1,0,0,0.962266666666666,0.962266666666666,0.15007580058265,0.9978,0.00499433391591458,0.00300800082669173,1
261,2.11184339275768,0.0295140097384849,0.112447162842311,0.999999999999999,0.997999999999999,0.00977897988698433,0.474320103474068,0.996837996438522,0.999999999999999,0.963266666666666,0.0367333333333333,0.996590421222658,0.999999999999999,0,0,0.963266666666666,0.963266666666666,0.150313144438652,0.997999999999999,0.00450296616568244,0.00287831262325577,0.999999999999999
262,2.11513361704726,0.0285488781777355,0.113218249863537,1,0.997866666666666,0.00913333333333333,0.469479974683917,0.996614161843371,1,0.9628,0.0372,0.996298056365785,1,0,0,0.9628,0.9628,0.151591093693474,0.997866666666666,0.00497497798020601,0.00331925718407766,1
263,2.11850061158404,0.0304606847059477,0.114721910114078,1,0.997733333333333,0.00994763166126883,0.472717161418531,0.996750908694434,1,0.963266666666667,0.0367333333333333,0.99602291730774,1,0,0,0.963266666666667,0.963266666666667,0.152384631280595,0.997733333333333,0.00472521798813892,0.00406815364672206,1
264,2.11982441150636,0.0303328860977941,0.116033673335641,0.999999999999999,0.997599999999999,0.0105172663218037,0.479426822903106,0.996422681818401,0.999999999999999,0.9642,0.0358,0.996598251729093,0.999999999999999,0,0,0.9642,0.9642,0.152757021046683,0.997466666666666,0.00411169177090113,0.00259446201085834,1
265,2.12304067218957,0.0292437888052965,0.115199635214259,1,0.998066666666666,0.0084,0.479140896554686,0.996500325778951,1,0.964333333333333,0.0356666666666667,0.996833144944532,1,0,0,0.964333333333333,0.964333333333333,0.151483040515613,0.997999999999999,0.00574567560544846,0.00382317316441396,1
266,2.12712222306426,0.0290432272083303,0.111585808162579,1,0.998333333333334,0.00900195839337549,0.478126057691242,0.996499192842584,1,0.961133333333334,0.0388666666666667,0.996679138130683,1,0,0,0.961133333333334,0.961133333333334,0.15101159787078,0.998266666666667,0.00538289930123083,0.00330080534788999,1
267,2.13148973804293,0.0297655305425982,0.111102562562373,1,0.9982,0.0102857304532396,0.480457023834383,0.996639226974788,1,0.961333333333333,0.0386666666666666,0.996788595153831,1,0,0,0.961333333333333,0.961333333333333,0.150287273845627,0.998133333333334,0.00481802304420326,0.00254646437701024,0.999999999999999
268,2.13633154203142,0.0297368857552274,0.10916762322322,1,0.998537906389143,0.01,0.482624226290086,0.996638522510916,1,0.960466666666667,0.0395333333333333,0.996330136810726,1,0,0,0.960466666666667,0.960466666666667,0.149371575360011,0.9984,0.00575618574665616,0.00358980223089196,0.999999999999999
269,2.14095965546828,0.0298047085362912,0.108561827987364,0.999999999999999,0.998133333333333,0.00993333333333333,0.485051825075021,0.996695349415777,0.999999999999999,0.9608,0.0392,0.994949212617937,0.999999999999999,0,0,0.9608,0.9608,0.148412484906979,0.997933333333333,0.00466588431565374,0.00265519312043856,1
270,2.14512173355315,0.029134630989988,0.110196281541504,1,0.9986,0.0106,0.493660517107372,0.996602948468573,1,0.963533333333333,0.0364666666666666,0.995292857862999,1,0,0,0.963533333333333,0.963533333333333,0.147474908136355,0.998333333333333,0.00516763577547907,0.00223332611408041,1
271,2.15141618498079,0.0294666666666667,0.110741969075941,1,0.998733333333334,0.0112,0.495126042072983,0.996861712014696,1,0.964866666666667,0.0351333333333333,0.995156415125367,1,0,0,0.964866666666667,0.964866666666667,0.14639706722422,0.9986,0.00517599162475943,0.00249562106572439,1
272,2.15709415197744,0.0292684464205073,0.111707091174543,1,0.9988,0.0118,0.500385373237691,0.996668414392628,1,0.963466666666666,0.0365333333333333,0.994828113433644,1,0,0,0.963466666666666,0.963466666666666,0.148638772967427,0.998666666666666,0.00434749860960477,0.00362067206671042,1
273,2.15866198526262,0.027426270305422,0.108727220831773,1,0.998733333333333,0.0100427767544253,0.495861010776638,0.996906266450923,1,0.965133333333333,0.0348666666666667,0.996367063716581,1,0,0,0.965133333333333,0.965133333333333,0.144196487451581,0.998533333333333,0.00436653012270019,0.00317374327622705,1
274,2.16123680888462,0.026089725508538,0.10812952912135,1,0.998933333333333,0.00906666666666667,0.502323908305407,0.996615100769485,1,0.964599999999999,0.0354,0.996585223562898,1,0,0,0.964599999999999,0.964599999999999,0.144152367723078,0.998733333333333,0.00540599916061787,0.00329576292968014,1
275,2.16579752910237,0.0257122701528643,0.108231727559963,1,0.998933333333334,0.00893333333333333,0.502312172863292,0.996816969508488,1,0.967666666666667,0.0323333333333333,0.997400000000001,1,0,0,0.967666666666667,0.967666666666667,0.14108901773191,0.998866666666667,0.00492874451713485,0.00278927273513994,1
276,2.1704311918014,0.025014301875361,0.106568336740852,1,0.998533333333334,0.00837138934112692,0.504789782810215,0.996600418510852,1,0.963266666666667,0.0367333333333333,0.9970140739311,1,0,0,0.963266666666667,0.963266666666667,0.143678777915451,0.998466666666667,0.00532217826308047,0.00335393467250071,1
277,2.17470312908346,0.0241343789911912,0.105485150820209,0.999999999999999,0.999066666666666,0.00849004194472418,0.50731400307426,0.996773469222517,0.999999999999999,0.963866666666666,0.0361333333333333,0.997147738076076,0.999999999999999,0,0,0.963866666666666,0.963866666666666,0.142313902134619,0.998999999999999,0.00403598396284228,0.00279214456470875,0.999999999999999
278,2.17724872658104,0.023555161624616,0.102460209269671,0.999999999999999,0.999133333333332,0.00786666666666667,0.504811832384855,0.996695439606764,0.999999999999999,0.960533333333333,0.0394666666666667,0.997321680647368,0.999999999999999,0,0,0.960533333333333,0.960533333333333,0.142761328869337,0.999066666666666,0.00518300700761962,0.00374072027660385,1
279,2.18038894352951,0.0235905644671667,0.102780885653815,0.999999999999999,0.9994,0.00753038755578273,0.507198219582605,0.996502449141332,0.999999999999999,0.959533333333333,0.0404666666666667,0.996281230688935,0.999999999999999,0,0,0.959533333333333,0.959533333333333,0.14401758369404,0.9994,0.00453409851324132,0.00175537033547675,1
280,2.18644765172538,0.0244990953662359,0.101865449346156,0.999999999999999,0.998866666666665,0.00714375195901076,0.504604416781354,0.996644533931435,0.999999999999999,0.958799999999999,0.0412,0.995740156467827,0.999999999999999,0,0,0.958799999999999,0.958799999999999,0.143675341274655,0.998866666666665,0.00509908964683695,0.00275139129481651,0.999999999999999
281,2.19146942512883,0.0237549004369312,0.0992316069557371,1,0.999466666666666,0.00664021327137387,0.504974294795288,0.996624612831041,1,0.962466666666667,0.0375333333333333,0.996048241853077,1,0,0,0.962466666666667,0.962466666666667,0.137243026948236,0.999466666666666,0.00515708734210536,0.00280521597491993,1
282,2.19662347932185,0.025469076070417,0.102268558622682,1,0.9992,0.0067885168550092,0.505251869041827,0.99671620535689,1,0.9634,0.0366,0.996054257352386,1,0,0,0.9634,0.9634,0.139597960847251,0.9992,0.00596736147426558,0.00293667870016115,1
283,2.20328074826182,0.0249037923554312,0.0996445485079628,0.999999999999999,0.999133333333333,0.00660350532016363,0.511639138512845,0.99681414356533,0.999999999999999,0.965799999999999,0.0342,0.99639793937842,0.999999999999999,0,0,0.965799999999999,0.965799999999999,0.135021554106351,0.999133333333333,0.00459139805909475,0.00246267565927795,0.999999999999999
284,2.20793033416912,0.0258666666666667,0.0975261792042684,1,0.999066666666667,0.00603086214273667,0.504891098315399,0.9967514860276,1,0.966266666666667,0.0337333333333333,0.996709475039004,1,0,0,0.966266666666667,0.966266666666667,0.132142415296063,0.999066666666667,0.00422019892063251,0.00314377352733357,0.999999999999999
285,2.21029328208531,0.0252,0.0998267143484795,1,0.999133333333334,0.00664301839636264,0.502631465132572,0.996733721412147,1,0.9618,0.0382,0.995774122508207,1,0,0,0.9618,0.9618,0.138644449534929,0.999133333333334,0.00426763882804494,0.00237225782771776,1
286,2.21448262997733,0.0240586574111177,0.102553680072686,1,0.9984,0.0075306005349525,0.505718788731262,0.996672434606447,1,0.960933333333334,0.0390666666666667,0.995226719683279,1,0,0,0.960933333333334,0.960933333333334,0.14214963277638,0.9984,0.00406522474045783,0.00272943547582787,1
287,2.21733868487105,0.0243084648191288,0.0994358076142374,1,0.998066666666667,0.00706666666666667,0.503904629095727,0.996678370045524,1,0.960066666666666,0.0399333333333333,0.995034789486257,1,0,0,0.960066666666666,0.960066666666666,0.140007442981602,0.998066666666667,0.00425437649818684,0.00308969382662198,1
288,2.2199211808143,0.0244666666666667,0.0985537660899801,1,0.9982,0.00787719750136877,0.503340441136274,0.996946482994766,1,0.958466666666666,0.0415333333333333,0.994406349185847,1,0,0,0.958466666666666,0.958466666666666,0.140666573488857,0.9982,0.00491356866605018,0.00229916672563998,1
289,2.22566091475498,0.0214666666666667,0.0959393117431826,1,0.998533333333333,0.00706666666666667,0.505287744362743,0.996908560939018,1,0.960266666666667,0.0397333333333333,0.994665232321967,1,0,0,0.960266666666667,0.960266666666667,0.136727103625214,0.998533333333333,0.00497583795876619,0.0027037864584529,1
290,2.23071773097553,0.0205441191928434,0.0952084528435917,1,0.998533333333333,0.00766666666666667,0.506454142179584,0.996572358884521,1,0.959666666666666,0.0403333333333333,0.994635753642876,1,0,0,0.959666666666666,0.959666666666666,0.13613884893121,0.998466666666666,0.00488061050166229,0.00283383723341368,1
291,2.23526901115366,0.0206138944604223,0.0940130788522781,1,0.998333333333334,0.0076,0.498460981634965,0.996386289844798,1,0.958333333333333,0.0416666666666667,0.99438702223984,1,0,0,0.958333333333333,0.958333333333333,0.136258970063321,0.998333333333334,0.00583380811392354,0.00228411511297215,1
292,2.24320352991779,0.0210697639365917,0.0927927956040195,1,0.998266666666666,0.00804112575490595,0.495272665720945,0.996734693042875,1,0.9596,0.0404,0.994689120335904,1,0,0,0.9596,0.9596,0.133737909127384,0.998266666666666,0.0049842015009071,0.00399837444047368,1
293,2.24526539375765,0.022599312570154,0.0903605544829132,1,0.998266666666666,0.00906666666666667,0.500887839950161,0.996610230992956,1,0.959533333333333,0.0404666666666667,0.995665383452099,1,0,0,0.959533333333333,0.959533333333333,0.131420404284709,0.998266666666666,0.00497499844682729,0.00326649104291062,1
294,2.24910144630665,0.0221117595657421,0.0892282792086474,1,0.999,0.009,0.504128216618729,0.996760327924532,1,0.960666666666667,0.0393333333333333,0.996104618786796,1,0,0,0.960666666666667,0.960666666666667,0.129440526220501,0.998933333333333,0.00425975651901686,0.00300258187894682,1
295,2.25192895960789,0.021679360179986,0.0904846843391545,1,0.9992,0.00849361256420905,0.50366591636533,0.996795298896024,1,0.961866666666667,0.0381333333333333,0.996928140968146,1,0,0,0.961866666666667,0.961866666666667,0.129375253322444,0.9992,0.00486833590913179,0.00222349920866445,1
296,2.2578849439671,0.0206,0.092483009342422,0.999999999999999,0.999399999999999,0.00848135062384357,0.512641753422517,0.996615307603037,0.999999999999999,0.961199999999999,0.0388,0.996651345879877,0.999999999999999,0,0,0.961199999999999,0.961199999999999,0.131447871780018,0.999399999999999,0.00457579928424934,0.00323564537744862,1
297,2.26091085729587,0.0204744276318316,0.09000197150172,1,0.999733333333333,0.00799280844765754,0.518686973502162,0.996587115953335,1,0.9624,0.0376,0.997212504000675,1,0,0,0.9624,0.9624,0.127800779918576,0.999733333333333,0.00453975452851174,0.00275100083490246,0.999999999999999
298,2.26495506994278,0.0209498887850184,0.08843869949554,1,0.999533333333333,0.0082,0.51796950157818,0.996709980585589,1,0.960866666666667,0.0391333333333333,0.997,1,0,0,0.960866666666667,0.960866666666667,0.127654901127457,0.999533333333333,0.00478966057206661,0.0024229875742502,1
299,2.27031547794808,0.0210505282891864,0.0883495314751776,1,0.9994,0.00761031439560942,0.516936406878131,0.99682358659244,1,0.9604,0.0396,0.995653878341668,1,0,0,0.9604,0.9604,0.12843105267391,0.9994,0.00390730883416759,0.00290368012556572,1
300,2.27259403173933,0.0198630620483677,0.0859748113468007,1,0.999333333333333,0.008,0.518120185850398,0.996717268932013,1,0.958933333333334,0.0410666666666667,0.994939667664333,1,0,0,0.958933333333334,0.958933333333334,0.127287470850219,0.999333333333333,0.00429100339838739,0.00339543353089102,0.999999999999999
