"X","PopRatio","Diff_KC","Fibroblast","M1","M2","Neutrophil","Prol_KC","Th0","Th1","Th17","Th2","Th22","Treg","iDC","pDC","preDiff_KC","ILC3"
0,1,0.000759,0,0,0,0,0,0,0,0,0,0,0.135092,0,0,0,0
1,1.000003,0.00276,0,0,0,0,0,0,0,0,0,0,0.117536,0.000345,0.000345,0,0
2,0.999998999988,0.003925,0,5.4e-05,0,0,0,0,0,0,0,0,0.123178,0.002734,0.002724,0,0
3,1.000000999986,0.005007,0,0.000131,0,0.000294,0,0,0,0,0,0,0.134135,0.008352,0.008343,0,0
4,1.000012999998,0.006016,0,0.000808,0,0.000668,0,0,0,0,0,0,0.154899,0.021135,0.021186,0,0
5,1.000029000206,0.00749,0,0.001772,0,0.001801,0,0,0,0,0,0,0.17254,0.0377,0.037724,0,0
6,1.00005900107601,0.008854,0,0.003204,0,0.00309,0,0,0,0,0,0,0.186449,0.0593759999999999,0.0592589999999999,0,0
7,1.00008000231504,0.009926,0,0.006379,0,0.005712,0,0,0,0,0,0,0.205752,0.084028,0.084098,0,0
8,1.00009500351507,0.011227,0,0.009969,0,0.010094,0,0,0,0,0,0,0.217706,0.115156,0.115264,0,0
9,1.00012600646018,0.01144,0,0.013261,0,0.015002,0,0,0,0,0,0,0.231897,0.151538000000001,0.151556000000001,0,0
10,1.0001910146506,0.011831,0,0.019274,0,0.020273,0,0,0,0,0,0,0.251779,0.196898000000001,0.197071000000001,0,0
11,1.00025802744859,0.013423,0,0.025052,0,0.025146,0,2.5e-05,0,0,0,0,0.26171,0.236074000000001,0.236105000000001,0,0
12,1.00036705557359,0.014096,0,0.0341400000000001,0,0.033357,0,6.7e-05,0,0,0,0,0.268566,0.279954000000001,0.279940000000001,0,0
13,1.00046709227916,0.015061,0,0.041599,0,0.042328,0,8.6e-05,0,0,0,0,0.277341999999999,0.316522,0.31633,0,0
14,1.00059315113279,0.017072,0,0.051138,0,0.050441,0,0.000242,0,0,0,0,0.293405999999998,0.369744999999996,0.369604999999996,0,0
15,1.00072723061506,0.01813,0,0.0629719999999998,0,0.0617739999999999,0,0.000134,0,0,0,0,0.298916999999999,0.410925999999997,0.410449999999997,0,0
16,1.00095639715088,0.017866,0,0.0721069999999998,0,0.0728669999999998,0,0.000317,0,0,0,0,0.307440999999999,0.458404999999991,0.457789999999991,0,0
17,1.00123366207289,0.018269,0,0.0852509999999996,0,0.0889469999999994,0,0.000896,0,0,0,0,0.309812000000002,0.499723999999994,0.498944999999994,0,0
18,1.0015270235359,0.019238,0,0.0959029999999995,0,0.102532999999999,0,0.001635,0,0,0,0,0.323921999999996,0.543454000000001,0.542362000000001,0,0
19,1.00185452287261,0.019113,0,0.111331999999999,0,0.118378999999999,0,0.001909,0,0,0,0,0.332693999999997,0.584113000000009,0.582642000000009,0,0
20,1.00226327951798,0.021292,0,0.128187999999999,0,0.136149,0,0.002949,0,0,0,0,0.342909999999998,0.626137000000009,0.62363300000001,0,0
21,1.00273534552266,0.022925,0,0.144615,0,0.150273000000001,0,0.004571,0,0,0,0,0.355707999999995,0.662933000000012,0.659756000000013,0,0
22,1.00323270225408,0.02481,0,0.159067000000001,0,0.166659000000002,0,0.006347,0,0,0,0,0.364533999999993,0.690218000000024,0.686205000000024,0,0
23,1.00381457722143,0.0256090000000001,0,0.174079000000003,0,0.178021000000002,1.6e-05,0.009548,0,0,0,0,0.378541999999994,0.724455000000029,0.72003900000003,0,0
24,1.00450921690891,0.025687,0,0.192652000000004,0,0.196697000000004,0.000134,0.012351,0,0,0,0,0.389007999999995,0.745700000000028,0.740463000000027,0,0
25,1.00524049961886,0.0271220000000001,0,0.208450000000005,0,0.214182000000006,0.00032,0.016038,0,0,0,0,0.397238999999991,0.762102000000034,0.756719000000033,0,0
26,1.00602056624663,0.028177,0,0.229446000000005,0,0.232327000000005,0.000666,0.020262,0,0,0,0,0.402486999999991,0.789167000000032,0.782998000000032,0,0
27,1.00685153923439,0.0292520000000001,0,0.248955000000006,0,0.250066000000008,0.000467,0.0265720000000001,0,0,0,0,0.411552999999989,0.809121000000036,0.802105000000035,0,6.7e-05
28,1.00779697282979,0.029717,0,0.270659000000004,0,0.271111000000005,0.000867,0.0317620000000001,0,0,0,0,0.415526999999989,0.830756000000049,0.823440000000048,0,0
29,1.00874228639036,0.0273100000000001,0,0.295326,0,0.284396000000003,0.001076,0.035449,0,0,0,0,0.422431999999983,0.848036000000049,0.840008000000049,0,9.1e-05
30,1.00974497622309,0.0282130000000001,0,0.316242999999997,0,0.302379999999998,0.00165,0.0452679999999999,0,0,0,0,0.430393999999984,0.864807000000053,0.855932000000051,0,0.000455
31,1.01082641309269,0.0296720000000001,0,0.332290999999998,0,0.316721999999999,0.002191,0.0532789999999999,0,0,0,0,0.438799999999989,0.879425000000052,0.86974900000005,0.000102,0.000764
32,1.01192720305661,0.0290290000000001,0,0.348255999999993,0,0.336253999999996,0.002966,0.0589149999999998,0,4.3e-05,0,0,0.450349999999987,0.887964000000056,0.877267000000055,6.7e-05,0.00109
33,1.01301704865436,0.0303350000000001,0,0.362935999999991,0,0.355022999999993,0.003005,0.0661359999999998,3.2e-05,0.000201,0,0,0.451168999999985,0.900856000000049,0.889226000000048,0,0.00194
34,1.01418708334561,0.0295400000000001,0,0.381722999999989,0,0.370340999999991,0.003775,0.0746439999999995,0,6.7e-05,0,0,0.460518999999983,0.913050000000064,0.901898000000063,0,0.002651
35,1.01536861129778,0.0296,0,0.399242999999988,0,0.39003199999999,0.004067,0.0864639999999995,4e-06,5.4e-05,0,0,0.466145999999982,0.924003000000056,0.912175000000055,0,0.004119
36,1.01647434771555,0.0297500000000001,0,0.422146999999983,0,0.409227999999986,0.005471,0.0983069999999992,0.00014,2.3e-05,0,6.7e-05,0.472804999999984,0.933498000000057,0.920908000000055,0,0.005547
37,1.01758128828027,0.0318070000000001,0,0.437477999999983,0,0.425959999999987,0.00633600000000001,0.114033999999999,0.000134,7e-06,0,0,0.479741999999983,0.94198200000006,0.928654000000058,6.7e-05,0.007647
38,1.01882375503333,0.034667,0,0.450373999999982,0,0.439563999999981,0.007551,0.124413999999999,0.000445,0.000179,0,5.1e-05,0.485738999999979,0.947584000000061,0.93374000000006,0,0.010898
39,1.02002596706433,0.033734,0,0.462453999999983,0,0.45723099999998,0.00917500000000001,0.141591,0.000801,0.000246,0,0.000179,0.47878599999998,0.95295100000006,0.939335000000058,6.7e-05,0.015157
40,1.02122245752376,0.0323070000000001,0,0.47353599999998,0,0.469561999999979,0.010115,0.156192000000001,0.001043,0.000406,0,0.000279,0.486146999999979,0.957570000000061,0.94364200000006,8.4e-05,0.021445
41,1.02235703567414,0.034551,0,0.49320199999998,0,0.482598999999976,0.011866,0.171434000000002,0.001129,0.001077,0,6.7e-05,0.49300799999998,0.961303000000061,0.948824000000061,2e-04,0.0273040000000001
42,1.02345913655866,0.0376850000000001,0,0.511367999999979,6.7e-05,0.491025999999978,0.012785,0.186226000000003,0.001133,0.001689,0,0.000353,0.49709899999998,0.966727000000063,0.955700000000065,0.000133,0.0357010000000001
43,1.02474664815252,0.0373190000000001,0,0.528863999999986,0,0.498222999999975,0.014652,0.202078000000004,0.001291,0.001818,0,0.000452,0.503492999999982,0.96896200000006,0.958135000000062,0,0.0433200000000001
44,1.02585952301248,0.03667,6.2e-05,0.546297999999991,0,0.508495999999979,0.018133,0.215107000000004,0.001317,0.001609,0,0.000907,0.511298999999984,0.973237000000055,0.964688000000057,0.000173,0.051308
45,1.02688846011412,0.038251,0,0.564767999999988,0,0.516637999999982,0.018716,0.226892000000005,0.000968,0.001959,0,0.001135,0.513229999999984,0.97702000000005,0.968321000000051,0.000134,0.0629409999999998
46,1.02800058031647,0.0378,0,0.583030999999997,6.7e-05,0.537196999999986,0.022801,0.236856000000006,0.001288,0.003477,0,0.001561,0.516215999999986,0.979562000000061,0.971250000000063,0.000201,0.0751769999999996
47,1.02921876100421,0.038414,0,0.589872999999997,6.3e-05,0.548676999999985,0.024853,0.253385000000005,0.001576,0.003149,0,0.001698,0.520419999999982,0.980002000000056,0.972638000000057,2e-04,0.0888669999999995
48,1.03015432085803,0.0403670000000001,0,0.594429999999998,0,0.566588999999992,0.0280750000000001,0.269653000000003,0.002341,0.005194,0,0.003236,0.532652999999991,0.983064000000054,0.974989000000056,0.000267,0.106791999999999
49,1.03136063156781,0.0383150000000001,0,0.605840999999997,0,0.583172999999994,0.0307530000000001,0.283030000000002,0.002273,0.005606,0,0.00337,0.526314999999985,0.985028000000058,0.977527000000061,0.000134,0.122253999999999
50,1.03241777621522,0.0385350000000001,0,0.620864000000005,0,0.601703999999997,0.0314660000000001,0.298953999999996,0.003204,0.006132,0,0.004658,0.530722999999986,0.987574000000058,0.98017800000006,0,0.142404
51,1.03345535608038,0.039616,0,0.637058000000005,0,0.615209999999999,0.0321530000000001,0.307343999999998,0.003343,0.008779,0,0.005919,0.527888999999985,0.989472000000054,0.981272000000056,4.3e-05,0.160828000000001
52,1.03462522754352,0.042682,6.7e-05,0.649629000000005,0,0.629156,0.0334570000000001,0.329447999999996,0.004605,0.01074,0,0.008055,0.531136999999987,0.989459000000055,0.982027000000056,7.7e-05,0.177710000000002
53,1.03553155924291,0.0437670000000001,2e-04,0.666004000000013,0,0.637036000000008,0.0370820000000001,0.345548999999992,0.007106,0.012419,0,0.010186,0.53464999999999,0.989726000000062,0.982772000000064,0.000134,0.195448000000003
54,1.03652256294517,0.046789,0.000242,0.66471400000001,0.000134,0.652361000000008,0.042404,0.351390999999993,0.00878500000000001,0.01477,0,0.012637,0.534475999999987,0.990381000000055,0.983475000000057,0.000187,0.212050000000004
55,1.03764304383577,0.045791,0.000134,0.669573000000011,0.000161,0.667614000000012,0.0451559999999999,0.363074999999993,0.00909,0.020344,0,0.015284,0.541288999999988,0.992165000000056,0.985073000000058,0.000189,0.230546000000005
56,1.03862672944138,0.0473059999999999,6.7e-05,0.678764000000019,0.000268,0.682153000000018,0.0530089999999999,0.373029999999991,0.011474,0.023336,0,0.016402,0.537836999999991,0.993664000000057,0.98556000000006,0.000703,0.249311000000007
57,1.03942543339639,0.048505,0,0.688727000000018,0.000179,0.688098000000018,0.0573479999999999,0.388215999999988,0.012961,0.0253270000000001,0,0.02034,0.536520999999987,0.99297500000006,0.985426000000061,0.001125,0.269496000000002
58,1.0403234969709,0.0474609999999999,0.000199,0.700991000000016,0.000271,0.698841000000018,0.0618749999999999,0.411124999999988,0.013952,0.0269230000000001,0,0.023826,0.533253999999987,0.993810000000053,0.987173000000056,0.000986,0.286639
59,1.0411318283281,0.049182,0.000292,0.708694000000015,0.000471,0.714392000000017,0.0639999999999998,0.427870999999986,0.015692,0.0291720000000001,0,0.0282750000000001,0.531112999999986,0.994770000000053,0.988504000000055,0.00179,0.304337999999997
60,1.04203553075515,0.048968,0.000444,0.721360000000019,0.000955,0.725660000000021,0.0706079999999996,0.438784999999984,0.017958,0.0313220000000001,0,0.0322150000000001,0.533391999999989,0.996239000000055,0.989745000000056,0.002333,0.321645999999997
61,1.04308486053468,0.050843,0.000545,0.72286600000002,0.001469,0.732621000000022,0.0752799999999997,0.455857999999985,0.019913,0.038891,0,0.036799,0.534328999999988,0.996755000000056,0.990054000000058,0.002003,0.341790999999995
62,1.04414880709248,0.050708,0.000523,0.729310000000018,0.001448,0.742484000000019,0.0767699999999999,0.478684999999982,0.022381,0.0421689999999999,0,0.042204,0.543697999999988,0.997307000000055,0.991276000000057,0.001639,0.360235999999993
63,1.0451292628224,0.0516749999999999,0.000657,0.736692000000022,0.002228,0.748253000000021,0.0802719999999998,0.491486999999982,0.0267030000000001,0.0440599999999999,0,0.047169,0.549186999999989,0.997714000000053,0.991881000000054,0.001656,0.38781099999999
64,1.04603957041037,0.0529339999999999,0.000944,0.746542000000019,0.002448,0.756528000000021,0.0875029999999997,0.502010999999981,0.0294570000000001,0.0494339999999999,0,0.0539599999999998,0.550772999999991,0.99872800000005,0.992599000000054,0.001407,0.411765999999989
65,1.04678853474284,0.053967,0.001169,0.748566000000024,0.002876,0.757863000000028,0.0939819999999995,0.50606999999998,0.0327220000000001,0.0537879999999999,0,0.0590699999999999,0.548284999999991,0.998850000000057,0.992640000000059,0.001602,0.427485999999986
66,1.04772436369296,0.0528689999999999,0.001513,0.75565000000002,0.00402,0.763975000000024,0.0989099999999995,0.515994999999984,0.036371,0.06059,0,0.0632969999999999,0.547395999999986,0.998996000000047,0.992551000000051,0.001205,0.448618999999984
67,1.04877627895416,0.0515339999999999,0.002149,0.756110000000022,0.004928,0.764373000000025,0.107538999999999,0.529200999999987,0.0437059999999999,0.0667829999999998,0,0.0645669999999998,0.54628999999999,0.999520000000056,0.992365000000058,0.001669,0.467000999999982
68,1.04967193389644,0.0515799999999999,0.003347,0.760677000000023,0.005037,0.774292000000024,0.112295999999999,0.54431899999999,0.0453240000000001,0.0740319999999997,0,0.0690849999999997,0.53778299999999,0.999854000000051,0.994191000000054,0.001089,0.483008999999983
69,1.05057255241578,0.0499079999999999,0.004746,0.763921000000025,0.006549,0.781185000000028,0.119141999999999,0.551002999999992,0.0486939999999999,0.0789209999999997,0,0.0775869999999997,0.539776999999991,1.00010400000006,0.995062000000058,0.00102,0.500525999999982
70,1.05125437400235,0.0512939999999999,0.005584,0.764704000000022,0.006406,0.790579000000026,0.1279,0.562369999999994,0.0534919999999998,0.0889199999999995,0,0.0838239999999995,0.54315499999999,1.00012400000005,0.995180000000052,0.001028,0.517067999999985
71,1.05206383987039,0.051183,0.00649,0.763954000000018,0.006333,0.800329000000022,0.129728,0.573208999999997,0.0572909999999999,0.0969119999999996,0,0.0890939999999996,0.544439999999992,1.00028700000005,0.995538000000053,0.001125,0.528258999999988
72,1.05288129347402,0.0534829999999999,0.00729900000000001,0.770027000000016,0.00654300000000001,0.80915000000002,0.132751,0.587224999999996,0.0618979999999999,0.103601,0,0.0920279999999997,0.542700999999991,1.00021400000004,0.995923000000043,0.000766,0.53990499999999
73,1.05340878700209,0.0556559999999999,0.007725,0.771294000000024,0.00707400000000001,0.81377200000003,0.134555,0.596186000000004,0.0641399999999999,0.108840999999999,0,0.0972049999999995,0.544774999999993,1.00051800000005,0.995638000000049,0.000961,0.55906399999999
74,1.05393127776049,0.0569839999999999,0.010505,0.775727000000026,0.008402,0.818939000000034,0.148112000000001,0.610485000000007,0.0686859999999998,0.113865999999999,0,0.105636,0.547839999999995,1.00061100000005,0.996236000000052,0.001314,0.574910999999997
75,1.05484082045325,0.0582489999999999,0.01285,0.775269000000021,0.009398,0.826765000000032,0.152506000000001,0.612178000000007,0.0734119999999997,0.114374999999999,0,0.110524999999999,0.544849999999992,1.00054900000005,0.996414000000053,0.001602,0.590789999999996
76,1.05586401604915,0.0585609999999999,0.015748,0.777499000000024,0.008856,0.831795000000032,0.156635000000001,0.615860000000005,0.0763869999999998,0.118220999999999,0,0.115216999999999,0.544682999999993,1.00020800000005,0.99637100000005,0.00203,0.599034999999997
77,1.05669814862187,0.059759,0.015397,0.77659300000002,0.008418,0.839174000000028,0.157420000000002,0.62465000000001,0.0831479999999997,0.127127999999999,0,0.119915999999999,0.553267999999994,1.00036800000005,0.996566000000052,0.001707,0.609781000000004
78,1.05744206411855,0.0571469999999999,0.016092,0.775015000000024,0.008942,0.837900000000031,0.163308000000002,0.63492800000001,0.0913449999999996,0.134388,0,0.127607999999999,0.554197999999991,1.00051400000004,0.996527000000048,0.002031,0.624152999999999
79,1.05832397080008,0.059268,0.018612,0.777358000000021,0.008683,0.84269300000003,0.171835000000002,0.637688000000013,0.0953569999999995,0.139723,0,0.133774,0.553288999999995,1.00054400000004,0.996606000000049,0.003192,0.636413000000005
80,1.05914311355352,0.0577909999999999,0.021795,0.781531000000022,0.010096,0.847531000000029,0.182474000000003,0.647745000000011,0.0967129999999994,0.145254000000001,0,0.142082,0.556476999999995,1.00050200000004,0.997223000000047,0.003908,0.639658000000012
81,1.0599353526025,0.0605839999999999,0.024014,0.784019000000026,0.011398,0.851215000000035,0.187310000000003,0.660935000000007,0.0998439999999994,0.153279000000001,0,0.146716,0.562621999999998,1.00052700000005,0.996932000000052,0.004471,0.660275000000014
82,1.06075680250082,0.0574989999999999,0.0281670000000001,0.781751000000028,0.010751,0.860559000000039,0.201077000000004,0.667430000000015,0.107117999999999,0.156655000000001,0,0.151507000000001,0.567354999999997,1.00062500000005,0.996983000000051,0.005071,0.672276000000011
83,1.06124475063002,0.0563619999999999,0.0306160000000001,0.780018000000021,0.011581,0.869352000000029,0.207525000000004,0.670168000000009,0.109910999999999,0.159630000000001,0,0.156247000000001,0.567102999999994,1.00060900000004,0.997067000000046,0.005474,0.684612000000013
84,1.06228264799618,0.0546029999999999,0.033348,0.778896000000026,0.012069,0.873407000000029,0.211216000000004,0.681927000000015,0.113662,0.165962000000002,0,0.162530000000001,0.573829999999998,1.00059500000004,0.997108000000043,0.005085,0.694101000000022
85,1.063167529442,0.05613,0.0382100000000001,0.77792100000002,0.012703,0.877799000000028,0.216330000000004,0.694932000000011,0.120106999999999,0.171306000000001,0,0.169527000000001,0.573720999999995,1.00061900000004,0.997151000000042,0.004971,0.70027300000001
86,1.06376928226371,0.055363,0.040738,0.782939000000021,0.013362,0.883489000000027,0.226293000000005,0.701896000000017,0.126669,0.182074000000002,0,0.177953000000002,0.571389999999997,1.00066000000004,0.997489000000042,0.004511,0.704973000000018
87,1.0648521993931,0.0581279999999999,0.045426,0.787298000000027,0.013461,0.883850000000029,0.239192000000005,0.709137000000014,0.137922,0.191153000000003,0,0.190250000000003,0.571201,1.00057800000004,0.997175000000045,0.004496,0.708126000000016
88,1.06530263187348,0.058872,0.048296,0.790395000000028,0.013654,0.885995000000038,0.246871000000005,0.719734000000017,0.142968,0.197636000000003,0,0.203254000000003,0.575805999999997,1.00058300000004,0.997205000000047,0.004887,0.720143000000022
89,1.0659801643474,0.0579369999999999,0.0520399999999999,0.792289000000026,0.017152,0.886372000000028,0.249067000000005,0.724699000000013,0.147142000000001,0.201569000000003,0,0.207771000000003,0.575893,1.00062400000004,0.997432000000045,0.005275,0.725507000000017
90,1.06723695496121,0.0573909999999999,0.056083,0.792038000000028,0.016571,0.889208000000033,0.255423000000004,0.730013000000022,0.153597000000001,0.211014000000004,0,0.212401000000004,0.577826999999996,1.00060300000004,0.997437000000045,0.006229,0.736526000000013
91,1.06738423366104,0.0589889999999999,0.0602539999999999,0.793363000000028,0.017791,0.89090400000004,0.263518000000002,0.742292000000025,0.160750000000001,0.220751000000004,0,0.220075000000004,0.582061999999998,1.00055300000004,0.997224000000044,0.006525,0.746667000000019
92,1.06836622715605,0.061693,0.0650209999999999,0.794881000000019,0.018952,0.895664000000027,0.270898000000003,0.751566000000017,0.167638000000001,0.233097000000003,0,0.230536000000003,0.584814999999997,1.00055600000004,0.997132000000041,0.007198,0.758597000000016
93,1.0693106629009,0.059341,0.0688789999999999,0.796750000000021,0.020229,0.901697000000032,0.280112000000001,0.756190000000017,0.177218000000003,0.234906000000004,0,0.233405000000004,0.584184999999996,1.00062000000004,0.997403000000047,0.00730900000000001,0.769177000000023
94,1.07056817224051,0.060372,0.0712699999999998,0.803826000000028,0.0179,0.899016000000034,0.279807999999999,0.765847000000026,0.187779000000002,0.243551000000004,0,0.245704000000004,0.580481999999997,1.00054400000004,0.997253000000047,0.007949,0.770251000000019
95,1.07140321541491,0.0588689999999999,0.0774379999999997,0.805703000000022,0.017796,0.900226000000027,0.285935999999999,0.775735000000018,0.203306000000002,0.258459000000002,0,0.253443000000003,0.581324000000002,1.00052000000003,0.997221000000038,0.00916899999999999,0.776332000000019
96,1.07227105201943,0.0589459999999999,0.0804299999999998,0.812220000000028,0.016771,0.899885000000033,0.288739999999997,0.787530000000026,0.214606000000003,0.270063999999999,0,0.26454,0.580020000000002,1.00048400000004,0.997188000000047,0.008992,0.782928000000025
97,1.0727868143955,0.060412,0.0867459999999996,0.813874000000026,0.016395,0.905026000000029,0.294533999999999,0.798865000000026,0.230691000000003,0.282038999999999,0,0.272917,0.583785999999999,1.00052600000004,0.997272000000042,0.008467,0.785282000000024
98,1.07375768646257,0.060256,0.0914089999999998,0.811795000000024,0.019744,0.907760000000031,0.296600999999999,0.809020000000023,0.241856000000004,0.291342999999999,0,0.280385,0.581190000000001,1.00045700000004,0.997248000000041,0.00805800000000001,0.792220000000025
99,1.07426986887905,0.0581419999999999,0.0982259999999997,0.809315000000023,0.022032,0.913395000000032,0.302235999999997,0.815601000000019,0.247094000000004,0.296090999999998,0,0.278976999999999,0.581674999999999,1.00050500000004,0.997330000000044,0.008651,0.796296000000023
100,1.07486931146593,0.05931,0.102805,0.809870000000025,0.024215,0.914393000000034,0.309998999999996,0.816960000000028,0.257036000000002,0.304276999999996,0,0.285119999999999,0.588427000000002,1.00055000000004,0.997188000000043,0.00834800000000001,0.798226000000028
101,1.07544974089416,0.0578229999999999,0.113885999999999,0.81111700000002,0.024387,0.916606000000029,0.320963999999996,0.828738000000022,0.266023000000001,0.319413999999995,0,0.304951999999996,0.581700000000001,1.00051500000004,0.997145000000039,0.009661,0.800132000000026
102,1.07603048375428,0.0592979999999999,0.119405999999999,0.813311000000024,0.024561,0.918394000000033,0.329420999999995,0.837077000000027,0.275381000000001,0.335827999999994,0,0.319911999999996,0.579514,1.00057000000004,0.997462000000041,0.011971,0.80787300000002
103,1.07730988399951,0.0605099999999999,0.118426,0.809544000000023,0.0274870000000001,0.921899000000025,0.329463999999992,0.837089000000021,0.284871999999998,0.336116999999993,0,0.322200999999995,0.576328000000001,1.00046200000003,0.997176000000037,0.010493,0.813100000000026
104,1.07897863700986,0.0619469999999999,0.129727,0.812597000000023,0.026889,0.925275000000032,0.343512999999994,0.844526000000028,0.298490999999997,0.350427999999993,0,0.331133999999995,0.570464999999997,1.00049700000004,0.997061000000042,0.011064,0.821424000000023
105,1.08043741612713,0.0607059999999998,0.136582,0.811599000000023,0.026594,0.933140000000031,0.349790999999994,0.847028000000029,0.312617999999995,0.359854999999993,0,0.339429999999994,0.569126,1.00049200000004,0.997110000000039,0.009691,0.833625000000029
106,1.08077019085134,0.0627079999999999,0.143655,0.810588000000023,0.028444,0.937579000000034,0.351684999999994,0.855921000000028,0.316339999999997,0.366341999999993,0,0.352019999999993,0.567588999999995,1.00052100000004,0.997148000000045,0.010326,0.837967000000024
107,1.08162075699158,0.0619129999999999,0.143769,0.812743000000024,0.0305480000000001,0.940513000000032,0.353001999999992,0.85902900000003,0.319364999999994,0.372549999999993,0,0.357834999999994,0.563675999999995,1.00049700000004,0.997271000000042,0.011225,0.841464000000031
108,1.08256284867096,0.0620199999999999,0.146096000000001,0.813534000000024,0.031721,0.938727000000033,0.358800999999992,0.86041900000003,0.327745999999994,0.376227999999989,0,0.359573999999992,0.559979999999995,1.00043800000004,0.997242000000039,0.012102,0.848692000000029
109,1.08342240357285,0.064569,0.155411000000001,0.809732000000024,0.0304380000000001,0.943531000000036,0.36740799999999,0.864306000000031,0.335202999999992,0.38546599999999,0,0.364704999999991,0.560222999999993,1.00054000000004,0.997441000000044,0.012367,0.853113000000026
110,1.08456649763106,0.0669189999999999,0.161363000000001,0.818486000000022,0.0297360000000001,0.946328000000034,0.367088999999991,0.867474000000029,0.346359999999994,0.390587999999992,0,0.371998999999993,0.557915999999997,1.00047000000004,0.997091000000041,0.013588,0.854519000000026
111,1.0847964257286,0.0629949999999999,0.160158000000001,0.816425000000024,0.0312680000000001,0.948191000000032,0.368574999999991,0.869373000000027,0.352440999999992,0.399201999999988,0,0.37982499999999,0.555660999999996,1.00048400000004,0.997190000000037,0.012788,0.860188000000021
112,1.08627717284976,0.0660939999999999,0.165212000000001,0.821559000000019,0.0310420000000001,0.947133000000026,0.369392999999993,0.874099000000022,0.359389999999994,0.405852999999993,0,0.395085999999993,0.550186999999996,1.00043700000003,0.996993000000031,0.013232,0.863124000000026
113,1.08716140246849,0.066243,0.168537000000001,0.81964500000002,0.032436,0.949692000000027,0.377738999999993,0.873214000000024,0.362570999999994,0.413204999999991,0,0.401521999999992,0.547907999999996,1.00043800000003,0.996981000000035,0.013638,0.866381000000031
114,1.08805722346416,0.0652929999999999,0.179001000000001,0.821919000000015,0.032754,0.951006000000027,0.381729999999993,0.877673000000023,0.374352999999992,0.42237699999999,0,0.411935999999991,0.546278999999997,1.00048200000003,0.997248000000032,0.014611,0.876050000000025
115,1.08904844359476,0.0658489999999998,0.191306000000002,0.824978000000021,0.0314480000000001,0.952056000000027,0.393063999999992,0.879407000000025,0.379677999999992,0.42925099999999,0,0.419575999999991,0.545512999999995,1.00044600000003,0.997125000000031,0.014167,0.875117000000025
116,1.08995670999675,0.0697139999999998,0.196991000000002,0.82517000000002,0.032167,0.952958000000027,0.401983999999992,0.881778000000022,0.384223999999992,0.44078599999999,0,0.425366999999989,0.542788999999994,1.00046400000003,0.997116000000033,0.012395,0.880803000000031
117,1.09083194523491,0.0701389999999998,0.203398000000002,0.828592000000018,0.031809,0.95413400000003,0.411301999999989,0.885896000000025,0.398930999999991,0.444557999999987,0,0.431331999999988,0.542215999999996,1.00046400000003,0.996918000000036,0.01455,0.882993000000032
118,1.09160534508412,0.0667269999999999,0.217357000000002,0.827915000000014,0.0342280000000001,0.955242000000021,0.425345999999989,0.884635000000018,0.406344999999993,0.45412099999999,0,0.442186999999991,0.539239999999994,1.00041300000003,0.99718000000003,0.015786,0.890906000000025
119,1.09271659932544,0.0671329999999999,0.219804000000002,0.830922000000016,0.035938,0.955186000000022,0.42177099999999,0.891490000000021,0.417052999999993,0.462263999999992,0,0.455132999999993,0.536636999999996,1.00041000000003,0.99708100000003,0.016458,0.894398000000028
120,1.09372736217985,0.0682979999999998,0.227632000000002,0.833243000000015,0.035317,0.958210000000024,0.430188999999991,0.895112000000023,0.426204999999991,0.469599999999991,0,0.466368999999991,0.532798999999992,1.00041500000003,0.99706200000003,0.016373,0.897241000000027
121,1.09506170956174,0.066891,0.230680000000002,0.830800000000023,0.035692,0.960074000000027,0.43376499999999,0.897941000000027,0.43500799999999,0.48052599999999,0,0.468593999999989,0.531503999999993,1.00040200000003,0.996891000000033,0.016259,0.901300000000023
122,1.09578007004324,0.065341,0.237865000000002,0.832830000000021,0.035346,0.961491000000025,0.440111999999991,0.902313000000026,0.440992999999991,0.49021799999999,0,0.47742699999999,0.527922999999995,1.00037500000003,0.997038000000031,0.017551,0.904461000000027
123,1.09656245701328,0.0645789999999999,0.240759000000002,0.838762000000018,0.038377,0.962930000000027,0.443048999999988,0.906451000000024,0.45146899999999,0.500717999999989,0,0.48356499999999,0.52513299999999,1.00038200000003,0.996895000000033,0.020568,0.908488000000028
124,1.09761077072222,0.064728,0.246888000000003,0.835905000000022,0.0389809999999999,0.966577000000031,0.444451999999988,0.908556000000028,0.461708999999989,0.506860999999989,0,0.489034999999989,0.51650399999999,1.00036900000003,0.997188000000035,0.022378,0.911778000000025
125,1.09852837332658,0.0638859999999999,0.259499000000001,0.836637000000024,0.038805,0.968533000000035,0.451213999999989,0.911098000000032,0.470196999999989,0.50668399999999,0,0.492505999999989,0.514249999999989,1.00040500000004,0.997243000000039,0.0244490000000001,0.910131000000026
126,1.10002347044271,0.0629139999999998,0.268850999999999,0.835172000000019,0.039641,0.967994000000025,0.45680699999999,0.914646000000022,0.474797999999991,0.510059999999992,0,0.49678599999999,0.513381999999989,1.00039600000003,0.997283000000029,0.025964,0.913981000000026
127,1.10106629269272,0.062009,0.277567999999999,0.835929000000014,0.040985,0.967909000000022,0.463523999999988,0.913255000000018,0.481732999999991,0.513567999999992,0,0.503967999999992,0.509827999999987,1.00036200000003,0.997103000000029,0.0281890000000001,0.916346000000021
128,1.10306803121287,0.0603229999999998,0.281539999999999,0.840748000000018,0.0434729999999999,0.969812000000028,0.470288999999987,0.914983000000025,0.487661999999989,0.516605999999994,0,0.513693999999993,0.508412999999987,1.00040000000003,0.997213000000035,0.027459,0.918449000000023
129,1.10419316060474,0.05722,0.281257999999997,0.838246000000017,0.048014,0.970787000000025,0.472671999999987,0.917082000000023,0.494774999999989,0.527481999999995,0,0.524139999999995,0.510287999999988,1.00040100000003,0.996930000000031,0.028078,0.915930000000023
130,1.10511847447335,0.0574129999999999,0.292044999999998,0.84058900000002,0.048714,0.971356000000028,0.480622999999988,0.920480000000026,0.499546999999989,0.534334999999998,0,0.524972999999995,0.506199999999988,1.00037400000003,0.997086000000033,0.027925,0.918237000000025
131,1.10572297427892,0.0605799999999999,0.299372999999998,0.834554000000014,0.0514019999999999,0.972784000000022,0.485870999999987,0.92247600000002,0.499758999999989,0.535212999999993,0,0.529018999999991,0.514535999999987,1.00037700000002,0.997157000000027,0.028869,0.925619000000028
132,1.10674355658421,0.057356,0.303049999999998,0.830017000000017,0.053459,0.972593000000023,0.492292999999988,0.927427000000022,0.506517999999992,0.544597999999999,0,0.534390999999997,0.511660999999988,1.00029900000003,0.996956000000029,0.030003,0.92868300000003
133,1.10857964414461,0.0558069999999999,0.315983999999996,0.832070000000019,0.054629,0.975112000000025,0.495056999999987,0.930922000000025,0.511262999999992,0.544767999999997,0,0.532781999999996,0.506825999999986,1.00037000000003,0.997132000000031,0.031192,0.928810000000028
134,1.11049526976972,0.054117,0.324207999999996,0.83262400000002,0.0539909999999999,0.974719000000026,0.494550999999986,0.930994000000026,0.510900999999993,0.550904,0,0.538495999999997,0.498497999999986,1.00038700000003,0.99722000000003,0.0312130000000001,0.932102000000025
135,1.11273402823361,0.053518,0.332502999999996,0.832776000000014,0.052163,0.975707000000023,0.500220999999989,0.935399000000022,0.526692999999997,0.561727,0,0.544051999999999,0.496447999999988,1.00031800000002,0.997034000000028,0.030094,0.929140000000026
136,1.11457115211425,0.052908,0.335892999999996,0.835071000000018,0.051589,0.974487000000024,0.498643999999987,0.937832000000023,0.530911999999996,0.563214000000001,0,0.553861,0.486841999999986,1.00032100000003,0.997088000000029,0.0300140000000001,0.92938300000002
137,1.11654840133812,0.052766,0.347275999999995,0.834448000000018,0.050954,0.976825000000025,0.50417899999999,0.941416000000022,0.534896999999998,0.570487000000002,0,0.562696000000002,0.488686999999988,1.00037400000003,0.99711000000003,0.0304160000000001,0.935207000000027
138,1.11793068825901,0.053134,0.365948999999994,0.838941000000013,0.050142,0.976296000000018,0.516425999999991,0.942879000000018,0.541471,0.583861000000002,0,0.567692000000002,0.482091999999987,1.00033300000002,0.997169000000022,0.0311640000000001,0.936752000000023
139,1.11923531337223,0.054482,0.372806999999996,0.844637000000016,0.048086,0.977461000000022,0.518525999999993,0.944298000000022,0.546919999999999,0.588105000000002,0,0.577562000000003,0.477463999999989,1.00029500000002,0.996910000000027,0.030613,0.940203000000026
140,1.1205616072186,0.052231,0.382796999999995,0.848764000000013,0.049222,0.977281000000019,0.527091999999992,0.946693000000018,0.557820999999998,0.599119000000003,0,0.586503000000001,0.468862999999989,1.00030700000002,0.996987000000024,0.034049,0.943680000000019
141,1.12143900695707,0.05236,0.391743999999993,0.855132000000016,0.049415,0.977089000000023,0.533889999999997,0.95117600000002,0.571615,0.604462000000003,0,0.597117000000003,0.464697999999987,1.00028800000002,0.996793000000028,0.035065,0.946172000000023
142,1.12307294359023,0.055185,0.385568999999995,0.856504000000017,0.051812,0.97644800000002,0.526322999999993,0.95161100000002,0.575765000000001,0.607816000000003,0,0.608086000000003,0.463038999999988,1.00033800000002,0.996877000000025,0.035814,0.944982000000023
143,1.12443972336261,0.055566,0.394280999999995,0.859588000000015,0.049675,0.974822000000021,0.542405999999996,0.95332700000002,0.583782000000001,0.609862000000003,0,0.614597000000004,0.455944999999989,1.00030700000002,0.997027000000026,0.0363,0.946030000000025
144,1.12559227407908,0.0562439999999999,0.395823999999995,0.859264000000017,0.0508809999999999,0.974495000000021,0.545040999999998,0.955116000000023,0.593210000000002,0.621854000000001,0,0.623535000000001,0.450446999999989,1.00027400000002,0.997078000000025,0.034769,0.947818000000027
145,1.12714334023278,0.055878,0.404391999999993,0.859080000000011,0.04917,0.974332000000019,0.555604999999998,0.956993000000019,0.604006,0.629372000000005,0,0.629371000000004,0.44699299999999,1.00024900000002,0.996926000000023,0.036399,0.950264000000023
146,1.12747246608815,0.0564189999999999,0.408362999999992,0.85900700000002,0.048725,0.972842000000022,0.554062,0.960952000000024,0.606720000000005,0.637727000000007,0,0.639625000000007,0.452798999999988,1.00034100000002,0.997382000000027,0.036142,0.951997000000018
147,1.12854920229329,0.056307,0.414125999999996,0.861984000000015,0.048157,0.970878000000023,0.557732000000001,0.962755000000022,0.617551000000005,0.645754000000006,0,0.654219000000005,0.45026099999999,1.00026500000002,0.996891000000027,0.037658,0.954489000000018
148,1.13004565853556,0.055543,0.419116999999994,0.864424000000015,0.0482689999999999,0.972061000000021,0.559580000000001,0.964935000000022,0.621938000000008,0.645821000000009,0,0.656449000000008,0.452994999999991,1.00030200000002,0.996896000000025,0.0362,0.954902000000022
149,1.13061520154749,0.0523159999999999,0.426687999999993,0.86417200000001,0.050121,0.973328000000019,0.566472999999999,0.965928000000019,0.629521000000007,0.651606000000006,0,0.663948000000007,0.45121499999999,1.00022100000002,0.997129000000021,0.0396960000000001,0.959538000000021
150,1.13171076767781,0.051115,0.427634999999994,0.868269000000013,0.0469259999999999,0.976953000000018,0.568939,0.969580000000018,0.637685000000006,0.657264000000004,0,0.673839000000005,0.447933999999988,1.00032300000002,0.996934000000022,0.039381,0.959684000000021
151,1.13386667669025,0.0508999999999999,0.442560999999995,0.866659000000014,0.047508,0.97604700000002,0.575687000000003,0.971684000000019,0.640645000000006,0.662300000000008,0,0.677694000000006,0.45062599999999,1.00029000000002,0.997035000000023,0.03974,0.95996700000002
152,1.13518763136862,0.052213,0.453328999999994,0.870464000000016,0.045967,0.976931000000019,0.582270000000004,0.97198600000002,0.649419000000008,0.674107000000009,0,0.684498000000009,0.44961499999999,1.00025200000002,0.996997000000025,0.043235,0.963279000000021
153,1.13703117608199,0.051002,0.458716999999993,0.875575000000012,0.044226,0.978140000000017,0.581811000000005,0.972804000000017,0.655055000000008,0.679663000000009,0,0.698018000000008,0.446332999999989,1.00030500000002,0.997046000000019,0.044177,0.966257000000025
154,1.13747802933421,0.051538,0.462915999999992,0.870331000000016,0.045859,0.977020000000023,0.584773000000003,0.973990000000023,0.657689000000002,0.682456000000006,0,0.704520000000007,0.45320299999999,1.00021900000003,0.996927000000029,0.0437689999999999,0.969203000000022
155,1.13967108697479,0.049404,0.472960999999993,0.871710000000007,0.046694,0.976378000000014,0.594673000000003,0.975675000000014,0.652557000000005,0.689950000000004,0,0.706352000000006,0.452720999999991,1.00025200000002,0.99676600000002,0.045382,0.968577000000021
156,1.14006997185525,0.051768,0.476112999999994,0.878226000000015,0.045553,0.977585000000018,0.599660000000004,0.975312000000019,0.658202000000008,0.694090000000008,0,0.703628000000008,0.448525999999991,1.00023300000002,0.996905000000022,0.045537,0.970135000000024
157,1.14195564758872,0.0483229999999999,0.483078999999995,0.881816000000014,0.045115,0.977790000000021,0.603106000000007,0.976629000000022,0.662991000000006,0.700030000000009,0,0.715400000000008,0.441199999999992,1.00025200000002,0.997099000000025,0.044541,0.972039000000017
158,1.14359092807609,0.046752,0.490173999999994,0.88815100000001,0.0437259999999999,0.979424000000012,0.613029000000005,0.974673000000012,0.670114000000006,0.707144000000007,0,0.717957000000007,0.438367999999991,1.00026600000001,0.997032000000015,0.044596,0.969480000000023
159,1.14503185264548,0.046889,0.498349999999994,0.888954000000011,0.044089,0.980618000000013,0.622150000000005,0.976784000000014,0.683186000000005,0.710310000000006,0,0.724581000000006,0.433323999999993,1.00021900000001,0.996873000000016,0.044843,0.970803000000021
160,1.14713642119066,0.048955,0.497159999999994,0.888908000000014,0.042878,0.981682000000018,0.622698000000006,0.978110000000019,0.684968000000005,0.713914000000007,0,0.726301000000009,0.439209999999991,1.00022700000002,0.996843000000021,0.04738,0.970743000000015
161,1.14869308531424,0.048851,0.507239999999996,0.889230000000009,0.0420199999999999,0.982919000000013,0.628872000000004,0.979054000000013,0.688614000000001,0.716586000000003,0,0.732332000000004,0.440729999999992,1.00017800000001,0.996910000000017,0.046666,0.97061800000002
162,1.15081012667048,0.050384,0.519316999999998,0.888599000000013,0.041198,0.982964000000017,0.635665000000008,0.979479000000018,0.694783000000007,0.720362000000008,0,0.73660500000001,0.43470999999999,1.00021300000002,0.996725000000022,0.047008,0.972136000000017
163,1.15252138132886,0.053394,0.515061999999996,0.889797000000015,0.042383,0.98159200000002,0.630956000000009,0.979847000000019,0.706278000000008,0.730393000000007,0,0.742325000000008,0.433710999999991,1.00021000000002,0.997012000000022,0.050028,0.972356000000016
164,1.15383410318222,0.0545359999999999,0.524291999999997,0.892817000000012,0.038817,0.982971000000014,0.636373000000008,0.981084000000015,0.716992000000006,0.735247000000005,0,0.750276000000006,0.425476999999992,1.00019000000002,0.996926000000019,0.049297,0.973906000000018
165,1.15610023336089,0.0508079999999999,0.535618,0.896863000000015,0.037199,0.98481800000002,0.646782000000012,0.98422000000002,0.725403000000009,0.748504000000009,0,0.761520000000011,0.417309999999991,1.00015700000002,0.996851000000023,0.053423,0.978159000000015
166,1.15644706343092,0.048894,0.539698000000001,0.900272000000011,0.03475,0.984116000000013,0.652602000000008,0.986104000000014,0.732706000000008,0.755929000000008,0,0.768430000000007,0.411066999999992,1.00026100000001,0.997050000000017,0.054915,0.979847000000018
167,1.15809615694339,0.047673,0.538668999999998,0.902254000000009,0.034655,0.984982000000015,0.650991000000005,0.985192000000015,0.740847000000004,0.758518000000004,0,0.772921000000005,0.415065999999991,1.00021200000002,0.996914000000017,0.057963,0.981885000000017
168,1.15907822248449,0.048392,0.547029000000001,0.902379000000015,0.034986,0.984774000000019,0.657283000000008,0.98713400000002,0.74721000000001,0.76774300000001,0,0.783039000000011,0.423867999999994,1.00022300000002,0.997110000000022,0.056287,0.98274300000002
169,1.15989769078781,0.048681,0.560604999999999,0.907488000000011,0.0332,0.985904000000013,0.669555000000007,0.987632000000013,0.753852000000005,0.773118000000005,0,0.786890000000005,0.423333999999994,1.00020100000001,0.997154000000016,0.056191,0.983956000000017
170,1.16181268187532,0.046779,0.571836999999999,0.906592000000014,0.034885,0.985866000000017,0.676429000000006,0.988238000000017,0.756881000000007,0.770766000000006,0,0.788541000000007,0.428167999999995,1.00022200000002,0.997072000000018,0.056074,0.985546000000018
171,1.16323938784868,0.046746,0.573966,0.903020000000012,0.036014,0.988093000000017,0.677202000000004,0.989069000000017,0.764080000000007,0.782448000000007,0,0.793631000000008,0.424142999999994,1.00017200000002,0.996881000000019,0.058439,0.986235000000016
172,1.16505055157558,0.046359,0.587713000000001,0.90093600000001,0.037774,0.988317000000014,0.690029000000004,0.990285000000015,0.767644000000008,0.788018000000007,0,0.798247000000006,0.426928999999995,1.00020100000001,0.996679000000016,0.059895,0.986287000000016
173,1.1667923021502,0.048517,0.592684000000001,0.901878000000012,0.037429,0.987740000000015,0.69075400000001,0.989858000000015,0.773423000000008,0.795480000000008,0,0.802525000000008,0.426543999999993,1.00019000000002,0.996855000000017,0.061133,0.985714000000013
174,1.16813061292078,0.04884,0.595304000000003,0.906275000000009,0.035957,0.988851000000013,0.691593000000004,0.988387000000014,0.776563000000004,0.801779000000004,0,0.807098000000004,0.424128999999993,1.00018500000001,0.996592000000015,0.06445,0.988141000000009
175,1.17011409870154,0.048727,0.600191,0.908452000000013,0.034635,0.987744000000015,0.694788000000007,0.987489000000016,0.770701000000004,0.802508000000007,0,0.807589000000007,0.419369999999994,1.00016800000002,0.996836000000018,0.0607649999999999,0.987816000000019
176,1.17211031335394,0.049887,0.607691000000003,0.90913400000001,0.034368,0.988548000000014,0.699031000000007,0.987952000000015,0.780861000000005,0.807016000000006,0,0.813345000000007,0.413423999999994,1.00017000000001,0.996853000000016,0.06392,0.988401000000011
177,1.17378291477111,0.0505719999999999,0.607575,0.908963000000008,0.036543,0.989715000000015,0.698362000000006,0.987746000000015,0.783084000000005,0.806687000000005,0,0.810397000000005,0.409897999999994,1.00016700000002,0.997041000000016,0.067141,0.988969000000013
178,1.17471137705671,0.0501069999999999,0.610294000000004,0.906048000000011,0.040584,0.990928000000014,0.696347000000006,0.988762000000014,0.784763000000006,0.807535000000007,0,0.809282000000009,0.409326999999994,1.00015100000001,0.997216000000016,0.068051,0.989535000000016
179,1.17807692515199,0.0488539999999999,0.623027999999999,0.910551000000011,0.0393050000000001,0.991231000000012,0.705844000000006,0.989514000000013,0.792690000000008,0.813914000000007,0,0.816256000000007,0.404539999999994,1.00016500000001,0.996762000000015,0.0675929999999999,0.990504000000014
180,1.17962727438551,0.047357,0.632839000000006,0.913623000000014,0.039755,0.991857000000019,0.714905000000011,0.989455000000019,0.79254500000001,0.817107000000011,0,0.813099000000011,0.404667999999995,1.00018000000002,0.99706400000002,0.065871,0.990592000000019
181,1.18191221241601,0.0484569999999999,0.632008000000002,0.912369000000011,0.038753,0.991580000000016,0.717958000000006,0.988837000000016,0.797349000000007,0.816910000000007,0,0.819248000000007,0.402626999999996,1.00013300000002,0.996944000000018,0.064779,0.989396000000016
182,1.18384818461997,0.04722,0.635984000000001,0.913633000000008,0.036537,0.99251200000001,0.716791000000008,0.98988200000001,0.801103000000006,0.817440000000005,0,0.818964000000006,0.400783999999995,1.00016800000001,0.996692000000012,0.063471,0.990174000000016
183,1.18585480729291,0.043551,0.643257000000005,0.916268000000009,0.033143,0.992447000000012,0.721210000000009,0.990565000000012,0.809200000000008,0.826093000000007,0,0.826051000000005,0.385143999999995,1.00011600000001,0.996862000000015,0.066022,0.991437000000016
184,1.18886213508422,0.043948,0.650352000000006,0.91922600000001,0.029297,0.992064000000012,0.728933000000008,0.990848000000013,0.815392000000005,0.834131000000006,0,0.837101000000006,0.384290999999995,1.00011400000001,0.996800000000014,0.0672649999999999,0.992092000000013
185,1.19040646699771,0.044173,0.651244000000005,0.91788600000001,0.028545,0.993383000000014,0.73149100000001,0.992201000000014,0.820870000000008,0.835878000000007,0,0.839934000000008,0.382777999999995,1.00015200000001,0.996982000000016,0.068696,0.991915000000016
186,1.19191114077201,0.0456549999999999,0.650106000000004,0.918190000000009,0.027121,0.993940000000012,0.731861000000007,0.992179000000012,0.822262000000007,0.837115000000007,0,0.837979000000006,0.380331999999995,1.00013800000001,0.996916000000015,0.067093,0.992848000000015
187,1.194290195409,0.0452309999999999,0.655655,0.920371000000008,0.026458,0.994277000000011,0.736848000000006,0.992806000000011,0.827145000000006,0.842448000000005,0,0.844005000000005,0.373506999999995,1.00012700000001,0.996796000000013,0.068425,0.993000000000012
188,1.19557286307888,0.044946,0.661668000000005,0.924508000000009,0.024577,0.994317000000012,0.742197000000009,0.993660000000013,0.833297000000007,0.845825000000006,0,0.849628000000007,0.364177999999997,1.00014600000001,0.996989000000014,0.068278,0.991892000000013
189,1.19832985410116,0.046586,0.661376000000001,0.927486000000006,0.024272,0.994924000000011,0.744082000000003,0.993232000000011,0.830907000000003,0.839469000000003,0,0.849959000000003,0.362832999999995,1.00012300000001,0.996753000000013,0.0693709999999999,0.99195700000001
190,1.20067858061521,0.045292,0.670086000000006,0.927694000000008,0.023959,0.994577000000012,0.752575000000007,0.993733000000012,0.832387000000007,0.844663000000006,0,0.853986000000005,0.366148999999996,1.00013300000001,0.996890000000013,0.070004,0.991552000000015
191,1.20324323006342,0.046557,0.674544000000004,0.924924000000005,0.024635,0.995199000000009,0.757349000000006,0.994109000000009,0.832970000000004,0.845251000000003,0,0.851477000000004,0.371462999999997,1.00013700000001,0.99696300000001,0.0739939999999999,0.992296000000014
192,1.20465944734521,0.046907,0.678662000000001,0.926935000000004,0.025323,0.994778000000011,0.763081000000002,0.993914000000011,0.835601000000002,0.844691000000002,0,0.851060000000001,0.371310999999997,1.00013400000001,0.997056000000012,0.0750049999999999,0.991553000000013
193,1.20577737131236,0.047107,0.680202000000007,0.929773000000008,0.024872,0.995237000000011,0.761878000000008,0.994542000000011,0.835224000000008,0.846850000000007,0,0.852189000000008,0.369409999999996,1.00010400000001,0.996884000000012,0.0756849999999999,0.992603000000011
194,1.20790556837274,0.046263,0.684313000000005,0.933035000000009,0.024382,0.995352000000011,0.763784000000007,0.994199000000011,0.842825000000006,0.855635000000005,0,0.857777000000006,0.367848999999996,1.00014000000001,0.996740000000014,0.075856,0.993275000000015
195,1.21011361975174,0.04813,0.689353000000006,0.93417000000001,0.025588,0.995472000000013,0.76727600000001,0.994274000000013,0.844556000000008,0.859220000000008,0,0.856315000000009,0.362796999999996,1.00014000000001,0.997053000000014,0.0795229999999999,0.993802000000011
196,1.21175937427462,0.049285,0.694939000000003,0.936947000000007,0.024476,0.996132000000009,0.773090000000004,0.99479100000001,0.845225000000005,0.863576000000006,0,0.862634000000005,0.360405999999997,1.00012500000001,0.996636000000011,0.0783579999999999,0.992674000000014
197,1.21352006064545,0.0499189999999999,0.705512000000005,0.939162000000008,0.02412,0.996355000000011,0.781960000000007,0.995727000000011,0.852953000000007,0.870446000000007,0,0.868342000000007,0.355631999999998,1.00012500000001,0.996578000000012,0.080969,0.992091000000009
198,1.21672618064569,0.048956,0.716262,0.939387000000007,0.024936,0.99672200000001,0.789990000000003,0.99593900000001,0.852830000000005,0.873769000000005,0,0.871888000000005,0.357036999999996,1.00014000000001,0.996821000000011,0.0816309999999999,0.992814000000013
199,1.2194540807427,0.046694,0.726207000000002,0.938702000000008,0.026109,0.996181000000012,0.796314000000005,0.996790000000012,0.855359000000005,0.876754000000005,0,0.871780000000005,0.355640999999995,1.00011600000001,0.996635000000012,0.0846299999999999,0.99196300000001
200,1.22055768668579,0.047369,0.729820000000003,0.942110000000009,0.026064,0.996817000000012,0.797121000000007,0.997440000000012,0.858783000000007,0.880298000000008,0,0.874812000000007,0.349035999999997,1.00010800000001,0.996922000000014,0.085958,0.991862000000013
