"X","PopRatio","Diff_KC","Fibroblast","M1","M2","Neutrophil","Prol_KC","Th0","Th1","Th17","Th2","Th22","Treg","iDC","pDC","preDiff_KC","ILC3"
0,1,0.000477,0,0,0,0,0,0,0,0,0,0,0.16593,0,0,0,0
1,1.000001,0.002162,0,0,0,0,0,0,0,0,0,0,0.122913,0,0,0,0
2,0.999996999996,0.003659,0,1.2e-05,0,3e-06,0,0,0,0,0,0,0.120454,0.000628,0.000621,0,0
3,0.999999999986999,0.004634,0,0.000151,0,4.3e-05,0,0,0,0,0,0,0.133195,0.004145,0.004186,0,0
4,1.000005999987,0.005123,0,0.000233,0,0.000156,0,0,0,0,0,0,0.145922,0.011424,0.011427,0,0
5,1.000011000017,0.005192,0,0.000961,0,0.000594,0,0,0,0,0,0,0.159204,0.023521,0.023519,0,0
6,1.000030000226,0.005952,0,0.00191,0,0.001474,0,0,0,0,0,0,0.169294,0.0413189999999999,0.0412909999999999,0,0
7,1.00005700103601,0.006282,0,0.004539,0,0.002791,0,0,0,0,0,0,0.185472,0.0689109999999999,0.0689509999999999,0,0
8,1.00009100297404,0.006771,0,0.00692900000000001,0,0.005332,0,0,0,0,0,0,0.199448,0.0919479999999997,0.0918609999999997,0,0
9,1.0001430077062,0.007169,0,0.010167,0,0.00977399999999999,0,0,0,0,0,0,0.221186,0.130172,0.130161,0,0
10,1.00018001299749,0.00797,0,0.014301,0,0.014637,0,0,0,0,0,0,0.232515,0.170043000000001,0.170108000000001,0,0
11,1.00024702505837,0.007329,0,0.021166,0,0.019309,0,0,0,0,0,0,0.249666,0.212621000000001,0.212608000000001,0,0
12,1.00032504432632,0.008089,0,0.024789,0,0.025183,0,0,0,0,0,0,0.268365999999999,0.258728,0.258493,0,0
13,1.00041907488049,0.007939,0,0.0325460000000001,0,0.033673,0,1.9e-05,0,0,0,0,0.287885999999999,0.305659999999998,0.305266999999998,0,0
14,1.00056413564636,0.008028,0,0.040673,0,0.04172,0,9.3e-05,0,0,0,0,0.303540999999998,0.351127999999997,0.350672999999997,0,0
15,1.00072022365153,0.007336,0,0.0545449999999998,0,0.0533909999999999,0,6.7e-05,0,0,0,0,0.318914999999998,0.398254999999995,0.397837999999995,0,0
16,1.00090235473224,0.006243,0,0.0656039999999999,0,0.0620049999999998,0,8e-06,0,0,0,0,0.335073999999998,0.442763999999995,0.442250999999995,0,0
17,1.0010805153514,0.006943,0,0.0782159999999996,0,0.0783929999999995,0,0.000264,0,0,0,0,0.343486999999999,0.48339699999999,0.48227199999999,0,0
18,1.00132878331922,0.00669,0,0.0941319999999995,0,0.0917999999999995,0,0.000836,0,0,0,0,0.352491999999995,0.524436999999996,0.523215999999996,0,0
19,1.00165321384503,0.008751,0,0.112190999999999,0,0.108095999999999,0,0.001304,0,0,0,0,0.370477999999996,0.561521000000004,0.560431000000004,0,0
20,1.00201280734883,0.009025,0,0.127651999999999,0,0.122999999999999,0,0.002446,0,0,0,0,0.387078999999996,0.593311000000003,0.592116000000003,0,0
21,1.00243966480478,0.010226,0,0.141651,0,0.136136,0,0.003456,0,0,0,0,0.398142999999993,0.620865000000005,0.619183000000005,0,0
22,1.00289176509364,0.011541,0,0.152185000000001,0,0.151226000000001,0.000118,0.00464,0,0,0,0,0.417288999999992,0.655810000000013,0.653932000000013,0,0
23,1.00345839894096,0.012134,0,0.162920000000002,0,0.163736000000002,0.000334,0.00710900000000001,0,0,0,0,0.428306999999994,0.68160100000002,0.67913100000002,0,0
24,1.00406147743877,0.012735,0,0.184190000000002,0,0.183652000000002,0.000267,0.009647,0,0,0,0,0.434079999999996,0.717341000000019,0.713471000000019,0,0
25,1.00471210927618,0.012883,0,0.206244000000003,0,0.198532000000003,0.000387,0.013717,0,0,0,0,0.439752999999993,0.750207000000023,0.746698000000023,0,0
26,1.00542043131327,0.012298,0,0.225484000000004,0,0.215147000000004,0.001012,0.017265,0,0,0,0,0.441636999999986,0.770713000000032,0.766576000000034,0,6.8e-05
27,1.00627906036165,0.01274,0,0.247936000000006,0,0.228277000000006,0.00134,0.0231370000000001,0,0,0,0,0.449973999999989,0.791147000000037,0.785835000000038,6.7e-05,6.7e-05
28,1.00720181826006,0.01198,0,0.260544000000006,0,0.241376000000006,0.00122,0.0301270000000001,0,0,0,0,0.461731999999992,0.81210900000003,0.806461000000029,0,3.4e-05
29,1.00801865893471,0.01212,0,0.281241000000002,0,0.261038000000006,0.001268,0.036155,0,0,0,0,0.463745999999987,0.834042000000044,0.826608000000044,0,6.7e-05
30,1.00895006817562,0.014164,0,0.293614999999999,0,0.278441000000003,0.001187,0.042592,0,0,0,0,0.476375999999982,0.84594600000005,0.838105000000049,0,0.00025
31,1.00995094664331,0.014755,0,0.309036999999997,0,0.298163,0.001771,0.0516739999999999,0,0,0,0,0.480682999999984,0.863300000000047,0.854596000000047,0,0.000314
32,1.0110083652845,0.015672,0,0.326901999999995,0,0.313039999999999,0.002304,0.0597259999999998,0,5.5e-05,0,0,0.486617999999986,0.88040700000004,0.87165900000004,0,0.000538
33,1.01208003415175,0.017214,0,0.341922999999993,0,0.324296999999997,0.002123,0.0652479999999998,0,0.000243,0,0,0.49930699999998,0.897027000000053,0.888279000000054,0,0.00115
34,1.01310324706634,0.017696,0,0.358875999999991,0,0.340879999999995,0.003205,0.0746769999999998,3.3e-05,0.000156,0,0,0.503959999999981,0.91198900000006,0.90248200000006,0,0.002223
35,1.01419131995376,0.018622,0,0.380281999999991,0,0.354132999999993,0.004052,0.0860319999999997,6.7e-05,0.000268,0,0,0.503322999999982,0.917475000000059,0.909318000000059,0,0.004235
36,1.01533634195406,0.018999,0,0.398041999999986,0,0.367773999999991,0.00449,0.0979309999999993,6.7e-05,0.000167,0,0,0.507767999999983,0.93118900000006,0.92261200000006,0,0.006012
37,1.01650600942006,0.018625,0,0.415866999999987,0,0.383704999999989,0.004986,0.111449999999999,0.000267,0.000134,0,4e-06,0.511625999999981,0.936210000000063,0.927710000000062,0,0.011197
38,1.01773293217349,0.020115,0,0.434031999999985,0,0.398427999999986,0.004983,0.121598999999999,0.000147,2.2e-05,0,0,0.520549999999987,0.943596000000061,0.934257000000061,0,0.015605
39,1.01895319395924,0.019195,0,0.449213999999984,0,0.410942999999986,0.006309,0.135394999999999,0.000167,0.000122,0,0.000109,0.524850999999985,0.951187000000062,0.941481000000063,0,0.020649
40,1.02017899465164,0.0212,0,0.466466999999983,0,0.426992999999985,0.00599200000000001,0.147509000000001,0.000334,0.000267,0,0.000306,0.529725999999984,0.958313000000062,0.947094000000062,0,0.0265190000000001
41,1.02131649423074,0.023828,0,0.481418999999982,0,0.447715999999982,0.007209,0.155371000000001,0.000438,0.00048,0,0.000469,0.529441999999983,0.963110000000051,0.951738000000052,0,0.0332760000000001
42,1.02245628343836,0.024817,0,0.488956999999979,0,0.46461799999998,0.00959900000000001,0.167658000000002,0.000637,0.000411,0,0.000717,0.533225999999988,0.96726900000006,0.95516600000006,0,0.044027
43,1.02367914115341,0.023887,0,0.506593999999983,0,0.484417999999977,0.011343,0.182984000000002,0.001065,0.000711,0,0.000765,0.542499999999988,0.970730000000059,0.95922400000006,0,0.0545679999999999
44,1.02484818273268,0.0228490000000001,6.7e-05,0.524507999999986,0,0.500562999999975,0.012246,0.201629000000004,0.001399,0.001206,0,0.001324,0.547504999999989,0.97317000000006,0.96319100000006,6.7e-05,0.0633269999999998
45,1.02595399392191,0.023199,0,0.541344999999988,6.4e-05,0.518151999999979,0.014942,0.215418000000005,0.00135,0.002005,0,0.001743,0.557416999999989,0.975571000000061,0.96695700000006,6.7e-05,0.0725349999999996
46,1.02712665933703,0.023512,0,0.55718899999999,0,0.532249999999981,0.016263,0.229095000000005,0.001467,0.002498,0,0.002324,0.561234999999993,0.978613000000058,0.969608000000059,6.7e-05,0.0877099999999995
47,1.02820411520273,0.025039,0,0.566860999999995,0,0.546997999999985,0.017418,0.254595000000004,0.001979,0.003264,0,0.003493,0.563468999999995,0.982380000000053,0.974117000000056,0,0.0950529999999993
48,1.02933616793363,0.027032,0,0.576917999999997,0,0.556458999999987,0.017935,0.265684000000002,0.002242,0.004885,0,0.004481,0.566891999999992,0.982140000000056,0.974385000000059,6.7e-05,0.108107999999999
49,1.03038917883348,0.026216,0,0.588865999999998,0,0.571149999999991,0.019767,0.281441,0.003445,0.006512,0,0.006062,0.571697999999998,0.985504000000053,0.977918000000055,0,0.119169999999999
50,1.03148345214146,0.0271250000000001,0,0.596987000000001,0,0.579633999999993,0.022248,0.296896999999998,0.004728,0.008426,0,0.008147,0.576271,0.987482000000059,0.98103400000006,1.3e-05,0.133892
51,1.03260054872019,0.0283620000000001,0,0.613089000000005,0,0.585483999999996,0.025533,0.310952999999997,0.006156,0.01011,0,0.00790500000000001,0.576402999999996,0.990395000000056,0.984032000000058,1.1e-05,0.154420000000001
52,1.03354021521959,0.030709,0,0.619112000000005,0,0.602515999999998,0.0283540000000001,0.324242999999994,0.00740000000000001,0.010617,0,0.009099,0.582938999999997,0.992582000000056,0.986413000000059,6.7e-05,0.167732000000002
53,1.03455515171099,0.0313660000000001,0.000182,0.633175000000012,0,0.615988000000007,0.0318330000000001,0.334453999999992,0.008882,0.012612,0,0.010334,0.585242999999999,0.992954000000063,0.987383000000065,6.7e-05,0.189436000000003
54,1.03553797910518,0.0334280000000001,0.000201,0.649032000000012,0,0.632862000000012,0.0346360000000001,0.346723999999993,0.010119,0.015193,0,0.012841,0.591714000000001,0.995626000000059,0.99044900000006,0.00024,0.210566000000004
55,1.03644511037494,0.0332870000000001,0.000134,0.659992000000011,0.000182,0.646217000000007,0.0399130000000001,0.36156099999999,0.01142,0.018563,0,0.014707,0.594519000000001,0.996357000000054,0.990951000000057,8e-05,0.232933000000005
56,1.03751161239357,0.03515,0.000134,0.667472000000012,0.000124,0.653255000000008,0.044785,0.38042799999999,0.014102,0.021212,0,0.017008,0.596403000000004,0.996611000000058,0.990725000000061,0.000133,0.257437000000005
57,1.03839972233384,0.035198,0.00017,0.674467000000017,4e-05,0.66115500000001,0.051427,0.393555999999988,0.016355,0.023893,0,0.019583,0.596265000000001,0.997830000000053,0.991782000000056,8e-05,0.275721000000001
58,1.03929170769538,0.037195,2e-04,0.685493000000016,0.000213,0.676337000000014,0.0552879999999999,0.412646999999984,0.020856,0.02648,0,0.0215140000000001,0.599147000000003,0.997839000000065,0.992135000000068,0.000185,0.292499999999999
59,1.04030293852703,0.037614,2e-04,0.688727000000015,0.000134,0.686816000000011,0.0629269999999999,0.433143999999986,0.024874,0.0293730000000001,0,0.023321,0.592464999999997,0.997509000000056,0.991700000000057,0.000264,0.308692999999997
60,1.04095624877249,0.03889,0.000228,0.692073000000014,0.000144,0.693127000000014,0.0669079999999998,0.446769999999983,0.0275640000000001,0.0307510000000001,0,0.0257910000000001,0.588249999999997,0.998186000000056,0.993138000000058,0.000353,0.325627999999996
61,1.04169220484043,0.039525,0.000261,0.701787000000015,0.000147,0.701567000000012,0.0703159999999999,0.461663999999986,0.0312890000000001,0.040207,0,0.031059,0.598994999999998,0.998394000000059,0.993639000000061,0.000403,0.343716999999993
62,1.04259222690547,0.038656,0.000709,0.698884000000019,0.000274,0.706368000000018,0.0764009999999996,0.48115299999998,0.0350600000000001,0.0450679999999999,0,0.036464,0.605759,0.998813000000059,0.99391600000006,0.000352,0.366660999999992
63,1.04377348389862,0.0376320000000001,0.000692,0.714719000000015,0.000849,0.712959000000014,0.0798229999999997,0.49413499999998,0.0403380000000001,0.0546069999999999,0,0.041309,0.610383000000002,0.999027000000047,0.994170000000052,0.000306,0.378726999999992
64,1.04499783019528,0.040276,0.001465,0.721205000000018,0.00216,0.723350000000023,0.0838989999999997,0.50449199999998,0.042783,0.0585779999999998,0,0.047074,0.613152000000002,0.999290000000055,0.994281000000057,2e-04,0.394356999999988
65,1.045886078351,0.0397840000000001,0.001674,0.732689000000017,0.002938,0.733125000000019,0.0903819999999995,0.520202999999986,0.048893,0.0638789999999999,0,0.0526249999999999,0.614501,0.999726000000053,0.995059000000057,0.000468,0.412953999999988
66,1.04685770651785,0.038239,0.001884,0.736498000000022,0.002854,0.739782000000024,0.0958309999999995,0.533398999999988,0.0521969999999999,0.0670409999999998,0,0.0601399999999998,0.617114000000003,0.999706000000059,0.995555000000061,0.000496,0.424408999999987
67,1.04753711716944,0.0367520000000001,0.002194,0.742731000000023,0.003153,0.754609000000028,0.0983489999999994,0.541597999999989,0.0524449999999998,0.0697129999999997,0,0.0634499999999998,0.613323000000004,1.00011000000005,0.996247000000057,0.000496,0.439962999999986
68,1.04870093090667,0.035457,0.002715,0.752447000000022,0.00366,0.754540000000023,0.107347999999999,0.55003499999999,0.0578389999999999,0.0751749999999994,0,0.0691729999999997,0.617032000000003,1.00018400000005,0.996515000000054,0.000841,0.458988999999984
69,1.04954828125889,0.037291,0.003296,0.75431500000002,0.004984,0.765424000000026,0.113133999999999,0.563578999999996,0.0585619999999998,0.0787259999999996,0,0.0751319999999997,0.620166000000004,1.00006300000006,0.996547000000059,0.000904,0.469352999999983
70,1.05037322620802,0.036464,0.00325,0.758328000000021,0.005508,0.771861000000023,0.114342,0.574248999999997,0.0640779999999999,0.0843259999999996,0,0.0837559999999997,0.619609000000002,1.00008400000005,0.996434000000054,0.000602,0.48523599999998
71,1.05146561436333,0.038518,0.003562,0.758419000000019,0.005599,0.770878000000025,0.123942999999999,0.598427999999997,0.0713839999999996,0.0942419999999995,0,0.0907389999999996,0.619434000000005,1.00032200000005,0.996382000000056,0.000834,0.498331999999979
72,1.05228786047382,0.039635,0.00407,0.762122000000024,0.00668400000000001,0.779747000000029,0.133415,0.615272000000009,0.0810279999999995,0.101919999999999,0,0.100529999999999,0.621837000000007,1.00054300000005,0.996848000000053,0.000749,0.514290999999982
73,1.05311390644434,0.040779,0.005327,0.764953000000029,0.00597,0.790348000000035,0.139536,0.627918000000007,0.0846959999999995,0.108143999999999,0,0.107833999999999,0.618939000000007,1.00063800000006,0.997229000000063,0.000807,0.534711999999991
74,1.05387004222923,0.038166,0.006735,0.759912000000021,0.00622400000000001,0.800259000000029,0.144481000000001,0.645295000000009,0.0939019999999996,0.121257999999999,0,0.116698999999999,0.619590000000003,1.00048500000005,0.99686600000005,0.000762,0.551931999999991
75,1.05480693269682,0.040742,0.008185,0.763592000000024,0.006173,0.804918000000034,0.147615000000001,0.656601000000012,0.0969349999999997,0.130933,0,0.126147999999999,0.616456000000007,1.00051300000005,0.996991000000056,0.001038,0.564294999999992
76,1.05565183304997,0.043639,0.008618,0.768588000000023,0.006096,0.80961600000003,0.152551000000001,0.665786000000011,0.109006999999999,0.141635,0,0.133889,0.614159,1.00067100000005,0.997067000000056,0.001434,0.573409999999999
77,1.05676765703756,0.0459739999999999,0.010777,0.767876000000019,0.006918,0.818644000000028,0.158646000000001,0.673262000000012,0.114389999999999,0.148785000000001,0,0.141867000000001,0.616381000000003,1.00051100000005,0.997184000000051,0.001691,0.579068
78,1.05753064328599,0.04535,0.012083,0.768297000000027,0.00753300000000001,0.82056200000004,0.163178000000002,0.683162000000017,0.120612999999999,0.156383000000001,0,0.145406000000001,0.617292000000005,1.00037200000006,0.996773000000061,0.002268,0.593342000000001
79,1.05810699748664,0.047894,0.013607,0.773030000000026,0.00777600000000001,0.826030000000034,0.167561000000002,0.684825000000014,0.122143999999999,0.165118000000002,0,0.155612000000002,0.621271000000007,1.00055100000005,0.997026000000051,0.001764,0.609493000000003
80,1.05867837526534,0.049265,0.015782,0.773826000000022,0.007788,0.829697000000027,0.178217000000002,0.690236000000011,0.126601,0.178038000000002,0,0.162262000000001,0.617503000000001,1.00071000000004,0.997374000000049,0.002095,0.621556000000005
81,1.05968411972189,0.0492039999999999,0.016559,0.769805000000022,0.00841300000000001,0.833574000000032,0.184741000000003,0.694391000000016,0.131462999999999,0.185897000000002,0,0.168740000000002,0.618036000000001,1.00072300000005,0.997216000000049,0.002397,0.630042000000007
82,1.06075016194637,0.047498,0.017879,0.77113700000002,0.00908,0.83754700000003,0.188526000000003,0.701281000000019,0.137612,0.198475000000003,0,0.180093000000003,0.612997000000001,1.00070000000004,0.997457000000047,0.00262,0.634788000000007
83,1.06161997707922,0.050504,0.020668,0.775594000000019,0.008656,0.838831000000024,0.191064000000003,0.707537000000014,0.141986,0.213649000000003,0,0.188658000000002,0.610635000000004,1.00074600000004,0.997152000000046,0.002381,0.638468000000008
84,1.0623684191631,0.0505669999999999,0.024305,0.772755000000027,0.009549,0.846833000000035,0.198083000000003,0.712511000000021,0.147955000000001,0.220519000000004,0,0.197446000000003,0.607496000000007,1.00066200000005,0.997454000000051,0.002473,0.644238000000007
85,1.06340529074026,0.0530339999999999,0.024585,0.777423000000024,0.008875,0.851798000000031,0.205385000000004,0.721187000000015,0.153969000000001,0.228273000000005,0,0.206603000000003,0.608276000000004,1.00063300000004,0.997381000000048,0.002588,0.658011000000014
86,1.06442084279296,0.0526329999999999,0.0289280000000001,0.779940000000028,0.00982899999999999,0.863021000000038,0.214781000000004,0.727373000000025,0.166560000000001,0.231894000000004,0,0.218356000000004,0.616329000000007,1.00065200000005,0.997567000000052,0.00294,0.660131000000007
87,1.06536924176394,0.0515159999999999,0.0313130000000001,0.780430000000025,0.010918,0.864556000000034,0.210640000000004,0.739241000000021,0.174859000000002,0.245062000000004,0,0.226595000000004,0.617807000000001,1.00067200000004,0.997302000000044,0.003054,0.669513000000012
88,1.06625243286541,0.0530349999999999,0.0318510000000001,0.771981000000027,0.012624,0.871461000000037,0.213835000000005,0.745793000000024,0.179823000000003,0.252280000000004,0,0.232758000000005,0.623002000000009,1.00065000000005,0.996985000000051,0.00335,0.678228000000011
89,1.06717580747232,0.051681,0.032982,0.772736000000018,0.013197,0.880874000000031,0.220860000000004,0.751086000000015,0.189248000000003,0.261737000000002,0,0.237028000000004,0.621722000000007,1.00059300000004,0.997244000000044,0.005161,0.686269000000013
90,1.06831341688313,0.0488779999999999,0.034857,0.771295000000027,0.010972,0.883575000000032,0.225535000000005,0.750067000000022,0.196943000000003,0.262660000000002,0,0.243915000000005,0.621365000000004,1.00064700000004,0.997481000000041,0.005415,0.697170000000013
91,1.06974068360813,0.046664,0.039241,0.778743000000027,0.010498,0.887659000000039,0.235053000000004,0.760480000000027,0.201102000000002,0.266389000000002,0,0.252989000000004,0.625251000000006,1.00063600000005,0.997617000000049,0.005947,0.708917000000018
92,1.07082112169862,0.0471080000000001,0.041202,0.777101000000029,0.009161,0.892631000000037,0.240879000000004,0.769829000000025,0.204025000000003,0.267142000000002,0,0.255054000000004,0.632005000000009,1.00060500000005,0.997270000000051,0.007355,0.711046000000017
93,1.07159104208517,0.048577,0.0466159999999999,0.780973000000022,0.009382,0.89246300000003,0.250606000000004,0.776805000000026,0.211583000000003,0.276236000000001,0,0.264338000000001,0.627751000000003,1.00058200000004,0.997190000000041,0.008673,0.721508000000021
94,1.07230579331029,0.048319,0.050476,0.777430000000022,0.008989,0.89760900000003,0.253836000000003,0.776878000000023,0.215420000000003,0.277794999999999,0,0.266298000000002,0.629503000000003,1.00062100000004,0.997118000000044,0.008736,0.729054000000023
95,1.07348640198876,0.047559,0.0555869999999998,0.777115000000018,0.009071,0.903650000000031,0.265316000000001,0.781761000000019,0.224150000000004,0.282328,0,0.268932000000002,0.625972999999997,1.00055100000004,0.997303000000045,0.010648,0.73642400000002
96,1.07411975896598,0.045231,0.0587709999999998,0.777256000000023,0.009673,0.904706000000035,0.263730000000002,0.788026000000026,0.227370000000004,0.293056999999998,0,0.274305,0.624756000000006,1.00058300000005,0.997299000000051,0.008651,0.752415000000021
97,1.07485982747996,0.0456739999999999,0.064827,0.777231000000025,0.010152,0.906227000000031,0.273486,0.794930000000027,0.234012000000004,0.300260999999998,0,0.286060999999999,0.620683000000007,1.00054600000004,0.997501000000045,0.008694,0.755145000000026
98,1.07556493552683,0.048565,0.0721959999999999,0.783411000000026,0.009411,0.909808000000038,0.283554999999999,0.802816000000034,0.243391000000004,0.310534999999997,0,0.299711999999998,0.621995000000003,1.00059800000005,0.997299000000047,0.008446,0.761535000000023
99,1.0760500153128,0.046235,0.0788599999999999,0.779444000000022,0.010157,0.911594000000036,0.297052999999997,0.813805000000029,0.251527000000004,0.316898999999996,0,0.309454999999997,0.622008000000007,1.00052500000004,0.997338000000044,0.009533,0.767683000000023
100,1.07753281223395,0.04874,0.0871049999999998,0.78324500000002,0.010996,0.913815000000034,0.307775999999995,0.813147000000031,0.257288000000003,0.323177999999994,0,0.315015999999995,0.626847000000009,1.00053600000004,0.997115000000048,0.009556,0.771243000000021
101,1.07843901732908,0.0491939999999999,0.0947049999999997,0.789873000000028,0.011306,0.916886000000039,0.309661999999997,0.811291000000034,0.261850000000002,0.325776999999995,0,0.325142999999995,0.626292000000011,1.00060700000005,0.99748500000005,0.010016,0.780661000000023
102,1.07909147293462,0.0461090000000001,0.0985439999999996,0.785633000000028,0.01206,0.918400000000035,0.315190999999995,0.817958000000034,0.270727,0.331785999999994,0,0.330182999999994,0.62566100000001,1.00059200000004,0.997234000000044,0.010961,0.783310000000024
103,1.08011876801689,0.0464629999999999,0.0990389999999996,0.784152000000024,0.011893,0.920265000000034,0.319267999999995,0.823030000000029,0.281771999999998,0.338011999999992,0,0.340570999999992,0.621679000000011,1.00058300000004,0.997102000000043,0.011536,0.787966000000024
104,1.08105631110757,0.047236,0.105596,0.784959000000026,0.012768,0.921688000000032,0.329994999999995,0.822108000000028,0.285015999999999,0.340855999999993,0,0.344808999999993,0.621495000000006,1.00055700000004,0.997114000000045,0.011072,0.796814000000012
105,1.0819114266497,0.049941,0.110393,0.785208000000023,0.01428,0.925297000000034,0.337209999999994,0.827324000000026,0.294302999999997,0.352226999999993,0,0.352163999999993,0.622159000000004,1.00049200000004,0.997081000000043,0.012066,0.804082000000025
106,1.08300415719066,0.050496,0.120097999999999,0.784920000000025,0.01422,0.927924000000032,0.351242999999993,0.838272000000028,0.307496999999996,0.365005999999991,0,0.361387999999992,0.623538000000007,1.00054600000004,0.997343000000043,0.013986,0.807822000000018
107,1.08496331171106,0.0528219999999999,0.124959999999999,0.785779000000022,0.012539,0.931869000000031,0.351142999999993,0.846798000000029,0.316842999999995,0.368813999999992,0,0.370389999999992,0.617026000000007,1.00053300000004,0.997254000000044,0.012978,0.815263000000027
108,1.08549385877053,0.051428,0.124680999999999,0.790148000000018,0.011571,0.937552000000023,0.355024999999992,0.850447000000021,0.325849999999993,0.381479999999991,0,0.380568999999992,0.610660000000004,1.00051200000003,0.997367000000032,0.01328,0.820183000000023
109,1.08587269612727,0.0518659999999999,0.127234,0.793384000000021,0.01259,0.938729000000034,0.365865999999992,0.859270000000032,0.336736999999994,0.40063099999999,0,0.394934999999991,0.615058000000003,1.00049100000004,0.997112000000042,0.014751,0.824361000000028
110,1.08668058541323,0.0517329999999999,0.136478,0.794903000000025,0.012693,0.938090000000037,0.37125999999999,0.859249000000034,0.347042999999993,0.404817999999989,0,0.397263999999989,0.619396000000006,1.00057900000004,0.997448000000046,0.014493,0.829387000000028
111,1.08801068244982,0.053325,0.146916000000001,0.797381000000018,0.013326,0.941051000000032,0.38087999999999,0.858716000000025,0.348527999999992,0.407183999999991,0,0.400109999999991,0.614230000000002,1.00050200000004,0.997290000000044,0.01668,0.837524000000024
112,1.08951757724506,0.054627,0.158090000000001,0.798272000000022,0.013732,0.945282000000035,0.386786999999989,0.860519000000029,0.353338999999992,0.415410999999989,0,0.40748599999999,0.616219000000008,1.00046800000004,0.997197000000043,0.019482,0.84239400000003
113,1.08995992138146,0.057018,0.167208000000002,0.796286000000021,0.014333,0.946754000000033,0.393865999999989,0.86788000000003,0.367694999999992,0.425368999999989,0,0.41860999999999,0.615768000000006,1.00049100000004,0.997154000000039,0.019586,0.847509000000024
114,1.09121555521093,0.0540099999999999,0.169457000000001,0.797543000000023,0.014555,0.947216000000027,0.398601999999989,0.871748000000027,0.369866999999991,0.431348999999988,0,0.427731999999988,0.609981000000002,1.00048800000004,0.99716500000004,0.020561,0.850182000000028
115,1.09276289886826,0.0527539999999999,0.179464000000002,0.79452600000002,0.016186,0.948127000000032,0.407203999999988,0.876500000000026,0.371387999999991,0.443522999999988,0,0.438599999999988,0.611523000000005,1.00047300000004,0.99722700000004,0.023319,0.855261000000026
116,1.09402613277939,0.0547770000000001,0.186299000000002,0.795965000000021,0.017449,0.94672100000003,0.409544999999988,0.881978000000028,0.383012999999992,0.453694999999988,0,0.452130999999988,0.608106000000004,1.00050400000004,0.99726100000004,0.022575,0.861405000000026
117,1.09566498392634,0.056574,0.195226000000002,0.798158000000023,0.016142,0.950327000000035,0.41169099999999,0.886538000000031,0.397206999999991,0.464379999999988,0,0.466462999999989,0.602459000000004,1.00044200000004,0.997292000000042,0.023909,0.868122000000024
118,1.09690089402825,0.0545459999999999,0.197675000000002,0.800341000000018,0.016442,0.949646000000024,0.410517999999991,0.892592000000022,0.406539999999992,0.47732099999999,0,0.479382999999989,0.600691000000002,1.00045300000003,0.997289000000034,0.021346,0.875084000000024
119,1.09802850814734,0.0540039999999999,0.206765000000002,0.796241000000011,0.017765,0.951211000000021,0.411659999999991,0.896736000000021,0.408843999999993,0.482891999999988,0,0.479698999999989,0.597543000000002,1.00053900000003,0.997245000000032,0.021604,0.872644000000028
120,1.09906175297354,0.0550559999999999,0.209920000000002,0.799986000000018,0.017605,0.95297800000003,0.41661999999999,0.901565000000026,0.420182999999991,0.495700999999988,0,0.488808999999989,0.591511000000001,1.00045900000003,0.997145000000036,0.021066,0.87691400000003
121,1.09995968642575,0.0537689999999999,0.221274000000002,0.802741000000021,0.017794,0.951831000000034,0.424864999999991,0.906741000000031,0.42982499999999,0.50526199999999,0,0.501207999999989,0.584680000000001,1.00035300000004,0.997081000000042,0.022903,0.87942400000003
122,1.10018737808088,0.0570509999999999,0.233286000000003,0.805502000000014,0.019716,0.954758000000027,0.428604999999989,0.910750000000022,0.43477999999999,0.51069299999999,0,0.50353799999999,0.588718,1.00037800000003,0.997147000000032,0.02355,0.884240000000026
123,1.10129526677064,0.0576749999999999,0.239014000000002,0.807837000000019,0.019022,0.956723000000026,0.435485999999989,0.910179000000028,0.441281999999989,0.519343999999991,0,0.504499999999989,0.594193,1.00044100000003,0.997172000000034,0.022814,0.884404000000026
124,1.10177102632592,0.056671,0.248117000000003,0.80991400000002,0.017586,0.959270000000025,0.44744199999999,0.914474000000024,0.443426999999991,0.526281999999992,0,0.50041099999999,0.598604000000004,1.00045400000003,0.99727800000003,0.023278,0.886955000000024
125,1.10290254516999,0.057709,0.255249000000002,0.809959000000019,0.018993,0.963093000000033,0.44560499999999,0.916853000000031,0.444824999999989,0.528876999999993,0,0.503156999999988,0.598388000000003,1.00041300000004,0.997139000000039,0.022702,0.888947000000026
126,1.10505099932802,0.0586139999999999,0.262305000000001,0.81514400000002,0.019378,0.966213000000031,0.454951999999989,0.922082000000028,0.458150999999989,0.538496999999997,0,0.510327999999992,0.593078,1.00042100000003,0.997243000000035,0.022852,0.890874000000025
127,1.10654392322814,0.0554089999999999,0.274239,0.815296000000018,0.018143,0.967790000000029,0.463313999999988,0.924256000000028,0.471774999999989,0.542477999999995,0,0.515083999999992,0.586832,1.00043800000003,0.996972000000035,0.024935,0.894061000000024
128,1.10643658846762,0.0590779999999999,0.277848999999999,0.817094000000018,0.01839,0.968191000000027,0.470669999999988,0.927242000000025,0.479990999999989,0.551932000000001,0,0.531154999999998,0.589660000000002,1.00044400000003,0.997179000000032,0.026415,0.900586000000023
129,1.10675081645878,0.0530449999999999,0.282962999999998,0.813411000000017,0.019996,0.967080000000028,0.474003999999988,0.930874000000027,0.48401299999999,0.556066999999999,0,0.535648,0.591526000000002,1.00036000000003,0.99702100000003,0.0259100000000001,0.905471000000022
130,1.10766720613484,0.054639,0.285944999999999,0.815142000000015,0.020261,0.970059000000026,0.476723999999988,0.933023000000024,0.488082999999989,0.561001999999999,0,0.549725999999999,0.592171999999999,1.00038400000003,0.997015000000034,0.025479,0.911041000000026
131,1.10949818002661,0.0548299999999999,0.294222999999998,0.814050000000012,0.0212,0.969721000000024,0.479445999999987,0.935983000000024,0.494734999999988,0.568061000000002,0,0.560947,0.589412000000002,1.00037300000003,0.997401000000029,0.025074,0.917568000000023
132,1.11048008591596,0.0574699999999999,0.305779999999997,0.812120000000015,0.020166,0.969356000000024,0.485650999999988,0.938696000000024,0.507596999999991,0.586208000000002,0,0.56721,0.588416,1.00042100000003,0.997064000000031,0.024003,0.919351000000024
133,1.11122299709347,0.060087,0.314801999999997,0.810882000000017,0.018966,0.968952000000026,0.489440999999988,0.939746000000027,0.518917999999992,0.58686,0,0.576609999999998,0.596664000000004,1.00036200000003,0.997135000000032,0.022421,0.920228000000026
134,1.11306540482268,0.0579079999999999,0.323103999999995,0.817540000000016,0.018954,0.971708000000024,0.499060999999988,0.942648000000023,0.527972999999994,0.601663000000002,0,0.587230999999999,0.589676000000002,1.00041400000003,0.997167000000031,0.022332,0.923207000000025
135,1.11403599785572,0.057478,0.324430999999997,0.819014000000014,0.018314,0.972136000000024,0.503088999999989,0.940275000000021,0.540431999999996,0.611736000000002,0,0.589100000000001,0.593288999999997,1.00035300000003,0.997134000000029,0.023166,0.925550000000023
136,1.11469439313048,0.0554639999999999,0.323324999999996,0.823821000000016,0.016676,0.973649000000024,0.499677999999989,0.940635000000024,0.546392000000002,0.615050000000004,0,0.600064000000006,0.588627000000007,1.00037000000003,0.997043000000029,0.023623,0.928562000000021
137,1.11530524565794,0.055183,0.340203999999996,0.824980000000014,0.016226,0.970845000000021,0.510196999999989,0.94486800000002,0.549239999999999,0.617322000000005,0,0.599560000000003,0.584995000000002,1.00034900000002,0.997080000000026,0.025704,0.932434000000019
138,1.11637370808331,0.055863,0.348867999999996,0.827290000000018,0.016741,0.973178000000027,0.508888999999987,0.947514000000025,0.557748999999997,0.622510000000004,0,0.602842000000001,0.586704000000001,1.00036400000003,0.997149000000033,0.027465,0.934539000000027
139,1.11747110343838,0.055656,0.351931999999996,0.833314000000015,0.018228,0.974266000000026,0.510565999999991,0.950214000000024,0.562947999999998,0.630672000000005,0,0.612085000000004,0.586510999999999,1.00035300000003,0.99692900000003,0.025094,0.936568000000022
140,1.11828350493061,0.0540369999999999,0.360499999999996,0.839606000000015,0.019819,0.975168000000021,0.517947999999992,0.951645000000021,0.577902,0.637693000000006,0,0.619319000000005,0.586848,1.00035000000002,0.996866000000027,0.02491,0.937769000000024
141,1.11847473140998,0.0539449999999999,0.365194999999996,0.843226000000014,0.019773,0.976465000000021,0.520184999999993,0.95382200000002,0.58989,0.647387000000003,0,0.631039000000002,0.584073000000001,1.00034500000002,0.996895000000028,0.026872,0.938606000000028
142,1.1205752269556,0.0538369999999999,0.372240999999994,0.842218000000012,0.020052,0.979481000000017,0.526319999999995,0.956957000000017,0.598363000000003,0.651119000000004,0,0.635678000000005,0.588541999999999,1.00033000000002,0.997077000000022,0.027693,0.936825000000025
143,1.12104474797571,0.0566449999999999,0.372921999999996,0.839443000000012,0.018856,0.979263000000018,0.527472999999992,0.956997000000018,0.612015000000004,0.657786000000007,0,0.644822000000007,0.587122000000001,1.00028900000002,0.996797000000021,0.0301250000000001,0.936500000000023
144,1.1224202698815,0.056695,0.390763999999994,0.841175000000011,0.018819,0.979219000000021,0.545266,0.95981800000002,0.619013000000002,0.667550000000004,0,0.654178000000003,0.589560000000001,1.00025900000002,0.996659000000025,0.031988,0.936497000000022
145,1.1237402361189,0.0578569999999999,0.399458999999994,0.836156000000016,0.021573,0.979934000000024,0.551138999999999,0.962751000000023,0.621708000000003,0.667524000000004,0,0.656174000000004,0.589884000000002,1.00030800000002,0.996990000000027,0.03466,0.938766000000019
146,1.1254224752524,0.0561789999999999,0.408225999999995,0.837924000000011,0.021487,0.980773000000021,0.557657999999997,0.966458000000022,0.631081000000005,0.673826000000005,0,0.668044000000006,0.583337999999999,1.00030600000002,0.997080000000025,0.0367490000000001,0.93846900000002
147,1.12646686730945,0.0573389999999999,0.419127999999993,0.841124000000014,0.021884,0.980767000000021,0.561851999999996,0.967973000000019,0.634441000000004,0.681678000000007,0,0.671308000000006,0.586161,1.00026300000002,0.996789000000025,0.037715,0.940544000000021
148,1.12791437723397,0.056791,0.427962999999995,0.842711000000013,0.022933,0.980908000000018,0.566806000000002,0.969378000000018,0.642232000000009,0.693075000000009,0,0.678503000000007,0.587073000000003,1.00031300000002,0.997048000000022,0.040848,0.939793000000022
149,1.12902311706681,0.056993,0.437200999999994,0.845510000000015,0.022066,0.981559000000021,0.574667999999997,0.968130000000021,0.651198000000008,0.696771000000007,0,0.677053000000007,0.584382,1.00029500000002,0.997198000000024,0.040946,0.942736000000024
150,1.1296294024807,0.0577689999999999,0.445485999999993,0.846825000000015,0.022318,0.980943000000021,0.575926999999999,0.968008000000021,0.650320000000005,0.698959000000008,0,0.679994000000007,0.572528999999998,1.00028200000002,0.997071000000025,0.04138,0.945721000000022
151,1.1310324021986,0.0587199999999999,0.457553999999995,0.851414000000014,0.021482,0.980595000000019,0.586580000000005,0.96985300000002,0.666181000000008,0.708390000000009,0,0.690586000000008,0.567364000000002,1.00030900000002,0.997048000000023,0.045299,0.947239000000019
152,1.13249935122428,0.057742,0.461048999999993,0.851702000000015,0.022747,0.980542000000023,0.592426000000003,0.970709000000023,0.669590000000006,0.708408000000009,0,0.691979000000004,0.565291999999998,1.00024700000002,0.996970000000027,0.0463599999999999,0.946992000000022
153,1.13348122816181,0.0564939999999999,0.466956999999991,0.851279000000019,0.02437,0.980300000000029,0.599389000000006,0.971431000000028,0.675511000000013,0.712047000000011,0,0.69456100000001,0.568115999999999,1.00029400000003,0.996907000000032,0.0472959999999999,0.949820000000025
154,1.13552376133499,0.0583849999999999,0.473600999999993,0.851067000000016,0.025199,0.981375000000023,0.604690000000004,0.970628000000023,0.67888600000001,0.72005400000001,0,0.704403000000011,0.566727,1.00028200000002,0.996847000000025,0.045361,0.950091000000025
155,1.13783795876062,0.0541799999999999,0.479542999999992,0.854840000000018,0.02548,0.980486000000023,0.609635000000004,0.973099000000025,0.689235000000015,0.725413000000012,0,0.709479000000011,0.556574999999993,1.00032000000003,0.996841000000028,0.045536,0.951194000000022
156,1.13941955352333,0.0530669999999999,0.481940999999995,0.852463000000013,0.026457,0.982456000000022,0.607684000000002,0.973232000000022,0.682103000000008,0.729233000000007,0,0.716798000000006,0.555861999999992,1.00027100000002,0.997142000000026,0.045932,0.949107000000022
157,1.14082103957418,0.052544,0.482401999999994,0.860035000000014,0.024112,0.980919000000017,0.606943000000004,0.973220000000018,0.690229000000009,0.73730200000001,0,0.721075000000008,0.552422999999999,1.00032200000002,0.996971000000022,0.0481090000000001,0.950541000000024
158,1.14245583612391,0.053881,0.487148999999992,0.864288000000016,0.023968,0.979405000000022,0.612361000000009,0.973805000000023,0.695101000000012,0.739713000000012,0,0.726672000000012,0.544798999999996,1.00023400000002,0.996816000000025,0.048004,0.953366000000018
159,1.14383363786231,0.0545049999999999,0.494385999999992,0.865868000000014,0.021605,0.978902000000018,0.613222000000006,0.975143000000018,0.702824000000011,0.750945000000011,0,0.735987000000008,0.542004999999994,1.00028600000002,0.996969000000019,0.0461809999999999,0.953514000000019
160,1.14498776600293,0.055859,0.502044999999994,0.866082000000016,0.021191,0.980610000000021,0.617195000000006,0.974608000000021,0.703632000000007,0.75852400000001,0,0.739075000000008,0.543498999999997,1.00022500000002,0.996906000000024,0.046882,0.955286000000018
161,1.14669952271312,0.0586749999999999,0.509850999999993,0.870403000000018,0.024835,0.981410000000022,0.620838000000006,0.975102000000022,0.710897000000011,0.763436000000012,0,0.74511400000001,0.536169999999998,1.00024100000002,0.997158000000025,0.0468029999999999,0.957010000000023
162,1.14736002163823,0.0633889999999999,0.513673999999994,0.872841000000014,0.023126,0.980890000000021,0.622692000000008,0.979074000000022,0.712488000000011,0.769046000000012,0,0.754999000000011,0.529150999999991,1.00023600000002,0.996904000000023,0.050259,0.96156400000002
163,1.14908679847082,0.0677719999999999,0.514754999999997,0.876827000000015,0.022829,0.981447000000019,0.62470300000001,0.98051300000002,0.72094300000001,0.77369400000001,0,0.757468000000008,0.531685999999998,1.00022200000002,0.996991000000022,0.0504109999999999,0.962999000000024
164,1.15138612115458,0.06412,0.526308,0.875421000000017,0.024009,0.981458000000024,0.632499000000007,0.980663000000024,0.72725100000001,0.779959000000011,0,0.76004100000001,0.530385999999997,1.00022100000002,0.996798000000026,0.0504329999999999,0.965434000000018
165,1.15286450093417,0.0675149999999999,0.533744000000001,0.874472000000012,0.024302,0.981889000000016,0.634386000000009,0.979561000000016,0.727715000000009,0.779146000000008,0,0.759125000000007,0.526813999999994,1.00025100000002,0.997142000000018,0.0535759999999999,0.967119000000018
166,1.15403926986064,0.0664019999999999,0.539445999999998,0.872322000000017,0.026197,0.981104000000018,0.636662000000007,0.978837000000019,0.734246000000012,0.781715000000011,0,0.75959600000001,0.525974999999997,1.00021000000002,0.996883000000021,0.051342,0.971270000000018
167,1.15585803574997,0.0649349999999999,0.543905000000001,0.874295000000017,0.027356,0.981933000000023,0.637588000000011,0.979021000000023,0.737532000000011,0.782992000000011,0,0.76794100000001,0.531070999999997,1.00026100000002,0.997047000000026,0.0538299999999999,0.972314000000014
168,1.15818824555006,0.063864,0.546316,0.876711000000017,0.027029,0.98206800000002,0.639147000000009,0.980738000000021,0.748353000000009,0.789330000000011,0,0.76971700000001,0.527326999999996,1.00022500000002,0.997098000000022,0.053061,0.970982000000018
169,1.15972747772842,0.063291,0.553174999999997,0.878221000000015,0.028429,0.982881000000019,0.643994000000009,0.98217100000002,0.752882000000008,0.795786000000011,0,0.769891000000008,0.523785999999995,1.00019600000002,0.997042000000022,0.0527779999999999,0.971391000000018
170,1.16197271012533,0.068132,0.548343999999999,0.879449000000014,0.028078,0.984027000000017,0.640953000000007,0.983772000000018,0.756864000000011,0.79164700000001,0,0.774205000000009,0.524553999999993,1.00020200000002,0.996931000000021,0.054275,0.969332000000017
171,1.16203545665169,0.064754,0.543752999999997,0.88010800000001,0.030264,0.985164000000013,0.639402000000002,0.984409000000014,0.756687000000008,0.794648000000008,0,0.775252000000006,0.518050999999994,1.00020900000001,0.996643000000016,0.055837,0.970793000000019
172,1.16474532333662,0.0676209999999999,0.549288999999999,0.880422000000015,0.029287,0.985628000000018,0.642965000000006,0.984086000000018,0.764615000000009,0.79657600000001,0,0.78264900000001,0.512727999999994,1.00018800000002,0.99677700000002,0.057682,0.971255000000016
173,1.16670675446114,0.0669289999999999,0.554590000000001,0.881699000000014,0.029439,0.985172000000016,0.646025000000008,0.983619000000017,0.763776000000008,0.799736000000008,0,0.784985000000009,0.515238999999995,1.00020100000002,0.997056000000019,0.057573,0.970507000000021
174,1.16804146698826,0.0679369999999998,0.559355000000002,0.882938000000013,0.029076,0.987467000000015,0.651621000000006,0.983544000000015,0.765147000000009,0.801013000000009,0,0.787731000000007,0.517150999999995,1.00018500000002,0.997012000000017,0.0583089999999999,0.969904000000017
175,1.16959496213937,0.0667799999999999,0.563578000000001,0.88270300000001,0.030337,0.988433000000012,0.653569000000006,0.985627000000012,0.768086000000006,0.800729000000006,0,0.792282000000006,0.521150999999998,1.00021400000001,0.996847000000015,0.0570829999999999,0.968999000000014
176,1.17126046536547,0.0691639999999999,0.574254000000003,0.88247400000001,0.031343,0.988362000000012,0.662010000000007,0.986861000000013,0.767061000000008,0.804877000000006,0,0.797139000000006,0.526777999999992,1.00017500000001,0.996889000000014,0.060452,0.968485000000013
177,1.17306772026355,0.067637,0.580160000000003,0.88436500000001,0.032772,0.988017000000013,0.666153000000008,0.987812000000013,0.768043000000006,0.803041000000006,0,0.798855000000006,0.528002999999995,1.00017400000001,0.996834000000015,0.0636819999999999,0.968590000000011
178,1.17392523276707,0.070151,0.581716000000002,0.885162000000015,0.034103,0.987162000000018,0.668482000000009,0.988621000000018,0.773113000000009,0.809933000000009,0,0.80272000000001,0.531004999999993,1.00016700000002,0.996587000000019,0.0659919999999999,0.969689000000013
179,1.17628364855972,0.0701369999999999,0.586770000000003,0.883510000000011,0.036103,0.986562000000016,0.675047000000008,0.988927000000016,0.774832000000009,0.809559000000009,0,0.803734000000009,0.531583999999997,1.00016400000002,0.996731000000017,0.0678299999999999,0.970295000000011
180,1.17762814077005,0.068947,0.587678000000002,0.88392700000001,0.035076,0.986879000000013,0.675174000000005,0.990023000000013,0.782503000000004,0.810985000000005,0,0.805636000000005,0.530332999999997,1.00015600000001,0.996878000000015,0.0693749999999999,0.972005000000014
181,1.1789694592224,0.0683849999999999,0.591751000000004,0.87981100000001,0.035988,0.988033000000016,0.677768000000008,0.989975000000016,0.788026000000009,0.811806000000008,0,0.806192000000008,0.532384999999996,1.00018000000002,0.996759000000018,0.0728189999999999,0.973205000000011
182,1.18063180615992,0.0702479999999999,0.593501000000004,0.879252000000009,0.036228,0.988082000000011,0.679978000000005,0.990564000000011,0.789935000000004,0.820536000000004,0,0.809791000000003,0.529502999999997,1.00016800000001,0.997002000000013,0.073214,0.974994000000015
183,1.18311467484829,0.0681389999999999,0.598990000000004,0.881311000000011,0.03457,0.987963000000013,0.683000000000008,0.989705000000012,0.792170000000008,0.822609000000007,0,0.807758000000006,0.531404999999995,1.00011300000001,0.996807000000015,0.0735449999999999,0.976074000000013
184,1.18479943014529,0.070606,0.604562000000005,0.88030400000001,0.036815,0.988031000000012,0.686990000000008,0.989516000000012,0.791286000000008,0.819774000000008,0,0.809451000000009,0.528519999999995,1.00016600000001,0.996686000000014,0.074121,0.975520000000014
185,1.18710978903408,0.0746499999999999,0.607301000000003,0.881940000000009,0.036037,0.988029000000012,0.691050000000007,0.989125000000012,0.795372000000008,0.823205000000008,0,0.808769000000006,0.523941999999996,1.00015800000001,0.996758000000014,0.07554,0.976548000000016
186,1.18834438321469,0.0772869999999999,0.612653000000004,0.884831000000011,0.034235,0.988968000000014,0.695859000000006,0.989007000000015,0.798214000000008,0.824351000000006,0,0.810477000000007,0.516708999999994,1.00017000000002,0.996766000000016,0.075507,0.976239000000012
187,1.18953985766423,0.0803909999999999,0.611845000000003,0.88295400000001,0.033418,0.988930000000016,0.697958000000007,0.987110000000016,0.798673000000008,0.827188000000007,0,0.812389000000007,0.512219999999995,1.00014300000002,0.996792000000018,0.07353,0.976810000000012
188,1.19168340848775,0.0759219999999999,0.615542000000006,0.883802000000012,0.033611,0.988525000000015,0.699416000000011,0.988209000000016,0.796524000000012,0.831467000000012,0,0.81630500000001,0.507967999999994,1.00018200000002,0.996783000000017,0.0744940000000001,0.977578000000016
189,1.19447552271386,0.0765909999999999,0.619607000000004,0.881320000000009,0.034005,0.989133000000013,0.701019000000007,0.988719000000012,0.800581000000006,0.837110000000005,0,0.818408000000005,0.514946999999996,1.00016700000001,0.997046000000014,0.077775,0.978646000000014
190,1.19559474627866,0.078453,0.619050000000004,0.878552000000009,0.034215,0.989364000000016,0.698262000000007,0.990550000000016,0.805017000000007,0.837692000000007,0,0.821630000000007,0.511262999999995,1.00018200000002,0.996677000000019,0.0786469999999999,0.979075000000012
191,1.19794767673935,0.081081,0.621986000000002,0.88031300000001,0.033417,0.990360000000014,0.701215000000007,0.992458000000015,0.809501000000007,0.843735000000006,0,0.825556000000006,0.505958999999993,1.00015700000002,0.996959000000016,0.075331,0.979197000000012
192,1.200520868349,0.0787089999999998,0.623137000000003,0.881357000000006,0.031629,0.99032000000001,0.703343000000003,0.99249500000001,0.811706000000006,0.844652000000004,0,0.829595000000004,0.502738999999995,1.00015600000001,0.996688000000011,0.071706,0.979451000000016
193,1.20227723037941,0.078367,0.619644000000003,0.885858000000011,0.030411,0.990371000000015,0.699110000000007,0.993717000000015,0.814230000000008,0.849475000000009,0,0.831965000000007,0.495919999999993,1.00016700000001,0.996967000000017,0.07424,0.978931000000013
194,1.20428142652247,0.079148,0.624162000000003,0.888508000000011,0.030517,0.990060000000016,0.705463000000008,0.994208000000016,0.819385000000009,0.854175000000009,0,0.836865000000008,0.486086999999993,1.00018000000002,0.996931000000017,0.072659,0.980965000000014
195,1.20656113126289,0.0767179999999999,0.630601000000002,0.88576400000001,0.030458,0.989749000000013,0.713011000000007,0.994515000000014,0.823168000000009,0.857813000000008,0,0.836746000000008,0.485495999999994,1.00018400000001,0.996762000000015,0.0717469999999999,0.980541000000012
196,1.20797039466423,0.0793239999999999,0.634128000000004,0.88944600000001,0.0294700000000001,0.989292000000014,0.717033000000009,0.995165000000016,0.828112000000009,0.863334000000008,0,0.837073000000008,0.483809999999993,1.00016500000002,0.996853000000017,0.073115,0.982163000000012
197,1.21051317234501,0.0829369999999998,0.641331000000001,0.894558000000009,0.029333,0.989068000000012,0.722273000000006,0.995697000000013,0.830187000000007,0.871503000000007,0,0.840586000000006,0.486654999999993,1.00017000000001,0.996746000000014,0.0729319999999998,0.982478000000011
198,1.21240883597292,0.0858829999999999,0.643866000000005,0.89155900000001,0.030136,0.988691000000017,0.723256000000008,0.994858000000018,0.831562000000008,0.87026800000001,0,0.838433000000007,0.484304999999992,1.00014400000002,0.99685600000002,0.077085,0.981161000000012
199,1.21445174486155,0.086386,0.645760000000003,0.893644000000006,0.030474,0.988494000000012,0.725704000000006,0.995216000000012,0.836976000000005,0.871142000000007,0,0.840189000000006,0.481786999999994,1.00015300000001,0.996804000000013,0.076473,0.982259000000009
200,1.2149156654281,0.0859559999999999,0.647662000000005,0.89632700000001,0.032085,0.989645000000014,0.724620000000008,0.995517000000014,0.838319000000009,0.873459000000009,0,0.841864000000007,0.480057999999995,1.00016100000001,0.996977000000015,0.075114,0.982030000000013
