"X","PopRatio","Diff_KC","Fibroblast","M1","M2","Neutrophil","Prol_KC","Th0","Th1","Th17","Th2","Th22","Treg","iDC","pDC","preDiff_KC","ILC3"
0,1,7.9e-05,0,0,0,0,0,0,0,0,0,0,0.16962,0,0,0,0
1,1.000001,0.001176,0,0,0,0,0,0,0,0,0,0,0.125042,0,0,0,0
2,0.999998999998,0.001969,0,0,0,0,0,0,0,0,0,0,0.12488,0.000487,0.000491,0,0
3,1.000000999996,0.002736,0,2e-06,0,0.00019,0,0,0,0,0,0,0.130536,0.003941,0.003952,0,0
4,1.000006000001,0.004423,0,0,0,0.000567,0,0,0,0,0,0,0.146239,0.010152,0.01018,0,0
5,1.000011000031,0.006423,0,0.000538,0,0.001087,0,0,0,0,0,0,0.165504,0.020662,0.020583,0,0
6,1.000023000163,0.00753,0,0.001632,0,0.001223,0,0,0,0,0,0,0.185699,0.0392920000000001,0.0392530000000001,0,0
7,1.000038000508,0.00883499999999999,0,0.002932,0,0.002557,0,0,0,0,0,0,0.203543,0.067071,0.0670399999999999,0,0
8,1.00006600157202,0.010236,0,0.00543600000000001,0,0.005547,0,0,0,0,0,0,0.217216,0.0978589999999999,0.09777,0,0
9,1.00010800434409,0.011902,0,0.0088,0,0.00898,0,0,0,0,0,0,0.234945,0.135328,0.13546,0,0
10,1.0001570096363,0.013543,0,0.01435,0,0.014665,0,0,0,0,0,0,0.255906999999999,0.178191000000001,0.178207000000001,0,0
11,1.000228020784,0.015629,0,0.020771,0,0.019369,0,0,0,0,0,0,0.266377,0.220258000000001,0.220279000000001,0,0
12,1.00029303560535,0.016978,0,0.028366,0,0.0269020000000001,0,0,0,0,0,0,0.276585,0.262632999999999,0.262565999999999,0,0
13,1.00040006696017,0.016751,0,0.036433,0,0.0344660000000001,0,1.6e-05,0,0,0,0,0.285906,0.306849999999998,0.306562999999998,0,0
14,1.00053412056915,0.017501,0,0.0426279999999999,0,0.042772,0,8.1e-05,0,0,0,0,0.291762999999999,0.345952999999999,0.345811999999999,0,0
15,1.00066318947071,0.019564,0,0.053405,0,0.0534419999999999,0,0.000226,0,0,0,0,0.305063999999998,0.393631999999995,0.393383999999996,0,0
16,1.00080128099087,0.022623,0,0.0658649999999998,0,0.0640909999999998,0,0.000474,0,0,0,0,0.320389999999997,0.432447999999993,0.432306999999993,0,0
17,1.001015452465,0.023546,0,0.0751049999999998,0,0.0799439999999996,0,0.000482,0,0,0,0,0.329277999999999,0.473838999999992,0.473063999999992,0,0
18,1.00126971038994,0.025555,0,0.0871459999999995,0,0.0921849999999995,0,0.000984,0,0,0,0,0.343457999999998,0.516761999999998,0.515771999999998,0,0
19,1.00155507225742,0.025453,0,0.100190999999999,0,0.107543999999999,0,0.001637,0,0,0,0,0.351940999999999,0.554682000000005,0.553132000000005,0,0
20,1.00187857454578,0.026279,0,0.119204999999999,0,0.117634999999999,0,0.002205,0,0,0,0,0.365458999999997,0.596457000000007,0.594978000000006,0,0
21,1.00229836166854,0.0269220000000001,0,0.138507,0,0.132837,0,0.003412,0,0,0,0,0.370756999999995,0.631269000000012,0.629108000000012,0,0
22,1.00277946488217,0.0258250000000001,0,0.148090000000001,0,0.148079000000001,0,0.005249,0,0,0,0,0.383369999999993,0.655651000000016,0.652943000000015,0,0
23,1.00326280458428,0.027134,0,0.163086000000001,0,0.164342000000001,0.000167,0.006755,0,0,0,0,0.396316999999992,0.687149000000019,0.683772000000018,0,0
24,1.00386476226707,0.025681,0,0.175282000000002,0,0.181516000000003,0.000374,0.008901,0,0,0,0,0.402055999999992,0.711815000000023,0.707575000000022,0,0
25,1.00449619320257,0.024293,0,0.191422000000003,0,0.199399000000004,0.000402,0.011274,0,0,0,0,0.408832999999989,0.739619000000019,0.735060000000018,0,0
26,1.00521742146933,0.0246440000000001,0,0.205992000000004,0,0.217969000000004,0.000467,0.013407,0,0,0,0,0.416609999999993,0.768322000000026,0.762708000000024,0,0
27,1.00606783540793,0.024811,0,0.220223000000004,0,0.234053000000005,0.000502,0.017274,0,0,0,0,0.433092999999991,0.797229000000042,0.790714000000042,0,0
28,1.00686564720146,0.027041,0,0.240682000000007,0,0.254483000000006,0.00076,0.023351,0,0,0,0,0.447206999999989,0.823688000000037,0.815323000000038,0,0
29,1.00777686061222,0.0275370000000001,0,0.252997000000006,0,0.269269000000003,0.001005,0.0281850000000001,0,0,0,0,0.455203999999988,0.83727700000004,0.82795300000004,0,9.7e-05
30,1.00871711642323,0.0287560000000001,0,0.271362000000003,0,0.286668,0.001666,0.0357970000000001,0,0,0,0,0.458365999999986,0.859800000000046,0.851083000000044,0,0.000177
31,1.0096945633091,0.0302160000000001,0,0.290032000000002,0,0.298946000000002,0.001517,0.039531,0,0,0,0,0.466390999999983,0.873965000000058,0.864628000000059,0,0.000274
32,1.01080118855055,0.033466,0,0.307363999999999,0,0.316540999999999,0.001971,0.0486509999999998,0,0,0,0,0.479121999999987,0.880879000000039,0.870605000000039,0,0.000755
33,1.01192317786989,0.0358480000000001,0,0.319017999999996,0,0.331407999999995,0.0018,0.0541609999999999,0,0,0,0,0.483600999999985,0.891451000000048,0.881786000000048,0,0.001415
34,1.01298772105306,0.0356100000000001,0,0.335779999999997,0,0.349924999999993,0.002179,0.0647489999999998,0,0,0,0,0.495632999999982,0.907654000000058,0.897646000000056,0,0.002078
35,1.01415468290778,0.037694,0,0.358583999999992,0,0.37447999999999,0.003083,0.0785569999999995,0,0,0,0,0.499588999999979,0.921398000000061,0.911343000000058,0,0.003319
36,1.01534935712432,0.038979,0,0.380580999999993,0,0.38719399999999,0.004253,0.0911829999999996,0,0,0,0,0.505527999999983,0.930647000000056,0.921603000000054,0,0.006025
37,1.01654543866707,0.042194,0,0.399673999999988,0,0.404270999999989,0.005288,0.0988819999999993,6.7e-05,0,0,0,0.512056999999985,0.941307000000063,0.931006000000065,0,0.008249
38,1.01772564792144,0.0434239999999999,0,0.421943999999985,0,0.421293999999985,0.00794300000000001,0.113795999999999,0,3.2e-05,0,4.1e-05,0.515820999999983,0.948863000000066,0.940287000000065,0,0.011539
39,1.01894284779642,0.043813,0,0.431073999999985,0,0.433948999999983,0.00933,0.129863999999999,0,6.6e-05,0,0,0.521521999999987,0.954543000000055,0.945694000000056,0,0.015347
40,1.02012889727132,0.046954,0,0.449020999999985,0,0.457099999999983,0.011974,0.141848,6.7e-05,0.000268,0,0,0.526426999999988,0.961993000000058,0.953102000000057,0,0.02125
41,1.02137753504164,0.0465369999999999,0,0.465919999999981,0,0.476440999999978,0.013802,0.153672000000001,0,0.000218,0,0,0.540126999999988,0.966781000000062,0.958077000000063,7e-06,0.0263170000000001
42,1.02266242798079,0.0454109999999999,0,0.483406999999979,0,0.488691999999973,0.012063,0.167476000000002,6.7e-05,0.000451,0,0.000181,0.545887999999985,0.969757000000049,0.96100300000005,0,0.0308290000000001
43,1.02384360308515,0.0474799999999999,0,0.507503999999977,0,0.497625999999974,0.01226,0.182412000000003,0.000615,0.000899,0,0.000469,0.55361199999999,0.97255200000007,0.96283200000007,6.3e-05,0.039919
44,1.02503330935201,0.04496,0,0.519476999999985,0,0.51546499999998,0.012986,0.190997000000003,0.000922,0.000842,0,0.000495,0.552136999999994,0.976055000000063,0.965183000000064,0,0.0464339999999999
45,1.02627154958977,0.043487,0,0.534922999999985,0,0.521526999999982,0.017126,0.207777000000004,0.000909,0.00119,0,8e-04,0.553355999999993,0.980102000000056,0.969537000000059,6e-06,0.0565339999999999
46,1.027485628833,0.043108,0,0.547566999999991,6.6e-05,0.537932999999986,0.01833,0.228072000000005,0.001556,0.002239,0,0.000935,0.558260999999991,0.983727000000066,0.972978000000066,0.000267,0.0713839999999997
47,1.02862922033796,0.0468869999999999,0,0.559171999999994,0.000133,0.552414999999988,0.021728,0.247575000000006,0.001923,0.003427,0,0.001376,0.568383999999993,0.985354000000068,0.975318000000068,0.000181,0.0820909999999996
48,1.02980494353688,0.043708,0,0.568554999999994,0.000217,0.569844999999991,0.024723,0.266134000000004,0.002796,0.003872,0,0.002349,0.568643999999995,0.98760400000007,0.97777700000007,0.000205,0.0937989999999994
49,1.03087388106834,0.044841,0,0.585808999999999,0.000267,0.577105999999994,0.0257900000000001,0.278056000000001,0.002858,0.004362,0,0.003245,0.569605999999994,0.988558000000067,0.978986000000068,0.000533,0.107520999999999
50,1.0319418664092,0.0491139999999999,0,0.594580999999996,0.000401,0.589035999999994,0.0289950000000001,0.299259999999999,0.003532,0.005956,0,0.00445,0.573853999999995,0.990731000000062,0.981529000000065,0.000335,0.119972999999999
51,1.03312756761377,0.04784,6.7e-05,0.607415000000006,0.000401,0.603109999999999,0.0327840000000001,0.306004999999996,0.004302,0.006875,0,0.004977,0.582562999999998,0.991689000000065,0.983290000000065,0.000334,0.133356
52,1.03412143633388,0.048629,0.000134,0.614248000000003,0.000401,0.605598000000005,0.0340220000000001,0.321207999999996,0.006093,0.00699100000000001,0,0.006017,0.581298000000002,0.993676000000064,0.984742000000064,0.000333,0.149646
53,1.03550405669432,0.0477159999999999,6.7e-05,0.621639000000004,0.000333,0.613493999999998,0.0344360000000001,0.329954999999994,0.00665700000000001,0.008986,0,0.008852,0.583774999999998,0.994912000000059,0.98547300000006,0.000201,0.163994000000002
54,1.03640908723993,0.0479959999999999,0,0.633952000000009,0.000399,0.626193000000003,0.037715,0.342097999999994,0.008424,0.012213,0,0.009604,0.582128,0.996077000000051,0.986466000000051,2e-04,0.181342000000002
55,1.03735636514572,0.049535,0,0.640983000000008,0.000535,0.636638000000004,0.039326,0.352393999999992,0.009178,0.013972,0,0.01131,0.589537999999998,0.997337000000061,0.989166000000062,0.000266,0.203871000000004
56,1.03847463530741,0.0547199999999999,3.4e-05,0.657400000000009,0.000601,0.643212000000007,0.043144,0.36087999999999,0.011372,0.015881,0,0.011396,0.595516999999999,0.996806000000063,0.989458000000066,0.000266,0.225921000000005
57,1.03957437994627,0.0559149999999998,0.000126,0.669676000000009,0.000491,0.654869000000007,0.044396,0.374401999999988,0.012215,0.017832,0,0.013579,0.601177999999996,0.996424000000059,0.98999700000006,2e-04,0.246533000000006
58,1.04055365901224,0.0569709999999998,0.000326,0.679702000000013,0.000587,0.660420000000008,0.046903,0.391353999999987,0.014038,0.02069,0,0.015989,0.610745000000004,0.996356000000062,0.990349000000063,4e-04,0.264580000000003
59,1.04139546692244,0.0595549999999999,0.000454,0.685201000000008,0.00089,0.669167000000009,0.0513729999999999,0.411868999999985,0.01739,0.024426,0,0.018409,0.607156,0.997726000000051,0.992446000000054,0.000289,0.279184
60,1.04238791680247,0.0599759999999999,0.000535,0.696932000000015,0.00117,0.676674000000011,0.052467,0.430253999999985,0.018858,0.0272030000000001,0,0.021053,0.610248000000004,0.998108000000052,0.993066000000054,0.000332,0.297386999999998
61,1.04354184022643,0.0568489999999999,0.000601,0.703183000000014,0.001066,0.690340000000011,0.0590569999999999,0.444851999999984,0.021607,0.0317990000000001,0,0.022494,0.608402000000002,0.998764000000055,0.993410000000059,0.000607,0.313713999999997
62,1.04461981894744,0.0591639999999998,0.000705,0.710719000000016,0.001432,0.695477000000016,0.062932,0.457474999999982,0.022884,0.0347460000000001,0,0.025679,0.612424000000004,0.998729000000058,0.99395600000006,0.000471,0.335404999999996
63,1.04566130490699,0.0605619999999999,0.001092,0.718772000000022,0.001542,0.701612000000021,0.0668659999999998,0.473166999999984,0.0261700000000001,0.03852,0,0.028495,0.612070000000006,0.999120000000056,0.994854000000059,0.000602,0.353969999999994
64,1.04652292982229,0.0613439999999998,0.001369,0.726972000000022,0.001711,0.71273200000002,0.0711989999999998,0.48613799999998,0.0277890000000001,0.0422129999999999,0,0.0343090000000001,0.610922000000002,0.999573000000055,0.995840000000057,0.000468,0.372086999999992
65,1.04753701054134,0.0599739999999998,0.002177,0.726918000000022,0.001698,0.723548000000023,0.0786519999999997,0.50166099999998,0.0297750000000001,0.047263,0,0.0398920000000001,0.610533000000004,0.999327000000054,0.995593000000058,0.001002,0.389700999999989
66,1.04842741700036,0.0593769999999999,0.002469,0.72899700000002,0.002078,0.727431000000022,0.0875279999999996,0.517072999999989,0.0349790000000001,0.0504589999999999,0,0.044915,0.615697000000005,0.99940100000005,0.995374000000052,0.00116,0.415831999999987
67,1.04932382244195,0.0628899999999998,0.002583,0.735665000000019,0.002806,0.73436500000002,0.0942659999999995,0.531941999999988,0.038728,0.0562929999999999,0,0.0542529999999998,0.611204000000002,0.999753000000056,0.995905000000058,0.001031,0.444264999999983
68,1.05005939844154,0.0676029999999998,0.003084,0.743350000000024,0.003265,0.743897000000024,0.0996889999999995,0.544812999999992,0.04252,0.0615519999999999,0,0.0597489999999999,0.605255000000001,1.00001800000005,0.995320000000057,0.000737,0.460585999999984
69,1.05098765094982,0.0672379999999999,0.003825,0.749428000000017,0.003772,0.751054000000021,0.105953999999999,0.558764999999991,0.0478829999999999,0.0704159999999998,0,0.0649909999999999,0.604304999999995,1.00029400000005,0.995614000000056,0.001405,0.476067999999983
70,1.05154362341723,0.0705979999999998,0.003547,0.748581000000021,0.004603,0.757604000000022,0.108330999999999,0.564657999999995,0.048641,0.0743849999999998,0,0.0691079999999999,0.601810000000002,1.00038500000005,0.996245000000056,0.001621,0.492890999999982
71,1.05227024006106,0.0716619999999998,0.004237,0.755285000000025,0.004189,0.767487000000026,0.115087,0.582695999999999,0.0507559999999999,0.0825559999999996,0,0.0764749999999997,0.609446000000001,1.00068200000005,0.996626000000051,0.001427,0.506692999999982
72,1.05329304673445,0.0736339999999997,0.005262,0.762659000000027,0.004718,0.77706000000003,0.123393999999999,0.603640000000001,0.0536299999999999,0.0940519999999996,0,0.0855899999999996,0.611891000000002,1.00058700000005,0.99601600000005,0.001534,0.518748999999981
73,1.05426102304445,0.0766809999999997,0.006209,0.770410000000022,0.004106,0.785349000000025,0.129006,0.608658000000004,0.0581939999999999,0.0998659999999996,0,0.0895859999999998,0.616789000000003,1.00059900000005,0.996196000000052,0.001749,0.534041999999986
74,1.05529630736913,0.0748749999999998,0.00756200000000001,0.77385300000002,0.005236,0.793932000000023,0.138002,0.617448000000006,0.0657129999999999,0.105973999999999,0,0.0928459999999994,0.620009000000003,1.00074300000005,0.996117000000053,0.002064,0.543064999999988
75,1.05661226186447,0.0794219999999999,0.009247,0.775660000000026,0.00631500000000001,0.801042000000032,0.141012000000001,0.630854000000008,0.0736669999999999,0.111719999999999,0,0.0976829999999997,0.621420000000005,1.00081000000006,0.996527000000057,0.00276,0.554703999999991
76,1.05753468436914,0.0811709999999997,0.009531,0.779415000000022,0.006877,0.804316000000029,0.144256,0.642350000000009,0.0830179999999997,0.116964999999999,0,0.107990999999999,0.623089000000003,1.00071500000005,0.996401000000048,0.00293,0.574290999999999
77,1.05847800530764,0.0843389999999996,0.010052,0.777817000000021,0.00760300000000001,0.808128000000025,0.149158000000001,0.651336000000007,0.0903039999999996,0.126265999999999,0,0.117513999999999,0.619953999999999,1.00073200000004,0.996361000000047,0.002709,0.587853999999997
78,1.05933113857997,0.0813089999999996,0.010774,0.783451000000024,0.009396,0.815649000000029,0.159377000000001,0.661392000000011,0.0930049999999996,0.133769,0,0.124958999999999,0.614134000000005,1.00069900000004,0.996435000000046,0.003328,0.594099000000002
79,1.06017224750405,0.0827719999999997,0.012653,0.790874000000026,0.010386,0.823402000000031,0.167668000000002,0.66943000000001,0.100707,0.141311,0,0.1303,0.614037000000003,1.00074200000004,0.996599000000047,0.00374,0.609012999999998
80,1.06132253439263,0.0816299999999999,0.016327,0.793030000000023,0.011216,0.826623000000029,0.175530000000002,0.679150000000013,0.107523999999999,0.149223000000001,0,0.136879,0.618192000000002,1.00075100000005,0.996505000000051,0.004487,0.62161300000001
81,1.06184895036974,0.0856049999999996,0.019494,0.794423000000033,0.011877,0.828028000000038,0.184329000000003,0.684851000000016,0.111559999999999,0.157744000000001,0,0.142717,0.614801000000009,1.00067500000005,0.996942000000055,0.004646,0.633551000000006
82,1.06279611963353,0.0802119999999997,0.021588,0.789899000000025,0.012347,0.836189000000028,0.192821000000003,0.693653000000015,0.114457999999999,0.169136000000002,0,0.148537000000001,0.615724000000004,1.00062200000004,0.996993000000047,0.00453,0.640447000000008
83,1.06360597027673,0.0813559999999996,0.022853,0.790409000000027,0.013359,0.840883000000033,0.196929000000003,0.698430000000015,0.120790999999999,0.177711000000002,0,0.158461000000001,0.617600000000001,1.00068500000005,0.997516000000056,0.005133,0.650183000000007
84,1.06435474887986,0.0832599999999997,0.025969,0.782012000000027,0.015144,0.847004000000033,0.207141000000004,0.71116700000002,0.122052999999999,0.177019000000002,0,0.168447000000002,0.615997000000004,1.00067500000005,0.997204000000048,0.005683,0.657522000000013
85,1.06572989521547,0.0860309999999997,0.026966,0.780114000000027,0.014802,0.849572000000032,0.216158000000004,0.719518000000024,0.129879,0.187592000000003,0,0.177880000000002,0.618610000000011,1.00068500000004,0.997052000000045,0.005434,0.667594000000013
86,1.06695868178469,0.0897669999999997,0.0301540000000001,0.780268000000028,0.017045,0.852182000000034,0.222586000000005,0.729637000000019,0.138516,0.194631000000004,0,0.188818000000003,0.618093000000004,1.00064300000005,0.996789000000052,0.00648000000000001,0.673352000000014
87,1.06759458915909,0.0906589999999997,0.032524,0.780481000000028,0.017792,0.858762000000034,0.227306000000005,0.743320000000025,0.142054,0.203554000000004,0,0.204976000000004,0.620771000000006,1.00065100000005,0.996875000000049,0.006834,0.681407000000015
88,1.06822340237215,0.0858679999999998,0.034127,0.775413000000026,0.019878,0.863628000000034,0.230982000000004,0.749744000000023,0.145708,0.208472000000003,0,0.208223000000003,0.615847000000005,1.00063200000005,0.997385000000048,0.00698000000000001,0.689944000000015
89,1.06926385196611,0.0834919999999998,0.038314,0.774513000000027,0.019854,0.865500000000033,0.243400000000005,0.755892000000025,0.151479000000001,0.219282000000004,0,0.222577000000004,0.622196000000005,1.00061900000005,0.99702900000005,0.00810200000000001,0.699575000000014
90,1.07001447519024,0.0859469999999997,0.0456789999999999,0.778328000000019,0.018786,0.868113000000026,0.253381000000005,0.762406000000019,0.156565000000001,0.224624000000004,0,0.225188000000004,0.627532000000003,1.00064200000004,0.997276000000045,0.008314,0.704343000000025
91,1.07115832066426,0.0931849999999997,0.0520599999999999,0.777240000000022,0.021916,0.869611000000026,0.264055000000002,0.76298200000002,0.165138000000002,0.225327000000004,0,0.233688000000004,0.632491000000005,1.00056200000004,0.997444000000042,0.00811,0.718648000000016
92,1.07194455087167,0.0967599999999999,0.0572889999999999,0.776816000000024,0.021565,0.875377000000037,0.275328,0.767956000000026,0.174805000000002,0.234637000000004,0,0.241201000000004,0.638607000000005,1.00057900000005,0.997414000000053,0.008069,0.726523000000021
93,1.0728417684608,0.0965829999999996,0.0598949999999999,0.779482000000027,0.023016,0.877767000000034,0.278279,0.771820000000025,0.184058000000002,0.242783000000005,0,0.246189000000004,0.635615000000006,1.00061000000004,0.997290000000049,0.007508,0.739861000000024
94,1.07336209671855,0.0971779999999998,0.0619579999999998,0.778727000000017,0.025952,0.88363000000003,0.283065999999998,0.777837000000022,0.189801000000003,0.250366000000005,0,0.253064000000004,0.637163000000003,1.00055900000004,0.997234000000045,0.007151,0.749621000000025
95,1.07435388329596,0.0986479999999996,0.0643309999999999,0.777005000000027,0.027124,0.885896000000033,0.285061999999999,0.784572000000026,0.195881000000002,0.260400000000002,0,0.265384000000001,0.63983100000001,1.00057100000004,0.99726600000005,0.007514,0.753960000000026
96,1.07495552147066,0.0939819999999996,0.0708369999999999,0.778452000000026,0.0292760000000001,0.890912000000036,0.294360999999997,0.797519000000029,0.207198000000003,0.272041999999999,0,0.274734999999999,0.63421800000001,1.00060800000004,0.997359000000046,0.007408,0.76338100000003
97,1.07595952992776,0.0957869999999997,0.0761529999999997,0.778673000000023,0.030066,0.895883000000033,0.295312999999998,0.804265000000027,0.216940000000004,0.283604999999999,0,0.280607,0.635867000000007,1.00055900000004,0.997456000000045,0.007744,0.766456000000018
98,1.07722916217311,0.0953759999999996,0.0860059999999996,0.778573000000019,0.0313000000000001,0.901886000000031,0.313601999999996,0.808744000000023,0.227751000000003,0.291048999999998,0,0.291144999999998,0.63317400000001,1.00055800000004,0.997337000000047,0.00978,0.773530000000024
99,1.07783133327482,0.0955329999999997,0.0908129999999997,0.771648000000026,0.035098,0.906711000000037,0.325560999999996,0.812336000000027,0.236879000000003,0.295961999999999,0,0.290409999999999,0.63397500000001,1.00054900000005,0.997291000000052,0.009623,0.786033000000023
100,1.07853731279816,0.0935629999999997,0.0971829999999997,0.774030000000022,0.034438,0.908394000000033,0.332415999999995,0.820917000000028,0.245622000000004,0.309078999999996,0,0.302505999999996,0.636611000000006,1.00056800000004,0.997078000000046,0.00991,0.790404000000032
101,1.07910785903668,0.0946329999999996,0.104983999999999,0.772688000000022,0.035043,0.911965000000033,0.341129999999995,0.818674000000028,0.248523000000004,0.319099999999995,0,0.311786999999996,0.637303000000007,1.00058100000004,0.997395000000046,0.010615,0.803287000000027
102,1.07998409461826,0.0921009999999998,0.114294,0.778258000000025,0.035076,0.914281000000032,0.347991999999993,0.821163000000029,0.253430000000004,0.320629999999995,0,0.317751999999995,0.634598000000006,1.00053600000004,0.997467000000046,0.010545,0.805397000000026
103,1.0805672860294,0.0926829999999995,0.121941999999999,0.779423000000022,0.034976,0.915548000000031,0.351880999999992,0.827133000000025,0.254127000000003,0.320110999999996,0,0.324074999999996,0.635543000000008,1.00053200000004,0.997158000000042,0.011116,0.810850000000032
104,1.08159490551846,0.0906609999999998,0.134014,0.773455000000019,0.035038,0.918187000000032,0.364455999999991,0.832326000000026,0.264007000000001,0.331336999999994,0,0.341124999999993,0.636935000000006,1.00049500000004,0.997303000000043,0.011232,0.813181000000025
105,1.08235634833198,0.0988249999999996,0.142503,0.777911000000023,0.036992,0.919923000000029,0.373245999999989,0.836315000000026,0.276543999999999,0.333475999999993,0,0.346478999999991,0.632521000000008,1.00046100000004,0.997048000000042,0.010631,0.819305000000028
106,1.08286505581574,0.0967029999999998,0.150233000000001,0.773957000000022,0.037984,0.925608000000032,0.379142999999991,0.842240000000031,0.285107999999998,0.339460999999993,0,0.357015999999992,0.629770000000004,1.00052800000004,0.997445000000041,0.01235,0.825515000000025
107,1.08384504869129,0.0945039999999999,0.162128000000001,0.773530000000024,0.038974,0.930875000000035,0.39670099999999,0.848723000000028,0.297761999999998,0.349741999999993,0,0.371194999999991,0.623158000000008,1.00052600000004,0.997068000000043,0.012817,0.825627000000027
108,1.08477390389807,0.0956789999999996,0.177467000000001,0.77817200000002,0.036409,0.934858000000033,0.40988899999999,0.852184000000031,0.306758999999997,0.364573999999992,0,0.380183999999991,0.624533000000004,1.00045800000004,0.997039000000043,0.01308,0.830990000000034
109,1.08591617081891,0.0944849999999998,0.189063000000002,0.78103600000002,0.03821,0.939916000000034,0.420991999999987,0.858593000000031,0.316847999999995,0.376041999999992,0,0.389983999999992,0.618125000000009,1.00053600000003,0.997096000000039,0.015182,0.833067000000031
110,1.08733003367336,0.0959529999999997,0.194626000000002,0.782228000000022,0.038928,0.941050000000033,0.427847999999987,0.863413000000031,0.325468999999995,0.384162999999992,0,0.40084099999999,0.616315000000007,1.00055600000004,0.997129000000046,0.015127,0.831295000000028
111,1.08848695282923,0.0924819999999996,0.201585000000002,0.787931000000018,0.035693,0.942038000000033,0.431371999999988,0.867131000000028,0.335010999999994,0.395074999999991,0,0.41061999999999,0.611371000000003,1.00053400000004,0.997329000000043,0.016284,0.836317000000028
112,1.08934576903505,0.0854999999999998,0.208989000000002,0.79042400000002,0.035494,0.946030000000029,0.430059999999987,0.872006000000029,0.345635999999992,0.405962999999989,0,0.421605999999989,0.604542000000001,1.00049700000003,0.99700300000004,0.017722,0.838542000000027
113,1.09032182284414,0.0854319999999997,0.215186000000003,0.78984700000002,0.035226,0.947272000000033,0.431504999999986,0.880162000000032,0.356526999999993,0.418911999999989,0,0.433236999999987,0.603571000000002,1.00050600000004,0.997414000000041,0.020849,0.838711000000024
114,1.09113629324585,0.0920559999999998,0.226394000000002,0.789760000000018,0.03547,0.950390000000027,0.43532099999999,0.879317000000027,0.353729999999994,0.427348999999991,0,0.443130999999989,0.605439000000003,1.00044200000003,0.997367000000035,0.020987,0.842829000000025
115,1.09229835339819,0.0940049999999996,0.234000000000002,0.794917000000018,0.037756,0.952534000000026,0.43728899999999,0.883010000000025,0.363443999999993,0.43415499999999,0,0.456531999999989,0.605154,1.00045700000003,0.996945000000034,0.020507,0.845608000000021
116,1.09328469881134,0.0924369999999997,0.241025000000003,0.795217000000024,0.037715,0.953601000000033,0.445289999999987,0.884476000000028,0.368458999999992,0.43752199999999,0,0.462021999999989,0.609270000000003,1.00048600000004,0.997356000000041,0.025522,0.848398000000029
117,1.09453869636092,0.0920449999999998,0.249937000000003,0.796194000000021,0.036191,0.954952000000029,0.455352999999986,0.887631000000026,0.380528999999991,0.447702999999988,0,0.473713999999987,0.615671000000004,1.00048600000003,0.997076000000038,0.0286,0.859635000000024
118,1.09602726898801,0.0889939999999999,0.254088000000002,0.798036000000017,0.035762,0.954686000000029,0.453531999999988,0.890271000000027,0.387418999999992,0.458472999999989,0,0.481417999999988,0.614421000000002,1.00047400000003,0.997157000000036,0.027688,0.862761000000021
119,1.09746196868315,0.0899799999999997,0.256517000000002,0.796258000000023,0.036502,0.955987000000032,0.457453999999988,0.898998000000031,0.389515999999992,0.46236999999999,0,0.487476999999989,0.620036000000005,1.00050600000003,0.997275000000037,0.0286520000000001,0.873028000000032
120,1.09757171488006,0.0889979999999998,0.264017,0.800206000000022,0.033357,0.95556500000003,0.459452999999986,0.906295000000029,0.39687799999999,0.482800999999988,0,0.498600999999986,0.618886000000005,1.00045900000003,0.997320000000036,0.028229,0.879806000000035
121,1.09800525570747,0.0866859999999999,0.269734999999999,0.801883000000017,0.032751,0.958181000000028,0.465634999999988,0.907975000000026,0.404381999999991,0.480350999999988,0,0.506055999999988,0.623670000000008,1.00051100000003,0.997322000000035,0.030813,0.882941000000027
122,1.09939533036123,0.0852189999999996,0.280552999999999,0.802443000000019,0.033534,0.958763000000026,0.469959999999989,0.911671000000026,0.413270999999992,0.489291999999988,0,0.51697599999999,0.624819000000002,1.00045100000003,0.997018000000033,0.0347600000000001,0.889458000000026
123,1.10073769205963,0.0889969999999996,0.289660999999998,0.801577000000016,0.033416,0.961261000000023,0.472251999999988,0.915056000000023,0.424143999999991,0.496814999999989,0,0.529108999999994,0.625560000000005,1.00038900000002,0.997262000000026,0.037182,0.891182000000028
124,1.1029358652307,0.0910039999999999,0.298975999999998,0.799536000000012,0.033832,0.96299700000002,0.477656999999989,0.91950000000002,0.434926999999992,0.50593799999999,0,0.532974999999991,0.626617000000005,1.00038600000003,0.996738000000029,0.038325,0.893068000000024
125,1.10384578731954,0.0991709999999997,0.306580999999997,0.802361000000013,0.034811,0.964039000000022,0.482043999999989,0.923031000000022,0.440337999999991,0.515009999999992,0,0.533275999999996,0.628376000000005,1.00040600000002,0.99691200000003,0.038269,0.892717000000024
126,1.10453679478243,0.0985359999999998,0.314003999999997,0.805490000000021,0.034601,0.967158000000034,0.491292999999988,0.927841000000031,0.44620099999999,0.521085999999992,0,0.541167999999995,0.627233000000009,1.00046800000004,0.997365000000037,0.039582,0.895829000000021
127,1.1055253552138,0.0978249999999998,0.315021999999997,0.803440000000017,0.035143,0.964050000000029,0.493417999999988,0.932231000000028,0.454419999999991,0.529424999999997,0,0.546416999999998,0.623806000000004,1.00042500000003,0.996814000000035,0.038363,0.898081000000023
128,1.10624836879614,0.0960369999999998,0.326226999999996,0.804528000000015,0.034472,0.965554000000027,0.499449999999986,0.934076000000027,0.461751999999989,0.536389999999993,0,0.545950999999995,0.619597000000008,1.00039700000003,0.997275000000032,0.040904,0.901412000000025
129,1.10745860451164,0.0937859999999999,0.333800999999996,0.810895000000016,0.0327070000000001,0.967281000000024,0.503102999999989,0.940175000000023,0.47810799999999,0.551244999999998,0,0.559177999999998,0.619852000000002,1.00036200000003,0.99710900000003,0.038692,0.905497000000028
130,1.10872996698965,0.0918659999999997,0.341889999999995,0.817641000000017,0.03287,0.965108000000025,0.511879999999991,0.939776000000023,0.481631999999989,0.558449999999995,0,0.565369999999996,0.620099000000006,1.00039500000003,0.997274000000029,0.039919,0.911909000000023
131,1.11104499516075,0.0907699999999999,0.344199999999996,0.817932000000014,0.032186,0.965787000000025,0.515856999999992,0.941335000000025,0.49434499999999,0.561798999999997,0,0.572844999999999,0.620415000000005,1.00042300000003,0.997037000000031,0.041112,0.913793000000026
132,1.11233491840016,0.0845699999999998,0.344845999999995,0.827399000000012,0.031412,0.965861000000019,0.516831999999994,0.941464000000021,0.495982999999991,0.568865,0,0.573296999999999,0.612685000000002,1.00039000000002,0.996985000000023,0.040322,0.915820000000024
133,1.11393890535252,0.0859049999999999,0.358536999999994,0.821919000000018,0.032349,0.967590000000028,0.526171999999992,0.944864000000027,0.50681699999999,0.572475,0,0.578253999999999,0.611586000000005,1.00032800000003,0.997048000000032,0.042665,0.918020000000025
134,1.11452706509457,0.0833189999999998,0.370530999999995,0.824703000000018,0.03308,0.969654000000024,0.535249999999995,0.946899000000023,0.509511999999992,0.580511000000001,0,0.581972000000003,0.609685000000004,1.00039100000003,0.996932000000029,0.045243,0.920376000000022
135,1.11606511244443,0.0832169999999999,0.383193999999995,0.828093000000014,0.033576,0.972117000000021,0.548152,0.950357000000022,0.519648999999994,0.590205000000004,0,0.589078000000002,0.605181000000004,1.00037700000002,0.996963000000027,0.046095,0.92399500000002
136,1.11726823063567,0.0880729999999999,0.395543999999995,0.832973000000014,0.032999,0.972066000000022,0.549898999999997,0.952834000000021,0.523985999999993,0.594504000000001,0,0.595328000000001,0.601244000000001,1.00037800000002,0.997150000000029,0.044935,0.925618000000026
137,1.11722018810178,0.0863279999999999,0.392147999999995,0.835071000000015,0.031906,0.973553000000023,0.544852999999998,0.956378000000024,0.539255999999998,0.603835000000001,0,0.608134,0.602588000000003,1.00039100000002,0.997015000000027,0.044229,0.92754900000002
138,1.11857537618998,0.0859899999999998,0.400006999999993,0.83247700000002,0.033704,0.975015000000027,0.552674999999996,0.956203000000028,0.548825999999998,0.611937000000001,0,0.613405000000004,0.602216000000004,1.00029400000003,0.996881000000034,0.045056,0.92923100000002
139,1.11979909765156,0.0855109999999998,0.408766999999993,0.836394000000018,0.034253,0.974103000000026,0.556393999999998,0.959248000000025,0.555296999999997,0.617756000000003,0,0.622027000000002,0.596825000000003,1.00032700000003,0.99702000000003,0.045848,0.931176000000023
140,1.12128171165688,0.084567,0.422300999999992,0.837458000000016,0.033282,0.973874000000023,0.564973000000001,0.959779000000024,0.563467,0.625785000000005,0,0.630555000000005,0.600831000000003,1.00036000000002,0.997146000000026,0.0469529999999999,0.929909000000021
141,1.12300512164772,0.0865369999999999,0.429189999999993,0.83554300000002,0.03243,0.974507000000025,0.567238000000001,0.962738000000025,0.574309000000003,0.630734000000006,0,0.638615000000006,0.605710000000005,1.00032200000003,0.997127000000028,0.0494219999999999,0.932036000000022
142,1.12455149970026,0.0856369999999998,0.434391999999993,0.838701000000013,0.03303,0.974418000000022,0.578095000000001,0.963846000000023,0.582414000000003,0.643845000000004,0,0.644876000000005,0.610495000000003,1.00028400000002,0.996859000000025,0.049617,0.932874000000019
143,1.12701764113913,0.0879859999999997,0.448568999999994,0.845644000000018,0.032576,0.973852000000024,0.591401000000001,0.966499000000024,0.595209000000002,0.649508000000005,0,0.658918000000005,0.614539000000003,1.00028300000003,0.997165000000029,0.050375,0.935395000000026
144,1.12881636129441,0.0889739999999997,0.452200999999993,0.846419000000013,0.034336,0.975391000000021,0.593079999999999,0.96765200000002,0.598914000000002,0.657633000000003,0,0.659241000000003,0.614141000000001,1.00032200000002,0.997069000000024,0.050929,0.936918000000022
145,1.13048475187643,0.0837239999999998,0.463985999999992,0.844841000000015,0.034547,0.976680000000021,0.604911000000005,0.970430000000022,0.608970000000004,0.659984000000008,0,0.671018000000007,0.617827000000004,1.00026200000002,0.996845000000027,0.052457,0.934797000000024
146,1.13160167081131,0.0809909999999999,0.474471999999992,0.845878000000017,0.036286,0.978013000000021,0.611744,0.969616000000022,0.611410000000004,0.663324000000002,0,0.668096000000003,0.615668999999999,1.00025200000002,0.996870000000026,0.053928,0.935906000000023
147,1.1331768603371,0.0833989999999999,0.477808999999993,0.848599000000018,0.035142,0.980230000000023,0.612399000000006,0.971970000000025,0.615688000000007,0.668360000000008,0,0.673711000000008,0.609681000000006,1.00029900000003,0.99690700000003,0.053981,0.937870000000026
148,1.13461146224231,0.0874659999999999,0.482194999999993,0.853312000000016,0.035311,0.97879600000002,0.614396000000004,0.97519600000002,0.633123000000003,0.676946000000005,0,0.684008000000004,0.609751000000003,1.00030500000002,0.997072000000024,0.055835,0.93712300000002
149,1.13499836475096,0.0839909999999999,0.486026999999991,0.851822000000018,0.034854,0.978630000000024,0.611521000000004,0.976440000000024,0.639525000000007,0.678733000000008,0,0.684363000000009,0.607417000000005,1.00029400000003,0.997126000000028,0.057622,0.936825000000021
150,1.13639441273963,0.0811649999999999,0.496674999999993,0.853909000000012,0.034855,0.980818000000019,0.620210000000002,0.977934000000018,0.646143000000005,0.680401000000006,0,0.695893000000006,0.605080000000003,1.00030000000002,0.996892000000024,0.0616069999999999,0.938890000000018
151,1.13898198281746,0.082251,0.504142999999994,0.853797000000009,0.035339,0.980763000000018,0.626681000000003,0.980150000000018,0.654169000000006,0.683980000000005,0,0.696745000000006,0.602453,1.00027000000002,0.996993000000021,0.0623229999999999,0.939780000000024
152,1.14057655759343,0.0857899999999998,0.508430999999993,0.855369000000016,0.035752,0.981072000000024,0.624041000000007,0.981138000000025,0.665938000000009,0.69152800000001,0,0.70217300000001,0.599988000000005,1.00028200000003,0.997005000000026,0.0578489999999999,0.942002000000022
153,1.14207413461358,0.0858969999999998,0.515396999999996,0.854310000000014,0.036009,0.981942000000018,0.631238000000006,0.981347000000019,0.673294000000008,0.699538000000008,0,0.703484000000008,0.604510000000004,1.00027200000002,0.996772000000022,0.0604619999999999,0.944783000000023
154,1.14409103753533,0.0811579999999999,0.522559999999998,0.85684800000001,0.037484,0.983953000000015,0.635724000000005,0.982904000000015,0.675991000000006,0.702432000000006,0,0.709932000000007,0.603342000000002,1.00028000000002,0.997243000000018,0.063146,0.945955000000025
155,1.14496855536113,0.0814429999999999,0.523281999999999,0.856343000000012,0.0390599999999999,0.98498200000002,0.634397000000007,0.98273000000002,0.683236000000008,0.707288000000009,0,0.713435000000008,0.599393000000001,1.00025500000002,0.996885000000022,0.0628089999999999,0.948761000000024
156,1.14607001511141,0.0840219999999999,0.528837999999997,0.853837000000011,0.039489,0.984874000000014,0.638849000000008,0.983508000000015,0.695294000000008,0.707359000000009,0,0.720529000000006,0.598610000000001,1.00028000000002,0.99677600000002,0.065321,0.949878000000026
157,1.14703500606415,0.0823759999999998,0.534893999999997,0.849864000000012,0.039292,0.985182000000019,0.644464000000007,0.986006000000019,0.702737000000009,0.715965000000007,0,0.729765000000008,0.596828000000002,1.00018800000002,0.996880000000021,0.067384,0.952173000000024
158,1.14879685183349,0.084057,0.540231000000001,0.854658000000014,0.039554,0.985564000000018,0.649265000000009,0.988116000000019,0.710109000000008,0.726332000000008,0,0.739287000000008,0.593458000000004,1.00022800000002,0.996895000000021,0.06478,0.953660000000024
159,1.15011452182256,0.0859059999999999,0.550853999999995,0.852813000000013,0.040661,0.987320000000017,0.657302000000005,0.988338000000017,0.70872500000001,0.733135000000009,0,0.739804000000009,0.594013000000001,1.00022000000002,0.996713000000019,0.065148,0.956436000000015
160,1.15159241898313,0.0834409999999999,0.557409999999996,0.859344000000011,0.039273,0.987459000000019,0.662140000000007,0.987912000000019,0.719960000000008,0.742325000000008,0,0.75011100000001,0.594415000000002,1.00026700000002,0.997177000000024,0.066941,0.957503000000017
161,1.15293863052094,0.0852689999999998,0.562848,0.86346600000001,0.041673,0.986147000000013,0.664619000000006,0.986269000000014,0.721581000000008,0.741878000000006,0,0.753429000000006,0.591050000000001,1.00020700000001,0.996527000000018,0.065358,0.95964000000002
162,1.15543128384014,0.0838119999999999,0.565118999999998,0.864470000000008,0.0420210000000001,0.987370000000012,0.665479000000004,0.986272000000013,0.725790000000005,0.748357000000003,0,0.755991000000005,0.592691000000002,1.00021500000001,0.996760000000016,0.067318,0.961933000000023
163,1.15677273956069,0.0836049999999999,0.566775,0.860249000000008,0.041736,0.987885000000014,0.669096000000006,0.988508000000014,0.737097000000004,0.753135000000005,0,0.761511000000004,0.595580000000003,1.00025300000002,0.996955000000019,0.068883,0.961477000000018
164,1.15921237326844,0.0852709999999998,0.574311,0.860790000000013,0.041068,0.987204000000019,0.677465000000004,0.989060000000019,0.743099000000009,0.75619200000001,0,0.764678000000008,0.590269,1.00022100000002,0.996854000000022,0.073523,0.962430000000021
165,1.15966910294353,0.0804269999999999,0.577700000000002,0.864309000000011,0.041386,0.987327000000018,0.683962000000009,0.988169000000018,0.747785000000008,0.763295000000007,0,0.764722000000007,0.585529000000002,1.00026500000002,0.997111000000021,0.0764719999999999,0.965620000000022
166,1.16132163141525,0.082091,0.588097000000001,0.867112000000011,0.040214,0.987304000000013,0.686683000000008,0.988926000000014,0.750986000000004,0.763361000000006,0,0.770875000000006,0.591729000000002,1.00021600000001,0.996776000000017,0.0813410000000001,0.966640000000016
167,1.16274889570027,0.0859789999999999,0.588303000000004,0.866587000000017,0.036207,0.988623000000023,0.682618000000014,0.989400000000023,0.760286000000013,0.772208000000013,0,0.775960000000011,0.588773000000006,1.00021500000002,0.996922000000024,0.0815499999999999,0.967453000000018
168,1.16435581467416,0.0848909999999999,0.586973999999998,0.866958000000012,0.034136,0.989405000000016,0.681673000000007,0.989601000000015,0.766503000000007,0.777482000000008,0,0.780987000000007,0.580888999999998,1.00020200000002,0.996815000000017,0.08007,0.968732000000019
169,1.16584036833788,0.085575,0.600659000000004,0.872205000000013,0.034542,0.988489000000018,0.69254800000001,0.990572000000019,0.77144600000001,0.783749000000008,0,0.789523000000009,0.566176,1.00021200000002,0.996859000000021,0.0824649999999999,0.970615000000018
170,1.16791556419355,0.0837499999999999,0.606871000000002,0.873026000000008,0.035973,0.990548000000011,0.694522000000007,0.990290000000012,0.767726000000007,0.781480000000007,0,0.786189000000005,0.568247000000001,1.00019200000001,0.996763000000014,0.083706,0.97305500000002
171,1.16934509284413,0.0841579999999998,0.607861000000003,0.869396000000012,0.03688,0.990891000000014,0.691149000000007,0.989078000000014,0.768756000000007,0.781178000000007,0,0.788102000000007,0.565583000000001,1.00020100000001,0.996705000000017,0.0818239999999999,0.971727000000014
172,1.17220414159615,0.0786979999999999,0.613486000000003,0.867773000000009,0.041005,0.990557000000012,0.694489000000006,0.988775000000012,0.767413000000006,0.783598000000006,0,0.789499000000006,0.565785999999999,1.00017600000001,0.996829000000016,0.0830339999999999,0.974515000000017
173,1.1745919214326,0.078254,0.620626000000002,0.86856600000001,0.038714,0.991916000000015,0.698196000000006,0.989210000000015,0.777428000000008,0.794392000000007,0,0.795674000000008,0.560006999999996,1.00020000000002,0.996724000000017,0.0872750000000001,0.974143000000018
174,1.17625749277721,0.0773409999999999,0.623615000000004,0.87465100000001,0.036185,0.992029000000015,0.702358000000007,0.990574000000015,0.786651000000008,0.803518000000007,0,0.802730000000006,0.559580000000003,1.00015200000002,0.996794000000017,0.086268,0.974624000000017
175,1.1777101707808,0.0766079999999999,0.629122000000004,0.87687600000001,0.039571,0.992706000000016,0.708253000000008,0.991463000000015,0.791862000000006,0.799148000000006,0,0.800384000000006,0.555872999999996,1.00015800000002,0.996975000000017,0.0878129999999999,0.976403000000012
176,1.17943080534033,0.076858,0.628450000000007,0.875768000000012,0.041034,0.993018000000015,0.70790700000001,0.991377000000016,0.793290000000008,0.794599000000008,0,0.802404000000008,0.55355,1.00017200000002,0.996822000000018,0.0882609999999999,0.977477000000019
177,1.18012431065389,0.074942,0.626306000000005,0.874768000000008,0.041744,0.993594000000015,0.704734000000008,0.991535000000015,0.801706000000008,0.796888000000008,0,0.804957000000008,0.551869000000001,1.00015400000002,0.996910000000016,0.090507,0.978301000000014
178,1.18209983874994,0.075452,0.632056000000005,0.876550000000006,0.042508,0.993479000000009,0.712517000000006,0.991146000000009,0.805490000000006,0.797163000000005,0,0.804720000000006,0.549895,1.00011900000001,0.996691000000012,0.0892829999999999,0.978771000000011
179,1.18369094513291,0.076982,0.633396000000002,0.874573000000007,0.044956,0.993503000000011,0.714550000000004,0.992941000000011,0.801641000000004,0.798840000000004,0,0.803571000000004,0.5551,1.00017700000001,0.996747000000013,0.0885249999999999,0.980281000000014
180,1.18572097510382,0.078382,0.633716000000006,0.87416800000001,0.042614,0.994507000000015,0.710831000000009,0.993328000000015,0.804904000000009,0.804690000000008,0,0.808866000000009,0.557103000000003,1.00017500000001,0.996906000000017,0.090613,0.982461000000012
181,1.18760034284938,0.0767299999999999,0.637058000000002,0.871271000000006,0.045445,0.995064000000011,0.711802000000008,0.99355300000001,0.807040000000005,0.806364000000005,0,0.809413000000005,0.556871999999996,1.00016200000001,0.996667000000012,0.0931009999999999,0.983363000000017
182,1.18933186414927,0.072744,0.643955000000004,0.873231000000009,0.047769,0.994278000000012,0.716274000000006,0.993603000000012,0.807075000000006,0.807820000000005,0,0.810087000000005,0.558699000000001,1.00016500000001,0.996646000000013,0.0951539999999999,0.983895000000019
183,1.19236584973472,0.0683829999999999,0.650693000000004,0.874104000000009,0.04822,0.994287000000014,0.718240000000006,0.994278000000014,0.809310000000006,0.814856000000006,0,0.816179000000006,0.562962,1.00014500000001,0.996715000000016,0.097691,0.984731000000013
184,1.1941245893631,0.0685319999999999,0.645782000000004,0.873893000000009,0.04884,0.995431000000014,0.712463000000007,0.994461000000014,0.813396000000005,0.816048000000004,0,0.819375000000005,0.553504999999994,1.00017200000001,0.997124000000015,0.09606,0.984189000000017
185,1.19553604462774,0.0698119999999999,0.648703000000004,0.874616000000008,0.048791,0.995877000000013,0.717190000000007,0.995264000000013,0.817001000000005,0.819842000000005,0,0.820614000000005,0.548241999999999,1.00012900000001,0.996775000000013,0.092697,0.984386000000014
186,1.19746803087588,0.0732089999999999,0.650284000000004,0.877415000000006,0.047493,0.99565700000001,0.720595000000006,0.99533700000001,0.819845000000004,0.823839000000003,0,0.822232000000005,0.550867999999998,1.00014000000001,0.996904000000012,0.092993,0.984064000000015
187,1.2006293464774,0.0731199999999999,0.651618000000004,0.873597000000007,0.047141,0.996038000000011,0.721936000000005,0.995040000000011,0.818596000000006,0.825266000000005,0,0.823042000000005,0.551395,1.00010600000001,0.996903000000012,0.0946239999999999,0.984992000000009
188,1.20109759192254,0.0779410000000001,0.655932000000002,0.872954000000007,0.049923,0.995824000000011,0.724515000000005,0.994338000000011,0.817181000000004,0.823203000000005,0,0.820271000000006,0.552725999999999,1.00013000000001,0.997008000000013,0.0961569999999999,0.98583100000001
189,1.20289203172488,0.0818829999999999,0.660758000000005,0.872773000000006,0.050413,0.996843000000011,0.729435000000007,0.993787000000011,0.816608000000005,0.823509000000005,0,0.818476000000006,0.555855999999998,1.00014700000001,0.996785000000013,0.0973139999999999,0.986495000000013
190,1.20465065987528,0.081646,0.659044000000002,0.874042000000005,0.049421,0.997379000000007,0.728372000000004,0.994811000000007,0.820746000000003,0.827045000000004,0,0.820666000000003,0.550763,1.00013600000001,0.996827000000011,0.095702,0.986912000000016
191,1.20630223592997,0.082608,0.659712000000002,0.873999000000007,0.0510639999999999,0.99664700000001,0.727232000000006,0.995218000000011,0.823593000000006,0.829959000000007,0,0.821793000000005,0.550985,1.00014300000001,0.996903000000012,0.099367,0.987052000000014
192,1.20751698228157,0.0815859999999999,0.658782000000003,0.875467000000009,0.051044,0.997259000000014,0.727064000000007,0.995946000000014,0.827455000000006,0.834140000000006,0,0.824651000000006,0.549207000000001,1.00012400000001,0.996701000000015,0.100316,0.986964000000017
193,1.20896117259239,0.0810109999999999,0.665797000000004,0.880965000000007,0.048612,0.997598000000011,0.730381000000007,0.996597000000011,0.833161000000005,0.838605000000005,0,0.828780000000005,0.548170999999998,1.00013000000001,0.996823000000012,0.0997729999999999,0.985873000000015
194,1.21032488079509,0.0787389999999999,0.673039000000005,0.877699000000009,0.049254,0.997516000000015,0.738211000000009,0.996717000000016,0.834396000000007,0.836604000000006,0,0.829429000000007,0.547733,1.00011700000002,0.996571000000017,0.104239,0.986498000000012
195,1.21215489201487,0.0778029999999999,0.674527000000004,0.872832000000007,0.05267,0.99683600000001,0.740253000000008,0.99644500000001,0.834939000000006,0.834596000000005,0,0.828887000000005,0.55278,1.00011100000001,0.99682800000001,0.100195,0.987471000000011
196,1.21374039061363,0.0785799999999999,0.680586000000005,0.878430000000009,0.052508,0.996978000000015,0.744676000000008,0.996050000000015,0.834657000000007,0.835307000000007,0,0.829099000000007,0.547757,1.00012100000001,0.996814000000016,0.104491,0.988929000000013
197,1.21515925313028,0.0752699999999999,0.684524000000005,0.879960000000008,0.053076,0.997517000000012,0.746683000000008,0.996770000000013,0.837002000000006,0.834326000000006,0,0.832300000000006,0.547222999999999,1.00012000000001,0.996880000000013,0.106957,0.98920400000001
198,1.21737084297099,0.0771499999999999,0.688460000000004,0.881070000000006,0.054408,0.997462000000009,0.749194000000008,0.99674200000001,0.837206000000006,0.833255000000005,0,0.834195000000005,0.547125999999994,1.00014300000001,0.996907000000011,0.110339,0.989739000000011
199,1.219076379522,0.075461,0.691345000000002,0.881636000000006,0.0528099999999999,0.997170000000009,0.748375000000008,0.99719400000001,0.842321000000004,0.834498000000004,0,0.834641000000004,0.544807999999996,1.00012000000001,0.996925000000011,0.110255,0.98882400000001
200,1.22171324173092,0.0742459999999999,0.694884000000003,0.883142000000008,0.053439,0.997228000000013,0.753643000000006,0.997835000000013,0.836999000000007,0.829113000000006,0,0.835401000000007,0.547144999999999,1.00016800000001,0.996648000000014,0.111481,0.990251000000012
