"X","PopRatio","Diff_KC","Fibroblast","M1","M2","Neutrophil","Prol_KC","Th0","Th1","Th17","Th2","Th22","Treg","iDC","pDC","preDiff_KC","ILC3"
0,1,0.000429,0,0,0,0,0,0,0,0,0,0,0.162349,0,0,0,0
1,1.000004,0.001552,0,0,0,0,0,0,0,0,0,0,0.116544,0,0,0,0
2,1.000002999996,0.00252,0,0,0,6.7e-05,0,0,0,0,0,0,0.111509,0.000692,0.000696,0,0
3,1.000006000005,0.003461,0,2.6e-05,0,6.6e-05,0,0,0,0,0,0,0.116641,0.003775,0.003755,0,0
4,1.000003999993,0.00483,0,0.000258,0,0.000382,0,0,0,0,0,0,0.131146,0.010793,0.010747,0,0
5,1.000007000005,0.005825,0,0.001386,0,0.00091,0,0,0,0,0,0,0.152332,0.025306,0.025317,0,0
6,1.000019000089,0.007711,0,0.002608,0,0.00145,0,0,0,0,0,0,0.172072,0.0434109999999999,0.0434,0,0
7,1.000025000203,0.00766,0,0.004728,0,0.003262,0,0,0,0,0,0,0.186491,0.068452,0.068388,0,0
8,1.00005000082801,0.007771,0,0.006664,0,0.00558,0,0,0,0,0,0,0.202932,0.101708,0.101689,0,0
9,1.00008900277804,0.009996,0,0.010327,0,0.008208,0,0,0,0,0,0,0.220006,0.136944,0.136794,0,0
10,1.00013700705018,0.011015,0,0.014754,0,0.013184,0,6.7e-05,0,0,0,0,0.234329,0.171546000000001,0.171531,0,0
11,1.00020201595564,0.01146,0,0.020366,0,0.017348,0,6.6e-05,0,0,0,0,0.246877000000001,0.211173000000002,0.211234000000001,0,0
12,1.00028003171289,0.012887,0,0.026665,0,0.024891,0,0.000201,0,0,0,0,0.258462999999999,0.252811000000001,0.252932000000001,0,0
13,1.00035705327534,0.014028,0,0.034583,0,0.0331660000000001,0,6.7e-05,0,0,0,0,0.274872999999999,0.298949,0.298928,0,0
14,1.000482097907,0.015958,0,0.0440319999999999,0,0.043001,0,0.000326,0,0,0,0,0.294370999999999,0.346217999999999,0.345974999999999,0,0
15,1.00063717263218,0.017724,0,0.0545129999999999,0,0.0506849999999999,0,0.000598,0,0,0,0,0.312037999999999,0.388463999999997,0.388030999999997,0,0
16,1.00079727457981,0.017613,0,0.0636319999999998,0,0.0627609999999999,0,0.000835,0,0,0,0,0.327228999999999,0.427404999999995,0.426826999999995,0,0
17,1.00099443164291,0.01996,0,0.0771799999999997,0,0.0762179999999998,0,0.001107,0,0,0,0,0.337478999999996,0.476314999999992,0.475241999999992,0,0
18,1.00123767328982,0.019978,0,0.0892899999999995,0,0.0903869999999996,0,0.002046,0,0,0,0,0.347692999999997,0.511360999999994,0.509899999999994,0,0
19,1.00153003469043,0.021072,0,0.0990619999999994,0,0.104104999999999,0,0.003085,0,0,0,0,0.358057999999996,0.552359000000002,0.550013000000001,0,0
20,1.0019266405842,0.023287,0,0.116981999999999,0,0.118268999999999,5.5e-05,0.003738,0,0,0,0,0.377578999999995,0.588306000000009,0.585372000000009,0,0
21,1.0023183939007,0.026085,0,0.129674,0,0.133418,0,0.003676,0,0,0,0,0.388308,0.623241000000003,0.619908000000003,0,0
22,1.00277845804353,0.026529,0,0.141803,0,0.147818000000001,0,0.004411,0,0,0,0,0.399765999999997,0.64802000000001,0.644223000000011,0,0
23,1.00335806399231,0.0267520000000001,0,0.162133000000002,0,0.167647000000002,0,0.00741100000000001,0,0,0,0,0.407809999999993,0.681057000000016,0.676738000000016,0,0
24,1.00396509562105,0.028312,0,0.177974000000002,0,0.184661000000003,4.7e-05,0.00945999999999999,0,0,0,0,0.421610999999989,0.705707000000024,0.700296000000024,0,0
25,1.00458554605019,0.0287420000000001,0,0.197769000000004,0,0.197509000000004,0.000382,0.011353,0,0,0,0,0.433415999999994,0.728864000000012,0.722641000000011,0,0
26,1.00526765963599,0.0299400000000001,0,0.216442000000004,0,0.217055000000005,0.000332,0.014786,0,0,0,0,0.435388999999987,0.753489000000034,0.745608000000033,0,0
27,1.00595224691226,0.0312880000000001,0,0.225265000000005,0,0.235043000000007,0.000298,0.018355,0,0,0,0,0.439044999999991,0.77492700000003,0.766034000000031,0,0
28,1.00666345515086,0.0331800000000001,0,0.240408000000007,0,0.248386000000007,0.000463,0.020896,0,0,0,0,0.445676999999991,0.794147000000024,0.785655000000023,0,7e-05
29,1.0075835455489,0.032465,0,0.252364000000006,0,0.261945000000005,0.000781,0.02288,0,0,0,0,0.457293999999987,0.81496700000004,0.805941000000041,0,0.000177
30,1.00849037073994,0.0326120000000001,0,0.262448000000005,0,0.284368000000002,0.001223,0.0267130000000001,0,0,0,0,0.463706999999988,0.837500000000042,0.827554000000041,0,0.000469
31,1.00941213093885,0.0304480000000001,0,0.284872000000003,0,0.299614,0.001692,0.034201,0,0,0,0,0.468602999999987,0.857141000000054,0.845374000000051,0,0.001381
32,1.01040842071214,0.0331480000000001,0,0.301685999999998,0,0.320086999999997,0.002408,0.039361,0,0,0,0,0.477095999999983,0.874147000000046,0.860184000000045,0,0.002184
33,1.01144611016028,0.0333090000000001,0,0.315357999999997,0,0.339048999999995,0.003087,0.0481229999999999,0,0,0,0,0.482339999999983,0.887187000000054,0.873414000000053,0,0.002372
34,1.01258803281871,0.0334110000000001,0,0.335170999999994,0,0.358519999999991,0.003098,0.0587849999999998,0,0,0,0,0.48706999999998,0.900455000000049,0.885926000000047,0,0.003372
35,1.01376466011291,0.030721,0,0.354216999999994,0,0.37024799999999,0.003397,0.0661649999999997,0.000104,0,0,0,0.496211999999984,0.905596000000061,0.889512000000059,0,0.004969
36,1.0149507647653,0.0307960000000001,0,0.37343499999999,0,0.38614299999999,0.004506,0.0755639999999995,0.000201,0,0,0,0.503176999999981,0.915311000000059,0.898854000000056,0,0.007551
37,1.01608547972038,0.0317860000000001,0,0.396151999999986,0,0.396447999999987,0.005393,0.0893579999999995,0.000334,0,0,0,0.512770999999984,0.927760000000062,0.911327000000063,0,0.010877
38,1.01728852492843,0.0321630000000001,0,0.420443999999985,0,0.405093999999986,0.006259,0.106546999999999,0.000334,3.7e-05,0,4e-06,0.515403999999988,0.935785000000058,0.921240000000055,0,0.015041
39,1.01846959690594,0.031222,0,0.443057999999983,0,0.427725999999984,0.00667000000000001,0.115397999999999,0.000867,0,0,1.3e-05,0.527270999999985,0.942881000000061,0.929381000000059,3.7e-05,0.021204
40,1.01973046226698,0.0307440000000001,0,0.461005999999981,0,0.446594999999982,0.008584,0.129092999999999,0.000667,0.000133,0,0.000143,0.529594999999986,0.94966600000006,0.936256000000058,0.000134,0.025505
41,1.02086746173247,0.0329080000000001,0,0.478357999999978,0,0.461590999999982,0.010895,0.148073000000001,0.000443,0.000625,0,0.000272,0.538052999999992,0.957107000000062,0.945025000000061,0.000268,0.0319750000000001
42,1.0221170035057,0.0363840000000001,0,0.490905999999978,0,0.482082999999975,0.013069,0.164540000000002,0.000328,0.000677,0,0.000294,0.537970999999986,0.96202700000006,0.952045000000062,0.000133,0.041427
43,1.02327608418773,0.038669,0,0.503399999999979,0,0.502158999999979,0.016333,0.178280000000003,0.000305,0.000845,0,0.000504,0.545300999999992,0.965603000000054,0.955891000000055,0,0.053077
44,1.024421130126,0.037966,0,0.516972999999982,0,0.510420999999977,0.018472,0.193482000000003,0.000211,0.00069,0,0.000615,0.54751399999999,0.971761000000065,0.964148000000065,0,0.068544
45,1.02565863085126,0.038243,0,0.540248999999987,0,0.525031999999981,0.01953,0.210199000000004,0.000427,0.001604,0,0.000603,0.552196999999994,0.977560000000055,0.970036000000057,9.3e-05,0.0770559999999995
46,1.0268750619875,0.038799,0,0.543284999999986,0,0.542356999999984,0.022317,0.223904000000004,0.001222,0.001141,0,0.000481,0.561026999999992,0.980172000000054,0.972555000000056,0.000201,0.0928329999999993
47,1.02806212955922,0.037276,0,0.563099999999992,0,0.557065999999989,0.0275180000000001,0.248619000000006,0.001375,0.001597,0,0.001193,0.571904999999997,0.98507100000006,0.976407000000062,0.000333,0.104307999999999
48,1.02929786023901,0.038353,4.2e-05,0.576605999999995,5.2e-05,0.573862999999994,0.0310290000000001,0.264841000000002,0.001693,0.002418,0,0.001607,0.572874999999995,0.985055000000065,0.976898000000068,9.9e-05,0.117524999999999
49,1.0304959629484,0.03685,5e-05,0.589701999999996,0,0.586751999999999,0.033502,0.275512000000001,0.00198,0.003575,0,0.002203,0.583664999999997,0.988038000000061,0.980820000000063,1.2e-05,0.133206
50,1.03170679570493,0.035764,0.000133,0.605749,6.7e-05,0.603867999999996,0.036702,0.290305999999999,0.002615,0.004175,0,0.002842,0.578022999999994,0.989132000000065,0.981809000000066,9e-05,0.149899
51,1.03287881462492,0.038831,0.000133,0.613601000000002,0,0.616965000000001,0.042047,0.309389999999997,0.003634,0.00530900000000001,0,0.004501,0.583928000000002,0.98996700000006,0.982368000000062,0.000413,0.165813000000001
52,1.03401084980581,0.0431289999999999,0.000267,0.618029000000004,2.5e-05,0.627532000000003,0.044063,0.322330999999995,0.004819,0.007179,0,0.006775,0.583349999999996,0.992403000000061,0.984883000000063,0.000239,0.182546000000002
53,1.03496730984194,0.045661,0.000268,0.622369000000008,6.6e-05,0.635281000000006,0.0514949999999999,0.343389999999993,0.006052,0.00824900000000001,0,0.00881,0.585704,0.992544000000062,0.986132000000064,0.000558,0.197142000000003
54,1.03604885068079,0.043657,5.1e-05,0.629532000000006,0,0.644335000000004,0.0574759999999999,0.360961999999991,0.006334,0.011984,0,0.010151,0.594183,0.994059000000051,0.987041000000055,0.000964,0.212346000000004
55,1.03716985553728,0.0441329999999999,0.000249,0.640909000000004,0,0.657051000000006,0.0615039999999998,0.37269899999999,0.00731,0.014078,0,0.012544,0.591281999999996,0.994377000000058,0.98767900000006,0.000868,0.231446000000005
56,1.03803589236671,0.043743,0.000401,0.648886000000006,0,0.663975000000007,0.0673429999999998,0.385200999999989,0.00714300000000001,0.018308,0,0.014452,0.601499000000001,0.994765000000059,0.987855000000062,0.001269,0.253552000000005
57,1.03908534665396,0.045115,0.000334,0.665992000000013,0.000255,0.675567000000014,0.0697409999999997,0.399471999999989,0.00930599999999999,0.018424,0,0.017171,0.604016,0.995369000000059,0.988702000000061,0.001203,0.277688000000002
58,1.04020651974306,0.047489,0.000281,0.677502000000013,0.000134,0.682245000000014,0.0741789999999997,0.411122999999986,0.013115,0.021657,0,0.019255,0.609141000000004,0.995830000000056,0.989142000000057,0.001402,0.289959
59,1.04114790664348,0.0454769999999999,0.000534,0.687621000000006,0.000133,0.687710000000011,0.0747919999999997,0.432090999999988,0.015674,0.025534,0,0.02381,0.612694999999999,0.996318000000051,0.988752000000056,0.001427,0.308144999999997
60,1.04187046329075,0.046086,0.000506,0.694699000000015,0.000132,0.700738000000016,0.0813049999999997,0.445789999999984,0.017211,0.028992,0,0.0299740000000001,0.617308000000008,0.997695000000054,0.991064000000056,0.001474,0.324521999999996
61,1.04293317116336,0.0459599999999999,0.000731,0.696474000000021,0.000437,0.702781000000019,0.0871249999999995,0.457372999999983,0.020095,0.0309810000000001,0,0.034754,0.621796000000008,0.998056000000062,0.989988000000061,0.00178,0.345281999999994
62,1.04386033875259,0.049519,0.000819,0.706680000000022,0.000227,0.707564000000021,0.0903259999999994,0.471000999999981,0.022096,0.035761,0,0.0395590000000001,0.626553000000006,0.998427000000065,0.990958000000066,0.002048,0.354613999999991
63,1.04503781321477,0.0508479999999999,0.001665,0.710127000000016,4e-04,0.706988000000016,0.0948259999999996,0.480004999999982,0.023917,0.040238,0,0.045374,0.634731000000005,0.998704000000052,0.991672000000056,0.002218,0.371479999999993
64,1.04606090523396,0.048614,0.002324,0.716248000000018,4e-04,0.716861000000018,0.104138999999999,0.500187999999978,0.0276120000000001,0.043917,0,0.04786,0.634498000000004,0.999163000000055,0.992076000000058,0.002609,0.38883299999999
65,1.04730048740672,0.053127,0.002683,0.725825000000019,0.00058,0.724560000000022,0.107959,0.512918999999985,0.0298920000000001,0.0497219999999999,0,0.0535529999999999,0.638694000000009,0.999245000000049,0.992300000000052,0.002535,0.406657999999987
66,1.04806082756063,0.0575979999999999,0.002924,0.727469000000023,0.000636,0.733779000000024,0.114497999999999,0.523748999999987,0.0310370000000001,0.0538119999999999,0,0.0580539999999999,0.635682000000009,0.999773000000058,0.99226800000006,0.003345,0.429825999999986
67,1.04920111774107,0.0583399999999999,0.003829,0.731200000000015,0.000961,0.739833000000022,0.122062999999999,0.539968999999994,0.032886,0.0633559999999999,0,0.0615619999999999,0.638324000000005,1.00045500000005,0.993197000000051,0.003713,0.448831999999983
68,1.05022933483651,0.0578289999999999,0.004473,0.732651000000023,0.001301,0.747346000000022,0.1302,0.556581999999993,0.0397539999999999,0.0683499999999998,0,0.0689799999999997,0.644951000000007,1.00071900000005,0.993426000000054,0.003802,0.460364999999983
69,1.05112518045918,0.0568349999999999,0.00562500000000001,0.73631100000002,0.001551,0.753391000000025,0.133571,0.574310999999998,0.042563,0.0737069999999997,0,0.0759129999999997,0.652742000000007,1.00076400000006,0.994640000000058,0.004208,0.482881999999981
70,1.05217105001379,0.0611789999999999,0.006381,0.741679000000025,0.00158,0.766314000000027,0.141166,0.584710999999999,0.0499369999999999,0.0823149999999996,0,0.0838639999999996,0.642746000000009,1.00074800000006,0.995233000000059,0.003952,0.495041999999981
71,1.05334316856357,0.0638819999999999,0.00723300000000001,0.745694000000016,0.001758,0.775727000000025,0.144801000000001,0.592976999999993,0.0543139999999999,0.0891529999999995,0,0.0917689999999995,0.646246000000007,1.00080100000005,0.995026000000055,0.002906,0.512420999999985
72,1.05407945543845,0.0610469999999998,0.008077,0.755893000000023,0.002015,0.77677600000003,0.149723000000001,0.599900000000001,0.0597189999999998,0.0931189999999996,0,0.0969309999999995,0.647207000000009,1.00080600000005,0.995653000000056,0.00267,0.536336999999988
73,1.05516726543652,0.0609429999999999,0.010146,0.759211000000018,0.00241,0.784431000000019,0.153921000000001,0.612136999999996,0.0630159999999998,0.0971679999999996,0,0.0999549999999996,0.642979000000003,1.00075600000004,0.995587000000045,0.001935,0.550858999999993
74,1.05616334333513,0.0612319999999999,0.00922699999999999,0.761230000000024,0.003205,0.78828700000003,0.155156000000001,0.622401000000004,0.0678539999999998,0.105400999999999,0,0.109548999999999,0.650163000000009,1.00070400000005,0.996033000000056,0.002246,0.556436999999994
75,1.05722161900521,0.0608179999999998,0.010958,0.764313000000028,0.003426,0.791371000000028,0.156590000000001,0.635258000000005,0.0716399999999998,0.112091999999999,0,0.119284999999999,0.656024000000008,1.00074200000005,0.996238000000059,0.002707,0.573957999999998
76,1.05824289508923,0.064837,0.011374,0.769554000000024,0.003627,0.799504000000027,0.156612000000001,0.645921000000007,0.07446,0.119306999999999,0,0.130946999999999,0.657925000000011,1.00073900000005,0.996912000000053,0.002399,0.592545000000004
77,1.05914769276458,0.0669789999999998,0.012445,0.767497000000025,0.004385,0.806069000000031,0.162130000000001,0.649000000000008,0.0806779999999997,0.123813999999999,0,0.136454,0.665006000000006,1.00071300000004,0.99679200000005,0.002164,0.604117000000004
78,1.05936905463242,0.0698479999999998,0.013714,0.769054000000024,0.004622,0.812802000000033,0.166732000000001,0.656503000000013,0.0880759999999995,0.132993,0,0.138193,0.666373000000012,1.00068100000005,0.997140000000051,0.002082,0.612887000000003
79,1.0600851881134,0.0708839999999998,0.014987,0.766111000000027,0.005004,0.819692000000035,0.174098000000003,0.667340000000013,0.0970129999999996,0.141081000000001,0,0.145974000000001,0.660466000000011,1.00069400000005,0.996606000000051,0.002463,0.619526000000004
80,1.06101382273824,0.071998,0.018753,0.763112000000021,0.005947,0.828452000000027,0.184291000000003,0.684386000000015,0.100826,0.150140000000001,0,0.156029000000001,0.663367000000008,1.00066700000004,0.99669000000005,0.002736,0.629199000000004
81,1.06204618918781,0.0722769999999997,0.019774,0.75558800000002,0.008022,0.839240000000033,0.188511000000002,0.700705000000018,0.105317,0.159068000000001,0,0.162662000000002,0.666473000000012,1.00063500000005,0.997298000000049,0.002849,0.643193000000004
82,1.06269616145564,0.0742599999999998,0.021181,0.755028000000016,0.010044,0.847396000000033,0.193079000000003,0.708466000000014,0.112083999999999,0.163421000000001,0,0.167794000000002,0.668534000000017,1.00072400000005,0.997304000000051,0.003172,0.655374000000013
83,1.06356757230808,0.0769719999999998,0.025023,0.756481000000018,0.010937,0.853200000000032,0.200170000000004,0.717129000000019,0.117951999999999,0.172775000000002,0,0.173225000000002,0.669924000000006,1.00067300000004,0.996757000000048,0.003715,0.662576000000014
84,1.06468219112391,0.0754119999999998,0.027679,0.749247000000018,0.011125,0.86269400000003,0.200420000000003,0.728467000000016,0.123598999999999,0.180347000000002,0,0.183527000000002,0.670321000000013,1.00061400000004,0.996922000000046,0.004178,0.666347000000017
85,1.06521453221952,0.0740629999999998,0.031219,0.750286000000019,0.013703,0.862955000000029,0.203536000000003,0.733700000000016,0.133946,0.183171000000002,0,0.189407000000003,0.673424000000009,1.00062400000004,0.996990000000042,0.004704,0.684260000000016
86,1.06550959664498,0.0739759999999998,0.0306800000000001,0.747347000000023,0.0134,0.865883000000034,0.204693000000004,0.742009000000021,0.143168000000001,0.195267000000003,0,0.199997000000003,0.674414000000015,1.00064300000005,0.997018000000049,0.00510400000000001,0.688027000000016
87,1.06643232795573,0.0792809999999998,0.0345610000000001,0.747567000000026,0.012784,0.871098000000038,0.213894000000004,0.744990000000024,0.151535000000001,0.200719000000003,0,0.203456000000003,0.671016000000017,1.00058100000005,0.997115000000048,0.005406,0.690952000000021
88,1.06691328893569,0.0822699999999999,0.035647,0.748030000000024,0.012422,0.877086000000032,0.215860000000004,0.759142000000025,0.160906000000001,0.212451000000003,0,0.211526000000003,0.676395000000017,1.00062000000005,0.99703700000005,0.005916,0.702992000000021
89,1.06769640328981,0.0863399999999998,0.038168,0.754132000000021,0.0135,0.877447000000034,0.223721000000004,0.769352000000025,0.167224000000002,0.222733000000004,0,0.220357000000004,0.679966000000012,1.00067900000005,0.996860000000051,0.006801,0.705408000000015
90,1.06823665766993,0.0852709999999997,0.039703,0.756536000000021,0.013496,0.881905000000033,0.231611000000004,0.777565000000026,0.173727000000002,0.235970000000005,0,0.225177000000004,0.680384000000014,1.00059800000005,0.997147000000049,0.00681100000000001,0.706956000000018
91,1.06881671017509,0.0846249999999998,0.040144,0.760082000000021,0.013819,0.883412000000034,0.231221000000005,0.779250000000024,0.178490000000002,0.241902000000005,0,0.234625000000005,0.679695000000009,1.00060800000004,0.997046000000045,0.00710500000000001,0.712844000000018
92,1.06962366679132,0.0873939999999997,0.0479099999999999,0.760283000000023,0.015898,0.885699000000034,0.243845000000005,0.783077000000027,0.185694000000002,0.245731000000004,0,0.239395000000004,0.67751300000001,1.00057100000004,0.997302000000046,0.007273,0.720110000000014
93,1.0702280041631,0.0873189999999997,0.0518189999999999,0.756947000000016,0.015821,0.88797400000003,0.249420000000004,0.793450000000024,0.193986000000003,0.258812000000002,0,0.247940000000004,0.681125000000008,1.00058500000004,0.997106000000043,0.008242,0.732047000000016
94,1.07082198070545,0.0875129999999997,0.0536719999999998,0.758545000000025,0.017237,0.892677000000035,0.256555000000003,0.797874000000028,0.199869000000003,0.270212,0,0.261551000000001,0.682690000000013,1.00054900000004,0.997307000000047,0.00865,0.740413000000017
95,1.07167863829007,0.0893139999999997,0.0558969999999999,0.758200000000019,0.017744,0.893565000000029,0.263924000000002,0.803766000000024,0.203829000000003,0.278288,0,0.265634000000001,0.667059000000012,1.00063700000004,0.997459000000044,0.00967699999999999,0.746432000000021
96,1.07218982900057,0.0892759999999999,0.0587129999999999,0.752486000000023,0.020553,0.89247500000003,0.269455000000002,0.807613000000023,0.212337000000003,0.290414999999998,0,0.271424,0.667229000000011,1.00054900000004,0.997199000000042,0.010081,0.757768000000028
97,1.07317731583313,0.0901479999999998,0.0610479999999999,0.755875000000019,0.020923,0.895057000000028,0.273459,0.811035000000022,0.219299000000003,0.297391999999998,0,0.280152999999999,0.673313000000007,1.00063100000004,0.997045000000042,0.010713,0.761639000000021
98,1.07398971106125,0.0902519999999997,0.0645709999999999,0.754633000000021,0.02519,0.900385000000035,0.285559999999999,0.816873000000028,0.224867000000003,0.303306999999997,0,0.286171999999998,0.67147600000001,1.00059800000004,0.997285000000043,0.0122,0.773159000000032
99,1.07504222097814,0.0922999999999997,0.0703289999999999,0.758295000000021,0.024901,0.903467000000033,0.295759999999997,0.825635000000029,0.233911000000004,0.308658999999997,0,0.301267999999996,0.669126000000011,1.00050600000004,0.997076000000047,0.0136,0.780879000000027
100,1.07575927413957,0.0931709999999998,0.0755499999999997,0.750422000000021,0.023776,0.907175000000033,0.308102999999997,0.831956000000028,0.240245000000004,0.317898999999996,0,0.311333999999997,0.670584000000014,1.00058900000004,0.997289000000045,0.013255,0.780854000000023
101,1.07693507902625,0.0933489999999995,0.0824479999999998,0.761939000000015,0.023128,0.908954000000028,0.316442999999996,0.841503000000024,0.254707000000002,0.331467999999995,0,0.323154999999995,0.667212000000007,1.00054900000004,0.997352000000041,0.014807,0.78243000000003
102,1.07758554781402,0.0955679999999997,0.0879239999999997,0.759696000000024,0.02336,0.911515000000032,0.331531999999994,0.846053000000031,0.267997000000001,0.338942999999993,0,0.338375999999993,0.66628700000001,1.00054000000005,0.997359000000048,0.01602,0.789691000000024
103,1.0780661509684,0.098831,0.0944389999999998,0.762757000000021,0.024473,0.911959000000031,0.333709999999993,0.848030000000025,0.278920999999999,0.345541999999994,0,0.345793999999992,0.669071000000013,1.00051400000004,0.997150000000044,0.015258,0.795088000000023
104,1.07894154068303,0.0993169999999996,0.103547,0.764467000000023,0.023393,0.914904000000038,0.346321999999993,0.854311000000033,0.287473999999999,0.356518999999993,0,0.358635999999993,0.670114000000014,1.00053400000005,0.99714500000005,0.015323,0.801576000000025
105,1.07922098654211,0.103409,0.109823999999999,0.768080000000019,0.023718,0.914143000000033,0.353396999999992,0.861951000000029,0.301391999999996,0.37203399999999,0,0.372244999999991,0.662383000000011,1.00053400000004,0.99715700000004,0.016762,0.805059000000023
106,1.08006385813264,0.101258999999999,0.121288999999999,0.771511000000015,0.024162,0.91774700000003,0.371669999999993,0.863545000000024,0.312799999999997,0.381199999999993,0,0.380922999999992,0.66824200000001,1.00050900000004,0.997097000000041,0.017778,0.813190000000018
107,1.08089118704801,0.1045,0.131638,0.775994000000019,0.026585,0.91964800000003,0.378536999999991,0.867926000000027,0.326145999999995,0.397392999999991,0,0.389040999999991,0.672395000000007,1.00056000000003,0.997351000000038,0.016691,0.817576000000021
108,1.08147594918024,0.105101,0.140916,0.781409000000023,0.026774,0.919288000000037,0.386092999999989,0.869908000000037,0.336549999999993,0.408416999999989,0,0.40380099999999,0.666401000000013,1.00056500000004,0.997433000000046,0.017512,0.828675000000027
109,1.08204913143336,0.101672,0.154418000000001,0.784775000000024,0.0280890000000001,0.923896000000034,0.39514399999999,0.872706000000035,0.348966999999993,0.411119999999988,0,0.413273999999988,0.664814000000008,1.00047200000004,0.997290000000044,0.015593,0.830198000000022
110,1.08283686320108,0.103487,0.163881000000001,0.790574000000021,0.028756,0.922279000000031,0.402241999999989,0.874988000000029,0.355825999999992,0.415925999999989,0,0.417479999999988,0.66204800000001,1.00048800000004,0.997376000000039,0.0161,0.835799000000025
111,1.0838644753843,0.108239999999999,0.169066000000002,0.792276000000019,0.028154,0.922855000000029,0.411275999999988,0.876763000000027,0.365219999999993,0.429653999999989,0,0.424490999999989,0.662182000000007,1.00050500000003,0.997282000000039,0.014903,0.842200000000021
112,1.08464594167109,0.104456,0.176883000000001,0.798445000000024,0.0293060000000001,0.926973000000038,0.414997999999987,0.881591000000032,0.370737999999991,0.437990999999989,0,0.434866999999988,0.654454000000009,1.00053300000004,0.996857000000046,0.015461,0.848800000000026
113,1.08533252255222,0.105575,0.187831000000002,0.801505000000023,0.03035,0.93178300000003,0.420605999999987,0.886369000000028,0.382831999999991,0.451169999999989,0,0.441322999999989,0.65282500000001,1.00048500000003,0.996984000000038,0.015937,0.852102000000024
114,1.08608465799038,0.104586,0.198724000000003,0.802594000000022,0.031943,0.930914000000032,0.427914999999986,0.889710000000034,0.39010499999999,0.460555999999986,0,0.444225999999987,0.651736000000008,1.00050400000004,0.997156000000041,0.016431,0.857645000000023
115,1.08720549735747,0.107163,0.212240000000003,0.805447000000022,0.029637,0.929557000000032,0.441233999999986,0.892846000000032,0.39651299999999,0.468153999999987,0,0.448573999999988,0.655605000000007,1.00046100000004,0.997135000000046,0.017148,0.864054000000019
116,1.08846121970696,0.109706999999999,0.223178000000003,0.804007000000021,0.031058,0.930068000000028,0.446182999999984,0.89940300000003,0.409153999999989,0.480616999999987,0,0.463514999999987,0.657985000000009,1.00049300000003,0.99713400000004,0.01744,0.870462000000028
117,1.08927430023812,0.106087,0.235099000000003,0.801340000000021,0.031195,0.927020000000028,0.449879999999985,0.904413000000028,0.416282999999989,0.488760999999988,0,0.464813999999988,0.656721000000008,1.00050300000003,0.997069000000038,0.016559,0.878978000000028
118,1.09024157581676,0.101043,0.238784000000004,0.807090000000022,0.02936,0.92542400000003,0.453088999999985,0.909820000000033,0.429826999999987,0.497078999999985,0,0.469794999999987,0.650205000000007,1.00052300000004,0.997200000000041,0.019563,0.882401000000025
119,1.09033969755862,0.106279,0.239689000000004,0.807281000000026,0.030263,0.929227000000033,0.450938999999983,0.916189000000035,0.435724999999987,0.503968999999985,0,0.477376999999986,0.647485000000005,1.00048700000004,0.997027000000042,0.019201,0.884891000000019
120,1.09123704712976,0.104967,0.247270000000003,0.811474000000019,0.0306630000000001,0.931510000000029,0.453150999999988,0.922114000000029,0.444464999999989,0.519815999999991,0,0.483573999999989,0.648137000000009,1.00050700000003,0.997147000000036,0.0205,0.890686000000027
121,1.09280297229242,0.100638,0.260948000000002,0.816883000000023,0.0317200000000001,0.936177000000029,0.466992999999988,0.92245200000003,0.455763999999989,0.525785999999992,0,0.496577999999988,0.644029000000002,1.00048000000004,0.99712000000004,0.021349,0.89158400000002
122,1.09481591536743,0.106033,0.272531,0.818687000000015,0.0318170000000001,0.934681000000024,0.473543999999988,0.919900000000025,0.459722999999992,0.523717999999993,0,0.499530999999989,0.639716000000005,1.00043100000003,0.997246000000031,0.023256,0.893507000000028
123,1.09609903962027,0.105455,0.283256999999998,0.818155000000019,0.032795,0.935777000000025,0.478687999999988,0.922960000000025,0.46382299999999,0.522788999999991,0,0.50614299999999,0.636854000000007,1.00040500000003,0.997052000000033,0.024477,0.896067000000024
124,1.09679725470854,0.101556,0.297804999999998,0.817149000000018,0.031424,0.941864000000027,0.493870999999987,0.925259000000027,0.478564999999989,0.534514999999996,0,0.514071999999992,0.639311000000006,1.00044800000003,0.997112000000033,0.025973,0.896327000000023
125,1.09777450106252,0.100364,0.302386999999995,0.815518000000018,0.033438,0.941044000000026,0.498323999999987,0.925776000000028,0.47938999999999,0.538466999999998,0,0.518428999999993,0.633497000000008,1.00039800000003,0.996789000000034,0.027656,0.89936700000002
126,1.09891618654365,0.102096,0.313037999999998,0.819068000000015,0.033319,0.943989000000024,0.500019999999987,0.930489000000026,0.490053999999991,0.551671999999999,0,0.533009999999995,0.633100000000007,1.00045600000003,0.997050000000035,0.027816,0.902790000000019
127,1.10048983452282,0.106847,0.317781999999997,0.817691000000017,0.034285,0.946847000000026,0.498386999999987,0.933373000000026,0.500559999999992,0.558597999999999,0,0.538234999999995,0.629316000000006,1.00039400000003,0.997208000000033,0.027215,0.904936000000023
128,1.1021394687848,0.108015,0.326767999999996,0.821531000000017,0.034983,0.948723000000028,0.509843999999989,0.936326000000029,0.50248399999999,0.565762999999999,0,0.543574999999995,0.625812000000008,1.00040000000003,0.996887000000035,0.028881,0.907966000000018
129,1.10250868550688,0.104964,0.327936999999996,0.819198000000014,0.032355,0.95138600000002,0.512361999999988,0.938637000000021,0.50745399999999,0.568200999999999,0,0.546785999999998,0.621531000000001,1.00036400000002,0.997308000000027,0.029953,0.913472000000026
130,1.10413268080066,0.106385,0.339543999999995,0.822181000000016,0.031699,0.956009000000025,0.518192999999992,0.939234000000024,0.511560999999992,0.567890999999996,0,0.552014999999996,0.619953000000001,1.00044700000003,0.997321000000033,0.028941,0.913868000000029
131,1.10480730586866,0.104526,0.351127999999995,0.823360000000016,0.031417,0.957048000000021,0.527428999999992,0.942046000000022,0.518023999999994,0.575427000000001,0,0.554710999999999,0.618144000000004,1.00042400000003,0.996897000000028,0.031589,0.915217000000023
132,1.10663907638182,0.108709,0.353015999999995,0.820057000000016,0.032189,0.961190000000022,0.530407999999994,0.946022000000023,0.531556999999996,0.583992000000003,0,0.563591,0.610987000000003,1.00038700000002,0.997048000000029,0.032181,0.918581000000019
133,1.10784973953141,0.109865,0.355730999999996,0.824187000000017,0.030928,0.962848000000028,0.532584999999994,0.945323000000027,0.533762999999992,0.594179,0,0.563710999999995,0.610346000000004,1.00042800000003,0.997017000000034,0.036115,0.922151000000028
134,1.10877479406395,0.110788,0.359026999999996,0.827270000000016,0.032684,0.963453000000023,0.533022999999992,0.945638000000023,0.539241999999992,0.602754,0,0.567218999999996,0.605515000000001,1.00040500000003,0.997136000000031,0.032537,0.924077000000017
135,1.11046456685013,0.109777,0.369593999999995,0.83230500000002,0.032556,0.965756000000026,0.540110999999993,0.946104000000027,0.546664999999996,0.610269000000001,0,0.575085999999999,0.598641000000002,1.00036900000003,0.997256000000032,0.033147,0.92488600000002
136,1.11177602550362,0.103393,0.374960999999996,0.836148000000021,0.032204,0.968465000000029,0.541678999999995,0.949982000000029,0.558299999999998,0.619417000000001,0,0.585698999999998,0.598745999999999,1.00035300000003,0.996996000000035,0.034164,0.925512000000024
137,1.11212067607156,0.1028,0.387841999999994,0.838905000000018,0.033359,0.968066000000023,0.55016,0.950543000000024,0.562805000000001,0.619413000000005,0,0.591376000000001,0.595566000000002,1.00038300000002,0.996872000000028,0.035798,0.929740000000024
138,1.11222632753581,0.0971759999999997,0.398137999999994,0.842664000000022,0.033802,0.97181500000003,0.562295999999998,0.95310700000003,0.567906000000004,0.627824000000007,0,0.599587000000005,0.593602000000007,1.00037400000003,0.997086000000034,0.03786,0.928557000000021
139,1.11347646992799,0.0961229999999997,0.412471999999993,0.844468000000018,0.032633,0.970987000000025,0.579818000000001,0.954255000000025,0.579701000000001,0.635435000000006,0,0.606037000000004,0.592610000000003,1.00035300000003,0.997234000000029,0.039214,0.930260000000018
140,1.1159394798795,0.0950009999999997,0.425499999999994,0.843684000000014,0.033423,0.972496000000021,0.589530000000004,0.95569400000002,0.586716000000001,0.644161000000002,0,0.607804000000002,0.593058000000002,1.00042400000002,0.997082000000025,0.041365,0.930002000000018
141,1.11723396967619,0.0960739999999998,0.433308999999993,0.851513000000019,0.031923,0.974463000000022,0.595664000000002,0.958119000000023,0.588728000000001,0.651009000000005,0,0.611607000000003,0.595412000000001,1.00033900000002,0.996870000000028,0.042214,0.930964000000019
142,1.11916901891169,0.0928449999999998,0.444677999999994,0.852447000000016,0.031311,0.97799000000002,0.603736000000001,0.959596000000021,0.598506000000004,0.660321000000006,0,0.622878000000002,0.585919,1.00031000000002,0.996980000000025,0.039744,0.935087000000016
143,1.12087351332752,0.0882399999999997,0.449866999999994,0.856667000000019,0.03034,0.979024000000026,0.605334000000008,0.962284000000026,0.605307000000007,0.664737000000008,0,0.634974000000007,0.580738000000004,1.00032900000003,0.99703700000003,0.041906,0.938144000000019
144,1.12248757118674,0.0849419999999999,0.458455999999994,0.856970000000011,0.030717,0.979761000000019,0.609703000000003,0.96383600000002,0.618143000000006,0.676248000000008,0,0.647254000000007,0.578215999999999,1.00034200000002,0.997240000000024,0.044665,0.936335000000019
145,1.12351801477711,0.0846369999999999,0.464579999999993,0.855940000000015,0.031995,0.981272000000022,0.615649000000002,0.963111000000023,0.618358000000002,0.684291000000009,0,0.648410000000006,0.573838000000001,1.00035200000002,0.997291000000028,0.047615,0.936797000000017
146,1.12526733232614,0.0833759999999996,0.482548999999993,0.862172000000018,0.0300140000000001,0.981495000000025,0.631726000000008,0.965960000000024,0.624564000000006,0.690678000000008,0,0.652081000000006,0.570454999999998,1.00027400000003,0.996936000000029,0.0496159999999999,0.940307000000023
147,1.12752349332749,0.0815539999999998,0.491840999999993,0.857163000000019,0.033481,0.981302000000025,0.63970800000001,0.963561000000026,0.624222000000005,0.690333000000009,0,0.651218000000006,0.565216000000001,1.00030500000003,0.99696100000003,0.050509,0.940919000000019
148,1.12876376917018,0.0813189999999998,0.498366999999994,0.856010000000016,0.033778,0.983230000000024,0.645303000000008,0.962231000000023,0.622862000000003,0.687219000000008,0,0.649662000000005,0.566571000000001,1.00028600000003,0.997080000000027,0.051697,0.940121000000019
149,1.13004040099314,0.0836079999999998,0.500015999999992,0.858736000000019,0.032573,0.983610000000023,0.644986000000009,0.964940000000024,0.630973000000007,0.690043000000009,0,0.658645000000009,0.559801999999998,1.00031000000003,0.996985000000027,0.053001,0.941560000000024
150,1.13179761381671,0.0901049999999999,0.501337999999993,0.857840000000018,0.033983,0.984012000000026,0.642290000000007,0.967840000000027,0.629843000000008,0.69001100000001,0,0.667425000000008,0.563392000000002,1.00032200000003,0.99709200000003,0.056652,0.94647600000002
151,1.13351002360644,0.0914249999999998,0.512650999999995,0.857452000000015,0.033274,0.983779000000017,0.649423000000008,0.968304000000018,0.636910000000006,0.693553000000008,0,0.671994000000008,0.566786000000001,1.00029600000002,0.996880000000022,0.055452,0.94717500000002
152,1.13516381473091,0.0921279999999997,0.521886999999998,0.86257300000002,0.031558,0.984974000000025,0.652821000000008,0.968571000000026,0.648163000000007,0.696529000000009,0,0.684561000000008,0.560423000000002,1.00030700000003,0.996988000000029,0.056525,0.948544000000021
153,1.13766798610623,0.0921929999999998,0.532041999999994,0.865036000000014,0.034673,0.983919000000022,0.659835000000005,0.967602000000022,0.648296000000004,0.701719000000006,0,0.684094000000006,0.565945999999996,1.00029600000002,0.996839000000027,0.0575119999999999,0.949865000000015
154,1.13904342670146,0.0919799999999997,0.539580999999998,0.864385000000019,0.033986,0.985717000000024,0.66047500000001,0.966881000000025,0.648345000000009,0.697386000000012,0,0.682332000000011,0.569219,1.00028500000002,0.996981000000028,0.0601039999999999,0.951222000000014
155,1.14025081273379,0.0941339999999998,0.551950999999998,0.865519000000015,0.033568,0.985174000000018,0.665974000000007,0.966990000000018,0.655761000000007,0.700742000000009,0,0.684027000000009,0.568591999999999,1.00029300000002,0.996879000000022,0.060966,0.951524000000016
156,1.14119494040676,0.0978779999999998,0.563685000000001,0.868589000000013,0.031407,0.985862000000018,0.674867000000007,0.966668000000018,0.67021000000001,0.70932500000001,0,0.689681000000011,0.565639999999997,1.00030800000002,0.997038000000021,0.061456,0.953824000000015
157,1.14245596081593,0.0987649999999999,0.568846000000001,0.867705000000017,0.031981,0.985104000000025,0.674369000000012,0.967454000000026,0.67564100000001,0.709104000000013,0,0.692781000000012,0.571229,1.00024900000003,0.996834000000029,0.0591429999999999,0.956074000000012
158,1.14433187350361,0.100741,0.572960000000004,0.870360000000018,0.032175,0.985758000000024,0.674671000000014,0.968344000000024,0.68208500000001,0.716104000000011,0,0.696802000000012,0.570391000000004,1.00021600000003,0.996953000000027,0.0625439999999999,0.957867000000017
159,1.14668118683994,0.0962159999999998,0.580991999999998,0.871106000000012,0.032869,0.985622000000015,0.680269000000006,0.971147000000015,0.694971000000008,0.726680000000006,0,0.707917000000006,0.569914999999998,1.00027900000002,0.997019000000019,0.065683,0.957745000000017
160,1.14697588390498,0.0948379999999997,0.591807000000005,0.873617000000014,0.0310090000000001,0.98678500000002,0.687820000000012,0.97159300000002,0.696421000000008,0.726831000000007,0,0.702986000000009,0.565138000000002,1.00025100000002,0.997055000000023,0.0664099999999999,0.961845000000016
161,1.14990870124015,0.0950539999999996,0.59874,0.877682000000015,0.030844,0.985567000000018,0.694888000000006,0.972055000000019,0.697107000000007,0.728654000000009,0,0.700396000000008,0.567580999999999,1.00028500000002,0.997022000000022,0.070784,0.962772000000013
162,1.1517945515102,0.0933789999999997,0.605382000000003,0.882279000000017,0.030049,0.98643700000002,0.698164000000011,0.972431000000021,0.699830000000009,0.731572000000009,0,0.708350000000008,0.568885,1.00026200000002,0.996800000000022,0.0711279999999999,0.966638000000015
163,1.15374569148048,0.0940149999999998,0.606018999999998,0.883369000000013,0.0309360000000001,0.984551000000018,0.699675000000004,0.972775000000018,0.707022000000008,0.738366000000008,0,0.719044000000007,0.564643999999998,1.00026700000002,0.996973000000021,0.069092,0.970253000000014
164,1.15522940843974,0.0912449999999999,0.614472999999999,0.884188000000013,0.032858,0.98494300000002,0.705005000000006,0.97597500000002,0.709872000000006,0.737006000000007,0,0.722600000000008,0.561799999999996,1.00025900000002,0.996765000000023,0.071097,0.972036000000015
165,1.15754795386251,0.0902479999999997,0.613392000000001,0.886919000000009,0.0316960000000001,0.986508000000014,0.702488000000006,0.976602000000014,0.712923000000006,0.741090000000005,0,0.723062000000005,0.551538,1.00023000000001,0.996759000000018,0.074929,0.973933000000013
166,1.15924491916289,0.0931569999999999,0.615760000000003,0.883181000000016,0.033006,0.985217000000019,0.702271000000009,0.975457000000021,0.71206200000001,0.739672000000009,0,0.722758000000011,0.552434999999997,1.00023500000002,0.996744000000022,0.073752,0.97342400000001
167,1.16043662293981,0.0931649999999998,0.618537000000002,0.885111000000014,0.031915,0.986930000000017,0.703708000000009,0.975541000000017,0.717093000000007,0.746866000000007,0,0.735844000000007,0.550619999999995,1.00019600000002,0.99689100000002,0.07563,0.975873000000013
168,1.16193474662004,0.092684,0.626246000000004,0.88428900000001,0.031002,0.986593000000014,0.712805000000008,0.975050000000014,0.720788000000005,0.751259000000006,0,0.738181000000008,0.554004,1.00022600000001,0.996987000000018,0.078779,0.977486000000019
169,1.16334765927195,0.0918019999999998,0.631167000000005,0.884633000000014,0.031458,0.98756400000002,0.713959000000013,0.97416900000002,0.71948300000001,0.751984000000011,0,0.734526000000011,0.548669,1.00028700000002,0.996953000000023,0.078903,0.978135000000014
170,1.16550101578929,0.0921459999999999,0.635769000000005,0.886631000000012,0.032077,0.988174000000018,0.714867000000008,0.974826000000018,0.720036000000007,0.750575000000007,0,0.738587000000007,0.547685000000001,1.00023100000002,0.996796000000022,0.08159,0.977466000000012
171,1.16611523482463,0.0910869999999999,0.640211000000008,0.890903000000011,0.030072,0.988253000000013,0.72035400000001,0.974959000000014,0.720928000000008,0.75485500000001,0,0.743807000000009,0.542662,1.00017300000002,0.997002000000018,0.0847389999999999,0.978257000000008
172,1.16736531035638,0.0937849999999999,0.644112000000004,0.889588000000009,0.0290130000000001,0.986996000000014,0.721914000000008,0.974645000000015,0.722410000000005,0.757762000000008,0,0.749606000000006,0.546139999999998,1.00021100000001,0.996848000000017,0.0882360000000001,0.977514000000009
173,1.16820581337985,0.0936219999999998,0.646480000000007,0.893176000000011,0.029054,0.987574000000015,0.72509100000001,0.976560000000015,0.723905000000009,0.761758000000008,0,0.755894000000009,0.540841,1.00017700000002,0.996898000000018,0.0874269999999999,0.979904000000014
174,1.16945462539437,0.0911999999999999,0.656882000000005,0.893459000000012,0.028973,0.988088000000017,0.733605000000011,0.977592000000018,0.725778000000009,0.758169000000011,0,0.758288000000011,0.539074999999995,1.00022100000002,0.996908000000021,0.0887229999999999,0.979738000000011
175,1.17143918989369,0.0892059999999998,0.664612000000007,0.897901000000015,0.027916,0.98817900000002,0.736658000000012,0.97913300000002,0.730416000000011,0.764516000000011,0,0.763101000000012,0.538167,1.00020200000002,0.996978000000022,0.0919829999999999,0.979587000000011
176,1.17161842008976,0.0845129999999999,0.667448000000001,0.898468000000013,0.025881,0.986992000000016,0.738183000000006,0.979341000000016,0.743217000000008,0.770808000000007,0,0.771853000000007,0.534596999999998,1.00024300000002,0.996839000000019,0.0946589999999999,0.980533000000012
177,1.17423698725868,0.0799669999999999,0.671847000000005,0.904488000000011,0.024969,0.987364000000015,0.743861000000009,0.979439000000015,0.749622000000008,0.779131000000007,0,0.774015000000006,0.531164999999998,1.00022700000002,0.996731000000018,0.0958389999999999,0.98114900000001
178,1.17662421105379,0.0760449999999999,0.677750000000005,0.904038000000012,0.024357,0.986843000000016,0.751202000000011,0.981059000000017,0.752611000000008,0.779899000000009,0,0.774307000000008,0.529794999999994,1.00025400000002,0.996816000000019,0.101159,0.982453000000012
179,1.17904805692858,0.0778379999999999,0.681100000000004,0.903790000000012,0.026074,0.987807000000016,0.755023000000008,0.983298000000016,0.756556000000009,0.783139000000008,0,0.775054000000008,0.526393999999999,1.00020800000002,0.996737000000018,0.107337,0.983138000000013
180,1.18092981762746,0.080069,0.692371000000006,0.907234000000011,0.02407,0.987893000000016,0.76090600000001,0.985604000000016,0.763278000000007,0.794003000000008,0,0.785151000000008,0.527785999999995,1.00020700000002,0.997149000000018,0.110241,0.982002000000018
181,1.18235401898754,0.0791989999999999,0.700126000000003,0.910010000000009,0.023503,0.988867000000013,0.768700000000007,0.985077000000013,0.768102000000005,0.800170000000006,0,0.790200000000006,0.524119999999997,1.00021000000001,0.996693000000015,0.114908,0.981443000000011
182,1.18366879665667,0.076992,0.707752000000003,0.914544000000011,0.022394,0.989095000000014,0.775630000000008,0.986502000000014,0.774736000000007,0.806401000000007,0,0.792012000000005,0.516045999999997,1.00016900000001,0.997105000000016,0.115206,0.982395000000013
183,1.18492940392512,0.0751249999999999,0.713226000000001,0.914606000000013,0.022816,0.988336000000015,0.779545000000007,0.986742000000015,0.775831000000007,0.802579000000008,0,0.795972000000006,0.508894999999995,1.00018500000001,0.996923000000018,0.116083,0.982507000000011
184,1.18759786494278,0.0775869999999998,0.720338000000004,0.915990000000011,0.024342,0.987952000000013,0.783425000000006,0.987699000000013,0.781904000000007,0.808230000000006,0,0.802969000000005,0.506886999999993,1.00017200000001,0.996754000000015,0.119458,0.984235000000011
185,1.18912986618857,0.077721,0.722126000000004,0.91746600000001,0.022607,0.988159000000013,0.783182000000009,0.986984000000014,0.787834000000007,0.808844000000006,0,0.805008000000008,0.503094999999995,1.00015400000001,0.996780000000016,0.11799,0.984302000000013
186,1.19147720854444,0.0779609999999999,0.726247000000004,0.920731000000013,0.022825,0.989103000000017,0.785556000000009,0.987472000000018,0.787584000000009,0.810475000000008,0,0.805461000000008,0.502580999999995,1.00019600000002,0.99690100000002,0.120216,0.984740000000013
187,1.19350629423061,0.0756629999999999,0.734518000000007,0.92042500000001,0.02381,0.989057000000013,0.791162000000009,0.986558000000013,0.787450000000007,0.811920000000007,0,0.803435000000008,0.505215999999994,1.00015000000001,0.997045000000014,0.121597,0.98728600000001
188,1.19507456150125,0.0728869999999999,0.736577000000003,0.923133000000006,0.022798,0.989503000000007,0.792084000000006,0.987111000000008,0.794645000000004,0.816379000000005,0,0.807158000000005,0.501248999999994,1.00016400000001,0.996782000000008,0.12227,0.987259000000012
189,1.19708706706282,0.0746949999999999,0.73588400000001,0.920979000000015,0.023545,0.988172000000019,0.789798000000014,0.98708600000002,0.80037500000001,0.818506000000012,0,0.80601500000001,0.504744999999993,1.00016700000002,0.99665800000002,0.125232,0.987653000000006
190,1.19915922477593,0.0737669999999999,0.741362000000007,0.92037000000001,0.025783,0.987458000000014,0.79574200000001,0.988848000000014,0.802158000000006,0.823294000000008,0,0.813070000000006,0.508011999999994,1.00016300000001,0.996714000000016,0.127464,0.987974000000009
191,1.20140285168551,0.0732619999999999,0.747761000000005,0.924567000000009,0.025159,0.988176000000012,0.798610000000007,0.989726000000013,0.805753000000006,0.828950000000006,0,0.821785000000006,0.507077999999994,1.00012500000001,0.996676000000015,0.131796,0.988587000000008
192,1.20301153010393,0.0695629999999999,0.753647000000007,0.927151000000007,0.023599,0.98830300000001,0.803788000000009,0.99027000000001,0.807386000000005,0.830055000000006,0,0.823279000000006,0.507081999999995,1.00015100000001,0.997120000000011,0.131656,0.987974000000009
193,1.20556191454776,0.0704559999999999,0.763250000000008,0.927652000000012,0.022857,0.988033000000013,0.810472000000009,0.991991000000014,0.820285000000008,0.836451000000008,0,0.832363000000008,0.507601999999996,1.00016200000001,0.996961000000014,0.131554,0.988477000000008
194,1.20756555844975,0.0738169999999999,0.763718000000009,0.92412100000001,0.025255,0.986931000000013,0.810637000000009,0.992840000000013,0.825153000000008,0.842585000000008,0,0.836732000000008,0.505247999999995,1.00015000000001,0.996596000000015,0.132985,0.989172000000009
195,1.20905327921777,0.0763559999999999,0.76776800000001,0.924848000000012,0.023652,0.988537000000015,0.814429000000012,0.991567000000015,0.83477400000001,0.846130000000009,0,0.84194100000001,0.498817999999994,1.00014400000001,0.996647000000016,0.132233,0.988882000000011
196,1.2106238394275,0.0794929999999999,0.772642000000008,0.925068000000012,0.02456,0.988587000000016,0.816393000000012,0.991740000000016,0.836718000000008,0.84758800000001,0,0.845718000000008,0.496540999999993,1.00020600000002,0.996623000000018,0.132561,0.988346000000007
197,1.21249304263559,0.0784859999999999,0.776511000000004,0.926900000000007,0.024966,0.989190000000011,0.819265000000006,0.990184000000012,0.841688000000006,0.850836000000005,0,0.849732000000004,0.498648999999994,1.00016400000001,0.996918000000013,0.132769,0.988908000000006
198,1.21476404210446,0.0792859999999999,0.777406000000005,0.925671000000008,0.023815,0.989657000000012,0.822113000000007,0.991449000000012,0.844519000000006,0.855871000000008,0,0.856982000000007,0.497747999999993,1.00016800000001,0.997013000000014,0.129918,0.989831000000006
199,1.21625455758413,0.0808719999999999,0.778385000000003,0.927680000000009,0.022096,0.99123600000001,0.821782000000005,0.99271300000001,0.848749000000006,0.856293000000005,0,0.860514000000005,0.495681999999995,1.00014500000001,0.996840000000011,0.133559,0.98851700000001
200,1.2184292207331,0.0793169999999999,0.774354000000008,0.92980300000001,0.02175,0.992126000000013,0.819543000000009,0.992408000000013,0.851878000000008,0.857468000000007,0,0.861079000000008,0.497907999999993,1.00012400000001,0.996822000000014,0.132058,0.988109000000007
