"X","PopRatio","Diff_KC","Fibroblast","M1","M2","Neutrophil","Prol_KC","Th0","Th1","Th17","Th2","Th22","Treg","iDC","pDC","preDiff_KC","ILC3"
0,1,0.000991,0,0,0,0,0,0,0,0,0,0,0.13298,0,0,0,0
1,1.000001,0.001849,0,0,0,0,0,0,0,0,0,0,0.120642,0.000291,0.000301,0,0
2,1.000005000004,0.002796,0,0,0,0,0,0,0,0,0,0,0.128615,0.002171,0.002181,0,0
3,0.999998999974,0.003933,0,0.000213,0,9.2e-05,0,0,0,0,0,0,0.143776,0.006871,0.00692,0,0
4,1.000000999972,0.003981,0,0.000741,0,0.000509,0,0,0,0,0,0,0.155306,0.019304,0.019414,0,0
5,1.000006999978,0.005072,0,0.001773,0,0.001026,0,0,0,0,0,0,0.17108,0.038489,0.038532,0,0
6,1.000014000027,0.007273,0,0.002486,0,0.002754,0,0,0,0,0,0,0.188329,0.0600679999999999,0.0601179999999999,0,0
7,1.000047000489,0.008426,0,0.00563,0,0.005036,0,0,0,0,0,0,0.204225,0.0894979999999998,0.0895269999999997,0,0
8,1.00006500133501,0.008578,0,0.009364,0,0.008081,0,0,0,0,0,0,0.218004,0.12527,0.125268,0,0
9,1.00009800348006,0.010225,0,0.012081,0,0.010474,0,0,0,0,0,0,0.233402,0.162891000000001,0.162814000000001,0,0
10,1.00016100965428,0.010998,0,0.018865,0,0.017119,0,0,0,0,0,0,0.252306,0.205801000000001,0.205727000000001,0,0
11,1.00024302285707,0.012686,0,0.025677,0,0.025159,0,0,0,0,0,0,0.269918999999999,0.246594000000002,0.246657000000002,0,0
12,1.00032204205588,0.013516,0,0.035454,0,0.034929,0,0,0,0,0,0,0.283898999999999,0.292657999999999,0.292458999999999,0,0
13,1.00043107715847,0.014266,0,0.0445479999999999,0,0.041364,0,0.00027,0,0,0,0,0.302742,0.341826999999997,0.341662999999997,0,0
14,1.00059514785513,0.015846,0,0.0548859999999999,0,0.049871,0,0.000445,0,0,0,0,0.317574999999998,0.392130999999995,0.391667999999995,0,0
15,1.0007572442691,0.016708,0,0.0633259999999997,0,0.0592959999999999,0,0.000177,0,0,0,0,0.331564999999998,0.435257999999997,0.434378999999997,0,0
16,1.00097440859112,0.018388,0,0.0738169999999997,0,0.0634989999999998,0,0.000486,0,0,0,0,0.348020999999998,0.472870999999992,0.471585999999992,0,0
17,1.0012036317307,0.017739,0,0.0874809999999994,0,0.0792779999999996,0,0.001091,0,0,0,0,0.359381999999998,0.515800999999995,0.514468999999995,0,0
18,1.00150599522749,0.017803,0,0.100254999999999,0,0.0909009999999997,0,0.001726,0,0,0,0,0.370860999999994,0.548772000000002,0.547358000000002,0,0
19,1.00184750877189,0.017473,0,0.115569999999999,0,0.104945999999999,0,0.00262,0,0,0,0,0.380867999999995,0.587181999999998,0.584718999999997,0,0
20,1.00222520528273,0.018858,0,0.126865999999999,0,0.116639999999999,0,0.004441,0,0,0,0,0.390748999999995,0.62321700000001,0.62110500000001,0,0
21,1.00266317769746,0.018173,0,0.141934,0,0.131432999999999,0,0.006558,0,0,0,0,0.39953699999999,0.65758400000001,0.654582000000009,0,0
22,1.00318355988673,0.018644,0,0.155068000000001,0,0.146571000000001,0,0.009014,0,0,0,0,0.410829999999991,0.686585000000011,0.683301000000011,0,0
23,1.00378647320626,0.01876,0,0.171976000000002,0,0.165134000000002,0,0.012942,0,0,0,0,0.422017999999992,0.714742000000028,0.711718000000027,0,0
24,1.00446202150276,0.019209,0,0.190495000000003,0,0.181614000000002,0,0.01629,0,0,0,0,0.43418099999999,0.743719000000028,0.740214000000028,0,0
25,1.00518021184817,0.019408,0,0.207786000000004,0,0.197526000000003,9.5e-05,0.01955,0,0,0,0,0.43670399999999,0.764331000000029,0.760264000000029,0,4.7e-05
26,1.00594716434985,0.020489,0,0.220798000000005,0,0.211595000000005,0.000133,0.02467,0,0,0,0,0.442156999999987,0.789678000000037,0.784621000000036,0,0
27,1.00674387450407,0.021024,0,0.245975000000007,0,0.230981000000006,1e-04,0.0278190000000001,0,0,0,0,0.439680999999989,0.809311000000047,0.802687000000046,0,0
28,1.00772142280627,0.021256,0,0.263246000000004,0,0.247300000000007,0.000268,0.0318710000000001,0,0,0,0,0.450812999999987,0.830703000000046,0.821692000000044,0,5.7e-05
29,1.0086082176584,0.021972,0,0.281517000000001,0,0.271058000000005,0.000846,0.041385,0,0,0,0,0.460632999999988,0.848121000000052,0.838295000000051,0,8.7e-05
30,1.0095815245885,0.02337,0,0.293747999999999,0,0.293172,0.00205,0.045743,0,0,0,0,0.470022999999983,0.862681000000051,0.85185400000005,0,0.000331
31,1.01063148937412,0.0252830000000001,0,0.303234999999998,0,0.315069999999997,0.001626,0.0527579999999999,0,0,0,0,0.478241999999982,0.875367000000042,0.863545000000042,0,0.000899
32,1.01179876874441,0.025425,0,0.313919999999997,0,0.334473999999996,0.001977,0.0632769999999998,0,0,0,0,0.486234999999982,0.887132000000054,0.874282000000053,6.7e-05,0.001091
33,1.0128854406221,0.026702,0,0.336723999999994,0,0.349949999999994,0.002252,0.0738649999999997,0,0,0,0,0.492145999999986,0.900916000000049,0.887080000000047,6.7e-05,0.002476
34,1.01406646504592,0.024154,0,0.353711999999993,0,0.36379599999999,0.002445,0.0826929999999995,6.7e-05,2.1e-05,0,0,0.492929999999978,0.910530000000057,0.896413000000059,0,0.003459
35,1.01523771181312,0.024618,0,0.373104999999993,0,0.387875999999989,0.002588,0.0931659999999994,6.7e-05,0,0,0,0.50384099999998,0.917911000000056,0.903515000000056,0,0.004572
36,1.01639102185381,0.024108,0,0.39790799999999,0,0.399347999999989,0.00293,0.107542999999999,6.7e-05,0,0,0,0.506857999999982,0.929986000000057,0.917117000000057,0,0.00702300000000001
37,1.01757206822127,0.024882,0,0.415349999999985,0,0.416032999999987,0.004104,0.119431999999999,0,0,0,0.000201,0.516543999999985,0.93944500000006,0.926116000000059,0,0.011039
38,1.01877280326184,0.025841,0,0.435310999999985,0,0.434430999999981,0.004902,0.133359,0,0.000116,0,0.000321,0.523528999999985,0.949399000000059,0.937423000000059,0,0.014952
39,1.01994235444005,0.0261430000000001,0,0.442636999999984,0,0.446496999999981,0.005245,0.143245,6.7e-05,0.000201,0,0.000335,0.523932999999988,0.955585000000062,0.942075000000061,4.4e-05,0.019005
40,1.02114996618777,0.0282690000000001,0,0.461880999999982,0,0.451966999999981,0.006044,0.153497000000001,0,0.000161,0,0.000447,0.529998999999985,0.963679000000065,0.949708000000065,0,0.023679
41,1.02233756359852,0.0307990000000001,0,0.472622999999983,0,0.46856699999998,0.00791200000000001,0.165033000000002,6.7e-05,0.000327,0,0.000994,0.528246999999989,0.969164000000059,0.95522800000006,0,0.0312210000000001
42,1.0234406658297,0.0306080000000001,0,0.48835399999998,0,0.483468999999978,0.009511,0.176074000000002,0.00036,0.000497,0,0.002175,0.536760999999987,0.973118000000063,0.95828300000006,6e-05,0.038167
43,1.02459203657883,0.0316540000000001,0,0.507459999999981,0,0.501192999999978,0.011202,0.190302000000003,0.000336,0.000827,0,0.002696,0.54191799999999,0.974916000000054,0.960434000000054,6.7e-05,0.046033
44,1.02566171066508,0.0308000000000001,0,0.525042999999983,1.6e-05,0.520395999999982,0.012594,0.212011000000005,0.000432,0.001446,0,0.003109,0.545948999999988,0.979142000000067,0.964703000000066,0.000267,0.0598169999999999
45,1.02680532347254,0.0301740000000001,0,0.53634199999998,0,0.538214999999984,0.016497,0.231207000000006,0.000149,0.001966,0,0.003418,0.544524999999985,0.981898000000069,0.967476000000068,6.6e-05,0.0702469999999998
46,1.02792967530181,0.0296160000000001,0,0.54094999999999,0,0.546920999999987,0.020332,0.245989000000006,0.001192,0.002104,0,0.003841,0.553651999999989,0.98382700000005,0.970583000000051,0.000145,0.0790069999999996
47,1.02911693407684,0.0326380000000001,0,0.55547899999999,0,0.565705999999994,0.024612,0.260508000000004,0.001464,0.00318,0,0.003811,0.555572999999992,0.986329000000056,0.974899000000057,0.000401,0.0939259999999995
48,1.03014605101098,0.0337040000000001,5.8e-05,0.567223999999995,5e-06,0.579288999999997,0.026502,0.278081000000002,0.002106,0.004355,0,0.00522,0.561676999999994,0.988826000000053,0.979403000000056,0.000496,0.105136999999999
49,1.03132144765523,0.0322740000000001,6.6e-05,0.573137999999989,0,0.593685999999995,0.0290370000000001,0.289704,0.003395,0.005091,0,0.00524800000000001,0.561040999999991,0.98916200000006,0.979716000000062,0.000675,0.116483999999999
50,1.03239402196086,0.0336280000000001,4e-05,0.597291999999996,6.7e-05,0.604924,0.0313290000000001,0.309016999999997,0.003631,0.00661800000000001,0,0.006209,0.567925999999993,0.991149000000058,0.98162500000006,0.000598,0.131060999999999
51,1.03335518079536,0.0345170000000001,0.000188,0.604528000000001,6.6e-05,0.611982,0.0357170000000001,0.325890999999995,0.003778,0.008898,0,0.008868,0.565889999999994,0.991863000000057,0.983098000000059,0.000733,0.147767
52,1.03433996828272,0.0341,0.000334,0.618620000000002,0.000267,0.620662000000001,0.041017,0.343884999999994,0.004045,0.009805,0,0.010486,0.568773999999995,0.993350000000064,0.985375000000066,0.000665,0.165494000000001
53,1.03549739470729,0.0323860000000001,0.000476,0.630712000000004,0.000464,0.641622000000003,0.0450819999999999,0.363375999999988,0.005321,0.011542,0,0.012167,0.572944999999997,0.994610000000058,0.986944000000059,0.000935,0.177854000000002
54,1.03633200560749,0.0321140000000001,0.000334,0.638831000000012,6e-04,0.648556000000005,0.046584,0.374354999999988,0.008029,0.013739,0,0.013903,0.574075,0.995285000000056,0.988606000000057,0.000494,0.195986000000003
55,1.03751031509792,0.036306,0.000407,0.64831000000001,0.001136,0.65412900000001,0.0467659999999999,0.389759999999989,0.00926199999999999,0.016417,0,0.015995,0.570772999999999,0.996273000000053,0.990318000000058,6e-04,0.209287000000003
56,1.0386526139549,0.038263,0.000534,0.653943000000008,0.001347,0.66567200000001,0.0533239999999999,0.401788999999987,0.010228,0.01949,0,0.01805,0.575782999999997,0.996029000000051,0.990717000000053,0.000663,0.225731000000005
57,1.03981902084042,0.040229,0.000487,0.654556000000007,0.001591,0.673710000000012,0.0579839999999998,0.406743999999989,0.012396,0.022215,0,0.020695,0.576227999999997,0.99683700000006,0.99136800000006,0.001131,0.247000000000006
58,1.04078189325379,0.0410779999999999,0.000855,0.664368000000012,0.001781,0.685242000000019,0.0610699999999999,0.419423999999985,0.013599,0.023359,0,0.022023,0.580726999999998,0.997570000000063,0.992768000000066,0.001603,0.266144000000003
59,1.04178520699895,0.041071,0.000754,0.668465000000017,0.002136,0.697103000000021,0.0647419999999997,0.435214999999985,0.014821,0.0262730000000001,0,0.0261810000000001,0.585343999999998,0.998212000000061,0.993442000000061,0.002231,0.285971
60,1.04278844615335,0.042123,0.000802,0.679045000000012,0.002264,0.706597000000016,0.0694139999999998,0.449785999999984,0.017855,0.0310480000000001,0,0.0299920000000001,0.586992999999999,0.998996000000057,0.994728000000059,0.001735,0.307604999999998
61,1.04350484181592,0.042039,0.000928,0.683217000000012,0.003486,0.718226000000021,0.0746459999999997,0.459501999999982,0.020447,0.0327840000000001,0,0.032916,0.584347,0.999371000000059,0.994916000000063,0.001809,0.322604999999997
62,1.04453060707548,0.04118,0.000969,0.693608000000014,0.003442,0.726250000000021,0.0775259999999997,0.47451499999998,0.023925,0.037773,0,0.035124,0.584417000000002,0.999819000000061,0.995815000000063,0.00197,0.338462999999995
63,1.04563363139662,0.04002,0.00164,0.698553000000018,0.004101,0.735577000000026,0.0846419999999997,0.49057599999998,0.026126,0.045034,0,0.0425760000000001,0.589201999999998,0.999884000000062,0.995681000000064,0.001871,0.354055999999992
64,1.04665416982093,0.042429,0.002532,0.708357000000017,0.005258,0.745136000000023,0.0930859999999995,0.498784999999979,0.026903,0.0503889999999999,0,0.0477489999999999,0.593194999999999,0.999860000000056,0.995876000000059,0.001871,0.377291999999991
65,1.04759406526548,0.043765,0.002817,0.717694000000021,0.004982,0.749937000000025,0.0950239999999995,0.518255999999986,0.0300080000000001,0.0593439999999999,0,0.0543849999999999,0.594058999999996,0.999733000000055,0.996128000000056,0.002376,0.390675999999989
66,1.04823519283348,0.047258,0.003263,0.72765300000002,0.0049,0.761593000000024,0.104852999999999,0.537023999999989,0.0351560000000001,0.0676369999999999,0,0.0607109999999998,0.606115999999999,0.999780000000056,0.996312000000059,0.00278,0.410843999999988
67,1.04919852097575,0.04527,0.003925,0.726094000000021,0.005266,0.764253000000029,0.109303999999999,0.546362999999993,0.0371990000000001,0.0709889999999998,0,0.0669979999999999,0.606467000000004,0.999773000000055,0.996278000000058,0.002186,0.422720999999988
68,1.04993610753606,0.043928,0.005052,0.733951000000022,0.00566200000000001,0.766937000000025,0.112963999999999,0.561259999999992,0.039004,0.0811099999999996,0,0.0716539999999998,0.609121000000004,0.99968400000005,0.996283000000055,0.002507,0.438617999999984
69,1.05051357239526,0.047433,0.005686,0.739936000000017,0.004864,0.775234000000022,0.121026999999999,0.573949999999995,0.043073,0.0843269999999996,0,0.0782499999999997,0.612186000000001,0.999979000000046,0.996650000000049,0.002238,0.455163999999983
70,1.05106824356153,0.0485540000000001,0.005485,0.740292000000022,0.00587300000000001,0.78617300000003,0.129358999999999,0.585557999999997,0.0469199999999999,0.0886059999999995,0,0.0790679999999995,0.614355000000004,1.00044100000006,0.99694100000006,0.003571,0.471345999999982
71,1.05211720966866,0.0479019999999999,0.00684300000000001,0.747368000000021,0.006112,0.791097000000025,0.136673,0.593969,0.046956,0.0910539999999996,0,0.0831899999999997,0.606925000000003,1.00030900000005,0.997096000000055,0.004939,0.49200099999998
72,1.05247387740279,0.0484789999999999,0.00756700000000001,0.756587000000025,0.00653,0.798897000000032,0.137053,0.602096000000003,0.050835,0.0980479999999995,0,0.0898329999999996,0.606039000000004,1.00020400000005,0.996875000000053,0.005347,0.504659999999981
73,1.05340005441496,0.048697,0.00746700000000001,0.75958300000002,0.00819700000000001,0.807267000000027,0.148700000000001,0.613721000000005,0.0598939999999998,0.104690999999999,0,0.0974999999999995,0.602515000000002,1.00028600000005,0.99712400000005,0.005832,0.518963999999988
74,1.0541258470525,0.046859,0.00745800000000001,0.761438000000023,0.00710900000000001,0.80362000000003,0.156436000000002,0.629223000000003,0.0657489999999998,0.108678999999999,0,0.0999469999999995,0.597124999999999,1.00058100000005,0.997124000000055,0.005773,0.53682199999999
75,1.05528222310677,0.0471819999999999,0.009181,0.768444000000026,0.006602,0.804885000000027,0.161573000000001,0.632282000000007,0.0671829999999997,0.113441999999999,0,0.108340999999999,0.588206000000001,1.00077300000005,0.997359000000051,0.004756,0.558733999999991
76,1.05648102371227,0.049079,0.011501,0.771849000000028,0.00697200000000001,0.808623000000032,0.165625000000002,0.643606000000012,0.0707319999999998,0.119282999999999,0,0.112524999999999,0.585525999999999,1.00078400000005,0.997457000000052,0.005507,0.575114999999995
77,1.05743291311469,0.0473259999999999,0.015432,0.775278000000027,0.006831,0.814245000000032,0.177684000000002,0.653130000000008,0.0776489999999997,0.130517,0,0.123081999999999,0.583708,1.00075000000004,0.997678000000046,0.006552,0.587024000000001
78,1.05818263305013,0.0490279999999999,0.016559,0.776710000000019,0.008287,0.823098000000026,0.184108000000003,0.658777000000008,0.0843449999999998,0.135333,0,0.130822,0.581823999999993,1.00069900000004,0.997659000000045,0.005807,0.594395000000002
79,1.05890748815381,0.049968,0.017619,0.772177000000024,0.008758,0.82944700000003,0.195100000000003,0.674483000000015,0.0906129999999996,0.144566,0,0.144673000000001,0.577018999999998,1.00074600000005,0.997578000000047,0.0064,0.603461999999999
80,1.05972814145718,0.0526159999999999,0.019172,0.774290000000027,0.009833,0.829766000000034,0.197967000000003,0.686650000000015,0.0951479999999995,0.150448,0,0.153853000000001,0.577903999999998,1.00062300000005,0.997343000000049,0.00696800000000001,0.608981000000002
81,1.06073276373533,0.0573989999999999,0.021991,0.774131000000021,0.010184,0.837077000000033,0.211919000000004,0.694997000000016,0.100327999999999,0.155740000000001,0,0.163427000000001,0.580216,1.00071000000005,0.997545000000053,0.007338,0.614969000000006
82,1.06123979399644,0.05542,0.023789,0.772841000000021,0.012858,0.84336400000003,0.216548000000004,0.709853000000017,0.111821999999999,0.167179000000002,0,0.175322000000002,0.583629000000002,1.00065000000004,0.997337000000047,0.00812000000000001,0.628182000000007
83,1.06202935640322,0.0566239999999999,0.028401,0.774440000000018,0.014505,0.850157000000026,0.226930000000004,0.718204000000013,0.120054999999999,0.175348000000002,0,0.186613000000002,0.59503,1.00071600000004,0.997466000000044,0.00875,0.635338000000008
84,1.06291402685715,0.0612769999999999,0.028338,0.771982000000019,0.014906,0.849729000000032,0.228995000000004,0.728461000000016,0.129357,0.182729000000002,0,0.192690000000003,0.595809000000001,1.00063400000005,0.99739500000005,0.007891,0.643630000000011
85,1.06390997730036,0.0606319999999999,0.033627,0.768326000000021,0.017543,0.859516000000029,0.236349000000004,0.738238000000018,0.135464,0.188599000000002,0,0.202133000000003,0.598466000000002,1.00062100000004,0.997463000000046,0.009372,0.652478000000003
86,1.06417701870471,0.0594049999999999,0.037037,0.764901000000017,0.018486,0.864366000000027,0.240276000000005,0.746336000000015,0.140794,0.198371000000002,0,0.208215000000003,0.599433999999996,1.00068700000004,0.997775000000045,0.00994499999999999,0.666983000000013
87,1.0651922435806,0.0567099999999998,0.041203,0.76626700000002,0.018067,0.865869000000028,0.245180000000005,0.755719000000015,0.143479,0.207122000000003,0,0.215572000000003,0.599734,1.00059500000004,0.997364000000047,0.008991,0.682144000000012
88,1.06592616103647,0.0553249999999999,0.042522,0.766696000000029,0.02071,0.874767000000037,0.250588000000005,0.764240000000026,0.153474000000001,0.214478000000004,0,0.226771000000004,0.596366000000003,1.00064000000005,0.997402000000052,0.008904,0.68858800000001
89,1.06661688118888,0.0534879999999999,0.042724,0.762535000000021,0.018793,0.879189000000033,0.253899000000003,0.770944000000023,0.155928000000001,0.218623000000003,0,0.230746000000004,0.593372000000007,1.00059900000004,0.997193000000045,0.00870400000000001,0.692155000000015
90,1.06717258858402,0.05457,0.046142,0.763980000000017,0.018912,0.88473400000003,0.261161000000003,0.781024000000015,0.166160000000002,0.228201000000003,0,0.237628000000004,0.594852999999997,1.00058500000004,0.997238000000042,0.00945899999999999,0.703817000000015
91,1.06802419230975,0.0554639999999999,0.0480719999999999,0.766774000000027,0.018343,0.890131000000041,0.270337000000001,0.795089000000031,0.174171000000002,0.236893000000004,0,0.247525000000005,0.592658000000002,1.00057200000005,0.997294000000052,0.010682,0.710489000000015
92,1.06827090589822,0.054922,0.0492599999999999,0.769047000000021,0.018826,0.892934000000034,0.276259,0.806821000000027,0.185454000000002,0.246300000000004,0,0.262584000000002,0.595180000000002,1.00062100000005,0.99741600000005,0.011152,0.712924000000016
93,1.06897062334164,0.0542069999999999,0.050639,0.76816500000002,0.020037,0.892696000000032,0.279917999999999,0.814647000000024,0.193205000000003,0.252254000000004,0,0.278904000000001,0.594662999999996,1.00055200000004,0.997345000000041,0.01118,0.71684600000002
94,1.06930734908803,0.055113,0.0557159999999999,0.770134000000023,0.019721,0.894406000000035,0.284472,0.822692000000031,0.204040000000003,0.264400000000002,0,0.289121999999998,0.60076,1.00059800000004,0.997072000000047,0.00983499999999999,0.720408000000015
95,1.06975431956,0.055031,0.0605589999999999,0.764050000000026,0.021118,0.898266000000037,0.293089999999998,0.826098000000032,0.212920000000004,0.2775,0,0.296627999999997,0.597691000000003,1.00056100000005,0.99723400000005,0.010407,0.724380000000015
96,1.07012124529166,0.0547089999999999,0.0662099999999999,0.762076000000019,0.01962,0.898440000000033,0.302926999999997,0.829512000000028,0.221166000000003,0.287267999999999,0,0.307732999999996,0.595950999999999,1.00063400000004,0.997328000000048,0.011773,0.730698000000019
97,1.07123417138681,0.052193,0.0693409999999998,0.757748000000022,0.020074,0.898291000000036,0.304750999999995,0.839230000000033,0.228135000000003,0.299371999999996,0,0.319968999999994,0.596408000000004,1.00055100000004,0.997243000000045,0.011601,0.739896000000023
98,1.07166159382123,0.0529629999999999,0.0736749999999999,0.756192000000016,0.021044,0.901900000000032,0.308157999999997,0.847390000000028,0.240592000000004,0.310973999999996,0,0.331215999999995,0.593793999999999,1.00058100000004,0.997356000000045,0.013313,0.749268000000018
99,1.07200988383927,0.0537029999999999,0.0802339999999998,0.756771000000021,0.020166,0.906359000000029,0.312592999999997,0.85118300000003,0.249278000000004,0.316898999999995,0,0.334620999999994,0.588518000000002,1.00049200000004,0.997286000000043,0.014911,0.752983000000024
100,1.07273777855044,0.0541939999999999,0.0932139999999996,0.756628000000026,0.019379,0.912099000000038,0.324943999999994,0.848711000000036,0.253674000000003,0.323129999999993,0,0.338535999999994,0.578635999999999,1.00051100000005,0.997413000000049,0.014738,0.764538000000019
101,1.07389418987577,0.0586869999999998,0.100538,0.75826900000002,0.020266,0.915247000000038,0.340664999999993,0.854482000000032,0.267693000000001,0.340996999999995,0,0.350549999999993,0.581787000000001,1.00057400000004,0.997153000000046,0.01698,0.778765000000024
102,1.07519682352813,0.0569529999999999,0.108416999999999,0.76550200000002,0.019996,0.918075000000038,0.350419999999994,0.860466000000034,0.276362999999999,0.357349999999995,0,0.366412999999993,0.584642000000001,1.00053300000005,0.997151000000051,0.018406,0.79368500000002
103,1.07532799754065,0.0581719999999999,0.12018,0.760463000000019,0.022048,0.921779000000034,0.358775999999992,0.864577000000035,0.285325999999999,0.362084999999993,0,0.376700999999992,0.585522999999999,1.00049000000005,0.997295000000049,0.021476,0.799500000000026
104,1.07622697174665,0.0574579999999999,0.127102,0.760926000000021,0.02144,0.92405400000003,0.359923999999993,0.87222800000003,0.292346999999999,0.375483999999991,0,0.388391999999991,0.587305000000003,1.00054400000004,0.997108000000043,0.021938,0.805440000000028
105,1.07646481790744,0.056418,0.132765,0.768966000000023,0.021777,0.929119000000035,0.366810999999991,0.875924000000031,0.302517999999997,0.378365999999991,0,0.39655799999999,0.587370000000003,1.00056100000004,0.997120000000043,0.021461,0.811000000000026
106,1.07801923310454,0.0566229999999999,0.134874,0.768620000000021,0.02198,0.930015000000034,0.37154599999999,0.878339000000034,0.308378999999997,0.380821999999991,0,0.397554999999989,0.582299000000002,1.00053800000004,0.997307000000045,0.020797,0.816423000000025
107,1.07932148033818,0.0575769999999999,0.142963000000001,0.769536000000015,0.021573,0.929802000000031,0.38140899999999,0.877758000000029,0.315756999999996,0.38715499999999,0,0.40187999999999,0.574518999999999,1.00047000000004,0.997542000000041,0.022897,0.821205000000025
108,1.08023566563206,0.05399,0.153252000000001,0.774852000000018,0.023382,0.935092000000035,0.387922999999991,0.884442000000035,0.328291999999995,0.391870999999992,0,0.407708999999992,0.572165000000002,1.00059400000004,0.997449000000041,0.024679,0.82751000000002
109,1.08089352915247,0.055163,0.159346000000001,0.774857000000016,0.023097,0.93628900000003,0.391163999999989,0.884079000000028,0.337348999999995,0.399730999999991,0,0.415202999999991,0.569955,1.00053100000003,0.997083000000038,0.02468,0.834990000000025
110,1.08129237886477,0.054719,0.171207000000001,0.775823000000019,0.023986,0.93732000000003,0.40220199999999,0.882315000000028,0.352365999999993,0.40757299999999,0,0.423612999999988,0.564151999999999,1.00050400000004,0.997174000000043,0.0251,0.839226000000023
111,1.08238448416746,0.0593009999999999,0.177654000000002,0.780702000000019,0.025365,0.939017000000033,0.411812999999987,0.886859000000031,0.361404999999992,0.414121999999991,0,0.43103499999999,0.558654999999998,1.00050300000004,0.997011000000042,0.025862,0.845951000000022
112,1.08394961213161,0.0578409999999999,0.183405000000002,0.784014000000021,0.026274,0.939885000000035,0.417712999999987,0.895510000000033,0.365649999999993,0.42170899999999,0,0.436929999999988,0.558521999999997,1.00050800000004,0.997155000000045,0.024788,0.853612000000027
113,1.08482977921671,0.0585239999999999,0.189510000000002,0.792082000000019,0.0263760000000001,0.94254000000003,0.420921999999986,0.896924000000029,0.364285999999991,0.430292999999988,0,0.447879999999987,0.556307999999995,1.00054100000003,0.997292000000037,0.027014,0.858750000000022
114,1.08659262760797,0.0600649999999999,0.194409000000002,0.788247000000024,0.029469,0.941414000000035,0.421017999999986,0.903248000000033,0.368410999999992,0.440301999999988,0,0.450724999999988,0.551816999999996,1.00051100000004,0.997373000000048,0.0274860000000001,0.861591000000025
115,1.08810299136039,0.057963,0.205476000000002,0.793146000000025,0.0298820000000001,0.945101000000035,0.430035999999988,0.903962000000037,0.384309999999992,0.443916999999987,0,0.453288999999988,0.549495999999997,1.00049800000004,0.996936000000042,0.02612,0.864338000000018
116,1.08939130530221,0.0566819999999999,0.214927000000003,0.79259700000002,0.0315480000000001,0.949353000000032,0.439999999999985,0.90428800000003,0.390009999999991,0.442135999999989,0,0.450283999999989,0.550425999999995,1.00047900000004,0.997088000000042,0.026611,0.866327000000028
117,1.08986954808527,0.0559569999999999,0.225920000000003,0.796861000000015,0.0322630000000001,0.951246000000027,0.447397999999985,0.910195000000023,0.403949999999992,0.449467999999989,0,0.460962999999989,0.557837999999999,1.00047500000003,0.997134000000035,0.0275040000000001,0.870849000000029
118,1.09134414158387,0.053792,0.235073000000003,0.799104000000015,0.03296,0.953363000000027,0.456285999999988,0.907891000000024,0.404455999999992,0.45037399999999,0,0.45793499999999,0.554335999999995,1.00039800000003,0.997151000000032,0.027622,0.871477000000022
119,1.09175557832528,0.0502529999999999,0.244931000000002,0.79475100000002,0.034512,0.958543000000024,0.462898999999989,0.911490000000024,0.411078999999992,0.453197999999991,0,0.460447999999991,0.549304999999997,1.00041900000003,0.997116000000034,0.028801,0.873371000000024
120,1.09308861188644,0.05032,0.259489000000001,0.798294000000016,0.035057,0.959825000000027,0.47211399999999,0.910505000000028,0.424111999999991,0.45859999999999,0,0.46690099999999,0.543854999999995,1.00042900000003,0.997176000000036,0.026734,0.875154000000022
121,1.09461674976589,0.04979,0.270524,0.800791000000018,0.035938,0.964038000000028,0.483927999999989,0.913666000000024,0.432201999999992,0.471213999999991,0,0.47780999999999,0.535317999999994,1.00045000000003,0.997380000000033,0.028073,0.880894000000026
122,1.09675234704472,0.048249,0.279355999999998,0.800205000000017,0.034709,0.969009000000024,0.494396999999988,0.916296000000022,0.435229999999991,0.477111999999989,0,0.481464999999988,0.534047999999992,1.00042200000003,0.997204000000032,0.029209,0.885370000000023
123,1.0976999410726,0.0484429999999999,0.292086999999999,0.80323900000002,0.033638,0.971570000000034,0.500304999999986,0.916772000000031,0.44298399999999,0.477660999999988,0,0.484176999999988,0.532481999999994,1.00048000000004,0.997138000000041,0.029413,0.891888000000029
124,1.09869116411943,0.0499729999999999,0.294865999999998,0.802341000000016,0.035616,0.971288000000025,0.500970999999988,0.921823000000023,0.449750999999991,0.489187999999989,0,0.492596999999989,0.525582999999992,1.00048600000003,0.997278000000031,0.030945,0.893427000000023
125,1.09925479268665,0.053671,0.306742999999999,0.801346000000018,0.036458,0.970283000000028,0.504704999999987,0.924140000000027,0.453575999999988,0.498290999999989,0,0.501336999999989,0.523048999999989,1.00039100000003,0.997164000000032,0.0296350000000001,0.89296400000002
126,1.10066733509528,0.056659,0.318507999999996,0.806084000000016,0.0361760000000001,0.971755000000026,0.51235499999999,0.927687000000024,0.460722999999992,0.506785999999993,0,0.512732999999993,0.520076999999991,1.00040500000003,0.996882000000031,0.030701,0.895696000000023
127,1.10139707753848,0.053677,0.325093999999997,0.80501800000002,0.035868,0.970963000000027,0.51342299999999,0.931005000000025,0.472890999999991,0.516943999999994,0,0.520940999999994,0.518528999999992,1.00043100000003,0.997225000000033,0.0314290000000001,0.899146000000025
128,1.10206562556458,0.057355,0.340886999999997,0.802835000000016,0.038568,0.972044000000027,0.523298999999994,0.934770000000026,0.478564999999989,0.525329999999995,0,0.523903999999995,0.51547599999999,1.00037400000003,0.997229000000031,0.035559,0.900619000000023
129,1.10343990139969,0.055026,0.355466999999995,0.808461000000017,0.038895,0.974081000000027,0.533157999999994,0.936376000000026,0.48577099999999,0.53692,0,0.534727999999998,0.514195999999988,1.00038400000003,0.997041000000031,0.034943,0.902874000000024
130,1.10457865137796,0.054626,0.373048999999995,0.812080000000015,0.038148,0.974917000000026,0.546475999999999,0.938596000000024,0.497600999999992,0.547638000000001,0,0.542906,0.510424999999989,1.00038400000003,0.997195000000031,0.038167,0.902170000000026
131,1.10590414575965,0.050953,0.388429999999995,0.815107000000021,0.039101,0.97594900000003,0.55961,0.937879000000028,0.505326999999991,0.552782999999999,0,0.547360999999998,0.51152299999999,1.00040700000003,0.997121000000036,0.037633,0.903508000000022
132,1.10755304884101,0.053044,0.395888999999994,0.819437000000014,0.035808,0.976179000000022,0.564314,0.939926000000021,0.516140999999994,0.562499999999999,0,0.554961999999999,0.516742999999993,1.00035800000002,0.997115000000029,0.039106,0.907608000000022
133,1.10903606237344,0.053591,0.407786999999993,0.820483000000016,0.037302,0.980074000000026,0.567193999999999,0.942224000000026,0.521864999999992,0.56774,0,0.556827999999996,0.51756599999999,1.00036700000003,0.997173000000031,0.041083,0.911329000000024
134,1.11033807071069,0.053658,0.416806999999994,0.820336000000018,0.038138,0.979417000000028,0.573305999999998,0.940943000000026,0.524961999999992,0.571933999999998,0,0.558077999999998,0.51590199999999,1.00037700000003,0.997188000000032,0.044371,0.913707000000023
135,1.11183147541583,0.055763,0.424603999999993,0.823784000000017,0.037397,0.979324000000029,0.577126000000001,0.944591000000028,0.534489999999992,0.577890999999998,0,0.569587999999998,0.51210799999999,1.00038000000003,0.997105000000033,0.04691,0.918658000000018
136,1.11337803299817,0.056806,0.436974999999993,0.827219000000018,0.036057,0.979483000000028,0.588614000000003,0.948405000000027,0.544984,0.585453000000002,0,0.576178,0.51604699999999,1.00033600000003,0.996944000000033,0.0461149999999999,0.917175000000021
137,1.11455932709121,0.054886,0.440300999999992,0.826930000000014,0.036943,0.981644000000021,0.590583000000003,0.952039000000021,0.554596,0.596456000000002,0,0.585521000000002,0.510391999999989,1.00032700000002,0.996995000000025,0.0472279999999999,0.922720000000024
138,1.11547215118012,0.0539239999999999,0.444361999999995,0.824052000000016,0.040622,0.981488000000024,0.588892000000005,0.954212000000023,0.551075,0.597251000000004,0,0.593562000000004,0.513964999999993,1.00032100000003,0.997166000000027,0.047676,0.927600000000023
139,1.1157153241091,0.0527589999999999,0.446530999999994,0.828159000000014,0.039621,0.983877000000022,0.586270000000003,0.956667000000023,0.55618,0.602993000000003,0,0.599423000000003,0.51480399999999,1.00034500000002,0.997082000000027,0.049195,0.929860000000022
140,1.11740116996386,0.057286,0.452755999999995,0.827914000000016,0.03848,0.984301000000023,0.592874000000004,0.958045000000024,0.565004000000001,0.612503000000005,0,0.607964000000005,0.515481999999992,1.00034500000002,0.997111000000027,0.04989,0.931860000000018
141,1.11866048108244,0.056701,0.465746999999993,0.830021000000014,0.038216,0.984356000000019,0.599364000000002,0.960895000000019,0.562942999999997,0.614765000000003,0,0.613086000000003,0.51434599999999,1.00033900000002,0.996927000000024,0.053172,0.931953000000023
142,1.1196930047065,0.058249,0.471601999999993,0.834527000000015,0.038906,0.986782000000023,0.601008000000005,0.963808000000023,0.57526,0.630358000000006,0,0.620391000000005,0.518145999999989,1.00031600000002,0.997109000000027,0.053311,0.935698000000022
143,1.12055068954813,0.057584,0.481465999999992,0.833590000000015,0.037652,0.986764000000024,0.608909000000004,0.967069000000025,0.582911000000002,0.637265000000005,0,0.624329000000003,0.510515999999991,1.00029900000003,0.997146000000027,0.053823,0.940993000000022
144,1.12114121976155,0.0595420000000001,0.483437999999991,0.835390000000019,0.03719,0.986696000000027,0.612574000000004,0.967695000000027,0.586669000000004,0.639528000000008,0,0.624868000000005,0.516440999999991,1.00034000000003,0.997120000000032,0.054017,0.94135200000002
145,1.12216706397766,0.0583719999999999,0.485761999999993,0.839657000000014,0.036877,0.986193000000021,0.613535000000005,0.969822000000021,0.588101000000004,0.645321000000005,0,0.632625000000004,0.51365099999999,1.00029900000002,0.997110000000026,0.054173,0.943238000000024
146,1.12357426147591,0.0575169999999999,0.496975999999993,0.841354000000013,0.03695,0.986394000000018,0.619611000000004,0.972779000000018,0.599107000000003,0.659886000000005,0,0.641136000000008,0.512089999999992,1.00030000000002,0.996775000000022,0.055046,0.944467000000024
147,1.12509221030319,0.058271,0.507175999999993,0.843780000000014,0.0368880000000001,0.987385000000018,0.630251000000005,0.972597000000018,0.609750000000003,0.665252000000006,0,0.645295000000005,0.509772999999989,1.00026500000002,0.996701000000021,0.053454,0.944964000000019
148,1.12588652540368,0.057001,0.520471999999995,0.850610000000011,0.038172,0.988520000000016,0.641529000000006,0.974442000000015,0.618754000000003,0.679683000000005,0,0.656828000000004,0.503343999999989,1.00028800000002,0.997219000000021,0.054482,0.947878000000021
149,1.12645622398555,0.0578829999999999,0.524788999999997,0.854590000000017,0.038788,0.989219000000021,0.646533000000007,0.974862000000023,0.623551000000006,0.681078000000008,0,0.662390000000007,0.495740999999988,1.00031100000002,0.996954000000026,0.0537409999999999,0.949153000000018
150,1.12794539911369,0.058422,0.537654999999998,0.856344000000016,0.040684,0.988023000000021,0.652639000000008,0.975556000000022,0.630217000000004,0.685404000000008,0,0.669303000000007,0.496470999999988,1.00022200000002,0.996922000000024,0.056736,0.951128000000022
151,1.12877556692746,0.0551419999999999,0.547049000000002,0.857421000000014,0.040332,0.99006700000002,0.66011600000001,0.97721200000002,0.632409000000005,0.692031000000007,0,0.675516000000006,0.493215999999989,1.00031100000002,0.996764000000024,0.058857,0.954104000000019
152,1.12989869861658,0.055405,0.552242999999999,0.860427000000014,0.041062,0.98949100000002,0.660208000000009,0.979316000000019,0.63583700000001,0.693433000000011,0,0.677053000000009,0.485877999999989,1.00027900000002,0.997265000000023,0.060369,0.95417800000002
153,1.13137434631699,0.055821,0.557013999999998,0.863268000000015,0.042218,0.98952800000002,0.661965000000008,0.981946000000021,0.646053000000009,0.69795500000001,0,0.68281500000001,0.491110999999988,1.00029900000002,0.996802000000025,0.059228,0.95788200000002
154,1.13306575096476,0.0578509999999999,0.571435000000004,0.863387000000013,0.044411,0.990748000000017,0.670965000000007,0.984215000000016,0.653223000000005,0.700078000000006,0,0.687333000000008,0.497443999999989,1.00029800000002,0.997138000000019,0.060813,0.960679000000017
155,1.13612162929513,0.057912,0.579961,0.864732000000015,0.04661,0.991436000000021,0.676537000000009,0.98532400000002,0.657172000000008,0.703800000000008,0,0.697373000000008,0.490263999999989,1.00028600000002,0.996907000000025,0.0639549999999999,0.960321000000014
156,1.13795760184809,0.061049,0.583391000000004,0.865727000000016,0.044845,0.990901000000021,0.67545600000001,0.985401000000021,0.665094000000007,0.713428000000008,0,0.704329000000006,0.49384399999999,1.00024600000002,0.996993000000024,0.0627779999999999,0.962292000000016
157,1.13914562958444,0.062343,0.587972000000002,0.864140000000012,0.046415,0.99110800000002,0.675834000000011,0.98484100000002,0.666633000000008,0.713937000000009,0,0.705483000000009,0.49098799999999,1.00024800000002,0.996902000000022,0.061736,0.963231000000016
158,1.1411801436789,0.0643409999999999,0.588971,0.864537000000013,0.045688,0.991577000000018,0.672865000000009,0.985113000000018,0.667823000000006,0.712109000000008,0,0.707490000000009,0.490234999999989,1.00026400000002,0.99695500000002,0.059961,0.965403000000018
159,1.1416446039974,0.062515,0.595315000000003,0.869003000000013,0.042991,0.992046000000017,0.67753000000001,0.985654000000016,0.680167000000009,0.719407000000008,0,0.713719000000009,0.48135499999999,1.00020700000002,0.997040000000019,0.0593999999999999,0.968372000000018
160,1.14415622212621,0.0652629999999999,0.596829000000003,0.869817000000018,0.044318,0.990644000000021,0.678820000000011,0.987589000000022,0.689950000000012,0.729695000000014,0,0.714433000000012,0.480142999999991,1.00023000000002,0.997032000000025,0.060183,0.971007000000015
161,1.14607382795452,0.065903,0.609012000000005,0.872193000000014,0.042577,0.990974000000019,0.68814800000001,0.98762300000002,0.695275000000007,0.732318000000009,0,0.721999000000009,0.479153999999991,1.00021900000002,0.997251000000021,0.05988,0.973242000000014
162,1.14788577067654,0.0649699999999999,0.613903000000002,0.874242000000011,0.044637,0.990226000000018,0.691696000000008,0.987637000000017,0.700339000000004,0.732005000000007,0,0.727170000000006,0.479742999999992,1.00022900000002,0.996976000000021,0.063021,0.973539000000021
163,1.14991752849065,0.0652949999999999,0.620932000000006,0.876933000000014,0.04637,0.99042000000002,0.698922000000014,0.988384000000019,0.704093000000012,0.73340600000001,0,0.73000600000001,0.477158999999992,1.00023400000002,0.996894000000023,0.064909,0.972510000000016
164,1.15185973919629,0.0653049999999999,0.627320000000006,0.876398000000014,0.046621,0.989192000000019,0.700924000000013,0.989336000000019,0.701306000000009,0.741443000000009,0,0.731739000000008,0.479740999999991,1.00017800000002,0.997255000000021,0.066337,0.974727000000023
165,1.15343317960006,0.0658899999999999,0.627563000000004,0.878630000000013,0.048929,0.989379000000019,0.700689000000011,0.990255000000019,0.703718000000008,0.746036000000008,0,0.738417000000008,0.478421999999989,1.00021800000002,0.996823000000024,0.0656659999999999,0.975616000000019
166,1.15432939718063,0.066679,0.627898000000003,0.882328000000008,0.047905,0.988773000000011,0.699175000000007,0.990663000000012,0.713434000000004,0.753314000000005,0,0.746943000000006,0.477535999999991,1.00022800000001,0.997025000000015,0.068797,0.976105000000017
167,1.1559823968774,0.067178,0.636339000000003,0.885179000000011,0.044654,0.988459000000016,0.706599000000006,0.990892000000017,0.714009000000006,0.762443000000007,0,0.755952000000005,0.481742999999991,1.00014800000002,0.996702000000019,0.071692,0.976491000000015
168,1.15630375998375,0.0666899999999999,0.634213000000005,0.88171500000001,0.046248,0.987424000000015,0.705899000000009,0.992227000000016,0.718471000000007,0.761443000000009,0,0.756787000000007,0.48233899999999,1.00019200000002,0.997046000000018,0.07111,0.977072000000016
169,1.15873431048726,0.0674779999999998,0.642156000000004,0.884739000000007,0.046693,0.987600000000013,0.711298000000008,0.992914000000014,0.721760000000005,0.765853000000007,0,0.762193000000006,0.486290999999992,1.00018000000001,0.996845000000016,0.069052,0.977929000000015
170,1.15988493365758,0.0683779999999999,0.644029000000003,0.885582000000011,0.048064,0.987151000000013,0.711174000000006,0.992159000000014,0.721964000000006,0.767243000000005,0,0.765027000000008,0.492631999999992,1.00017900000001,0.996740000000016,0.0693069999999999,0.979356000000017
171,1.16045443716003,0.0709559999999999,0.648077000000006,0.884353000000015,0.048481,0.98791700000002,0.716659000000008,0.992787000000021,0.731577000000006,0.771038000000007,0,0.768592000000007,0.495371999999992,1.00018500000002,0.996897000000023,0.069747,0.976861000000011
172,1.16200248337922,0.0687189999999999,0.658684000000004,0.887783000000008,0.046149,0.99009600000001,0.727200000000006,0.99421700000001,0.734558000000006,0.777060000000007,0,0.776427000000006,0.489641999999993,1.00015300000001,0.996818000000011,0.0716619999999999,0.978819000000015
173,1.16415451197845,0.0691329999999999,0.658700000000003,0.890448000000009,0.04627,0.989678000000014,0.725446000000005,0.994396000000015,0.739662000000005,0.777946000000005,0,0.780743000000005,0.488228999999993,1.00016200000001,0.996715000000017,0.072138,0.978866000000016
174,1.16640715095915,0.065281,0.667940000000008,0.895600000000013,0.043149,0.990951000000017,0.731235000000011,0.993949000000018,0.743335000000008,0.78490000000001,0,0.787987000000009,0.475447999999993,1.00019000000002,0.997037000000019,0.07183,0.980085000000017
175,1.16789781929809,0.0705899999999999,0.679892000000003,0.895255000000008,0.042488,0.991871000000011,0.740305000000005,0.993886000000012,0.752611000000004,0.792426000000004,0,0.795271000000006,0.474898999999995,1.00015400000001,0.996930000000013,0.069374,0.980220000000016
176,1.16979565325446,0.0714079999999998,0.682107000000007,0.896233000000012,0.044797,0.992859000000015,0.74197700000001,0.994518000000015,0.75631200000001,0.797956000000007,0,0.798599000000008,0.468893999999993,1.00015300000001,0.996879000000016,0.073573,0.982387000000014
177,1.17169657119102,0.0699539999999999,0.680911000000002,0.897350000000006,0.043618,0.994176000000011,0.744537000000004,0.994362000000012,0.759911000000003,0.803396000000002,0,0.803943000000003,0.463975999999994,1.00015800000001,0.996856000000014,0.073242,0.981330000000014
178,1.17298778081248,0.0704519999999998,0.686958000000003,0.896197000000005,0.044997,0.99311000000001,0.750183000000004,0.995242000000011,0.763227000000005,0.805757000000006,0,0.805815000000006,0.463480999999995,1.00017700000001,0.996775000000013,0.077373,0.980548000000016
179,1.17449507011084,0.0709149999999999,0.685895000000005,0.897683000000008,0.043604,0.992664000000012,0.748146000000006,0.995277000000012,0.769634000000005,0.809908000000006,0,0.811559000000005,0.463495999999994,1.00013800000001,0.996808000000013,0.0774039999999999,0.98088500000001
180,1.17591033667034,0.0717359999999999,0.687213000000005,0.896494000000009,0.04485,0.993455000000013,0.748776000000008,0.994643000000014,0.770129000000007,0.807051000000006,0,0.812130000000006,0.459882999999993,1.00017800000001,0.996833000000015,0.0747259999999999,0.979124000000011
181,1.17731202179166,0.0760069999999999,0.689228000000002,0.896497000000008,0.045766,0.993482000000014,0.749839000000003,0.996349000000015,0.774112000000004,0.813584000000006,0,0.815389000000005,0.456349999999992,1.00018800000002,0.996787000000016,0.0779589999999999,0.978924000000014
182,1.17843870939653,0.0775749999999999,0.696803000000004,0.900092000000007,0.045214,0.994277000000011,0.755392000000008,0.996072000000011,0.787046000000007,0.818291000000006,0,0.819618000000005,0.453073999999995,1.00013800000001,0.996815000000013,0.0788379999999999,0.981556000000008
183,1.18027353846708,0.0746219999999999,0.704972000000003,0.900023000000007,0.045058,0.99368900000001,0.761933000000005,0.996180000000011,0.794986000000003,0.823657000000004,0,0.824213000000004,0.451989999999996,1.00013300000001,0.997096000000014,0.079799,0.980974000000014
184,1.18205575151017,0.0746049999999999,0.708878000000004,0.90307000000001,0.0419400000000001,0.993346000000014,0.765791000000007,0.996405000000014,0.801908000000006,0.830366000000005,0,0.831958000000006,0.449350999999995,1.00013900000001,0.996884000000015,0.0844019999999999,0.981974000000014
185,1.18359951632166,0.0720279999999999,0.713806000000005,0.90623800000001,0.040652,0.993758000000013,0.768288000000008,0.996678000000013,0.806183000000006,0.834956000000007,0,0.838216000000007,0.443112999999994,1.00014600000001,0.997128000000014,0.0866819999999999,0.984880000000013
186,1.18516423488226,0.069841,0.715048000000003,0.905154000000009,0.041351,0.99369600000001,0.771055000000007,0.99672900000001,0.808463000000005,0.837969000000005,0,0.840052000000006,0.444336999999995,1.00013600000001,0.996941000000011,0.0871849999999999,0.985697000000012
187,1.18677842857018,0.0717809999999999,0.714256000000005,0.90585700000001,0.044177,0.993940000000012,0.766368000000009,0.996553000000013,0.812757000000007,0.842144000000007,0,0.840393000000009,0.443059999999995,1.00015700000001,0.996883000000014,0.0894219999999999,0.987044000000014
188,1.18958634633219,0.071847,0.719159000000004,0.906395000000007,0.04613,0.993916000000012,0.773310000000006,0.997295000000012,0.817957000000004,0.844638000000005,0,0.843916000000005,0.437230999999996,1.00015200000001,0.996700000000012,0.0908839999999999,0.98941900000001
189,1.19121607962668,0.0685459999999999,0.720786000000005,0.908257000000008,0.047747,0.992560000000014,0.775100000000008,0.996017000000014,0.819353000000007,0.844928000000007,0,0.845094000000007,0.434227999999994,1.00017200000001,0.997189000000016,0.0908270000000001,0.991586000000013
190,1.19123275665181,0.072038,0.720292000000001,0.905270000000007,0.048662,0.991066000000011,0.773980000000005,0.995598000000011,0.821683000000004,0.845904000000005,0,0.849536000000006,0.430261999999995,1.00013400000001,0.996623000000012,0.09107,0.992794000000012
191,1.19332337013974,0.0724469999999999,0.728273000000004,0.911750000000008,0.045021,0.99166600000001,0.780072000000005,0.995962000000011,0.830577000000008,0.850834000000007,0,0.856227000000007,0.428324999999996,1.00011700000001,0.996653000000012,0.090005,0.992191000000011
192,1.19637827796731,0.073086,0.726438000000005,0.909512000000009,0.047786,0.991446000000012,0.777706000000008,0.995138000000013,0.831475000000006,0.851471000000007,0,0.854388000000006,0.424358999999994,1.00013500000001,0.996672000000014,0.087574,0.992487000000011
193,1.19914191178943,0.0739169999999999,0.733062000000003,0.911967000000006,0.0477809999999999,0.991242000000009,0.784042000000003,0.995727000000009,0.836574000000004,0.855562000000005,0,0.856046000000005,0.419693999999996,1.00009900000001,0.99688800000001,0.0885119999999999,0.99338600000001
194,1.20130996036596,0.0694969999999999,0.739806000000004,0.913405000000005,0.046499,0.991098000000009,0.788680000000006,0.99610800000001,0.843597000000004,0.858067000000004,0,0.857218000000005,0.419044999999994,1.00010800000001,0.996831000000011,0.0906779999999999,0.993967000000011
195,1.20335579122847,0.068298,0.743401000000001,0.913024000000006,0.047948,0.991228000000009,0.789262000000003,0.996457000000009,0.847506000000003,0.860720000000004,0,0.859793000000004,0.420332999999994,1.00009100000001,0.99654400000001,0.0938340000000001,0.993820000000009
196,1.20483230878432,0.069725,0.739267000000006,0.91014100000001,0.05173,0.990146000000013,0.78472600000001,0.996187000000013,0.845859000000007,0.859725000000009,0,0.859978000000009,0.426355999999995,1.00011500000001,0.997052000000014,0.0910399999999999,0.99309600000001
197,1.20695281364779,0.0680829999999999,0.741348000000005,0.91153100000001,0.0517059999999999,0.990098000000012,0.787523000000008,0.996818000000012,0.850622000000008,0.860312000000007,0,0.863336000000008,0.423064999999995,1.00010100000001,0.996848000000013,0.093341,0.992701000000011
198,1.20829735908221,0.0671549999999999,0.746651000000003,0.915294000000007,0.0488929999999999,0.99045600000001,0.793040000000007,0.996584000000011,0.855912000000006,0.866452000000006,0,0.868639000000006,0.414014999999994,1.00014800000001,0.996833000000011,0.0963129999999999,0.992216000000012
199,1.20881692694663,0.06734,0.746200000000003,0.916187000000007,0.049578,0.98975900000001,0.793515000000007,0.996438000000011,0.857371000000006,0.869413000000006,0,0.867010000000007,0.419477999999994,1.00010400000001,0.996821000000012,0.098531,0.992026000000009
200,1.21094444473806,0.065345,0.749557000000005,0.920412000000006,0.0475889999999999,0.99060500000001,0.796534000000007,0.99660900000001,0.864154000000004,0.874001000000005,0,0.871784000000004,0.412232999999995,1.00007400000001,0.996716000000011,0.0989900000000001,0.992929000000009
