"X","PopRatio","Diff_KC","Fibroblast","M1","M2","Neutrophil","Prol_KC","Th0","Th1","Th17","Th2","Th22","Treg","iDC","pDC","preDiff_KC","ILC3"
0,1,0.000356,0,0,0,0,0,0,0,0,0,0,0.161837,0,0,0,0
1,0.999999,0.001359,0,0,0,0,0,0,0,0,0,0,0.123199,0,0,0,0
2,1.000000999998,0.002066,0,0,0,0,0,0,0,0,0,0,0.122196,0.000791,0.000792,0,0
3,1.000007000004,0.003382,0,9.2e-05,0,0.000156,0,0,0,0,0,0,0.131566,0.002758,0.002755,0,0
4,1.000008000011,0.00463,0,0.000322,0,0.000307,0,0,0,0,0,0,0.145493,0.008569,0.008556,0,0
5,1.000008000011,0.006379,0,0.001198,0,0.001145,0,0,0,0,0,0,0.165189,0.02213,0.022162,0,0
6,1.000026000155,0.007865,0,0.002246,0,0.002693,0,0,0,0,0,0,0.183565,0.039477,0.039483,0,0
7,1.000045000649,0.00905999999999999,0,0.002316,0,0.003388,0,0,0,0,0,0,0.198382,0.061072,0.061143,0,0
8,1.00006500154902,0.010783,0,0.003792,0,0.006456,0,0,0,0,0,0,0.213011,0.0932339999999998,0.0933339999999998,0,0
9,1.00008700297905,0.011002,0,0.00788400000000001,0,0.010123,0,0,0,0,0,0,0.231651,0.128727,0.128793,0,0
10,1.00012100593716,0.011161,0,0.01255,0,0.014755,0,0,0,0,0,0,0.252032,0.166195,0.166189,0,0
11,1.00017101198746,0.010699,0,0.018147,0,0.018574,0,0,0,0,0,0,0.267023999999999,0.210004000000001,0.209951000000001,0,0
12,1.00026402789157,0.010728,0,0.022177,0,0.024344,0,0,0,0,0,0,0.278801999999999,0.259689999999999,0.259799999999999,0,0
13,1.00036605482243,0.010964,0,0.0285060000000001,0,0.0320060000000001,0,6.7e-05,0,0,0,0,0.292500999999999,0.303166999999999,0.303072999999998,0,0
14,1.00045408703526,0.011387,0,0.03725,0,0.040768,0,8.2e-05,0,0,0,0,0.303182999999999,0.341170999999997,0.340869999999997,0,0
15,1.00058014425023,0.012502,0,0.046834,0,0.0515069999999999,0,0.000464,0,0,0,0,0.315546999999998,0.382410999999996,0.381961999999996,0,0
16,1.00076525157693,0.013102,0,0.0569339999999998,0,0.0647109999999999,0,0.000633,0,0,0,0,0.328285,0.423819999999993,0.423314999999993,0,0
17,1.00099842988056,0.013539,0,0.0692559999999998,0,0.0782649999999998,0,0.000953,0,0,0,0,0.342887999999996,0.462654999999989,0.461690999999989,0,0
18,1.00127670744408,0.014654,0,0.0826389999999996,0,0.0888719999999997,1.3e-05,0.001612,0,0,0,0,0.352357999999999,0.504237999999993,0.503265999999993,0,0
19,1.00158810450012,0.015032,0,0.0989169999999993,0,0.100399999999999,6.7e-05,0.002121,0,0,0,0,0.351968999999997,0.543357000000002,0.541921000000002,0,0
20,1.00194667304155,0.016331,0,0.114947999999999,0,0.112066999999999,6.7e-05,0.003185,0,0,0,0,0.369326999999995,0.579839000000009,0.57783100000001,0,0
21,1.0023474517108,0.017532,0,0.13425,0,0.131056999999999,6.7e-05,0.003968,0,0,0,0,0.387200999999995,0.621846000000008,0.618849000000008,0,0
22,1.00281755266567,0.019093,0,0.152060000000001,0,0.146661,0.000134,0.005584,0,0,0,0,0.398936999999995,0.657046000000017,0.653729000000017,1.8e-05,0
23,1.00336910231967,0.020348,0,0.165463000000002,0,0.167037000000002,0.000161,0.00723600000000001,0,0,0,0,0.412938999999993,0.687119000000018,0.682740000000018,6.7e-05,0
24,1.0040152720216,0.021895,0,0.181797000000002,0,0.181024000000003,0.000134,0.009954,0,0,0,0,0.421367999999995,0.714527000000016,0.708619000000014,0.000134,0
25,1.00471406665096,0.022122,0,0.201190000000004,0,0.196654000000004,0.000332,0.012993,0,0,0,0,0.432165999999991,0.742982000000017,0.736507000000016,0.000199,1.9e-05
26,1.00541435235545,0.021849,0,0.216024000000004,0,0.213943000000004,0.000247,0.016637,0,0,0,0,0.440174999999991,0.770553000000028,0.762773000000026,6.7e-05,0
27,1.00619455389291,0.024694,0,0.234690000000005,0,0.235017000000007,0.000122,0.021251,0,0,0,0,0.443566999999989,0.792548000000038,0.784596000000038,0,0
28,1.00709006704593,0.024621,0,0.248576000000006,0,0.253826000000008,0.000191,0.026967,0,0,0,0,0.459897999999989,0.813292000000037,0.804051000000036,0,0
29,1.00801256154739,0.0241,0,0.267851000000003,0,0.267025000000004,0.000161,0.0315410000000001,0,0,0,0,0.464966999999988,0.831152000000042,0.82291800000004,0,6.7e-05
30,1.00897924559396,0.025594,0,0.283064,0,0.275573000000003,0.000669,0.037729,0,0,0,0,0.473980999999984,0.847491000000052,0.83774800000005,0,0.000351
31,1.00998519790189,0.0285500000000001,0,0.303352,0,0.297147000000001,0.000929,0.046173,0,0,0,0,0.475775999999982,0.865815000000048,0.855334000000047,0,0.000741
32,1.01109315166405,0.0300750000000001,0,0.320296999999996,0,0.310037999999998,0.001303,0.0530069999999999,0,0,0,0,0.482342999999985,0.883147000000043,0.871845000000042,0,0.001007
33,1.01211536684044,0.0306110000000001,0,0.337015999999997,0,0.324949999999997,0.001586,0.0616719999999998,0,0,0,0,0.495303999999981,0.89621200000006,0.88605700000006,0,0.002049
34,1.01323071797477,0.029101,0,0.364104999999992,0,0.347553999999995,0.002676,0.0684069999999998,0,6.7e-05,0,0,0.505473999999981,0.911662000000059,0.901506000000056,0,0.003167
35,1.01437566868615,0.0299290000000001,0,0.38007999999999,0,0.360924999999992,0.003253,0.0764659999999995,0,0.000133,0,0,0.511794999999978,0.920999000000063,0.909065000000061,0,0.004315
36,1.01553002819719,0.031637,0,0.400505999999989,0,0.382821999999987,0.003176,0.0862299999999996,0,0.000267,0,0,0.515069999999983,0.933278000000061,0.922072000000059,0,0.006988
37,1.01671007409002,0.033503,0,0.414566999999988,0,0.394752999999989,0.004173,0.0956109999999993,6.7e-05,0.000267,0,5e-06,0.516953999999984,0.942201000000055,0.931547000000054,0,0.00926
38,1.0178630233141,0.0353860000000001,0,0.424657999999986,0,0.405067999999986,0.004615,0.107169999999999,6.7e-05,0.000428,0,0.000119,0.519663999999983,0.946835000000057,0.935712000000058,0,0.012133
39,1.01905901236656,0.036358,0,0.442007999999983,0,0.419327999999984,0.005643,0.121228999999999,4.6e-05,0.000468,0,0.000217,0.526022999999984,0.952272000000065,0.940224000000065,0,0.016241
40,1.0202187015227,0.037044,0,0.450215999999983,3.8e-05,0.432054999999984,0.00647000000000001,0.132867,0.000135,0.00068,0,0.000315,0.530210999999989,0.958291000000062,0.94576600000006,0,0.020338
41,1.02146846943213,0.037879,0,0.47192499999998,0,0.44669499999998,0.008884,0.148510000000001,0.000155,0.001238,0,0.000544,0.529589999999989,0.962791000000066,0.951961000000067,6.8e-05,0.0274900000000001
42,1.0226615446045,0.040316,0,0.491032999999978,0,0.456655999999979,0.009697,0.162458000000001,0.000156,0.001655,0,0.00106,0.542904999999985,0.966203000000057,0.956871000000057,7.3e-05,0.033184
43,1.02371693131859,0.039145,0,0.506443999999981,0,0.465845999999981,0.010194,0.177215000000002,0.000221,0.00239,0,0.001961,0.541339999999992,0.972839000000053,0.963791000000054,0.000388,0.041061
44,1.02482459303834,0.038129,0,0.522021999999985,2.8e-05,0.480948999999978,0.011889,0.192823000000003,0.000714,0.002338,0,0.002093,0.546915999999992,0.976155000000054,0.966401000000057,0.000467,0.0466379999999999
45,1.02591398158079,0.039937,0,0.528511999999986,0,0.488782999999976,0.014314,0.205022000000004,0.000849,0.003285,0,0.001991,0.552047999999993,0.977160000000061,0.967151000000063,2e-04,0.0565609999999998
46,1.02709993814356,0.0393200000000001,0,0.543009999999987,0,0.506079999999977,0.017346,0.220435000000004,0.001004,0.003389,0,0.002242,0.556325999999991,0.978497000000065,0.969002000000067,8.1e-05,0.0684189999999997
47,1.02822974807559,0.0393,0,0.55395299999999,6.7e-05,0.518832999999982,0.01931,0.233797000000005,0.001392,0.004001,0,0.002539,0.555432999999988,0.980602000000057,0.971475000000057,0.000303,0.0821349999999995
48,1.0293494902713,0.040238,6.7e-05,0.563316999999992,0.000266,0.533381999999984,0.023419,0.256881000000004,0.002279,0.00525,0,0.003508,0.560070999999993,0.982027000000068,0.973488000000068,6e-04,0.0923969999999994
49,1.03046427576934,0.042314,0.000267,0.579941999999996,6e-04,0.542137999999986,0.025751,0.268960000000002,0.0029,0.005692,0,0.00345,0.565581999999993,0.985244000000059,0.976865000000061,0.000668,0.107583999999999
50,1.03148855725951,0.040694,0.000468,0.598983,0.000601,0.555988999999988,0.0297720000000001,0.292981999999999,0.003083,0.006971,0,0.004041,0.566740999999993,0.988813000000054,0.980896000000055,0.001247,0.122916999999999
51,1.03267992654321,0.042439,0.000343,0.605626999999999,0.000667,0.575966999999993,0.0335090000000001,0.307675999999998,0.004019,0.007684,0,0.004902,0.570566999999996,0.991492000000066,0.984460000000068,0.001215,0.138186
52,1.0336186325965,0.0430549999999999,0.000469,0.621316000000002,0.001201,0.588353999999996,0.040018,0.321025999999994,0.005636,0.009653,0,0.005647,0.566244999999994,0.992948000000055,0.985602000000059,0.001597,0.154206000000001
53,1.03460987286522,0.044043,0.000303,0.625679000000005,0.001325,0.602068999999997,0.04242,0.331412999999992,0.007338,0.011106,0,0.00637700000000001,0.565611999999994,0.994148000000057,0.987564000000063,0.00147,0.175896000000002
54,1.03576863592289,0.0428299999999999,0.000551,0.632285000000002,0.001343,0.610248000000005,0.0456939999999999,0.343971999999993,0.00763300000000001,0.01407,0,0.008494,0.561999999999997,0.995382000000065,0.988692000000067,0.001468,0.196407000000003
55,1.03690487411657,0.043753,0.000657,0.642784000000009,0.001194,0.620777000000004,0.0480999999999999,0.36003999999999,0.009416,0.017106,0,0.011523,0.560825999999989,0.996683000000062,0.989606000000064,0.001268,0.210150000000004
56,1.03798947661496,0.0463119999999999,0.000827,0.660553000000012,0.001801,0.630120000000004,0.0506849999999999,0.38191899999999,0.01179,0.019457,0,0.014958,0.557837999999996,0.997831000000053,0.990870000000056,0.001831,0.227995000000005
57,1.03880326036468,0.044875,0.001496,0.673194000000014,0.002202,0.636711000000007,0.0536609999999999,0.389953999999989,0.013658,0.023058,0,0.018555,0.559185999999993,0.998428000000065,0.991853000000067,0.002123,0.244463000000005
58,1.03980051149469,0.0426539999999999,0.001607,0.682336000000013,0.002733,0.644518000000007,0.0564229999999999,0.405855999999987,0.017161,0.0268690000000001,0,0.020237,0.560833999999997,0.998790000000056,0.993844000000057,0.00227,0.261453000000004
59,1.04074049115714,0.042466,0.001484,0.694656000000016,0.00198,0.654852000000007,0.0587089999999999,0.419599999999985,0.019861,0.0292660000000001,0,0.023902,0.562716999999994,0.998876000000054,0.994026000000057,0.001906,0.280881
60,1.04170733907349,0.041915,0.001598,0.698706000000016,0.002236,0.661945000000009,0.0609699999999999,0.429606999999984,0.021756,0.0314830000000001,0,0.027272,0.566303999999995,0.999291000000064,0.994327000000067,0.002298,0.300021999999998
61,1.04281884080434,0.042786,0.002268,0.703383000000017,0.002396,0.669061000000012,0.0636999999999998,0.449688999999983,0.024601,0.036539,0,0.0310590000000001,0.569403999999994,0.999465000000057,0.99412800000006,0.002893,0.322156999999996
62,1.04366143842777,0.042755,0.001697,0.712263000000019,0.002939,0.681455000000011,0.0718949999999998,0.463897999999982,0.0262470000000001,0.039866,0,0.034329,0.568073999999998,0.999407000000056,0.994012000000059,0.003204,0.330773999999996
63,1.04462056328975,0.04294,0.002254,0.716592000000021,0.004231,0.700819000000016,0.0788279999999998,0.477822999999981,0.0294380000000001,0.043008,0,0.038702,0.575595999999993,1.00017700000005,0.994251000000058,0.003548,0.350049999999992
64,1.04564115758013,0.041477,0.00218,0.716715000000017,0.004687,0.708914000000016,0.0828939999999996,0.495712999999981,0.0335210000000001,0.04347,0,0.0452059999999999,0.577827999999995,1.00047600000006,0.995441000000058,0.003341,0.37462699999999
65,1.04631664176799,0.04484,0.002205,0.72141600000002,0.004164,0.71120800000002,0.0821149999999996,0.507786999999983,0.0354810000000001,0.0494829999999999,0,0.0479339999999999,0.584301,1.00070400000006,0.995528000000058,0.004302,0.40011699999999
66,1.04712230558221,0.0446759999999999,0.00235,0.727628000000017,0.003825,0.719495000000019,0.0904059999999997,0.518868999999986,0.037535,0.0555979999999999,0,0.0556119999999999,0.581537000000001,1.00085700000006,0.995701000000058,0.004207,0.410474999999988
67,1.04785214982926,0.045819,0.002129,0.737106000000018,0.003608,0.728657000000016,0.0937529999999997,0.530797999999989,0.038053,0.0583119999999998,0,0.0601789999999998,0.578451999999996,1.00087000000005,0.995772000000056,0.003344,0.425695999999987
68,1.04872815422657,0.044537,0.002151,0.739217000000022,0.004184,0.73615400000002,0.0962379999999995,0.55110499999999,0.039462,0.0659959999999998,0,0.0657209999999997,0.577588999999993,1.00080700000006,0.996009000000059,0.004127,0.446635999999984
69,1.04937941441041,0.042523,0.002084,0.74002500000002,0.004383,0.747479000000024,0.0970969999999998,0.56218499999999,0.042717,0.0660159999999998,0,0.0681939999999998,0.579348999999995,1.00087600000005,0.995918000000057,0.004669,0.463015999999981
70,1.05034484347172,0.043553,0.002535,0.746583000000022,0.004908,0.760086000000026,0.105593999999999,0.571894999999996,0.045483,0.0704849999999996,0,0.0732299999999997,0.583067999999997,1.00077600000005,0.996516000000053,0.005537,0.476657999999983
71,1.05136577865963,0.045693,0.002496,0.75146200000002,0.004471,0.771302000000021,0.108169999999999,0.584695999999999,0.047948,0.0818059999999996,0,0.0827529999999997,0.590522999999998,1.00081100000005,0.996832000000056,0.005067,0.49401699999998
72,1.05248968867707,0.047891,0.003141,0.757840000000026,0.005202,0.784943000000031,0.116417999999999,0.599880000000001,0.0512589999999999,0.0868219999999996,0,0.0885889999999996,0.593732000000001,1.00086400000005,0.996570000000056,0.005715,0.500443999999981
73,1.05394633440625,0.0481569999999999,0.003893,0.756302000000028,0.006573,0.796456000000037,0.120185999999999,0.610644000000004,0.0546369999999999,0.0948189999999995,0,0.0930029999999995,0.592755000000001,1.00084400000006,0.996911000000062,0.00632,0.515192999999984
74,1.05485167430757,0.0498059999999999,0.005388,0.754059000000022,0.00618,0.803397000000027,0.131873,0.625727000000006,0.0624319999999999,0.0999629999999994,0,0.102011999999999,0.595542000000001,1.00077000000005,0.996786000000055,0.00702500000000001,0.532685999999988
75,1.05568922653702,0.0498099999999999,0.005987,0.758262000000023,0.008424,0.812705000000029,0.136088,0.632402000000006,0.0685829999999998,0.107923999999999,0,0.110061999999999,0.595713999999998,1.00078200000005,0.99672900000005,0.00687,0.54326399999999
76,1.05616428668901,0.0498939999999999,0.0069,0.762471000000023,0.008473,0.824007000000034,0.141719,0.639287000000006,0.0730549999999998,0.110397999999999,0,0.114899999999999,0.586828,1.00071000000005,0.99711900000005,0.006741,0.560722999999993
77,1.05726269754722,0.0498659999999999,0.00827,0.769744000000017,0.009376,0.827665000000027,0.147186000000001,0.646413000000005,0.0798079999999999,0.119695999999999,0,0.121969,0.592835,1.00075000000005,0.996757000000051,0.005977,0.565493999999996
78,1.05818040156874,0.0491329999999999,0.00837300000000001,0.777619000000026,0.010053,0.833942000000033,0.155727000000001,0.661697000000013,0.0857649999999997,0.125916999999999,0,0.128067,0.591316,1.00067800000005,0.99635600000005,0.006233,0.570249999999994
79,1.05925233831558,0.051146,0.011375,0.771702000000029,0.011273,0.842564000000037,0.161277000000001,0.672495000000013,0.0940749999999994,0.133758,0,0.135662,0.594753000000004,1.00069200000005,0.996518000000051,0.00672,0.575282999999999
80,1.06016117682191,0.051106,0.013936,0.765454000000027,0.012675,0.849710000000034,0.170462000000001,0.680418000000015,0.0959569999999995,0.138562,0,0.143531000000001,0.596419000000004,1.00069500000005,0.996705000000054,0.007228,0.583900000000003
81,1.06093085383633,0.050668,0.01578,0.761528000000025,0.013173,0.852103000000036,0.176196000000002,0.688513000000014,0.104967,0.144565,0,0.147971000000001,0.597891000000001,1.00073500000005,0.996848000000049,0.007255,0.599718000000001
82,1.06193025070069,0.0522559999999999,0.016905,0.755643000000026,0.013139,0.855597000000034,0.181537000000002,0.697332000000016,0.109962999999999,0.154122000000001,0,0.154061000000001,0.595810000000001,1.00065500000005,0.996616000000053,0.008269,0.604270000000006
83,1.06255997533941,0.0502909999999999,0.017685,0.757487000000023,0.015159,0.862821000000033,0.185471000000003,0.700260000000014,0.118101999999999,0.160106000000001,0,0.157728000000001,0.596668,1.00067900000005,0.996877000000049,0.00865199999999999,0.620652000000003
84,1.06298181164967,0.052362,0.018919,0.758584000000025,0.015818,0.866713000000036,0.187904000000003,0.713862000000021,0.125984999999999,0.166885000000002,0,0.172341000000002,0.600220000000005,1.00069400000005,0.996605000000051,0.008807,0.631459000000008
85,1.06392786546209,0.0544629999999999,0.020197,0.759932000000022,0.018324,0.872740000000034,0.194338000000003,0.72482100000002,0.137729,0.179422000000002,0,0.182224000000003,0.604014000000004,1.00063200000004,0.996782000000049,0.009742,0.635804000000005
86,1.06472793921696,0.053564,0.022649,0.761860000000027,0.018081,0.877995000000038,0.201776000000003,0.731777000000025,0.146397,0.186464000000003,0,0.188191000000003,0.597335000000002,1.00070300000004,0.99725100000005,0.00961499999999999,0.635974000000011
87,1.06564466997268,0.0530209999999999,0.0257420000000001,0.759845000000021,0.019097,0.884579000000031,0.208692000000004,0.734734000000017,0.152107000000001,0.197718000000003,0,0.200626000000003,0.594621,1.00065300000004,0.997430000000048,0.010223,0.649828000000014
88,1.06634692981023,0.0570439999999999,0.0307100000000001,0.758862000000023,0.021543,0.890335000000032,0.216349000000004,0.73967100000002,0.156345000000001,0.205972000000003,0,0.208739000000003,0.602514000000001,1.00063500000004,0.996786000000045,0.010542,0.657711000000008
89,1.06702512645764,0.0592459999999999,0.033269,0.760947000000024,0.021031,0.893705000000035,0.219579000000004,0.744958000000023,0.159567000000001,0.214509000000003,0,0.216416000000004,0.601019000000002,1.00066900000004,0.996996000000047,0.011431,0.67006600000001
90,1.06764079995565,0.0614279999999999,0.036335,0.758921000000018,0.021512,0.890850000000032,0.227623000000004,0.753985000000024,0.162833000000001,0.219146000000004,0,0.219245000000003,0.601574000000006,1.00060800000004,0.997299000000043,0.012803,0.674032000000016
91,1.06796856568128,0.0651189999999998,0.040152,0.759984000000029,0.0240730000000001,0.891383000000036,0.233290000000004,0.76543000000003,0.171264000000002,0.229363000000004,0,0.226768000000004,0.602133000000008,1.00063500000004,0.997086000000045,0.01487,0.680694000000017
92,1.06926507952006,0.0637799999999998,0.0442829999999999,0.751336000000027,0.027864,0.894047000000032,0.235938000000005,0.774005000000026,0.174542000000002,0.236058000000005,0,0.229836000000004,0.604857000000006,1.00059000000004,0.997384000000042,0.013891,0.694425000000014
93,1.06969278555191,0.0648399999999999,0.050451,0.755195000000024,0.026562,0.896627000000033,0.245846000000004,0.783816000000029,0.186539000000003,0.249131000000005,0,0.242307000000005,0.611979000000005,1.00060400000004,0.997191000000047,0.01419,0.706308000000016
94,1.07079563881386,0.0672359999999999,0.0532549999999999,0.752123000000022,0.0267000000000001,0.898695000000033,0.259788000000003,0.788273000000026,0.194766000000003,0.253164000000004,0,0.249902000000004,0.61510600000001,1.00057300000004,0.997130000000044,0.014913,0.711880000000022
95,1.07146809847508,0.0680969999999999,0.056139,0.752657000000023,0.0279120000000001,0.898932000000034,0.268582000000002,0.795355000000027,0.203388000000003,0.261758000000002,0,0.259801000000002,0.618671000000007,1.00058400000004,0.997210000000047,0.01402,0.722907000000019
96,1.07182168294762,0.0679119999999998,0.0598189999999998,0.759507000000028,0.024999,0.897664000000041,0.274089000000002,0.80116000000003,0.212882000000003,0.270795000000001,0,0.271436000000001,0.617832000000006,1.00057800000005,0.997237000000051,0.015672,0.727412000000013
97,1.07214430127424,0.0686409999999998,0.0637479999999999,0.767506000000024,0.024385,0.900099000000031,0.282964000000002,0.809567000000023,0.222446000000003,0.282305999999998,0,0.276112,0.614513000000004,1.00052600000004,0.997047000000042,0.017237,0.734089000000022
98,1.07286907082194,0.067365,0.0672269999999998,0.765015000000024,0.026389,0.900505000000031,0.289394999999999,0.815985000000029,0.226160000000004,0.289495999999997,0,0.283482999999998,0.613854000000006,1.00055900000004,0.997356000000044,0.017874,0.744118000000021
99,1.07378100953219,0.0681979999999998,0.0731659999999999,0.764292000000027,0.024927,0.903893000000032,0.301556999999998,0.82256800000003,0.234612000000004,0.299068999999996,0,0.296692999999997,0.613949000000008,1.00059700000004,0.997151000000041,0.018855,0.753414000000024
100,1.07443601594804,0.068423,0.0763079999999998,0.760881000000024,0.024742,0.907350000000032,0.306342999999997,0.83273200000003,0.236402000000003,0.306221999999995,0,0.302909999999996,0.611575000000005,1.00055300000004,0.99735900000004,0.019675,0.762293000000018
101,1.07523002416387,0.0667639999999999,0.0842459999999998,0.76544200000002,0.024629,0.913025000000027,0.314340999999997,0.833463000000027,0.240659000000003,0.314569999999995,0,0.311305999999996,0.614123000000007,1.00053200000004,0.99732100000004,0.021276,0.771953000000024
102,1.07601924300165,0.068618,0.0888449999999999,0.760817000000015,0.026994,0.913524000000028,0.325969999999995,0.841692000000025,0.251947000000004,0.324509999999996,0,0.322972999999996,0.610566000000001,1.00056700000003,0.997146000000036,0.022698,0.784932000000025
103,1.07700918070524,0.0696489999999999,0.0909869999999997,0.760296000000027,0.026984,0.91578100000003,0.325736999999995,0.847166000000029,0.254456000000003,0.328506999999994,0,0.329345999999994,0.615135000000004,1.00052500000004,0.997296000000046,0.023025,0.784243000000023
104,1.07811526913387,0.0705629999999999,0.0949869999999997,0.759357000000021,0.028809,0.916240000000028,0.326093999999993,0.850406000000026,0.262352,0.336520999999993,0,0.341552999999993,0.612968000000012,1.00050800000004,0.997348000000042,0.024788,0.793615000000024
105,1.07876860698701,0.0703169999999999,0.0970189999999996,0.756346000000019,0.0302840000000001,0.919005000000032,0.333261999999994,0.856813000000031,0.270223,0.342564999999994,0,0.349600999999994,0.615107000000005,1.00054100000004,0.997157000000045,0.027971,0.794685000000027
106,1.07973518365891,0.0704059999999999,0.100148,0.758355000000022,0.030655,0.921055000000036,0.336302999999996,0.862322000000034,0.276629999999999,0.347479999999992,0,0.347966999999992,0.612136000000003,1.00054600000004,0.997178000000046,0.024945,0.791165000000027
107,1.08089913818694,0.0709059999999999,0.105616,0.765092000000023,0.028069,0.924196000000031,0.347018999999992,0.869392000000029,0.293113999999997,0.361854999999992,0,0.360126999999991,0.605436000000007,1.00050600000004,0.99722200000004,0.026479,0.79932500000003
108,1.08148606641902,0.0734319999999998,0.11052,0.766672000000016,0.028112,0.925368000000029,0.351696999999992,0.872106000000029,0.306362999999997,0.377184999999992,0,0.370028999999993,0.611957000000001,1.00050600000004,0.997266000000038,0.0268340000000001,0.805372000000026
109,1.08248427805836,0.0752319999999999,0.119527999999999,0.761796000000025,0.026745,0.925896000000035,0.362633999999991,0.874699000000035,0.310318999999996,0.384074999999991,0,0.37823799999999,0.622759000000008,1.00055200000004,0.997183000000045,0.027383,0.811456000000026
110,1.08399109617346,0.0711369999999999,0.128791,0.758749000000012,0.026526,0.92835400000003,0.376570999999991,0.878640000000029,0.321653999999996,0.383857999999992,0,0.380549999999992,0.617348000000007,1.00048500000004,0.99707400000004,0.027427,0.816745000000028
111,1.08479866954015,0.0742829999999998,0.142156000000001,0.758756000000023,0.0282180000000001,0.934194000000033,0.381569999999988,0.885878000000031,0.331178999999995,0.39215799999999,0,0.39285399999999,0.624998000000008,1.00047500000004,0.997362000000044,0.0293960000000001,0.822323000000028
112,1.08622192539463,0.0756069999999997,0.150561000000001,0.758936000000013,0.029063,0.938671000000029,0.39211299999999,0.886245000000029,0.336828999999994,0.399635999999991,0,0.39733299999999,0.616116000000005,1.00048700000003,0.997325000000038,0.0297970000000001,0.829181000000027
113,1.08620345962194,0.0730859999999998,0.152909000000001,0.763738000000016,0.029735,0.938184000000028,0.395655999999989,0.888274000000028,0.346524999999992,0.40705799999999,0,0.406627999999991,0.621419000000006,1.00051100000003,0.997107000000036,0.030011,0.837133000000022
114,1.08665314785426,0.0746629999999999,0.161343000000001,0.768321000000023,0.030424,0.940936000000033,0.402701999999987,0.891072000000031,0.353857999999991,0.41371399999999,0,0.415966999999989,0.625476000000009,1.00049300000004,0.997207000000041,0.029332,0.844274000000028
115,1.0871595282212,0.0755479999999999,0.164085000000001,0.77082100000002,0.030566,0.939551000000035,0.40787199999999,0.895440000000034,0.363279999999994,0.423450999999989,0,0.428589999999988,0.628768000000007,1.00052700000004,0.997142000000044,0.0294840000000001,0.844822000000022
116,1.08877830875877,0.0770189999999998,0.175551000000002,0.773900000000018,0.0311580000000001,0.939596000000031,0.417731999999986,0.90184100000003,0.372207999999991,0.432258999999988,0,0.438850999999988,0.625457000000007,1.00052800000003,0.997092000000038,0.031231,0.847847000000026
117,1.09060310120428,0.0716429999999997,0.187539000000002,0.782083000000017,0.031207,0.941933000000027,0.428818999999987,0.909228000000029,0.381510999999993,0.44030599999999,0,0.45895099999999,0.619310000000004,1.00045300000003,0.997286000000037,0.0326820000000001,0.855864000000028
118,1.09176241230089,0.0733689999999998,0.202045000000003,0.788699000000019,0.034238,0.944649000000032,0.434522999999986,0.910865000000032,0.395448999999991,0.445686999999989,0,0.465810999999986,0.615048000000003,1.00056600000004,0.997126000000041,0.032191,0.857558000000025
119,1.09328978791574,0.0769169999999998,0.208732000000003,0.789317000000019,0.033442,0.947636000000027,0.434759999999987,0.908443000000024,0.40227099999999,0.448498999999989,0,0.470673999999987,0.619328,1.00045100000003,0.996922000000035,0.031016,0.86419900000002
120,1.09406711695498,0.0754169999999998,0.216104000000002,0.790440000000022,0.033086,0.950383000000032,0.435934999999989,0.910345000000029,0.408711999999991,0.459033999999988,0,0.477098999999988,0.614337000000008,1.00044800000004,0.997321000000039,0.033776,0.869548000000029
121,1.09471152248691,0.0780819999999999,0.226231000000003,0.798648000000016,0.032115,0.951081000000025,0.44256599999999,0.909602000000027,0.420369999999991,0.468191999999991,0,0.48172199999999,0.607063000000004,1.00045100000003,0.997086000000036,0.033642,0.876683000000028
122,1.09596606189171,0.0810709999999999,0.228104000000003,0.791338000000019,0.0334360000000001,0.950465000000031,0.443014999999988,0.90898700000003,0.428700999999989,0.471785999999988,0,0.485576999999987,0.614564000000005,1.00041500000004,0.997105000000038,0.035436,0.884937000000025
123,1.09763412223795,0.076567,0.234164000000003,0.792214000000018,0.034723,0.949443000000023,0.443261999999988,0.912491000000024,0.43598799999999,0.483763999999988,0,0.490210999999988,0.621649,1.00046200000003,0.997058000000032,0.0339210000000001,0.890988000000028
124,1.09872297528724,0.0765509999999998,0.240981000000003,0.794571000000019,0.034985,0.949897000000033,0.450450999999988,0.914707000000032,0.449661999999988,0.492341999999986,0,0.506026999999987,0.617623000000008,1.00047400000004,0.997050000000042,0.034314,0.890156000000028
125,1.10012604452672,0.0801149999999999,0.247640000000002,0.798739000000019,0.035848,0.950035000000025,0.452532999999989,0.914439000000027,0.457570999999991,0.49479899999999,0,0.514573999999992,0.616139000000004,1.00041100000003,0.996876000000033,0.037523,0.889716000000023
126,1.10099404397589,0.0809619999999999,0.259081000000002,0.802865000000021,0.03635,0.957050000000033,0.461350999999989,0.918708000000031,0.46457299999999,0.507629999999991,0,0.528169999999995,0.615765000000004,1.00045100000003,0.997085000000038,0.035466,0.901145000000024
127,1.10191777797882,0.0777599999999998,0.267695000000001,0.801842000000019,0.036205,0.961452000000025,0.466244999999988,0.921603000000025,0.475120999999989,0.512693999999991,0,0.530251999999995,0.616923000000003,1.00041800000003,0.997213000000034,0.035961,0.907284000000027
128,1.10306487438573,0.0792689999999999,0.280593999999999,0.800493000000018,0.036171,0.96312500000003,0.480189999999988,0.924850000000029,0.484025999999987,0.524257999999993,0,0.539523999999995,0.617729000000002,1.00042700000003,0.997390000000037,0.037496,0.91019700000002
129,1.10495442451559,0.0783359999999999,0.284960999999998,0.802562000000018,0.03496,0.964304000000025,0.486523999999988,0.930284000000026,0.495259999999987,0.541643999999998,0,0.549147999999997,0.610638,1.00042200000003,0.997054000000031,0.039031,0.916042000000024
130,1.10716985813677,0.0820739999999997,0.297615999999999,0.806128000000019,0.036316,0.96401000000003,0.493663999999986,0.933605000000028,0.497331999999987,0.544155999999996,0,0.548175999999997,0.606378000000005,1.00040100000003,0.997143000000036,0.039626,0.915734000000031
131,1.10803012911658,0.0802940000000001,0.302123999999998,0.80587300000002,0.035649,0.963829000000029,0.495905999999987,0.93412300000003,0.50498399999999,0.551808999999999,0,0.552446,0.597809000000001,1.00038100000003,0.997092000000034,0.039552,0.918573000000023
132,1.10926890680097,0.0804429999999997,0.310922999999997,0.807907000000016,0.03784,0.963491000000027,0.500347999999986,0.936239000000028,0.514570999999991,0.560571,0,0.557631999999999,0.601873000000004,1.00043300000003,0.997174000000032,0.039297,0.925394000000025
133,1.11003319307778,0.0842229999999996,0.317444999999997,0.803960000000017,0.039447,0.965338000000026,0.504453999999988,0.935940000000027,0.524144999999992,0.558310999999998,0,0.557937999999998,0.604641000000003,1.00040300000003,0.996976000000034,0.036562,0.926155000000029
134,1.11097228115916,0.0832199999999996,0.330003999999997,0.80820200000002,0.039502,0.963847000000029,0.511577999999992,0.943022000000028,0.535766999999996,0.571073999999999,0,0.571292000000001,0.603897000000003,1.00040000000003,0.997129000000033,0.041514,0.928987000000029
135,1.11201770607576,0.0828079999999998,0.335310999999996,0.804840000000017,0.039932,0.967228000000026,0.51680599999999,0.943977000000027,0.544792999999994,0.578069000000001,0,0.578497,0.601980000000003,1.00035800000003,0.997074000000032,0.0422449999999999,0.929127000000025
136,1.11324092555248,0.0848189999999998,0.349315999999997,0.809674000000019,0.041887,0.968554000000027,0.529855999999996,0.942545000000027,0.551183000000001,0.580751000000003,0,0.583436000000004,0.599202000000004,1.00035800000003,0.997104000000032,0.042546,0.932820000000026
137,1.11488406915862,0.084912,0.357586999999995,0.809953000000014,0.043482,0.969655000000024,0.534261999999995,0.944027000000022,0.557746999999998,0.584906000000001,0,0.592749000000002,0.602651000000003,1.00038000000003,0.996974000000029,0.04444,0.933470000000022
138,1.11645048127582,0.0870369999999998,0.358700999999995,0.807354000000013,0.045222,0.972065000000022,0.531841999999994,0.947407000000023,0.565112,0.589122000000002,0,0.590235000000003,0.598168,1.00039000000002,0.996996000000026,0.041166,0.933448000000022
139,1.11793424396546,0.0853059999999998,0.364919999999994,0.807803000000016,0.0461539999999999,0.972418000000028,0.538211999999997,0.947586000000025,0.571165999999999,0.596609000000002,0,0.595650000000002,0.600561000000003,1.00036100000003,0.997138000000032,0.042393,0.934854000000022
140,1.11963685781905,0.0860289999999997,0.373345999999995,0.808971000000016,0.047758,0.974351000000027,0.545911999999994,0.948113000000027,0.576985000000002,0.601785000000004,0,0.601995000000005,0.598401000000002,1.00032100000003,0.996972000000031,0.043155,0.933184000000024
141,1.12021123152714,0.0867349999999999,0.385118999999994,0.812080000000015,0.045568,0.977087000000024,0.549356999999997,0.951050000000024,0.587352000000004,0.610169000000003,0,0.616650000000004,0.601212000000003,1.00036100000003,0.997050000000029,0.044473,0.93563800000003
142,1.12159021155318,0.0869879999999998,0.391800999999995,0.814623000000014,0.045894,0.975893000000022,0.555481,0.951042000000022,0.590536000000004,0.615327000000005,0,0.612815000000006,0.599775000000002,1.00037400000003,0.996978000000029,0.0427049999999999,0.94082900000002
143,1.12300117203934,0.0857159999999998,0.397160999999994,0.822271000000016,0.044067,0.975795000000019,0.565334000000003,0.951037000000019,0.597668000000006,0.624156000000007,0,0.622568000000006,0.595646000000002,1.00030000000002,0.996891000000022,0.041087,0.940863000000021
144,1.12365363572032,0.0845469999999999,0.408522999999995,0.824651000000015,0.042694,0.977972000000022,0.575282000000002,0.949934000000023,0.603182000000002,0.628485000000002,0,0.626831000000001,0.591259000000002,1.00036600000002,0.996953000000028,0.0430429999999999,0.940070000000024
145,1.12512899294405,0.0879149999999998,0.412872999999994,0.823356000000016,0.045626,0.977160000000024,0.577674,0.951044000000023,0.609829000000003,0.627926000000003,0,0.629453000000005,0.590233,1.00033700000002,0.996885000000027,0.046635,0.942048000000029
146,1.12700795836229,0.0867559999999998,0.423014999999994,0.82572100000002,0.045767,0.978895000000027,0.585402000000003,0.952256000000028,0.615749000000008,0.63129400000001,0,0.631829000000011,0.589422000000005,1.00032300000003,0.997061000000031,0.0477509999999999,0.945147000000024
147,1.12855984832098,0.0865199999999997,0.433254999999994,0.830308000000011,0.042538,0.979091000000022,0.590379999999999,0.951945000000022,0.617105000000006,0.639203000000006,0,0.632300000000006,0.582466,1.00029200000002,0.996858000000025,0.048614,0.946764000000023
148,1.13037231543741,0.0856189999999999,0.441724999999993,0.834579000000016,0.042486,0.981121000000024,0.595797000000003,0.955403000000023,0.620357000000003,0.638318000000001,0,0.633406000000004,0.578337999999999,1.00031400000003,0.996906000000027,0.049066,0.948608000000023
149,1.13112627377184,0.0866879999999999,0.448363999999994,0.830679000000011,0.042488,0.98146500000002,0.602471000000006,0.956978000000021,0.624935000000005,0.640900000000006,0,0.640501000000006,0.572596000000001,1.00026600000002,0.996860000000023,0.047588,0.951192000000023
150,1.13313515403408,0.0860869999999998,0.457148999999993,0.830395000000016,0.044446,0.982892000000022,0.604873000000005,0.957701000000021,0.630845000000007,0.64754500000001,0,0.648281000000008,0.573590999999996,1.00038200000002,0.997126000000027,0.0486279999999999,0.954329000000024
151,1.13532663742201,0.0844489999999998,0.464330999999992,0.835681000000014,0.045773,0.98438600000002,0.609130000000004,0.960214000000021,0.635446000000009,0.653691000000008,0,0.653450000000009,0.577517999999999,1.00028900000002,0.997050000000024,0.050286,0.953781000000021
152,1.1363450254158,0.0851209999999998,0.46943799999999,0.839916000000018,0.0431,0.983754000000023,0.610323000000004,0.958181000000023,0.638585000000007,0.650828000000007,0,0.653424000000007,0.574029999999999,1.00029200000002,0.996640000000026,0.0504659999999999,0.953164000000024
153,1.1374347802952,0.0848599999999998,0.478089999999993,0.842306000000014,0.0443059999999999,0.984555000000018,0.616147000000006,0.957566000000018,0.638881000000006,0.658381000000005,0,0.659126000000006,0.561745999999997,1.00029800000002,0.996895000000022,0.052453,0.953373000000027
154,1.13892481985741,0.0838829999999999,0.486806999999992,0.845361000000014,0.041469,0.985033000000021,0.625814000000005,0.958361000000021,0.642578000000007,0.662877000000006,0,0.661521000000006,0.562865999999997,1.00026200000002,0.997003000000023,0.052496,0.956797000000021
155,1.1396058968997,0.0836059999999999,0.495633999999993,0.847233000000017,0.039396,0.984397000000024,0.631006000000006,0.959355000000024,0.647886000000007,0.663309000000008,0,0.668056000000009,0.560173,1.00031400000002,0.996975000000026,0.0553439999999999,0.957887000000022
156,1.14116601737259,0.0806979999999998,0.502154999999993,0.839288000000015,0.043325,0.985660000000022,0.63893600000001,0.958734000000021,0.643065000000008,0.662830000000008,0,0.669170000000008,0.559604999999997,1.00032300000002,0.996969000000025,0.056216,0.961623000000021
157,1.14238592384518,0.0803799999999999,0.511143999999994,0.840538000000017,0.040322,0.985465000000026,0.645472000000009,0.957385000000026,0.64668200000001,0.67057100000001,0,0.676404000000012,0.559489,1.00032600000003,0.997293000000031,0.055898,0.964214000000017
158,1.14427657254918,0.0801989999999998,0.516329999999994,0.843253000000017,0.039004,0.985803000000027,0.649344000000011,0.957015000000025,0.65066300000001,0.675379000000008,0,0.681703000000007,0.562351999999999,1.00035500000003,0.996970000000029,0.0553849999999999,0.966883000000024
159,1.14682945358257,0.0762619999999999,0.522760999999996,0.846181000000016,0.0412159999999999,0.985186000000023,0.659508000000013,0.958161000000021,0.653519000000011,0.67484000000001,0,0.681169000000011,0.561712000000001,1.00027600000002,0.997263000000025,0.054673,0.966734000000018
160,1.14769989713786,0.0769529999999999,0.530712999999997,0.847971000000013,0.041962,0.984773000000015,0.668587000000012,0.958537000000016,0.651725000000008,0.680006000000007,0,0.687315000000007,0.560398999999999,1.00024700000002,0.996942000000018,0.055871,0.969441000000023
161,1.14806027490558,0.0775169999999999,0.543872,0.851286000000013,0.043021,0.986035000000016,0.67887000000001,0.960020000000016,0.659692000000006,0.687178000000009,0,0.690011000000007,0.554543999999997,1.00028000000002,0.996949000000021,0.055998,0.96994100000002
162,1.14847816884566,0.0743179999999998,0.562801000000002,0.853625000000016,0.042552,0.98623100000002,0.691050000000014,0.959889000000019,0.663400000000007,0.696464000000009,0,0.691821000000008,0.556069999999998,1.00024200000002,0.997117000000023,0.056831,0.971989000000016
163,1.14966454679411,0.0748139999999998,0.572207000000002,0.853685000000015,0.0434379999999999,0.986347000000023,0.697156000000013,0.961069000000022,0.67141900000001,0.70546700000001,0,0.69518600000001,0.556397000000003,1.00025300000002,0.996894000000027,0.0566489999999999,0.971174000000023
164,1.14965305014866,0.0721589999999997,0.576602999999998,0.854970000000014,0.046687,0.987579000000022,0.699511000000009,0.961935000000022,0.676472000000007,0.703777000000008,0,0.699760000000006,0.553037999999995,1.00028500000002,0.997119000000026,0.059211,0.972832000000025
165,1.1504670045082,0.0669439999999999,0.577561000000002,0.856442000000009,0.047692,0.989336000000015,0.699685000000006,0.963615000000014,0.675479000000007,0.706903000000007,0,0.698635000000004,0.541967999999994,1.00028800000002,0.997134000000018,0.0583119999999999,0.975045000000017
166,1.15200287795923,0.0661599999999999,0.586688000000003,0.855265000000014,0.047214,0.989989000000021,0.707361000000013,0.96359300000002,0.680842000000011,0.708442000000011,0,0.700761000000011,0.545692999999999,1.00024800000002,0.996893000000023,0.061175,0.975800000000025
167,1.15439558793678,0.068565,0.592686,0.854972000000011,0.046819,0.990570000000014,0.709141000000007,0.964034000000014,0.685290000000004,0.713761000000007,0,0.703150000000006,0.546002999999996,1.00020400000001,0.996874000000018,0.060434,0.976074000000016
168,1.15651159504948,0.0663139999999999,0.598881000000003,0.855249000000013,0.046334,0.990289000000019,0.710588000000009,0.96584900000002,0.690779000000005,0.719085000000005,0,0.713320000000004,0.542998999999998,1.00025000000002,0.997022000000022,0.0606639999999999,0.977451000000018
169,1.15796764314767,0.0662879999999999,0.603590000000005,0.856500000000017,0.047029,0.990292000000023,0.708476000000014,0.968104000000023,0.695622000000009,0.71955400000001,0,0.717687000000009,0.539379999999997,1.00024800000002,0.996820000000027,0.061354,0.979020000000016
170,1.15965480200376,0.0691139999999999,0.612678000000002,0.857433000000011,0.049057,0.989102000000019,0.71311100000001,0.971372000000019,0.704893000000009,0.727139000000009,0,0.726531000000009,0.538501999999995,1.00022900000002,0.996826000000023,0.063329,0.980592000000019
171,1.16175377719541,0.064972,0.621524000000004,0.863106000000019,0.048329,0.989542000000026,0.717750000000015,0.971281000000025,0.710535000000012,0.727935000000012,0,0.730359000000012,0.530712999999996,1.00024500000003,0.996910000000028,0.0618349999999999,0.980305000000019
172,1.16380659611975,0.067619,0.627187000000007,0.861482000000014,0.047888,0.990280000000019,0.721665000000013,0.971740000000019,0.714256000000011,0.732738000000011,0,0.732246000000011,0.523062999999994,1.00024900000002,0.997086000000021,0.0592029999999999,0.981610000000014
173,1.16624244332545,0.0697309999999999,0.630916000000007,0.866523000000012,0.048706,0.989347000000018,0.725150000000011,0.970334000000017,0.722815000000008,0.739538000000008,0,0.734501000000008,0.518674999999995,1.00021500000002,0.996923000000021,0.061397,0.980778000000021
174,1.16756379601375,0.0671659999999999,0.640452000000007,0.874980000000014,0.045702,0.988040000000017,0.734513000000011,0.971309000000018,0.72573400000001,0.74204000000001,0,0.74207600000001,0.513022999999994,1.00022900000002,0.996921000000021,0.0669539999999999,0.980704000000015
175,1.16956967061533,0.0662149999999999,0.644439000000005,0.877135000000012,0.046741,0.987322000000016,0.733542000000011,0.973920000000016,0.732702000000007,0.753114000000008,0,0.751240000000008,0.506104999999989,1.00019100000002,0.99639900000002,0.0733679999999999,0.98171800000002
176,1.17166436989542,0.067161,0.650284000000006,0.879401000000008,0.047841,0.987451000000011,0.735243000000011,0.976169000000012,0.74322900000001,0.758942000000009,0,0.759682000000006,0.50477999999999,1.00024200000001,0.996680000000015,0.0781329999999999,0.981894000000014
177,1.17416001500331,0.0685369999999999,0.650115000000006,0.88017300000001,0.049808,0.988291000000013,0.732676000000009,0.977829000000013,0.749111000000007,0.762149000000007,0,0.758691000000007,0.501575999999993,1.00019200000001,0.997016000000015,0.0780589999999999,0.981764000000017
178,1.17543280445959,0.0707779999999999,0.652345000000004,0.882981000000009,0.0504309999999999,0.989531000000014,0.733045000000007,0.978710000000014,0.750787000000007,0.766018000000007,0,0.763115000000007,0.500619999999992,1.00014500000002,0.996757000000016,0.0768919999999999,0.983403000000016
179,1.17867112183589,0.0704269999999999,0.657890000000007,0.881845000000008,0.055028,0.990026000000011,0.73859200000001,0.979215000000012,0.750135000000005,0.765049000000005,0,0.764186000000005,0.496151999999993,1.00020800000001,0.996698000000013,0.0783199999999998,0.983605000000016
180,1.18121469411682,0.0705309999999999,0.667185000000003,0.88434700000001,0.05322,0.991992000000014,0.747083000000005,0.979809000000014,0.749835000000006,0.764050000000004,0,0.770720000000008,0.492330999999992,1.00017700000001,0.996750000000016,0.0800979999999999,0.986654000000015
181,1.18231086135298,0.072515,0.677149000000004,0.88545900000001,0.051888,0.992041000000015,0.751272000000008,0.978533000000015,0.747394000000006,0.770646000000006,0,0.778829000000007,0.485283999999993,1.00015800000002,0.996818000000017,0.0809379999999999,0.985964000000015
182,1.18389752252893,0.0694909999999999,0.685812000000005,0.888195000000008,0.050925,0.993062000000015,0.757455000000008,0.978867000000016,0.753489000000006,0.776586000000006,0,0.785150000000006,0.481203999999995,1.00015300000002,0.996669000000017,0.0820820000000001,0.984828000000015
183,1.18492514557851,0.0704879999999999,0.695440000000005,0.888062000000008,0.05194,0.991821000000014,0.765277000000007,0.979889000000014,0.754656000000008,0.780696000000006,0,0.783709000000006,0.478002999999993,1.00011700000001,0.996738000000016,0.0841309999999999,0.985305000000017
184,1.18625107681642,0.070415,0.698095000000004,0.892474000000011,0.0503020000000001,0.990843000000015,0.765756000000007,0.979724000000015,0.761685000000007,0.791909000000007,0,0.791445000000007,0.473187999999993,1.00015000000002,0.996907000000018,0.0896509999999999,0.985441000000015
185,1.18799012089505,0.068934,0.703363000000003,0.895521000000009,0.047209,0.989667000000013,0.771356000000008,0.977981000000013,0.765620000000006,0.795429000000006,0,0.794495000000005,0.466221999999993,1.00015300000001,0.996571000000014,0.086488,0.987571000000019
186,1.19109196310073,0.0686799999999999,0.712921000000007,0.899034000000008,0.046412,0.990413000000012,0.780040000000008,0.979422000000012,0.771098000000005,0.803693000000004,0,0.803028000000004,0.461867999999994,1.00013500000001,0.996698000000014,0.090662,0.987117000000017
187,1.19315850765672,0.070653,0.713650000000004,0.897433000000009,0.048752,0.990231000000012,0.778830000000007,0.979886000000013,0.773871000000006,0.803239000000005,0,0.805574000000007,0.455872999999993,1.00015000000001,0.997187000000014,0.0905969999999999,0.987558000000013
188,1.19451035624591,0.077704,0.715183000000003,0.894881000000007,0.052417,0.989798000000011,0.779303000000006,0.980641000000011,0.778881000000005,0.802625000000005,0,0.807206000000005,0.455147999999994,1.00017600000001,0.996829000000014,0.087023,0.989219000000013
189,1.19647890931301,0.0753169999999999,0.713081000000003,0.898033000000007,0.050945,0.99161300000001,0.775112000000006,0.97988600000001,0.785200000000006,0.810286000000006,0,0.811707000000005,0.445790999999994,1.00013800000001,0.996868000000011,0.0886679999999999,0.989725000000013
190,1.19757966990959,0.072855,0.710400000000004,0.899632000000007,0.050623,0.991981000000009,0.772348000000006,0.980009000000009,0.785882000000003,0.811649000000004,0,0.815094000000005,0.448251999999994,1.00016000000001,0.996774000000011,0.0907569999999999,0.990417000000012
191,1.19995087765602,0.0737169999999999,0.712423000000006,0.901094000000011,0.051862,0.992312000000013,0.76724100000001,0.981603000000012,0.787616000000007,0.812654000000009,0,0.818641000000009,0.454445999999993,1.00014100000001,0.996591000000014,0.0920119999999998,0.990543000000012
192,1.20153121296191,0.071542,0.709904000000005,0.898824000000009,0.054977,0.992211000000011,0.766664000000007,0.98287200000001,0.788550000000005,0.812882000000006,0,0.815848000000007,0.454316999999994,1.00012600000001,0.997011000000013,0.0935229999999999,0.991266000000012
193,1.20315808622427,0.069661,0.714527000000003,0.897630000000005,0.054946,0.992957000000006,0.770159000000005,0.985914000000007,0.795629000000002,0.817700000000002,0,0.821877000000004,0.446734999999993,1.00012200000001,0.996901000000009,0.093506,0.991944000000014
194,1.20490627492356,0.0701279999999999,0.723824000000003,0.895359000000008,0.057086,0.992785000000011,0.778630000000007,0.986943000000011,0.797265000000006,0.813414000000006,0,0.820219000000006,0.446507999999994,1.00012700000001,0.996987000000014,0.0911309999999999,0.992838000000012
195,1.20539667177747,0.0688829999999999,0.725677000000004,0.891266000000009,0.059879,0.993835000000011,0.778126000000007,0.987165000000011,0.800691000000007,0.812859000000006,0,0.821947000000007,0.442922999999994,1.00009700000001,0.996769000000012,0.0930849999999999,0.992901000000014
196,1.20581373902591,0.068886,0.732077000000006,0.890785000000008,0.057542,0.993000000000013,0.783012000000007,0.986758000000013,0.802847000000006,0.814394000000006,0,0.823181000000006,0.434954999999995,1.00015100000001,0.997009000000015,0.0952419999999999,0.993821000000011
197,1.20598375876313,0.0703309999999999,0.733293000000005,0.887303000000007,0.058895,0.993115000000011,0.784180000000007,0.987139000000011,0.804790000000005,0.813439000000006,0,0.821861000000005,0.439314999999995,1.00011700000001,0.997020000000013,0.0981109999999999,0.995252000000012
198,1.20798689778645,0.071562,0.729371000000005,0.887378000000008,0.05947,0.992766000000009,0.780061000000006,0.98956400000001,0.807582000000005,0.820090000000006,0,0.822822000000006,0.439604999999994,1.00010700000001,0.996860000000012,0.100902,0.994797000000008
199,1.21022408952116,0.0731169999999999,0.734533000000005,0.890431000000007,0.057813,0.990918000000011,0.785126000000006,0.990647000000011,0.815900000000007,0.826871000000006,0,0.832805000000006,0.444297999999994,1.00012800000001,0.996572000000012,0.107007,0.995792000000012
200,1.21225000464703,0.0743549999999999,0.745073000000005,0.893072000000007,0.058205,0.991291000000013,0.794455000000007,0.991629000000013,0.819493000000005,0.827324000000005,0,0.832784000000004,0.449963999999995,1.00009400000001,0.996694000000014,0.109687,0.99518200000001
