"X","PopRatio","Diff_KC","Fibroblast","M1","M2","Neutrophil","Prol_KC","Th0","Th1","Th17","Th2","Th22","Treg","iDC","pDC","preDiff_KC","ILC3"
0,1,0.000326,0,0,0,0,0,0,0,0,0,0,0.168181,0,0,0,0
1,0.999999,0.001178,0,0,0,0,0,0,0,0,0,0,0.12407,0,0,0,0
2,0.999996000003,0.002436,0,0,0,0,0,0,0,0,0,0,0.121866,0.00094,0.000932,0,0
3,0.999996000003,0.003158,0,0,0,0,0,0,0,0,0,0,0.131326,0.004244,0.004283,0,0
4,1.000000999983,0.004249,0,0.000274,0,9.3e-05,0,0,0,0,0,0,0.143465,0.011217,0.011275,0,0
5,1.000001999984,0.004247,0,0.000937,0,0.000611,0,0,0,0,0,0,0.165283,0.025662,0.025617,0,0
6,1.000006999994,0.005202,0,0.002271,0,0.00143,0,0,0,0,0,0,0.183974,0.0472419999999999,0.0471929999999999,0,0
7,1.000032000169,0.005416,0,0.003724,0,0.002862,0,0,0,0,0,0,0.201334,0.0714529999999999,0.0714629999999999,0,0
8,1.00005200080901,0.007189,0,0.005857,0,0.005759,0,0,0,0,0,0,0.217605,0.104317,0.104266,0,0
9,1.00009200288904,0.008557,0,0.009841,0,0.00978299999999999,0,0,0,0,0,0,0.236935,0.135599,0.13556,0,0
10,1.00013600693718,0.009236,0,0.014526,0,0.013773,0,0,0,0,0,0,0.255656,0.168811000000001,0.168853000000001,0,0
11,1.00020301604965,0.00976799999999999,0,0.01939,0,0.020069,0,7.5e-05,0,0,0,0,0.273340999999999,0.208532000000001,0.208400000000001,0,0
12,1.00030903756935,0.010445,0,0.0269,0,0.024637,0,0.000134,0,0,0,0,0.288371,0.251565000000001,0.251609000000001,0,0
13,1.0003980650737,0.012124,0,0.036471,0,0.0320070000000001,0,0.000134,0,0,0,0,0.305655999999999,0.295118999999998,0.294959999999998,0,0
14,1.00052311483184,0.013423,0,0.044055,0,0.04047,0,0.000268,0,0,0,0,0.316685999999998,0.339437999999997,0.339274999999997,0,0
15,1.00066618963727,0.014181,0,0.0529219999999999,0,0.051291,0,0.000334,0,0,0,0,0.331803999999999,0.383311999999997,0.383016999999997,0,0
16,1.00081628956573,0.014032,0,0.0612359999999998,0,0.0659179999999999,0,0.000522,0,0,0,0,0.345395,0.421160999999995,0.420484999999995,0,0
17,1.00103346670057,0.015109,0,0.0690669999999997,0,0.0821129999999997,0,0.000786,0,0,0,0,0.356256999999997,0.457840999999993,0.457205999999993,0,0
18,1.0013187612386,0.01456,0,0.0866989999999994,0,0.0957029999999994,0,0.001256,0,0,0,0,0.368088999999996,0.504220999999991,0.503585999999991,0,0
19,1.00161014499814,0.015255,0,0.0978439999999996,0,0.108303999999999,7.4e-05,0.001872,0,0,0,0,0.376622999999994,0.546212999999999,0.544912999999999,0,0
20,1.0019226473634,0.016495,0,0.110667999999999,0,0.121699999999999,0.000133,0.002472,0,0,0,0,0.386112999999994,0.582690000000003,0.580643000000003,0,0
21,1.00228834912972,0.016511,0,0.125608999999999,0,0.142464,0.00018,0.00352,0,0,0,0,0.396475999999996,0.617984000000009,0.615434000000008,0,0
22,1.00273236286842,0.017084,0,0.141923,0,0.159251000000002,0.000201,0.005086,0,0,0,0,0.400912999999994,0.651804000000014,0.648349000000014,0,0
23,1.00325679189424,0.018865,0,0.159660000000002,0,0.175970000000002,2e-04,0.00763200000000001,0,0,0,0,0.407988999999992,0.687519000000017,0.682745000000017,0,0
24,1.00384269386075,0.019083,0,0.179273000000003,0,0.192891000000004,0.000179,0.009441,0,0,0,0,0.41379899999999,0.72236400000002,0.71732900000002,0,0
25,1.00446407248828,0.020306,0,0.198803000000005,0,0.213809000000004,0.00035,0.013426,0,0,0,0,0.421064999999986,0.752055000000021,0.745046000000021,0,6.7e-05
26,1.00519230894088,0.023199,0,0.211235000000004,0,0.232068000000005,0.000203,0.016756,0,0,0,0,0.431102999999993,0.769232000000027,0.761633000000026,0,0
27,1.00599746798039,0.025824,0,0.228114000000005,0,0.250142000000008,0.000467,0.020399,0,0,0,0,0.439303999999988,0.788478000000034,0.779541000000031,0,0
28,1.00689481772187,0.026285,0,0.247558000000006,0,0.262518000000005,0.000992,0.02352,0,0,0,0,0.453346999999984,0.811013000000046,0.801018000000045,0,0
29,1.00791782285673,0.026966,0,0.263265000000004,0,0.282098000000002,0.001577,0.0274840000000001,0,0,0,0,0.457863999999987,0.831756000000038,0.820877000000036,6.6e-05,8.7e-05
30,1.00882797265082,0.0295840000000001,0,0.272568000000003,0,0.299196,0.001437,0.034449,0,0,0,0,0.465426999999982,0.851575000000047,0.838434000000042,0.000133,0.000121
31,1.00979442984868,0.0307120000000001,0,0.289169,0,0.315682999999997,0.002193,0.040741,0,0,0,0,0.478853999999985,0.868461000000045,0.854324000000042,6.7e-05,0.000428
32,1.01087390009424,0.0331920000000001,0,0.304671,0,0.332928999999996,0.002526,0.044979,0,0,0,0,0.488880999999985,0.882856000000048,0.867854000000047,6.6e-05,0.000975
33,1.01192217632869,0.033756,0,0.318228999999998,0,0.351482999999992,0.002839,0.0561909999999998,0,0,0,0,0.501641999999981,0.895574000000056,0.880354000000054,0,0.001701
34,1.01293511042726,0.03344,0,0.328531999999995,0,0.37610599999999,0.003051,0.0603999999999999,0,0,0,0,0.508463999999982,0.907872000000058,0.893830000000055,0,0.002612
35,1.01404630024347,0.0354030000000001,0,0.344906999999992,0,0.394268999999988,0.004495,0.0669369999999996,0,0,0,0,0.508167999999981,0.914902000000052,0.900547000000051,0,0.00424
36,1.01512118932179,0.034135,0,0.366299999999992,0,0.414829999999985,0.005706,0.0769399999999996,6.7e-05,0,0,0,0.50703599999998,0.926001000000056,0.910788000000054,5.1e-05,0.00577100000000001
37,1.01630380550742,0.0330050000000001,0,0.38879799999999,0,0.430685999999985,0.00719700000000001,0.0893409999999993,0,0,0,0,0.512070999999983,0.939742000000062,0.925671000000061,6.7e-05,0.00768800000000001
38,1.01757215265676,0.0324810000000001,0,0.410185999999987,0,0.447571999999982,0.00727700000000001,0.100414999999999,0,7.5e-05,0,0,0.523581999999985,0.946930000000067,0.932786000000067,0,0.011315
39,1.01879323924003,0.0341020000000001,0,0.427110999999984,0,0.45829899999998,0.00884500000000001,0.112900999999999,0.000134,6.9e-05,0,1e-06,0.526624999999984,0.956753000000067,0.942786000000065,0,0.014795
40,1.02007182475534,0.0337100000000001,0,0.447437999999982,0,0.478407999999979,0.009344,0.126597999999999,0.000134,0.000191,0,1.3e-05,0.536555999999989,0.962562000000065,0.948301000000062,5.4e-05,0.02145
41,1.02137037618833,0.0342080000000001,0,0.453582999999981,0,0.494598999999976,0.011169,0.136648,0.000133,0.000653,0,0.000201,0.543656999999992,0.965002000000062,0.949200000000063,6.7e-05,0.0276260000000001
42,1.02262870449186,0.033141,0,0.472080999999979,0,0.511310999999979,0.012524,0.145369,0.00047,0.001231,0,0.00036,0.553785999999986,0.969784000000063,0.955759000000064,0.000201,0.0353040000000001
43,1.02376586761132,0.033711,0,0.478989999999982,0,0.528368999999985,0.014223,0.161845000000001,0.000865,0.001301,0,0.000663,0.552661999999994,0.973720000000064,0.958627000000063,0.000334,0.044455
44,1.02505274130697,0.03578,0,0.498978999999978,0,0.539379999999983,0.014641,0.181037000000003,0.001698,0.00163,0,0.000768,0.558757999999989,0.976634000000064,0.962642000000065,0.000335,0.0513089999999999
45,1.02638018460703,0.037211,0,0.509255999999984,0,0.550196999999989,0.017472,0.191681000000003,0.00167,0.001426,0,0.001173,0.558525999999992,0.979791000000069,0.966451000000068,0.000668,0.0588309999999999
46,1.02752665127331,0.037777,0,0.527178999999985,0,0.559994999999987,0.019615,0.213819000000004,0.001975,0.002694,0,0.001248,0.560186999999989,0.981545000000067,0.967301000000066,0.000735,0.0717959999999997
47,1.02864768284992,0.0381220000000001,0,0.536520999999989,0,0.563317999999989,0.020244,0.229788000000005,0.002628,0.003315,0,0.002217,0.570488999999994,0.982748000000057,0.970195000000058,0.000467,0.0812979999999996
48,1.02975862234746,0.044031,0,0.547635999999988,0,0.579856999999992,0.022351,0.242639000000006,0.002627,0.004223,0,0.003177,0.575154999999996,0.985765000000063,0.973292000000064,0.000643,0.0967169999999993
49,1.03080897614232,0.0462359999999999,0,0.553295999999992,0,0.589564999999997,0.02405,0.259296000000005,0.003291,0.00419,0,0.004297,0.577376999999998,0.987178000000059,0.974315000000058,0.001,0.112552999999999
50,1.03190678770198,0.048594,6.6e-05,0.566598999999992,3.2e-05,0.595473999999995,0.028081,0.275671000000001,0.003493,0.005668,0,0.004792,0.586313999999997,0.988442000000062,0.976141000000063,0.001003,0.127389999999999
51,1.03292631160829,0.0499229999999999,6.7e-05,0.581816999999997,6.7e-05,0.610059999999998,0.0326510000000001,0.294011999999998,0.004064,0.00723100000000001,0,0.006894,0.594149000000001,0.990290000000061,0.979605000000061,0.001323,0.147224000000001
52,1.03409248541416,0.0525209999999999,6.7e-05,0.588030999999996,9.8e-05,0.624739999999999,0.036838,0.309610999999997,0.005558,0.008149,0,0.00729500000000001,0.596914999999998,0.991832000000053,0.981078000000055,0.001335,0.164985000000001
53,1.03516173704414,0.0525069999999999,0,0.602654000000003,4e-06,0.639272000000003,0.040566,0.326435999999995,0.00658000000000001,0.011131,0,0.009341,0.604344000000001,0.993316000000054,0.982526000000056,0.001467,0.178609000000002
54,1.03630559076363,0.052471,1.4e-05,0.615606000000003,5.3e-05,0.642219000000005,0.043894,0.343341999999994,0.008922,0.014281,0,0.011737,0.603846000000002,0.994547000000063,0.983688000000064,0.001412,0.188154000000002
55,1.0373823122725,0.053221,0.000134,0.632946000000007,0.000133,0.654802000000009,0.0475609999999999,0.36187699999999,0.010037,0.01599,0,0.014059,0.606566999999999,0.99482700000006,0.985751000000062,0.001468,0.204885000000004
56,1.03833151708829,0.0537959999999998,0.000155,0.637914000000008,0.000134,0.65942600000001,0.0501599999999999,0.382928999999991,0.011402,0.019534,0,0.01729,0.610741000000002,0.996408000000062,0.987110000000063,0.001349,0.221111000000005
57,1.03938230858365,0.054206,0.000356,0.650843000000008,0.000205,0.670719000000009,0.0541989999999999,0.398595999999988,0.013217,0.022297,0,0.020071,0.615103,0.997300000000052,0.987319000000055,0.001047,0.238409000000005
58,1.04035517042453,0.0576749999999999,0.000636,0.663713000000009,0.000267,0.679065000000012,0.0562639999999998,0.415013999999988,0.015983,0.0251330000000001,0,0.02414,0.614385000000002,0.998221000000064,0.990244000000064,0.000926,0.259005000000004
59,1.04146939081213,0.0603609999999998,0.000411,0.667875000000011,0.000589,0.695761000000014,0.0614599999999999,0.428820999999985,0.016005,0.0255150000000001,0,0.0271680000000001,0.6126,0.998354000000057,0.990855000000058,0.001333,0.274688000000002
60,1.04238275946793,0.0615319999999999,0.000648,0.676620000000012,0.000772,0.706046000000019,0.0639829999999998,0.437277999999984,0.019368,0.0290600000000001,0,0.030731,0.617978000000003,0.99915800000006,0.991864000000061,0.001204,0.291303999999999
61,1.04346475277232,0.0641879999999997,0.001269,0.683589000000011,0.001134,0.713298000000016,0.0712339999999997,0.448897999999984,0.021942,0.0326850000000001,0,0.0339490000000001,0.621717000000005,0.999096000000055,0.991379000000055,0.001087,0.306215
62,1.0442463078722,0.0628029999999998,0.002148,0.693239000000016,0.001348,0.724555000000016,0.0846089999999995,0.468770999999982,0.025921,0.0357280000000001,0,0.0386980000000001,0.622759,0.999631000000052,0.992748000000055,0.001198,0.328199999999995
63,1.04506604122393,0.0623439999999999,0.00269,0.692203000000016,0.001467,0.737145000000025,0.0911369999999997,0.48313599999998,0.0273880000000001,0.042363,0,0.042813,0.627827000000006,0.999902000000052,0.993276000000055,0.001489,0.342507999999994
64,1.0460118259913,0.0646849999999999,0.002637,0.699972000000016,0.001738,0.749764000000027,0.0997679999999995,0.497323999999983,0.0315390000000001,0.045681,0,0.046125,0.639411000000008,0.999840000000054,0.993865000000056,0.00117,0.359640999999992
65,1.04683817533389,0.0686439999999999,0.003403,0.705323000000015,0.00266,0.761166000000026,0.106845999999999,0.511070999999985,0.036913,0.0483319999999999,0,0.050186,0.640238000000009,0.999978000000053,0.993677000000057,0.001261,0.37594099999999
66,1.04789129453833,0.0714299999999999,0.004504,0.709837000000016,0.00249,0.774043000000028,0.113416999999999,0.524386999999987,0.037085,0.051315,0,0.0547619999999999,0.643870000000007,0.999316000000052,0.993054000000054,0.001957,0.395045999999988
67,1.04892032378962,0.0743989999999997,0.005604,0.713285000000018,0.002473,0.780463000000028,0.120087999999999,0.539730999999987,0.040722,0.0580919999999999,0,0.0631339999999999,0.652025000000009,0.999996000000054,0.994535000000058,0.002496,0.402432999999988
68,1.05009721239297,0.0725169999999998,0.005659,0.725446000000016,0.002129,0.790617000000025,0.123644999999999,0.557565999999991,0.0454,0.0642569999999999,0,0.0692419999999998,0.649988000000006,1.00043500000005,0.995191000000051,0.002459,0.417354999999988
69,1.0511378587305,0.0738199999999997,0.007108,0.722686000000019,0.003277,0.799830000000034,0.130628,0.567629999999995,0.0500989999999999,0.0698279999999998,0,0.0733039999999998,0.651305000000011,1.00033900000005,0.99548100000005,0.002796,0.435309999999986
70,1.05200399632614,0.0793579999999997,0.00768900000000001,0.724556000000019,0.003592,0.806647000000031,0.140181,0.587628999999998,0.0517899999999999,0.0776399999999996,0,0.0800499999999996,0.648139000000007,1.00041200000005,0.995988000000056,0.003428,0.445294999999985
71,1.05306862437048,0.0773129999999999,0.008726,0.728675000000019,0.004224,0.817419000000033,0.145603,0.595535999999999,0.0544319999999998,0.0817059999999997,0,0.0866269999999996,0.646239000000008,1.00040600000005,0.995160000000057,0.003727,0.458379999999983
72,1.05351828467314,0.0785649999999999,0.00973899999999999,0.727211000000021,0.004749,0.827843000000031,0.153100000000002,0.602453,0.0560069999999999,0.0854809999999997,0,0.0913809999999995,0.646747000000008,1.00041800000005,0.995863000000055,0.004121,0.470198999999983
73,1.05443695261743,0.0751219999999998,0.012109,0.731129000000021,0.004917,0.833011000000035,0.158355000000002,0.613566000000006,0.0613239999999999,0.0908079999999995,0,0.0996969999999993,0.645595000000008,1.00057300000005,0.995400000000056,0.004187,0.478293999999983
74,1.0556917325911,0.0769609999999997,0.013719,0.736003000000018,0.004833,0.843236000000029,0.166739000000001,0.622163000000003,0.0635639999999999,0.0954709999999995,0,0.103805999999999,0.64803800000001,1.00054200000005,0.996205000000049,0.005194,0.501068999999983
75,1.05624913782596,0.0779629999999998,0.016977,0.742167000000017,0.005697,0.844335000000027,0.169370000000003,0.63665800000001,0.0721169999999997,0.100046999999999,0,0.112903999999999,0.65203700000001,1.00048800000004,0.996214000000046,0.005839,0.515715999999986
76,1.05687021231904,0.0810819999999998,0.01693,0.75044700000002,0.00613,0.853622000000036,0.181723000000002,0.647442000000005,0.0760219999999997,0.107026999999999,0,0.118738999999999,0.647175000000006,1.00045600000005,0.996304000000055,0.006077,0.530835999999988
77,1.05753709742307,0.0816659999999997,0.019364,0.750423000000023,0.006812,0.861208000000037,0.187767000000003,0.65749400000001,0.0831489999999997,0.109689999999999,0,0.125752999999999,0.642032000000009,1.00061700000005,0.996685000000051,0.006129,0.541176999999989
78,1.05862741817056,0.0852479999999995,0.023086,0.758302000000022,0.00682800000000001,0.867372000000034,0.197448000000003,0.672796000000013,0.0840739999999996,0.118216999999999,0,0.136311,0.646970000000007,1.00045500000004,0.996494000000046,0.007263,0.553343999999993
79,1.05931340873758,0.0855919999999997,0.02569,0.758891000000026,0.00647300000000001,0.87075700000004,0.203972000000003,0.681825000000013,0.0865759999999996,0.120063999999999,0,0.141467,0.646993000000009,1.00037500000005,0.996441000000055,0.00766500000000001,0.573744999999998
80,1.06071276175058,0.0810739999999997,0.031684,0.766207000000019,0.00746600000000001,0.876908000000031,0.218716000000004,0.690425000000012,0.0885999999999996,0.126096,0,0.146310000000001,0.651087000000005,1.00064600000004,0.996763000000046,0.008572,0.587949
81,1.06159845690668,0.0802189999999998,0.033767,0.770903000000027,0.008794,0.881794000000037,0.229519000000004,0.696203000000016,0.0934889999999993,0.131664,0,0.149974000000001,0.650533000000009,1.00056600000005,0.996416000000051,0.011151,0.600689
82,1.06235643820497,0.0783259999999999,0.036871,0.770195000000029,0.008504,0.883560000000035,0.236127000000004,0.709378000000015,0.100852,0.140037,0,0.160811000000001,0.650321000000011,1.00061500000005,0.99663500000005,0.011015,0.615029000000001
83,1.0637853076144,0.0799469999999997,0.040394,0.772385000000021,0.00864,0.886845000000033,0.243148000000006,0.723477000000022,0.110803,0.147150000000001,0,0.165622000000002,0.648879000000009,1.00063800000004,0.996868000000043,0.011493,0.629137000000011
84,1.06438209117202,0.0822239999999998,0.0448289999999999,0.773648000000023,0.009862,0.890849000000035,0.246546000000005,0.732779000000019,0.121079999999999,0.157796000000001,0,0.178379000000003,0.65452300000001,1.00059000000005,0.99662100000005,0.011659,0.63833900000001
85,1.06548159787225,0.0839799999999998,0.0465649999999999,0.773665000000017,0.010824,0.894007000000032,0.257242000000004,0.743556000000014,0.122152999999999,0.167129000000002,0,0.182264000000002,0.660117000000004,1.00059400000004,0.996843000000045,0.012211,0.652708000000012
86,1.06647249575831,0.0865989999999999,0.050104,0.775716000000024,0.010769,0.895347000000034,0.257570000000003,0.756909000000022,0.13115,0.177041000000002,0,0.188514000000003,0.661073000000007,1.00062200000004,0.997016000000045,0.013149,0.662341000000007
87,1.06738113032474,0.0809999999999998,0.0535709999999999,0.781075000000022,0.011705,0.898810000000031,0.266379000000001,0.760940000000019,0.13779,0.183461000000002,0,0.194464000000002,0.660029000000009,1.00059500000004,0.997337000000043,0.012456,0.680132000000012
88,1.06867052673022,0.0830089999999997,0.0585789999999999,0.78053200000002,0.012804,0.902379000000033,0.277300999999999,0.765575000000021,0.141450000000001,0.192286000000003,0,0.203636000000003,0.657297000000009,1.00051000000004,0.996810000000041,0.01305,0.689329000000016
89,1.06945386222635,0.0837409999999997,0.0632169999999998,0.779051000000022,0.013402,0.901866000000034,0.279674,0.774879000000023,0.146920000000001,0.198990000000003,0,0.208378000000004,0.663088000000013,1.00057100000004,0.997079000000045,0.012356,0.694021000000015
90,1.07012440979801,0.0808239999999998,0.0671369999999999,0.774512000000022,0.014459,0.902324000000033,0.286750999999997,0.793433000000024,0.156857000000001,0.208905000000003,0,0.217860000000003,0.664379000000013,1.00060000000004,0.997071000000046,0.011834,0.704456000000017
91,1.07171033417338,0.0814439999999999,0.0747989999999999,0.777554000000022,0.014325,0.903993000000034,0.296518000000001,0.792552000000023,0.159790000000001,0.220478000000003,0,0.227610000000003,0.652981000000006,1.00052600000004,0.996844000000046,0.01363,0.709656000000017
92,1.07238658339429,0.0815789999999997,0.0766279999999999,0.781599000000014,0.015481,0.909028000000027,0.299592,0.806540000000015,0.173899000000002,0.230005000000004,0,0.241960000000004,0.649041000000004,1.00057300000004,0.997137000000041,0.013126,0.712206000000022
93,1.07290883566044,0.0792759999999997,0.0827809999999997,0.788078000000027,0.016543,0.91160100000004,0.303857,0.816097000000031,0.182937000000002,0.241823000000004,0,0.250718000000004,0.644132000000007,1.00060000000005,0.99693600000005,0.013294,0.718640000000024
94,1.07325538521441,0.083995,0.0868969999999997,0.788589000000019,0.016904,0.918718000000029,0.310024999999996,0.826224000000022,0.194513000000002,0.247384000000004,0,0.257898000000002,0.648885000000009,1.00057800000004,0.997029000000042,0.013558,0.729656000000021
95,1.07399163840871,0.0849989999999997,0.0921119999999998,0.788611000000026,0.016409,0.923070000000034,0.315943999999995,0.831747000000031,0.200008000000003,0.259365000000003,0,0.268406,0.651946000000007,1.00054100000004,0.997049000000043,0.014391,0.736184000000019
96,1.07469617692355,0.0837589999999999,0.0979069999999997,0.788727000000026,0.018579,0.925933000000039,0.327092999999994,0.83773100000003,0.210383000000004,0.264574000000001,0,0.276627,0.65452900000001,1.00053700000005,0.99729300000005,0.014569,0.746475000000024
97,1.07563331198987,0.0849859999999999,0.104786999999999,0.787438000000022,0.019486,0.926181000000038,0.331411999999994,0.838610000000025,0.215788000000003,0.269127,0,0.276644999999998,0.653554000000012,1.00057200000004,0.996648000000044,0.015529,0.754769000000027
98,1.07701872769576,0.0890119999999998,0.113904999999999,0.784283000000022,0.019875,0.928503000000032,0.336572999999993,0.845931000000024,0.222397000000003,0.274013,0,0.281346999999999,0.653309000000008,1.00052200000004,0.996992000000042,0.016509,0.760582000000022
99,1.07801066194401,0.0883679999999998,0.117883999999999,0.787659000000024,0.019063,0.928799000000038,0.348022999999993,0.85301900000003,0.230521000000004,0.285447999999998,0,0.299129999999997,0.650911000000009,1.00057200000004,0.996872000000044,0.018004,0.766276000000022
100,1.07899704169973,0.0897439999999998,0.12269,0.786676000000026,0.01986,0.931543000000036,0.348195999999992,0.858780000000029,0.234987000000004,0.295894999999997,0,0.302337999999996,0.65633300000001,1.00052400000004,0.996605000000043,0.016644,0.77159400000002
101,1.07964767691591,0.0947789999999997,0.124744999999999,0.787870000000023,0.02228,0.932957000000037,0.346703999999991,0.865509000000031,0.244867000000004,0.301409999999996,0,0.308684999999996,0.660556000000012,1.00057600000004,0.997069000000045,0.01512,0.783623000000019
102,1.08048980210396,0.0931889999999997,0.13139,0.785097000000026,0.022046,0.934142000000035,0.348673999999994,0.874510000000029,0.256756000000003,0.311357999999996,0,0.314730999999995,0.658850000000011,1.00057100000004,0.996743000000043,0.016099,0.791397000000029
103,1.08187282905069,0.0951269999999996,0.138944,0.785722000000018,0.021142,0.936392000000031,0.358291999999991,0.879484000000028,0.267031,0.320569999999996,0,0.321537999999996,0.657391000000008,1.00055100000004,0.99680500000004,0.016961,0.795478000000023
104,1.08199508068041,0.0925749999999999,0.145133000000001,0.777838000000022,0.022973,0.939207000000033,0.36471799999999,0.883637000000031,0.275469,0.331258999999992,0,0.323616999999994,0.662312000000011,1.00053300000004,0.996795000000046,0.017308,0.804140000000028
105,1.0826929675075,0.0934539999999997,0.151372000000001,0.773201000000023,0.023499,0.940378000000034,0.366861999999991,0.886865000000031,0.287773999999999,0.338239999999993,0,0.332799999999994,0.657989000000007,1.00053000000004,0.997051000000043,0.016817,0.807843000000025
106,1.08367605272204,0.0924249999999997,0.155814000000001,0.773804000000012,0.022875,0.940729000000028,0.37443499999999,0.889457000000026,0.299421999999999,0.348087999999995,0,0.341051999999995,0.657906000000004,1.00052400000004,0.99695700000004,0.016026,0.811440000000022
107,1.08436852171976,0.0916719999999998,0.160241000000001,0.773238000000021,0.023102,0.940061000000034,0.372994999999991,0.89014600000003,0.303604999999997,0.350617999999995,0,0.346246999999993,0.665553000000011,1.00045500000004,0.996984000000044,0.015581,0.817436000000024
108,1.0852067385871,0.0917089999999998,0.172947000000002,0.771275000000018,0.022949,0.941172000000029,0.383755999999989,0.896173000000027,0.312687999999995,0.361289999999991,0,0.353035999999993,0.665029000000005,1.00047000000003,0.996499000000037,0.017419,0.827001000000026
109,1.08619102109903,0.0888089999999997,0.184220000000002,0.774545000000022,0.02426,0.944472000000031,0.395591999999989,0.89748300000003,0.311854999999996,0.364534999999991,0,0.358743999999993,0.66576900000001,1.00050600000004,0.99665900000004,0.016877,0.825923000000027
110,1.08719248922052,0.0880179999999997,0.191066000000002,0.774048000000021,0.0268320000000001,0.948444000000031,0.39787799999999,0.895807000000029,0.316391999999995,0.372945999999992,0,0.364181999999992,0.66193200000001,1.00052600000004,0.996593000000039,0.01662,0.833636000000023
111,1.08768716180316,0.0862439999999997,0.195247000000003,0.77676700000002,0.02722,0.945925000000033,0.403863999999988,0.897485000000029,0.330001999999994,0.38423899999999,0,0.366080999999991,0.657378000000007,1.00050600000004,0.996608000000041,0.018207,0.836678000000024
112,1.08848117343131,0.0850159999999998,0.204595000000002,0.773406000000022,0.0276790000000001,0.949404000000034,0.409646999999987,0.900260000000031,0.335640999999994,0.391945999999991,0,0.375283999999992,0.64873600000001,1.00045700000004,0.996793000000042,0.01789,0.844237000000026
113,1.08920827885521,0.0839929999999998,0.215640000000002,0.772190000000019,0.0280710000000001,0.948950000000036,0.411052999999988,0.905220000000034,0.342023999999994,0.40159999999999,0,0.386807999999991,0.648351000000006,1.00054100000004,0.996941000000043,0.019042,0.854854000000026
114,1.09096299339248,0.0841379999999997,0.225668000000003,0.77141500000002,0.029443,0.95105300000003,0.424181999999986,0.905739000000029,0.343024999999993,0.405620999999991,0,0.393947999999991,0.654482000000012,1.00047500000003,0.997253000000037,0.019367,0.856514000000029
115,1.09129355517952,0.0815099999999997,0.231752000000003,0.770980000000023,0.0306570000000001,0.955946000000031,0.433923999999987,0.908927000000029,0.349839999999993,0.401784999999991,0,0.400564999999991,0.652692000000011,1.00049200000004,0.997112000000039,0.019069,0.858819000000021
116,1.09248743032892,0.0819389999999997,0.235698000000004,0.770962000000015,0.0315480000000001,0.956535000000029,0.440576999999987,0.910655000000029,0.360205999999994,0.404427999999992,0,0.410621999999991,0.656968000000007,1.00044300000003,0.997267000000037,0.019292,0.860962000000028
117,1.09349798120201,0.0841989999999998,0.241115000000004,0.769838000000022,0.032615,0.954322000000035,0.442466999999988,0.912630000000035,0.368758999999992,0.410003999999992,0,0.413182999999991,0.66007800000001,1.00047500000004,0.997087000000044,0.019584,0.868650000000019
118,1.09454664576603,0.0846069999999998,0.248406000000004,0.768699000000018,0.0366980000000001,0.956293000000028,0.446699999999985,0.915083000000028,0.380051999999991,0.424657999999989,0,0.422522999999989,0.65891700000001,1.00048100000003,0.996970000000038,0.021426,0.871155000000025
119,1.09529422112512,0.0860569999999996,0.252301000000003,0.77680500000002,0.033921,0.954290000000032,0.448978999999986,0.915527000000031,0.390213999999991,0.43471199999999,0,0.431668999999989,0.652173000000013,1.00047600000004,0.996987000000038,0.023522,0.871936000000029
120,1.09665676713624,0.0821359999999998,0.255827000000003,0.774592000000019,0.035699,0.955177000000029,0.448725999999985,0.920997000000029,0.39363499999999,0.43605699999999,0,0.43758799999999,0.648946000000006,1.00048600000003,0.996878000000039,0.0237030000000001,0.869763000000025
121,1.0978773461181,0.0838379999999999,0.265131000000001,0.780488000000018,0.032851,0.955580000000032,0.456208999999987,0.924697000000032,0.402055999999991,0.441129999999989,0,0.44445299999999,0.645449000000005,1.00049900000004,0.99708600000004,0.0278560000000001,0.878135000000028
122,1.09922993100856,0.0829919999999997,0.274847999999999,0.782259000000017,0.032947,0.957477000000029,0.468652999999989,0.927103000000028,0.410046999999992,0.45542399999999,0,0.448927999999989,0.645576000000008,1.00047500000003,0.997068000000036,0.0297,0.880235000000028
123,1.10030387865119,0.0870429999999998,0.278272999999998,0.784797000000018,0.033667,0.960762000000033,0.466262999999984,0.929058000000031,0.422473999999989,0.469853999999988,0,0.460624999999988,0.637599000000006,1.00047100000004,0.996800000000041,0.032127,0.887355000000024
124,1.10123143482093,0.0863609999999998,0.287911999999998,0.789365000000018,0.033776,0.962474000000029,0.47373399999999,0.933362000000029,0.425042999999991,0.47588799999999,0,0.46334699999999,0.632050000000007,1.00052200000003,0.997229000000036,0.031549,0.892675000000026
125,1.10176553206686,0.0852279999999998,0.292333999999998,0.789381000000015,0.0341350000000001,0.960598000000023,0.474649999999988,0.935488000000023,0.429212999999991,0.480913999999991,0,0.47149799999999,0.631763000000005,1.00041500000003,0.99720600000003,0.02867,0.90081600000003
126,1.10312070367133,0.0870269999999999,0.296070999999997,0.793953000000015,0.032452,0.961895000000029,0.475398999999987,0.941334000000027,0.437626999999991,0.488684999999988,0,0.481810999999989,0.628623000000003,1.00041600000003,0.997041000000034,0.027905,0.901737000000023
127,1.10432310523836,0.0848779999999999,0.302361999999998,0.797857000000018,0.033452,0.963857000000027,0.481337999999987,0.943838000000027,0.443393999999991,0.495004999999988,0,0.490963999999988,0.624249000000001,1.00041200000003,0.997372000000034,0.030474,0.904888000000028
128,1.10572890855136,0.085233,0.308163999999998,0.798602000000013,0.033959,0.964847000000032,0.485562999999988,0.947000000000031,0.46017099999999,0.50282799999999,0,0.504492999999989,0.619288000000006,1.00041100000003,0.997242000000036,0.032466,0.903554000000024
129,1.10709448375346,0.084561,0.316093999999996,0.798493000000016,0.034418,0.967100000000029,0.493492999999986,0.946859000000026,0.466928999999989,0.51214299999999,0,0.50317199999999,0.617508000000002,1.00044700000003,0.997161000000034,0.032646,0.90860100000002
130,1.10747643135039,0.0815749999999999,0.318545999999997,0.804945000000019,0.034117,0.968927000000034,0.497409999999987,0.945404000000033,0.474521999999989,0.515703999999992,0,0.509605999999992,0.618588000000005,1.00044400000004,0.997013000000038,0.035388,0.910647000000025
131,1.1081785714079,0.080105,0.324294999999996,0.809680000000019,0.033424,0.96999400000003,0.503450999999986,0.948150000000029,0.479938999999989,0.530162999999995,0,0.520677999999993,0.613918000000005,1.00043000000003,0.997102000000035,0.035704,0.912892000000025
132,1.10971007419362,0.0779759999999997,0.332858999999996,0.81218600000002,0.034232,0.968797000000032,0.513042999999989,0.952136000000032,0.491259999999987,0.545226999999996,0,0.529533999999994,0.603600000000004,1.00037600000003,0.997197000000038,0.035549,0.917589000000026
133,1.11046023820382,0.0773309999999998,0.340377999999996,0.814806000000019,0.033159,0.968061000000031,0.51652899999999,0.95086900000003,0.49804899999999,0.554045000000001,0,0.536005999999998,0.602061000000004,1.00043700000003,0.997180000000034,0.035649,0.920411000000024
134,1.11145632103752,0.0739229999999999,0.347594999999996,0.812410000000016,0.033879,0.970422000000025,0.525960999999993,0.953921000000024,0.501567999999988,0.554470999999995,0,0.547755999999994,0.600518000000002,1.00043700000003,0.997167000000031,0.037159,0.921752000000027
135,1.11256222007698,0.0742529999999999,0.355321999999995,0.816134000000016,0.03421,0.971665000000028,0.531344999999994,0.956733000000026,0.50715099999999,0.563425999999995,0,0.550089999999994,0.598576000000002,1.00035000000003,0.996844000000033,0.039693,0.926898000000027
136,1.1141075690007,0.0753879999999998,0.359871999999995,0.819611000000017,0.032838,0.974336000000028,0.530660999999994,0.955975000000026,0.517871999999994,0.573626000000002,0,0.564614000000002,0.604706000000007,1.00038500000003,0.996954000000033,0.038055,0.931124000000031
137,1.11555925116314,0.0810119999999998,0.364383999999996,0.825183000000019,0.032386,0.973029000000028,0.537237999999994,0.954978000000028,0.523313999999995,0.577853000000001,0,0.577192,0.599651000000002,1.00036000000003,0.997021000000033,0.040021,0.930951000000025
138,1.11651974767843,0.0808279999999999,0.374286999999995,0.831080000000016,0.032717,0.975881000000025,0.543702999999996,0.956436000000024,0.525350999999992,0.584069999999999,0,0.583070999999999,0.600278000000002,1.00040400000003,0.997058000000029,0.0415709999999999,0.929547000000019
139,1.11756592668203,0.0798749999999999,0.374178999999994,0.830026000000019,0.032266,0.976854000000033,0.540792999999999,0.957077000000033,0.529826999999996,0.587332000000006,0,0.589208000000004,0.597425000000008,1.00031000000003,0.997062000000037,0.040449,0.931837000000023
140,1.11883771670663,0.0783139999999999,0.383656999999993,0.832598000000016,0.03329,0.979012000000022,0.544356999999999,0.960728000000022,0.543325999999998,0.596792000000001,0,0.594517000000001,0.597567000000001,1.00032900000002,0.996800000000025,0.038179,0.937622000000022
141,1.12065135264544,0.0828329999999998,0.392306999999994,0.834666000000017,0.036152,0.980122000000029,0.553101999999997,0.963619000000027,0.557801999999998,0.604318000000001,0,0.607975000000001,0.593989999999998,1.00035100000003,0.996946000000033,0.0389490000000001,0.93910900000002
142,1.12150192702213,0.0839979999999999,0.389637999999995,0.835468000000016,0.037786,0.980587000000025,0.545599999999997,0.965580000000025,0.567178,0.615787000000001,0,0.613979000000003,0.598044999999999,1.00030700000003,0.996902000000028,0.039279,0.942630000000022
143,1.12305632869301,0.0830569999999998,0.392619999999994,0.83332900000002,0.038981,0.980891000000028,0.551895999999999,0.968071000000029,0.573698000000003,0.614409000000008,0,0.619271000000008,0.599004000000004,1.00038800000003,0.996836000000032,0.038709,0.943822000000023
144,1.12389525177058,0.0852859999999999,0.401357999999993,0.84037000000002,0.038743,0.982366000000028,0.559457999999997,0.968962000000028,0.583578000000001,0.622295000000007,0,0.628544000000004,0.597955000000002,1.00037900000003,0.997173000000032,0.039303,0.944157000000024
145,1.12519897026267,0.0827709999999998,0.410163999999994,0.841797000000017,0.037936,0.982304000000023,0.564452999999997,0.967697000000024,0.589240000000001,0.625428000000003,0,0.634533000000002,0.599819999999999,1.00035200000002,0.997066000000028,0.040553,0.944396000000023
146,1.12537787689897,0.0824089999999997,0.417965999999993,0.843343000000017,0.036996,0.981123000000022,0.566938000000002,0.970564000000022,0.598620000000006,0.625864000000007,0,0.638468000000008,0.595661000000003,1.00031200000002,0.996989000000026,0.04179,0.942217000000021
147,1.12708282438249,0.0761319999999998,0.426649999999994,0.847954000000013,0.035422,0.981843000000024,0.574626000000001,0.970175000000024,0.599970000000002,0.635193000000006,0,0.643193000000008,0.596640000000002,1.00031100000003,0.997052000000028,0.039167,0.94067000000002
148,1.1280802926821,0.0745109999999999,0.439189999999993,0.848497000000019,0.034806,0.983551000000027,0.580377000000001,0.967907000000026,0.607789000000004,0.635814000000008,0,0.651655000000009,0.596680000000003,1.00028700000003,0.996746000000029,0.039656,0.940913000000021
149,1.12852024399628,0.0732659999999998,0.450349999999994,0.843752000000017,0.037185,0.985228000000024,0.587767000000001,0.968424000000024,0.610735000000002,0.634449000000004,0,0.655269000000007,0.597454000000002,1.00036100000002,0.996944000000027,0.043123,0.941016000000024
150,1.12988801053203,0.075747,0.463545999999994,0.841610000000014,0.036686,0.983868000000021,0.600898000000003,0.969658000000021,0.612545000000003,0.636320000000005,0,0.653647000000007,0.598668000000002,1.00033500000002,0.997133000000024,0.044319,0.945488000000023
151,1.13056481345036,0.0751539999999998,0.474701999999991,0.842818000000018,0.037371,0.984173000000025,0.604491000000003,0.968533000000025,0.617680000000005,0.642415000000007,0,0.660500000000008,0.598942000000001,1.00027300000003,0.996768000000028,0.042255,0.944406000000018
152,1.13299439723449,0.0746469999999999,0.484043999999992,0.848126000000014,0.036814,0.984067000000021,0.615490000000003,0.966840000000021,0.624856000000005,0.644003000000006,0,0.662879000000007,0.596331000000002,1.00031400000002,0.996977000000026,0.042393,0.946154000000023
153,1.13510516579656,0.0755739999999999,0.492824999999994,0.847854000000017,0.036502,0.982877000000022,0.62463600000001,0.968671000000022,0.628565000000008,0.646374000000009,0,0.670428000000008,0.597768000000008,1.00026600000002,0.997076000000026,0.043239,0.946470000000018
154,1.13677944591614,0.0755169999999999,0.502790999999994,0.848722000000014,0.039164,0.98152200000002,0.634889000000008,0.971281000000019,0.636939000000004,0.647163000000006,0,0.677562000000007,0.595773000000005,1.00029800000002,0.996867000000024,0.042452,0.947117000000019
155,1.13834479121319,0.0752139999999999,0.517135999999998,0.854041000000016,0.03857,0.980265000000022,0.644390000000006,0.971643000000023,0.650551000000006,0.658662000000007,0,0.690875000000007,0.595123000000004,1.00029400000002,0.996935000000026,0.0434519999999999,0.951104000000019
156,1.14056342521128,0.075935,0.523926999999995,0.856786000000012,0.038056,0.983184000000018,0.646888000000006,0.969419000000019,0.649589000000005,0.660763000000004,0,0.690146000000005,0.596646000000004,1.00027800000002,0.997078000000023,0.044902,0.953819000000023
157,1.14407864168781,0.0780299999999999,0.522608999999995,0.856806000000014,0.035962,0.983944000000022,0.646011000000006,0.969961000000022,0.654215000000003,0.669554000000005,0,0.697228000000008,0.584714,1.00023800000002,0.997109000000026,0.044412,0.955325000000018
158,1.14559454588807,0.077848,0.526687999999996,0.859645000000012,0.038162,0.986111000000016,0.654027000000008,0.968786000000017,0.660407000000006,0.674493000000004,0,0.698975000000007,0.576332999999999,1.00023900000002,0.996654000000019,0.045125,0.954522000000016
159,1.14660381468302,0.078721,0.539375999999999,0.860798000000016,0.03928,0.986600000000024,0.663579000000011,0.967900000000023,0.665108000000009,0.679522000000009,0,0.70235600000001,0.575956999999997,1.00026800000002,0.996811000000028,0.046279,0.95838600000002
160,1.14764951736203,0.0805719999999999,0.549680999999998,0.862835000000017,0.036948,0.985596000000019,0.669829000000007,0.970291000000021,0.673981000000005,0.689543000000006,0,0.707125000000006,0.577011,1.00029100000002,0.997193000000022,0.048355,0.958009000000016
161,1.15029714479861,0.077192,0.559821999999998,0.864454000000012,0.035391,0.985342000000019,0.676142000000005,0.97232000000002,0.681587000000004,0.697079000000005,0,0.710343000000005,0.576011000000002,1.00023800000002,0.996988000000024,0.049066,0.960632000000019
162,1.15154291660645,0.0744460000000001,0.562135,0.862216000000015,0.035799,0.984686000000022,0.67446300000001,0.973723000000022,0.687809000000009,0.703622000000009,0,0.71011000000001,0.576281000000001,1.00021600000002,0.996983000000024,0.04845,0.960646000000017
163,1.15267142866475,0.0737689999999998,0.570218000000002,0.862163000000014,0.036594,0.985461000000018,0.681719000000009,0.974328000000018,0.69847000000001,0.717488000000009,0,0.71915800000001,0.579134000000001,1.00027300000002,0.996945000000021,0.047749,0.962527000000015
164,1.15413416870775,0.0777279999999999,0.574996000000002,0.868804000000016,0.036494,0.984712000000021,0.685970000000011,0.976219000000021,0.703755000000009,0.724645000000009,0,0.72118600000001,0.582734000000001,1.00020700000002,0.996774000000023,0.050129,0.96580900000002
165,1.1551290323612,0.0757629999999999,0.577134000000001,0.865986000000012,0.0384430000000001,0.985967000000021,0.685918000000008,0.977098000000021,0.710952000000007,0.726191000000004,0,0.727159000000006,0.580958000000001,1.00027100000002,0.996965000000023,0.05058,0.967784000000014
166,1.15660875265168,0.0796709999999999,0.578771000000002,0.860337000000013,0.04059,0.986253000000018,0.690219000000011,0.979278000000019,0.712310000000007,0.728856000000008,0,0.728708000000007,0.589508000000003,1.00026100000002,0.997056000000021,0.05117,0.970395000000019
167,1.15768555540042,0.0805009999999999,0.586332000000001,0.862837000000012,0.042766,0.987207000000019,0.68886800000001,0.980573000000019,0.719880000000008,0.736999000000009,0,0.736984000000009,0.580925000000002,1.00025800000002,0.997028000000021,0.0508499999999999,0.969332000000017
168,1.15932599583244,0.0788849999999999,0.596162999999999,0.866385000000013,0.04201,0.988914000000019,0.694555000000008,0.980630000000019,0.72203800000001,0.74179500000001,0,0.736174000000009,0.577613999999998,1.00028800000002,0.996857000000022,0.052251,0.971378000000017
169,1.16085630614696,0.0787299999999999,0.605561000000004,0.868189000000011,0.040086,0.989089000000014,0.699321000000007,0.980973000000014,0.730493000000007,0.753455000000008,0,0.738455000000008,0.574284999999999,1.00023200000001,0.996764000000017,0.0536989999999999,0.971745000000015
170,1.16206359670537,0.0741879999999999,0.607014000000001,0.868076000000012,0.039485,0.989868000000016,0.700866000000009,0.982087000000015,0.731706000000008,0.755528000000009,0,0.738360000000008,0.568968999999997,1.00026300000002,0.997032000000019,0.057812,0.970635000000015
171,1.1634685315938,0.0758659999999998,0.609198000000002,0.873230000000013,0.038483,0.991579000000015,0.703132000000007,0.981547000000015,0.738755000000007,0.763745000000007,0,0.742165000000007,0.562946999999996,1.00024700000002,0.996874000000018,0.0599429999999999,0.97395700000002
172,1.16518813808352,0.0767669999999998,0.615918000000007,0.874182000000012,0.038108,0.991410000000017,0.706679000000012,0.983927000000018,0.74309800000001,0.770949000000009,0,0.748156000000008,0.564633000000002,1.00018600000002,0.99657100000002,0.0646980000000001,0.972447000000012
173,1.16805566609136,0.0801279999999998,0.621669000000001,0.876006000000009,0.0368110000000001,0.991867000000017,0.708573000000007,0.983700000000017,0.749490000000008,0.776554000000008,0,0.758676000000007,0.560266000000002,1.00018800000002,0.996787000000021,0.065506,0.972934000000016
174,1.16953208845332,0.079956,0.630001000000006,0.877458000000015,0.036449,0.991539000000021,0.713202000000014,0.98295400000002,0.750721000000009,0.778245000000009,0,0.760640000000009,0.561057999999999,1.00021500000002,0.996766000000023,0.0685629999999999,0.975616000000021
175,1.16972038311959,0.0797279999999999,0.634733000000005,0.874577000000015,0.040657,0.990774000000018,0.716251000000011,0.982665000000018,0.751420000000009,0.77624100000001,0,0.756855000000009,0.552304999999994,1.00023600000002,0.99702900000002,0.072235,0.975407000000012
176,1.17118487303927,0.0800079999999999,0.641007000000005,0.875852000000009,0.040582,0.991604000000014,0.719347000000008,0.983628000000013,0.754586000000006,0.777624000000005,0,0.763118000000004,0.554954,1.00021100000001,0.997201000000017,0.074929,0.97652400000001
177,1.17274489129018,0.0820739999999999,0.647362000000003,0.876900000000007,0.043031,0.991945000000015,0.723621000000007,0.984350000000014,0.759078000000007,0.780218000000007,0,0.761458000000007,0.548594,1.00017000000002,0.996683000000017,0.0774949999999999,0.977906000000019
178,1.17394812754866,0.0800459999999998,0.650547000000006,0.879145000000011,0.044404,0.991296000000015,0.728293000000011,0.984419000000015,0.758735000000009,0.778860000000008,0,0.759840000000008,0.546575999999998,1.00021000000002,0.996764000000017,0.0759619999999999,0.977509000000014
179,1.17726335706087,0.0800829999999999,0.655135000000007,0.875417000000008,0.047635,0.991210000000013,0.733513000000008,0.984806000000013,0.760826000000005,0.779824000000005,0,0.764855000000005,0.542722999999998,1.00020400000001,0.996955000000014,0.0780109999999999,0.977460000000018
180,1.1795743250308,0.080462,0.665196000000007,0.876703000000011,0.046133,0.991475000000017,0.738875000000009,0.985335000000017,0.769391000000008,0.778822000000008,0,0.766284000000008,0.542925999999999,1.00020300000002,0.996815000000019,0.076717,0.975681000000014
181,1.180732667018,0.0792089999999999,0.667984000000005,0.880144000000012,0.042889,0.991931000000018,0.73597400000001,0.984643000000019,0.775978000000008,0.785752000000009,0,0.771954000000007,0.539271999999995,1.00017200000002,0.996745000000019,0.076217,0.978493000000015
182,1.18242583766252,0.076596,0.665723000000004,0.877517000000009,0.046242,0.991595000000017,0.732325000000006,0.985320000000017,0.781079000000007,0.786593000000005,0,0.771317000000006,0.541109999999997,1.00016900000002,0.996843000000019,0.0759639999999999,0.981477000000016
183,1.18377380311748,0.078908,0.673997000000005,0.878514000000008,0.047626,0.991456000000015,0.740837000000009,0.986529000000015,0.783469000000005,0.793982000000005,0,0.776919000000006,0.537041999999999,1.00014900000002,0.996874000000016,0.0741919999999999,0.982537000000013
184,1.18584895859436,0.0742269999999999,0.684735000000004,0.876367000000009,0.051927,0.990224000000013,0.749078000000009,0.986471000000013,0.787871000000005,0.797843000000007,0,0.776429000000006,0.532830999999996,1.00016600000001,0.997045000000015,0.0773099999999999,0.983930000000015
185,1.18725300376135,0.074401,0.683341000000006,0.876243000000009,0.051756,0.989773000000014,0.74831900000001,0.987202000000013,0.790377000000007,0.799343000000008,0,0.774253000000006,0.536362,1.00017400000001,0.996934000000015,0.077227,0.981873000000016
186,1.18851149194535,0.074967,0.679161000000005,0.875776000000009,0.054955,0.989335000000014,0.743622000000009,0.986926000000014,0.788092000000008,0.796808000000007,0,0.773030000000007,0.540148999999997,1.00013500000001,0.996656000000016,0.079431,0.983326000000011
187,1.18974278985102,0.0719659999999999,0.678363000000006,0.87401600000001,0.05341,0.989780000000016,0.743373000000009,0.988293000000017,0.789828000000007,0.803917000000007,0,0.778741000000006,0.541931999999998,1.00014400000002,0.996965000000017,0.0772569999999999,0.983975000000013
188,1.19136202978803,0.068961,0.684087000000004,0.873513000000011,0.056154,0.989563000000018,0.74885400000001,0.989239000000018,0.78780800000001,0.800633000000008,0,0.776322000000008,0.545447999999997,1.00013300000002,0.99666800000002,0.0773269999999999,0.985732000000011
189,1.19291913996098,0.067719,0.687912000000007,0.872615000000011,0.0563509999999999,0.989694000000016,0.75195400000001,0.987796000000017,0.786566000000007,0.800242000000008,0,0.775917000000007,0.546104999999997,1.00015100000002,0.997024000000018,0.078264,0.985237000000012
190,1.19444488354101,0.0665699999999999,0.691305000000008,0.878535000000012,0.056988,0.989117000000016,0.752790000000011,0.988118000000016,0.786352000000008,0.801280000000008,0,0.778001000000007,0.536320999999998,1.00015500000002,0.997139000000018,0.0797149999999999,0.985660000000011
191,1.19563216175527,0.0667379999999999,0.698722000000004,0.882663000000007,0.059618,0.988752000000011,0.759030000000007,0.98739700000001,0.790689000000007,0.804146000000006,0,0.779089000000007,0.528053999999995,1.00015800000001,0.996818000000012,0.0852699999999999,0.985880000000014
192,1.19730485114958,0.06225,0.706022000000003,0.885924000000007,0.0557519999999999,0.989957000000011,0.761002000000007,0.989018000000012,0.801519000000004,0.811840000000006,0,0.787432000000004,0.521605999999996,1.00011100000001,0.996849000000014,0.0852499999999999,0.987074000000009
193,1.19936062357902,0.0606759999999999,0.709531000000005,0.883534000000007,0.056033,0.98980800000001,0.765804000000007,0.98831000000001,0.803773000000006,0.813889000000005,0,0.791382000000005,0.525025999999997,1.00015400000001,0.996842000000011,0.0883699999999999,0.987899000000008
194,1.20197762845968,0.060637,0.715372000000006,0.887103000000009,0.055019,0.991197000000012,0.771086000000008,0.988267000000012,0.810505000000007,0.815000000000009,0,0.794867000000007,0.519755999999998,1.00013900000001,0.997028000000013,0.0913819999999999,0.988707000000012
195,1.2033719225087,0.060106,0.719456000000006,0.889141000000007,0.0525009999999999,0.990670000000009,0.772804000000008,0.989549000000009,0.819806000000005,0.818786000000005,0,0.799795000000005,0.511684999999996,1.00013400000001,0.996844000000011,0.0910129999999999,0.988608000000013
196,1.20670526273406,0.055915,0.728327000000005,0.887250000000011,0.054154,0.990462000000017,0.778351000000008,0.990139000000017,0.816444000000008,0.819569000000008,0,0.799325000000007,0.513532999999992,1.00017200000002,0.996592000000018,0.0932649999999999,0.987685000000009
197,1.20745221329172,0.0569289999999999,0.726577000000004,0.889402000000008,0.053154,0.990721000000011,0.775575000000008,0.990197000000012,0.815441000000007,0.821665000000006,0,0.797459000000007,0.514788999999996,1.00012800000001,0.996963000000013,0.095839,0.988401000000009
198,1.20905088002213,0.0603409999999999,0.723448000000004,0.88910400000001,0.0559459999999999,0.988865000000013,0.772658000000008,0.992406000000014,0.818332000000007,0.826587000000007,0,0.801481000000007,0.515611999999996,1.00013800000001,0.996619000000015,0.092956,0.989309000000009
199,1.21092611793706,0.064948,0.723680000000005,0.889187000000009,0.057345,0.987563000000013,0.772558000000008,0.994006000000014,0.820254000000006,0.825814000000006,0,0.802395000000005,0.515297999999998,1.00015100000001,0.996670000000015,0.094721,0.988766000000007
200,1.21270739025656,0.0631949999999999,0.735952000000004,0.890034000000009,0.0569929999999999,0.987535000000011,0.779798000000006,0.994500000000011,0.828333000000007,0.831479000000008,0,0.806014000000006,0.511878999999994,1.00013200000001,0.996859000000013,0.0954229999999999,0.989902000000008
