"X","PopRatio","Diff_KC","Fibroblast","M1","M2","Neutrophil","Prol_KC","Th0","Th1","Th17","Th2","Th22","Treg","iDC","pDC","preDiff_KC","ILC3"
0,1,0.000467,0,0,0,0,0,0,0,0,0,0,0.166626,0,0,0,0
1,0.999996,0.00167,0,0,0,0,0,0,0,0,0,0,0.121808,0,0,0,0
2,0.999995000004,0.002421,0,5.8e-05,0,1.4e-05,0,0,0,0,0,0,0.120148,0.000597,0.000593,0,0
3,0.999997999989,0.002843,0,0.000139,0,3.7e-05,0,0,0,0,0,0,0.135176,0.004345,0.004346,0,0
4,0.999997999989001,0.003666,0,0.00047,0,0.000238,0,0,0,0,0,0,0.150233,0.011057,0.011063,0,0
5,1.000007999969,0.005375,0,0.001057,0,0.001018,0,0,0,0,0,0,0.168261,0.024126,0.024134,0,0
6,1.000013000009,0.005571,0,0.001551,0,0.002495,0,0,0,0,0,0,0.196284,0.042927,0.042888,0,0
7,1.000024000152,0.00673,0,0.003496,0,0.004552,0,0,0,0,0,0,0.210917,0.069077,0.0690689999999999,0,0
8,1.00005400087201,0.00837,0,0.005761,0,0.00688,0,0,0,0,0,0,0.229971,0.100861,0.100851,0,0
9,1.00007900222203,0.009453,0,0.010183,0,0.012283,0,0,0,0,0,0,0.242379,0.134447,0.134439,0,0
10,1.00013900696217,0.012544,0,0.01326,0,0.016036,0,0,0,0,0,0,0.251907,0.174276000000001,0.174262000000001,0,0
11,1.00021001683167,0.013804,0,0.019206,0,0.021442,0,4e-05,0,0,0,0,0.263213,0.218945000000001,0.218777000000001,0,0
12,1.00029403447308,0.013557,0,0.025473,0,0.0263790000000001,0,0,0,0,0,0,0.276054,0.260260999999999,0.259974999999999,0,0
13,1.00037805917198,0.014192,0,0.032917,0,0.0355910000000001,0,0,0,0,0,0,0.287213999999999,0.304412999999999,0.303669999999999,0,0
14,1.00053311777116,0.014817,0,0.0420689999999999,0,0.0473179999999999,0,0.000142,0,0,0,0,0.302148999999999,0.352641999999997,0.351436999999997,0,0
15,1.00070520946743,0.016724,0,0.0563699999999999,0,0.0567729999999999,0,0.000182,0,0,0,0,0.313636999999998,0.400812999999996,0.399692999999996,0,0
16,1.00090034698329,0.018211,0,0.0660319999999997,0,0.0662469999999997,0,0.000447,0,0,0,0,0.320419999999997,0.441854999999994,0.440256999999995,0,0
17,1.00112454866103,0.019145,0,0.0775759999999996,0,0.0770329999999997,0,0.000675,0,0,0,0,0.337713999999996,0.482887999999991,0.481139999999991,0,0
18,1.00137482979822,0.017578,0,0.0900899999999995,0,0.0904439999999993,0,0.001486,0,0,0,0,0.342452999999999,0.522414999999994,0.520053999999994,0,0
19,1.00171429586555,0.018375,0,0.0967689999999995,0,0.101504999999999,0,0.002142,0,0,0,0,0.356595999999995,0.558985000000004,0.556039000000003,0,0
20,1.00211297815533,0.01899,0,0.112455999999999,0,0.116955999999999,0,0.002727,0,0,0,0,0.374059999999995,0.595044999999997,0.591388999999997,0,0
21,1.00251783179853,0.019636,0,0.125636999999999,0,0.134672,0,0.004429,0,0,0,0,0.388564999999992,0.625207000000004,0.621393000000004,0,0
22,1.00291382634212,0.021217,0,0.144721,0,0.149695000000001,0,0.006219,0,0,0,0,0.401084999999995,0.660781000000016,0.655768000000015,0,0
23,1.00343032696273,0.021024,0,0.161842000000002,0,0.162880000000002,0,0.007323,0,0,0,0,0.410144999999992,0.694280000000017,0.688900000000016,0,0
24,1.00407352580235,0.019117,0,0.182258000000003,0,0.175379000000002,0.000104,0.011682,0,0,0,0,0.421328999999989,0.724108000000026,0.717236000000026,0,0
25,1.00468701472665,0.018845,0,0.197381000000004,0,0.196231000000005,0.000333,0.014444,0,0,0,0,0.436418999999993,0.751119000000029,0.743366000000028,0,0
26,1.0054043612552,0.019673,0,0.216665000000005,0,0.213942000000005,0.000638,0.018536,0,0,0,0,0.445946999999987,0.778350000000023,0.769595000000021,0,0
27,1.00621873878786,0.021661,0,0.234775000000006,0,0.229237000000006,0.000692,0.021517,0,0,0,0,0.462735999999988,0.798060000000035,0.788919000000033,0,0
28,1.00708308068453,0.024005,0,0.254602000000005,0,0.251844000000007,0.000466,0.025281,0,0,0,0,0.461020999999987,0.818772000000036,0.807459000000035,0,0
29,1.00802268919886,0.024194,0,0.272200000000003,0,0.270808000000005,0.000535,0.0299060000000001,0,0,0,0,0.471850999999986,0.83776200000004,0.82537900000004,0,0.000191
30,1.00896418239062,0.0246540000000001,0,0.295513000000002,0,0.280801000000005,0.001126,0.039585,0,0,0,0,0.474609999999982,0.856247000000053,0.842867000000052,0,0.000325
31,1.0100518457793,0.0270720000000001,0,0.307337999999998,0,0.298442,0.001759,0.046441,2.7e-05,0,0,0,0.484000999999986,0.872528000000047,0.859561000000044,0,0.000862
32,1.0111204806322,0.027113,0,0.323031999999997,0,0.317612999999997,0.002271,0.0556029999999998,0,0,0,0,0.485839999999982,0.89000200000006,0.876155000000058,0,0.001544
33,1.01216496808876,0.029688,0,0.338990999999995,0,0.337242999999996,0.002537,0.0676539999999998,0,0,0,0,0.486281999999987,0.90764200000005,0.892905000000051,0,0.00224
34,1.01339980934988,0.0312470000000001,0,0.359527999999992,0,0.358725999999992,0.00229,0.0780899999999996,0,0,0,0,0.488519999999983,0.921717000000058,0.906498000000056,0,0.003808
35,1.01457231292936,0.0357680000000001,0,0.378030999999991,0,0.37480899999999,0.003396,0.0853009999999996,0,0,0,0,0.501699999999981,0.928400000000053,0.913709000000052,0,0.004479
36,1.01580806200657,0.035711,0,0.392441999999989,0,0.38554199999999,0.004531,0.0955559999999996,0,0,0,0,0.505367999999985,0.934491000000054,0.920142000000052,0,0.006715
37,1.01695186188445,0.0357160000000001,0,0.406724999999988,0,0.401335999999989,0.005317,0.109614999999999,2.9e-05,0.000134,0,0,0.51133599999998,0.940591000000063,0.927496000000063,0,0.008596
38,1.01810915310334,0.035821,0,0.423406999999985,0,0.420232999999986,0.007174,0.119922999999999,6.7e-05,0.000199,0,1e-06,0.519619999999984,0.947739000000065,0.935164000000064,0,0.011313
39,1.01928506917525,0.036049,0,0.438359999999986,0,0.450263999999983,0.008316,0.131043999999999,6.7e-05,0.000314,0,0,0.520467999999984,0.950021000000052,0.937020000000051,0,0.013423
40,1.0203828391948,0.038638,0,0.456623999999984,0,0.46931899999998,0.010264,0.139548,0.000107,0.000268,0,6.7e-05,0.532180999999988,0.956318000000061,0.94331400000006,0,0.018677
41,1.0215838297966,0.037891,0,0.46743899999998,0,0.481019999999977,0.010972,0.152954000000001,6.6e-05,0.000573,0,0,0.530632999999989,0.962826000000059,0.94941200000006,6.7e-05,0.024905
42,1.02273106843753,0.040186,0,0.479264999999981,0,0.498206999999979,0.012723,0.161336000000002,0.000137,0.000669,0,9.4e-05,0.538788999999987,0.966411000000053,0.953497000000051,6.7e-05,0.0335830000000001
43,1.02384891349539,0.043465,0,0.498531999999978,0,0.505013999999976,0.014926,0.176984000000002,0.000236,0.000442,0,0.000154,0.537705999999986,0.972055000000062,0.960056000000063,0,0.0440559999999999
44,1.02496388496225,0.041099,0,0.514930999999984,0,0.514777999999977,0.016913,0.188062000000003,0.000502,0.000649,0,0.000334,0.54240799999999,0.97601900000006,0.963532000000061,0.000106,0.054524
45,1.02613951853836,0.039433,0,0.53315999999999,0,0.526046999999981,0.019752,0.200887000000004,0.00067,0.000451,0,0.000521,0.553367999999992,0.976255000000061,0.964408000000062,0.000268,0.0632959999999998
46,1.02726416745074,0.040381,0,0.541823999999994,0,0.538484999999986,0.024148,0.210500000000004,0.001482,0.000826,0,0.000898,0.553236999999992,0.979785000000063,0.967841000000062,0.000334,0.0770349999999998
47,1.02841983963919,0.040351,0,0.555793999999987,0,0.553092999999985,0.026522,0.230007000000005,0.001705,0.001511,0,0.001593,0.558935999999989,0.981333000000053,0.969867000000053,0.000201,0.0909679999999996
48,1.029575783539,0.0405639999999999,0.000134,0.564210999999991,0,0.568713999999993,0.0292910000000001,0.247874000000006,0.001853,0.002015,0,0.002073,0.56266399999999,0.983708000000057,0.973041000000059,6.7e-05,0.106762999999999
49,1.03079891956991,0.045318,6.6e-05,0.577965999999992,0,0.586520999999993,0.0320500000000001,0.257126000000004,0.001957,0.002408,0,0.002237,0.56790199999999,0.986759000000057,0.976884000000058,0.000113,0.126021999999999
50,1.03185548846253,0.044443,0,0.589289999999995,0.000121,0.603556999999997,0.035322,0.276705,0.002661,0.003342,0,0.002897,0.574701999999993,0.989101000000052,0.979252000000053,3e-05,0.141464
51,1.0328728979742,0.042383,5.8e-05,0.597224000000001,0,0.613293000000003,0.037503,0.288572999999999,0.003403,0.004629,0,0.00368,0.577964999999998,0.990801000000059,0.981553000000061,0,0.154931000000001
52,1.03403797860318,0.043833,0.000152,0.609712000000004,2.8e-05,0.629813000000007,0.0405509999999999,0.300257999999998,0.004383,0.00634,0,0.004465,0.579224999999997,0.992328000000063,0.983233000000064,6.7e-05,0.172983000000002
53,1.03503168910068,0.042809,0.000114,0.622375000000006,0.000134,0.642726000000007,0.04316,0.314894999999996,0.005119,0.00783300000000001,0,0.005333,0.580043999999999,0.993663000000049,0.985013000000049,0.000226,0.186375000000003
54,1.03609777174051,0.042544,0.000325,0.633267000000005,0.000266,0.658324000000008,0.0470659999999999,0.329019999999996,0.005668,0.010041,0,0.007368,0.577134999999996,0.994321000000057,0.986629000000059,0.000143,0.205034000000004
55,1.03704994559279,0.0427,0.00042,0.650652000000005,0.000336,0.662201000000007,0.05172,0.348191999999993,0.008169,0.011342,0,0.00925700000000001,0.580001999999995,0.995131000000052,0.988566000000053,0.000311,0.228358000000005
56,1.03774995430612,0.0463349999999999,0.00017,0.655291000000014,0.000265,0.668048000000013,0.0549289999999999,0.363512999999992,0.010163,0.012875,0,0.010417,0.583739999999998,0.996520000000058,0.98914700000006,0.000284,0.246326000000006
57,1.03885619575747,0.0492949999999999,0.000134,0.663269000000009,0.000322,0.674248000000011,0.0621559999999998,0.377505999999989,0.012339,0.016435,0,0.013156,0.581745999999997,0.996548000000054,0.989159000000057,0.000555,0.270338000000004
58,1.03996049989362,0.049406,0.000394,0.669604000000015,0.000332,0.687172000000016,0.0651869999999999,0.388420999999989,0.01594,0.020012,0,0.01536,0.583373000000001,0.997745000000055,0.990409000000057,0.000574,0.293109999999998
59,1.04101813972207,0.047408,0.000367,0.686311000000013,0.000429,0.693165000000014,0.0710229999999998,0.395704999999989,0.016484,0.024192,0,0.018198,0.579348,0.997818000000053,0.990739000000054,0.000535,0.317643999999996
60,1.04201647611812,0.0503109999999999,0.000387,0.691393000000013,0.000379,0.700460000000016,0.0762569999999997,0.40883899999999,0.018657,0.0272230000000001,0,0.021405,0.580174999999995,0.997914000000055,0.992269000000057,0.00072,0.337275999999993
61,1.04284487921669,0.049095,0.000324,0.692576000000016,0.000652,0.708891000000014,0.0800139999999997,0.429099999999986,0.020682,0.0292940000000001,0,0.0270440000000001,0.579175999999998,0.99835500000005,0.99309500000005,0.000869,0.350629999999994
62,1.04372921167432,0.0488459999999999,0.000617,0.697311000000017,0.000978,0.716769000000019,0.0854989999999996,0.440697999999986,0.024054,0.0333550000000001,0,0.0296070000000001,0.582233999999998,0.998735000000046,0.99345100000005,0.001615,0.35976199999999
63,1.04464873710985,0.051305,0.001043,0.699497000000016,0.001144,0.726458000000016,0.0883699999999996,0.456315999999984,0.0272420000000001,0.037509,0,0.034719,0.585032999999998,0.99906000000005,0.994071000000052,0.001416,0.378017999999991
64,1.04574561828387,0.0519439999999999,0.00129,0.704007000000013,0.001368,0.734342000000015,0.0897579999999997,0.471992999999982,0.0319040000000001,0.042413,0,0.0386390000000001,0.583485999999997,0.999701000000047,0.994668000000052,0.002147,0.393901999999989
65,1.04656339135741,0.0556349999999999,0.000945,0.71377500000002,0.001832,0.735576000000022,0.0948479999999995,0.494006999999982,0.0362940000000001,0.045126,0,0.042158,0.582928000000001,1.00008800000005,0.996076000000055,0.001921,0.406835999999987
66,1.0473713382956,0.0589179999999998,0.000983,0.722490000000018,0.001594,0.741886000000023,0.102168,0.505008999999983,0.040538,0.050066,0,0.0494519999999999,0.583181999999995,0.999935000000053,0.995519000000056,0.002615,0.422241999999986
67,1.04857476796335,0.0596269999999999,0.001652,0.736361000000019,0.001759,0.747629000000023,0.107996999999999,0.522316999999984,0.0428289999999999,0.0565099999999999,0,0.05234,0.581264000000002,1.00037700000005,0.996383000000058,0.003134,0.434969999999985
68,1.04969674296513,0.0618899999999999,0.002025,0.742096000000023,0.002611,0.755976000000025,0.112270999999999,0.535353999999991,0.0470799999999999,0.0638879999999998,0,0.0582089999999999,0.587440000000003,1.00052200000005,0.996778000000055,0.002974,0.453146999999984
69,1.05069605426449,0.0647269999999998,0.002027,0.747086000000019,0.002811,0.764661000000022,0.117384,0.546161999999989,0.052958,0.0697999999999998,0,0.0611529999999999,0.593946999999997,1.00065600000005,0.99616300000005,0.003297,0.464489999999981
70,1.05153450971584,0.0632319999999997,0.00251,0.753167000000023,0.00278,0.773062000000026,0.123391999999999,0.553587999999992,0.0543799999999999,0.0714949999999998,0,0.0677839999999999,0.599801000000001,1.00068500000005,0.996791000000052,0.00384,0.477057999999983
71,1.05251243680993,0.0652519999999999,0.00409,0.752380000000021,0.00233,0.787568000000031,0.128934,0.562679999999993,0.0593689999999999,0.0773059999999997,0,0.0723659999999997,0.599873999999998,1.00064400000005,0.996804000000053,0.003471,0.488682999999982
72,1.05322288270482,0.0650869999999999,0.005234,0.757797000000021,0.002801,0.794320000000028,0.134307,0.571238999999996,0.0641739999999998,0.0849239999999995,0,0.0774719999999997,0.597568000000005,1.00070200000005,0.997166000000051,0.004383,0.497017999999981
73,1.05412549471535,0.0685639999999998,0.006767,0.763468000000016,0.003565,0.80023900000002,0.137902000000001,0.580659,0.0676479999999998,0.0937579999999996,0,0.0843509999999996,0.604933999999999,1.00075300000004,0.997161000000048,0.004448,0.506316999999982
74,1.0550615581547,0.0721159999999998,0.007775,0.761923000000015,0.00384,0.805723000000025,0.152302000000001,0.592637999999999,0.0709569999999997,0.102074,0,0.0879889999999995,0.605510000000001,1.00061200000005,0.997068000000051,0.00444,0.521076999999989
75,1.05573996273665,0.0736909999999999,0.008415,0.766370000000029,0.004772,0.810278000000034,0.160225000000002,0.606780000000007,0.0720929999999998,0.109755999999999,0,0.0988569999999994,0.610860000000006,1.00071400000005,0.996954000000057,0.005128,0.531510999999987
76,1.05650326272976,0.0751359999999997,0.009803,0.759783000000022,0.005559,0.813564000000031,0.162825000000001,0.623191000000008,0.0808659999999997,0.115656999999999,0,0.108656999999999,0.611873000000004,1.00067900000005,0.996667000000048,0.006084,0.54476799999999
77,1.05711709112546,0.0788459999999997,0.01095,0.76108400000002,0.005418,0.820179000000027,0.166225000000002,0.631319000000002,0.0882349999999997,0.122764999999999,0,0.115229,0.619409000000003,1.00069000000004,0.996998000000049,0.005541,0.560789999999996
78,1.0580103550675,0.0782449999999998,0.01281,0.767507000000015,0.00662200000000001,0.824160000000025,0.169416000000002,0.639835000000001,0.0932319999999995,0.131974,0,0.122783999999999,0.624075000000005,1.00061400000004,0.997034000000043,0.005837,0.568806999999993
79,1.05865679939449,0.0809709999999997,0.013433,0.766530000000023,0.006253,0.828651000000033,0.180718000000002,0.649437000000011,0.0986749999999996,0.142624,0,0.128818,0.627482000000006,1.00069800000005,0.997409000000054,0.005493,0.580673999999999
80,1.05958841737801,0.0828579999999997,0.015485,0.769613000000026,0.005802,0.830922000000033,0.189238000000003,0.661969000000013,0.106741999999999,0.149266000000001,0,0.134842,0.629052000000009,1.00071000000005,0.997413000000052,0.006043,0.5887
81,1.06013622458985,0.0812919999999998,0.016997,0.769721000000023,0.005897,0.829382000000028,0.193383000000003,0.667520000000011,0.111037999999999,0.152532000000001,0,0.138953,0.632393000000011,1.00066800000004,0.997223000000045,0.006012,0.597665
82,1.06099387479558,0.0839169999999997,0.01818,0.76768100000002,0.005463,0.837412000000029,0.192492000000003,0.680199000000017,0.119542999999999,0.165402000000002,0,0.147839000000001,0.634369000000007,1.00056600000004,0.997322000000044,0.005395,0.616390000000004
83,1.06151906676365,0.0822889999999995,0.021745,0.766637000000022,0.005819,0.839990000000032,0.197625000000003,0.687811000000013,0.124638999999999,0.171190000000002,0,0.154861000000001,0.629873000000007,1.00063900000004,0.997193000000046,0.005333,0.633368000000007
84,1.06292557952716,0.0831089999999996,0.025221,0.770532000000022,0.00657800000000001,0.841640000000029,0.205019000000003,0.694129000000015,0.130931,0.180871000000002,0,0.168734000000001,0.628128000000008,1.00060300000004,0.997511000000044,0.00672200000000001,0.639560000000007
85,1.06356227194934,0.0827739999999997,0.028948,0.769748000000016,0.006288,0.84571900000003,0.215726000000004,0.707113000000014,0.140214000000001,0.192651000000003,0,0.178648000000002,0.627200000000008,1.00061200000004,0.997396000000041,0.007215,0.64345700000001
86,1.06410043445898,0.0861299999999997,0.032259,0.767846000000023,0.00834200000000001,0.850385000000032,0.221461000000004,0.713479000000022,0.149692000000001,0.200540000000003,0,0.186371000000002,0.631142000000007,1.00066200000004,0.997406000000045,0.00672900000000001,0.657850000000014
87,1.06548163682295,0.0854799999999996,0.0345510000000001,0.761929000000023,0.008387,0.858471000000033,0.234657000000005,0.724084000000024,0.157129000000001,0.206085000000003,0,0.192032000000002,0.631662000000011,1.00060900000004,0.997235000000045,0.006988,0.663932000000013
88,1.06649810630453,0.0901649999999997,0.038468,0.767160000000016,0.00846500000000001,0.861208000000029,0.242092000000004,0.729537000000012,0.166748000000002,0.211492000000004,0,0.198570000000003,0.632415000000005,1.00057800000004,0.997205000000045,0.007047,0.675595000000011
89,1.06704841932742,0.0911559999999996,0.042437,0.770762000000031,0.008581,0.867471000000037,0.251444000000004,0.73767600000003,0.180084000000002,0.215403000000004,0,0.205945000000003,0.63357000000001,1.00059300000005,0.997515000000053,0.007663,0.68561800000001
90,1.06786791251352,0.0916099999999997,0.046874,0.777132000000022,0.009117,0.870952000000032,0.257136000000003,0.747268000000022,0.190961000000003,0.228285000000004,0,0.216936000000004,0.628360000000007,1.00062300000004,0.997425000000044,0.00754800000000001,0.691998000000021
91,1.06891442306782,0.0949229999999997,0.049759,0.780656000000019,0.008556,0.871006000000028,0.261279000000001,0.751969000000018,0.197940000000003,0.231940000000004,0,0.221721000000003,0.624119000000006,1.00059300000004,0.997377000000045,0.007116,0.701627000000013
92,1.07001861166689,0.0946769999999996,0.057623,0.780803000000026,0.00907,0.876502000000033,0.267368000000001,0.758280000000025,0.210430000000003,0.245596000000004,0,0.230897000000004,0.628784000000008,1.00057100000004,0.997188000000046,0.00799700000000001,0.706657000000019
93,1.07071840383897,0.0964839999999997,0.0632469999999998,0.779185000000019,0.009793,0.881228000000028,0.277077000000002,0.764241000000021,0.217436000000005,0.252607000000005,0,0.238716000000005,0.629307000000004,1.00060300000004,0.997094000000047,0.009541,0.719316000000017
94,1.07118416634469,0.0997929999999997,0.0695789999999998,0.776986000000023,0.009459,0.884281000000036,0.285727,0.774352000000023,0.220420000000004,0.266368000000001,0,0.245862000000004,0.629603000000004,1.00060100000004,0.997486000000045,0.010117,0.729174000000023
95,1.07262383786429,0.102101,0.0744949999999997,0.777181000000021,0.01077,0.888754000000033,0.288829,0.782448000000026,0.220544000000004,0.276354000000001,0,0.251906000000004,0.636489000000007,1.00057700000004,0.996802000000045,0.010875,0.739408000000023
96,1.07328993726765,0.102655,0.0852349999999998,0.781571000000024,0.010182,0.890308000000034,0.301520999999996,0.788899000000028,0.225281000000004,0.283451999999999,0,0.259115000000002,0.633866000000008,1.00053700000004,0.997285000000046,0.010949,0.751290000000025
97,1.07383946171558,0.105335,0.0877189999999997,0.77952400000002,0.010717,0.893104000000034,0.303907999999998,0.794626000000028,0.233637000000004,0.291526999999999,0,0.270010000000001,0.633941000000007,1.00055500000005,0.99733900000005,0.011766,0.762357000000019
98,1.07444940252988,0.105807,0.0952599999999997,0.784413000000024,0.011466,0.897812000000037,0.319078999999996,0.802826000000029,0.242407000000004,0.295687999999998,0,0.276606999999999,0.630896000000013,1.00060700000005,0.99739000000005,0.011658,0.767734000000019
99,1.07493397921047,0.107266,0.0997719999999996,0.779910000000022,0.011524,0.903398000000034,0.328049999999996,0.807067000000029,0.249950000000005,0.301474999999998,0,0.285342999999999,0.632231000000007,1.00055800000004,0.997370000000047,0.011819,0.76780000000002
100,1.07568858286392,0.10483,0.104713999999999,0.784049000000025,0.010347,0.908482000000035,0.342209999999994,0.813062000000029,0.263313000000004,0.312387999999997,0,0.299656999999997,0.636006000000008,1.00058600000004,0.997441000000047,0.0129,0.76888100000002
101,1.07693745730867,0.102765,0.114299,0.787657000000018,0.011437,0.911915000000029,0.346402999999992,0.815252000000022,0.270959000000001,0.318839999999996,0,0.308504999999997,0.631567000000006,1.00060200000004,0.997021000000041,0.012454,0.777438000000027
102,1.07793039364435,0.101414,0.11627,0.787586000000023,0.011572,0.913106000000035,0.354758999999993,0.82364200000003,0.277579,0.334110999999993,0,0.320275999999994,0.627822000000006,1.00060300000004,0.997225000000047,0.012702,0.784506000000024
103,1.07865476286893,0.10381,0.122905999999999,0.791512000000022,0.012052,0.914413000000034,0.361875999999991,0.829775000000031,0.287806999999998,0.344382999999992,0,0.329466999999994,0.631568000000007,1.00051500000004,0.996938000000044,0.013642,0.78476300000002
104,1.0799728789892,0.103741,0.132329,0.790953000000022,0.012968,0.920514000000035,0.375201999999991,0.837463000000029,0.296172999999997,0.349736999999992,0,0.336300999999994,0.637344000000004,1.00050000000004,0.997291000000047,0.014001,0.786412000000017
105,1.08085305688562,0.106707,0.141592,0.792263000000019,0.014141,0.921846000000028,0.38099199999999,0.836518000000027,0.306595999999996,0.360468999999992,0,0.342141999999994,0.629590000000006,1.00055000000003,0.997351000000038,0.013248,0.791256000000028
106,1.08216953590894,0.102913,0.148595000000001,0.793590000000022,0.013872,0.926419000000026,0.38665199999999,0.840083000000027,0.313750999999995,0.364004999999992,0,0.351466999999992,0.627227000000009,1.00053300000003,0.997080000000037,0.01439,0.800331000000023
107,1.08297358787416,0.103099,0.149318000000001,0.798340000000024,0.012671,0.926940000000037,0.38034499999999,0.850899000000032,0.328568999999995,0.376091999999991,0,0.361280999999991,0.626963000000007,1.00048100000004,0.997431000000048,0.013643,0.808459000000023
108,1.08381722429916,0.0985479999999995,0.156101000000001,0.797612000000027,0.014759,0.928924000000035,0.388510999999989,0.862156000000033,0.341910999999992,0.39209199999999,0,0.379395999999991,0.625755000000009,1.00050500000004,0.997385000000045,0.014969,0.818171000000027
109,1.08496932200864,0.0994899999999996,0.162622000000002,0.80154200000002,0.015461,0.931114000000028,0.394772999999988,0.863819000000027,0.352316999999993,0.39839799999999,0,0.39083999999999,0.623615000000006,1.00052200000004,0.997128000000041,0.014946,0.816639000000026
110,1.08609118028764,0.0986039999999997,0.165917000000002,0.802430000000022,0.015568,0.933307000000034,0.398060999999988,0.866821000000031,0.362530999999991,0.40099699999999,0,0.396895999999989,0.623795000000003,1.00057400000004,0.997391000000043,0.015643,0.818834000000025
111,1.08662336496602,0.0991469999999998,0.173290000000002,0.804215000000018,0.016466,0.934567000000029,0.40411899999999,0.868644000000026,0.369871999999991,0.41059499999999,0,0.406342999999992,0.618115000000003,1.00046100000004,0.99720900000004,0.01583,0.826262000000022
112,1.08733510327011,0.0974799999999997,0.184987000000002,0.802069000000019,0.016391,0.93916500000003,0.413219999999988,0.872072000000029,0.378600999999992,0.41536599999999,0,0.41347799999999,0.615907000000002,1.00053100000004,0.997351000000039,0.01508,0.830208000000026
113,1.08867687478759,0.0944659999999997,0.191353000000003,0.803778000000018,0.016754,0.94185900000003,0.412200999999987,0.879982000000027,0.390087999999991,0.432732999999989,0,0.425400999999989,0.619601000000007,1.00051500000003,0.997145000000038,0.015696,0.835739000000027
114,1.08884344234946,0.0984479999999997,0.199764000000002,0.803158000000019,0.018299,0.940998000000027,0.418333999999988,0.879185000000025,0.389593999999992,0.441707999999989,0,0.43738899999999,0.620959000000005,1.00046400000003,0.997203000000036,0.015456,0.846202000000027
115,1.08949892610179,0.0968739999999996,0.205338000000003,0.806861000000018,0.017964,0.943101000000024,0.419790999999986,0.885997000000022,0.39776899999999,0.455843999999988,0,0.448674999999988,0.620516000000006,1.00052700000003,0.997526000000036,0.015437,0.850374000000029
116,1.09007200253696,0.0979749999999997,0.213180000000003,0.807328000000024,0.019104,0.944643000000034,0.430044999999986,0.887736000000033,0.401200999999989,0.460289999999986,0,0.453194999999986,0.611267000000002,1.00047700000004,0.997094000000042,0.016199,0.853165000000029
117,1.09070097408246,0.0989409999999997,0.224608000000003,0.808582000000016,0.020728,0.942341000000023,0.443777999999988,0.892238000000023,0.414791999999989,0.472059999999988,0,0.464997999999988,0.603999000000001,1.00048000000003,0.997228000000034,0.018605,0.858041000000027
118,1.09185166361015,0.0992389999999997,0.228775000000003,0.809392000000022,0.021033,0.947616000000032,0.439617999999985,0.896606000000029,0.422725999999988,0.482803999999987,0,0.482527999999986,0.607290000000003,1.00047400000004,0.997397000000039,0.020595,0.859828000000019
119,1.09320992707972,0.10271,0.238818000000003,0.809783000000022,0.021376,0.946826000000033,0.443924999999989,0.899296000000033,0.43166099999999,0.491968999999988,0,0.493775999999988,0.612847000000006,1.00045300000004,0.996993000000039,0.020063,0.861039000000029
120,1.0937040579668,0.105707,0.244854000000003,0.809867000000018,0.022183,0.947484000000025,0.443195999999989,0.904200000000026,0.43898099999999,0.502022999999989,0,0.505962999999988,0.615638000000003,1.00044100000003,0.996992000000033,0.020988,0.856789000000028
121,1.09488963316566,0.109151,0.254727000000002,0.80787900000002,0.026075,0.948787000000029,0.450513999999989,0.910846000000028,0.445225999999989,0.507564999999989,0,0.517018999999989,0.619065000000005,1.00042900000003,0.997223000000034,0.022327,0.857231000000028
122,1.09562758877845,0.106823,0.257497000000002,0.804973000000023,0.026125,0.950998000000029,0.456856999999988,0.91107400000003,0.448131999999989,0.51384899999999,0,0.522297999999991,0.619963000000004,1.00044300000003,0.997026000000036,0.023084,0.860553000000022
123,1.09697192382992,0.111157,0.270224,0.80641600000002,0.026336,0.94776300000003,0.461997999999988,0.912082000000028,0.45301799999999,0.527330999999994,0,0.531254999999994,0.622074000000005,1.00041600000003,0.997258000000036,0.0240700000000001,0.859331000000023
124,1.09829706591394,0.112846999999999,0.284530999999999,0.804923000000017,0.028114,0.94685600000003,0.47329199999999,0.917056000000028,0.457088999999991,0.539408999999997,0,0.543385999999997,0.628661000000003,1.00044900000003,0.997095000000037,0.024062,0.861749000000028
125,1.09913506657527,0.109492,0.297092999999998,0.807657000000017,0.027811,0.949781000000022,0.486931999999987,0.919571000000021,0.466972999999989,0.544761999999996,0,0.553662999999997,0.628221000000003,1.00043600000003,0.997089000000029,0.024148,0.867261000000023
126,1.09982971993737,0.107677,0.297551999999998,0.814465000000016,0.025723,0.952341000000025,0.489308999999989,0.919662000000025,0.467694999999991,0.546063999999997,0,0.550442999999997,0.622448000000006,1.00043200000003,0.997284000000032,0.025232,0.867808000000022
127,1.10112751900693,0.10676,0.312571999999997,0.812279000000023,0.026656,0.95456000000003,0.497858999999987,0.917578000000031,0.47568799999999,0.545863999999998,0,0.549797999999999,0.621868000000007,1.00046300000003,0.997024000000039,0.0255920000000001,0.872041000000025
128,1.10252264757355,0.103778,0.313751999999997,0.814310000000022,0.026203,0.954041000000031,0.494790999999988,0.921368000000031,0.482308999999988,0.550584999999998,0,0.556786999999997,0.617507000000002,1.00038900000003,0.997218000000037,0.025132,0.870601000000025
129,1.10423376272262,0.102488,0.318240999999997,0.812666000000012,0.027933,0.955756000000024,0.490958999999988,0.919381000000023,0.486147999999991,0.558823999999996,0,0.562625999999997,0.614749000000002,1.00042900000003,0.996915000000031,0.023601,0.876348000000025
130,1.10462355724089,0.11054,0.316342999999996,0.81740800000002,0.029238,0.959779000000027,0.487715999999988,0.918579000000026,0.494543999999988,0.562468000000002,0,0.567289000000002,0.607177000000006,1.00036500000003,0.996928000000035,0.023474,0.881722000000023
131,1.10549620985115,0.110636,0.320089999999997,0.819513000000019,0.028051,0.961939000000026,0.493497999999988,0.919992000000026,0.503636999999989,0.567826999999999,0,0.571366,0.610536000000003,1.00042200000003,0.997015000000034,0.021748,0.881661000000022
132,1.10648452346279,0.109805,0.324133999999996,0.815167000000014,0.02576,0.964133000000023,0.49300999999999,0.923021000000022,0.510819999999991,0.571923000000001,0,0.577973000000002,0.604184000000003,1.00042200000003,0.99701300000003,0.023102,0.884962000000019
133,1.10847287615148,0.108847,0.334450999999995,0.814914000000019,0.026531,0.964750000000029,0.501930999999986,0.926458000000028,0.523444999999994,0.583074,0,0.586072000000002,0.606928000000005,1.00040300000003,0.996996000000035,0.026132,0.890009000000018
134,1.10973431828457,0.103608,0.338689999999996,0.814799000000019,0.028701,0.963982000000028,0.500814999999989,0.925896000000028,0.528012999999995,0.580379000000002,0,0.584519,0.604943000000004,1.00035100000003,0.997131000000035,0.027653,0.891309000000024
135,1.11121692333383,0.104915,0.348580999999994,0.821185000000017,0.028608,0.963935000000025,0.511644999999989,0.927436000000024,0.532491999999993,0.581205000000001,0,0.590252000000001,0.598714000000004,1.00041100000003,0.996921000000033,0.026587,0.893449000000025
136,1.11248704427724,0.105017,0.351211999999996,0.820525000000021,0.028283,0.96352900000003,0.517432999999992,0.931451000000029,0.533883999999999,0.587794000000007,0,0.598960000000006,0.602579000000008,1.00041600000003,0.997074000000036,0.027663,0.898599000000022
137,1.11406900085424,0.0997359999999997,0.361731999999995,0.822048000000019,0.028345,0.965287000000026,0.518620999999994,0.933907000000024,0.544816999999999,0.596342000000003,0,0.607185000000006,0.604821000000003,1.00035800000003,0.997222000000033,0.028349,0.900875000000018
138,1.11464497452771,0.0999269999999998,0.375047999999995,0.827540000000015,0.030498,0.968379000000023,0.526269999999989,0.932910000000023,0.552881999999997,0.598476000000003,0,0.610451000000005,0.610093000000001,1.00034200000003,0.996895000000029,0.029776,0.904043000000021
139,1.11490580145178,0.0991239999999998,0.379075999999995,0.828521000000022,0.032154,0.969098000000031,0.530714999999994,0.93303900000003,0.55599,0.603646000000004,0,0.610857000000007,0.604351000000005,1.00034800000003,0.996926000000036,0.0322570000000001,0.908515000000025
140,1.1167331320604,0.0962139999999998,0.387823999999995,0.836730000000016,0.030022,0.97008800000002,0.535855999999997,0.93663200000002,0.580777000000003,0.620513000000007,0,0.624387000000007,0.598357000000005,1.00030900000002,0.997099000000027,0.031975,0.912061000000024
141,1.1179202193798,0.0961489999999997,0.397018999999995,0.838218000000013,0.029782,0.973733000000021,0.539946999999998,0.93829300000002,0.590653000000003,0.627567000000006,0,0.631256000000004,0.597509000000001,1.00031100000002,0.996891000000027,0.033388,0.914526000000025
142,1.11963846275701,0.0952149999999997,0.398273999999995,0.835494000000014,0.032038,0.975370000000022,0.538435999999998,0.940590000000022,0.598187000000005,0.630768000000007,0,0.636937000000005,0.595863000000004,1.00034300000002,0.997204000000028,0.03289,0.912947000000017
143,1.12040541510403,0.0977429999999999,0.406458999999995,0.838237000000016,0.03137,0.975827000000025,0.546416999999998,0.942048000000024,0.605652000000003,0.634486000000003,0,0.638941000000003,0.596777000000004,1.00032000000003,0.997059000000029,0.035458,0.918244000000019
144,1.12172077106139,0.0963839999999998,0.413072999999993,0.841847000000016,0.031282,0.975904000000021,0.557454000000002,0.943775000000024,0.607290000000005,0.636608000000005,0,0.641293000000005,0.593864000000004,1.00032700000002,0.997140000000028,0.038036,0.919502000000021
145,1.12287053485175,0.0942499999999998,0.423765999999993,0.843024000000013,0.031963,0.97651200000002,0.562839,0.944883000000019,0.610689999999998,0.642589000000001,0,0.643343000000001,0.584472999999999,1.00037700000002,0.996989000000026,0.0382880000000001,0.920573000000023
146,1.12383844925282,0.0918549999999998,0.430289999999994,0.842816000000018,0.034302,0.978573000000023,0.567828999999999,0.947444000000022,0.619508999999999,0.649975000000002,0,0.644950000000003,0.581792999999999,1.00035000000002,0.997082000000025,0.036921,0.92672900000002
147,1.12495104931761,0.0904659999999999,0.440368999999994,0.842443000000016,0.033469,0.979757000000021,0.573206000000001,0.948391000000021,0.621602000000007,0.651374000000006,0,0.647170000000005,0.580040000000001,1.00028900000002,0.997000000000026,0.037539,0.929534000000021
148,1.12618512061874,0.0909299999999997,0.443363999999993,0.840165000000015,0.034177,0.98053800000002,0.572832000000002,0.94690100000002,0.619351000000002,0.653930000000006,0,0.649370000000004,0.577433,1.00028000000002,0.997057000000026,0.039882,0.929823000000021
149,1.12657478067049,0.0923549999999996,0.446942999999994,0.845183000000015,0.031425,0.979474000000024,0.575100000000001,0.947666000000023,0.626636000000005,0.655147000000006,0,0.657625000000006,0.578285999999999,1.00032500000003,0.996972000000028,0.038253,0.934400000000017
150,1.12811255524614,0.0944159999999997,0.452789999999994,0.846951000000015,0.031333,0.982321000000022,0.580710000000003,0.947686000000022,0.626906000000006,0.659486000000007,0,0.661896000000007,0.574901,1.00034100000002,0.997093000000027,0.042116,0.936393000000012
151,1.12943695938602,0.0953539999999998,0.454951999999994,0.849936000000014,0.0306810000000001,0.98261900000002,0.583063000000003,0.953251000000019,0.636291000000009,0.666044000000008,0,0.670895000000009,0.575244000000001,1.00031400000002,0.996969000000026,0.043336,0.938024000000019
152,1.13091313349196,0.0980849999999999,0.455413999999993,0.849192000000013,0.02976,0.98187100000002,0.585484000000003,0.956330000000021,0.638148000000003,0.670099000000005,0,0.679232000000006,0.572798,1.00031100000002,0.997133000000024,0.043616,0.93721300000002
153,1.13180090030178,0.0973369999999997,0.464485999999994,0.852133000000012,0.031609,0.981667000000017,0.589163000000002,0.958107000000016,0.646584000000009,0.676719000000008,0,0.685182000000008,0.571644999999996,1.00031000000002,0.996923000000021,0.045346,0.939707000000019
154,1.13309341692994,0.0991159999999998,0.471788999999993,0.855996000000016,0.0327370000000001,0.979456000000023,0.593801000000005,0.959082000000022,0.656771000000008,0.680114000000008,0,0.686986000000008,0.566481,1.00030200000002,0.996963000000028,0.044567,0.943631000000022
155,1.13456303909173,0.095723,0.483232999999993,0.857900000000019,0.032482,0.980612000000022,0.601131,0.958760000000021,0.661030000000005,0.678711000000006,0,0.688944000000005,0.564046999999997,1.00029100000002,0.996904000000025,0.045292,0.94527700000002
156,1.13477974063222,0.0974379999999998,0.487289999999995,0.865167000000011,0.032111,0.981658000000018,0.602346000000006,0.961712000000017,0.667117000000006,0.685659000000007,0,0.695973000000007,0.564770000000001,1.00025700000002,0.997022000000022,0.046499,0.947601000000016
157,1.13640588000056,0.096993,0.496943999999993,0.863012000000011,0.035539,0.982529000000016,0.607525000000001,0.964151000000016,0.676291000000009,0.695081000000007,0,0.707055000000008,0.561914999999996,1.00029100000002,0.99695600000002,0.047804,0.947721000000017
158,1.13790139013866,0.098926,0.500221999999993,0.859365000000015,0.038992,0.983663000000019,0.608510000000002,0.966136000000018,0.683219000000005,0.694776000000004,0,0.707995000000007,0.565256999999995,1.00029500000002,0.996839000000022,0.0480889999999999,0.947693000000013
159,1.13963668975865,0.101318,0.502692999999993,0.853364000000012,0.039972,0.985591000000018,0.611918000000003,0.966795000000017,0.686698000000004,0.701991000000005,0,0.715472000000006,0.558697999999996,1.00026400000002,0.996807000000022,0.047282,0.94719500000002
160,1.14127776659192,0.0990689999999999,0.514564000000001,0.854053000000014,0.041165,0.984770000000018,0.61665700000001,0.965237000000019,0.692730000000009,0.712506000000009,0,0.72034400000001,0.550912000000002,1.00028800000002,0.997003000000021,0.05042,0.948746000000016
161,1.14327842651678,0.0993750000000001,0.525227999999993,0.85763500000001,0.0403579999999999,0.984979000000019,0.623981000000004,0.969239000000015,0.701895000000002,0.720207000000003,0,0.730212000000004,0.545927999999992,1.00024400000002,0.996908000000022,0.051869,0.949613000000021
162,1.14464350095806,0.0985339999999999,0.528539999999997,0.852967000000012,0.042763,0.985871000000016,0.623822000000001,0.969082000000016,0.702399000000006,0.723227000000005,0,0.729676000000006,0.540995999999995,1.00026300000002,0.996979000000019,0.051802,0.948645000000013
163,1.14611665714381,0.101383,0.533854999999997,0.857064000000012,0.040836,0.985128000000017,0.628006000000007,0.969484000000018,0.71228700000001,0.725145000000009,0,0.736430000000009,0.539655999999998,1.00023200000002,0.997043000000021,0.053987,0.949001000000016
164,1.14772007434717,0.102488,0.538966999999995,0.861226000000013,0.041154,0.984990000000018,0.633937000000003,0.971644000000017,0.711656000000005,0.728814000000009,0,0.733788000000007,0.535426999999993,1.00023700000002,0.996840000000022,0.0567489999999999,0.947825000000018
165,1.14840526323158,0.10009,0.547188000000002,0.867371000000017,0.040241,0.98663100000002,0.641277000000009,0.972570000000021,0.723820000000009,0.737589000000007,0,0.73874900000001,0.533107999999994,1.00019300000002,0.996794000000023,0.0570149999999999,0.949098000000013
166,1.14902884728954,0.101965,0.548951000000004,0.868247000000012,0.041093,0.986994000000016,0.63848200000001,0.974839000000015,0.727677000000007,0.745304000000006,0,0.743808000000007,0.535311999999998,1.00022000000002,0.996812000000019,0.058093,0.952942000000017
167,1.15051913770449,0.102527,0.550786000000004,0.868112000000015,0.04134,0.986318000000018,0.637063000000013,0.976483000000019,0.73038100000001,0.74798200000001,0,0.74955600000001,0.533962999999996,1.00024000000002,0.997065000000021,0.0589359999999999,0.951788000000013
168,1.15222305654745,0.102112,0.559888000000003,0.870609000000014,0.03845,0.988266000000016,0.645015000000009,0.976100000000016,0.73784200000001,0.751620000000008,0,0.751685000000008,0.531543999999995,1.00022600000002,0.99691600000002,0.057509,0.952787000000019
169,1.15408159233768,0.105626,0.569167000000001,0.875669000000011,0.037414,0.988186000000015,0.650010000000007,0.976038000000015,0.740486000000007,0.755020000000006,0,0.756198000000006,0.524035999999992,1.00023200000002,0.997038000000019,0.057542,0.955664000000012
170,1.1555276565729,0.109906,0.571936000000001,0.87569400000001,0.036669,0.988282000000013,0.651882000000007,0.975236000000013,0.742821000000007,0.756728000000007,0,0.760996000000008,0.531183999999997,1.00020500000001,0.996940000000016,0.056355,0.95503400000002
171,1.15603146663118,0.108583,0.583379000000005,0.877584000000015,0.035068,0.989387000000022,0.661766000000014,0.977307000000021,0.75491700000001,0.760197000000011,0,0.767751000000011,0.534915999999999,1.00025600000002,0.997059000000025,0.055506,0.955510000000013
172,1.15766956321942,0.107761,0.584981000000005,0.880358000000013,0.035797,0.988975000000017,0.66237300000001,0.977812000000017,0.756210000000007,0.765491000000007,0,0.766161000000008,0.533890999999998,1.00023800000002,0.996938000000021,0.053514,0.957025000000011
173,1.16009256561526,0.106859,0.595320000000006,0.881631000000017,0.034206,0.989120000000024,0.669368000000013,0.980001000000024,0.762443000000012,0.774408000000012,0,0.773710000000012,0.534480999999993,1.00023200000002,0.996913000000024,0.0549779999999999,0.95795300000001
174,1.16217493177057,0.108978,0.601520000000002,0.883287000000012,0.033662,0.990452000000014,0.674345000000009,0.979187000000015,0.765622000000009,0.77749700000001,0,0.773428000000008,0.534316999999997,1.00019800000001,0.997089000000017,0.055777,0.957207000000013
175,1.16401349251265,0.105104,0.603363000000004,0.884517000000012,0.036708,0.989345000000016,0.678003000000008,0.981322000000016,0.766218000000008,0.780534000000009,0,0.779964000000009,0.537952999999998,1.00019100000002,0.996655000000018,0.055961,0.960719000000017
176,1.16477242930978,0.103844,0.612097000000003,0.887213000000014,0.036441,0.98885300000002,0.68826800000001,0.981073000000021,0.76885900000001,0.79032900000001,0,0.782689000000012,0.538070999999996,1.00018900000002,0.996850000000022,0.0552329999999999,0.960717000000013
177,1.16638796866926,0.105742,0.618842000000006,0.887055000000011,0.03644,0.988772000000015,0.691268000000009,0.981914000000015,0.773844000000011,0.794469000000009,0,0.78239300000001,0.533408999999996,1.00019700000002,0.996830000000018,0.055325,0.962273000000017
178,1.16828218273039,0.104485,0.622047000000007,0.889377000000012,0.035736,0.989126000000016,0.691281000000011,0.982940000000016,0.778453000000007,0.793916000000008,0,0.789408000000008,0.528358999999995,1.00020200000002,0.996829000000018,0.057443,0.963531000000015
179,1.16950537417573,0.0981769999999999,0.626411000000006,0.889513000000013,0.034463,0.988865000000017,0.697063000000011,0.983362000000017,0.78276800000001,0.799721000000009,0,0.78795300000001,0.521620999999995,1.00018600000002,0.997140000000018,0.062155,0.964386000000019
180,1.17013690707781,0.0957949999999997,0.630180000000003,0.891844000000011,0.032687,0.989063000000015,0.699097000000009,0.984680000000015,0.787677000000006,0.807290000000007,0,0.792067000000007,0.513244999999994,1.00019700000002,0.996830000000017,0.061563,0.965429000000016
181,1.17158085602116,0.0925149999999999,0.631247000000003,0.897974000000011,0.030841,0.989487000000014,0.701492000000008,0.984218000000014,0.791583000000006,0.812926000000006,0,0.801079000000007,0.506935999999991,1.00020000000001,0.996941000000016,0.061217,0.962932000000014
182,1.17383614916902,0.0909639999999999,0.637472000000002,0.90280700000001,0.030274,0.989756000000015,0.706289000000004,0.984503000000015,0.793649000000006,0.814729000000006,0,0.804825000000007,0.507358999999993,1.00015700000002,0.996833000000016,0.059941,0.963059000000017
183,1.1755734266698,0.0894999999999998,0.638669000000006,0.903065000000011,0.031893,0.990333000000015,0.709722000000011,0.984865000000015,0.796004000000009,0.81300200000001,0,0.807638000000009,0.501999999999992,1.00020300000002,0.996875000000017,0.059361,0.965268000000015
184,1.17724038978884,0.0895419999999999,0.640860000000005,0.899700000000012,0.033056,0.990365000000014,0.71197600000001,0.985745000000014,0.795692000000009,0.811422000000009,0,0.810351000000009,0.501134999999993,1.00016400000001,0.996874000000015,0.059967,0.966202000000018
185,1.17889912149807,0.0876859999999998,0.652910000000002,0.900452000000012,0.03168,0.991725000000016,0.720467000000006,0.986409000000015,0.794910000000006,0.812351000000006,0,0.812134000000008,0.499328999999995,1.00016200000002,0.996892000000017,0.062511,0.970278000000017
186,1.18016879585194,0.086841,0.656742000000005,0.904310000000011,0.029604,0.992156000000013,0.722042000000009,0.987627000000013,0.802953000000007,0.821049000000007,0,0.820505000000008,0.496591999999993,1.00016500000001,0.996532000000015,0.063012,0.972414000000016
187,1.18155667435587,0.0868729999999999,0.660281000000003,0.90685300000001,0.027943,0.992743000000013,0.722772000000007,0.987632000000012,0.806629000000008,0.827637000000008,0,0.826588000000008,0.495977999999992,1.00012400000001,0.996847000000015,0.0664949999999999,0.973168000000011
188,1.18306434067236,0.0842769999999999,0.660282000000004,0.906199000000011,0.027672,0.992377000000015,0.722276000000007,0.987506000000015,0.811590000000008,0.828314000000008,0,0.829710000000008,0.494585999999993,1.00013100000002,0.996753000000018,0.068311,0.971280000000015
189,1.18469342026949,0.0879409999999999,0.668367000000003,0.906671000000005,0.029672,0.992091000000009,0.730711000000007,0.987171000000009,0.812570000000005,0.834507000000005,0,0.831984000000005,0.497906999999993,1.00015700000001,0.996745000000011,0.072745,0.973179000000014
190,1.18571462599777,0.0854089999999998,0.668326000000005,0.905484000000009,0.030627,0.991485000000013,0.732619000000008,0.987575000000013,0.811627000000007,0.838793000000007,0,0.834686000000007,0.497018999999992,1.00016600000001,0.997044000000015,0.074244,0.97328300000001
191,1.18886744118831,0.083804,0.669190000000005,0.901869000000008,0.030356,0.993129000000012,0.732371000000008,0.988315000000012,0.817400000000007,0.842473000000008,0,0.837351000000007,0.492144999999991,1.00014400000001,0.996744000000013,0.073523,0.973383000000013
192,1.19095152581273,0.085051,0.671195000000003,0.904542000000008,0.030485,0.993608000000012,0.734558000000006,0.989611000000012,0.821815000000006,0.845192000000005,0,0.841882000000005,0.491916999999992,1.00011500000001,0.996937000000014,0.073012,0.975696000000014
193,1.19293207820017,0.0850209999999999,0.677446000000003,0.910038000000009,0.030861,0.993475000000012,0.738806000000006,0.990249000000011,0.834981000000008,0.854056000000007,0,0.849554000000007,0.485719999999993,1.00014200000001,0.996642000000014,0.073205,0.977342000000007
194,1.19452106372834,0.0870729999999999,0.683972000000004,0.913306000000012,0.029913,0.994219000000016,0.746304000000007,0.990839000000015,0.838743000000008,0.859393000000008,0,0.857187000000007,0.489594999999994,1.00015500000002,0.996523000000018,0.0781799999999999,0.978374000000011
195,1.19564749709146,0.083559,0.689617000000004,0.91123800000001,0.031364,0.994235000000015,0.749566000000009,0.990611000000014,0.839181000000008,0.861335000000009,0,0.857150000000008,0.491674999999993,1.00010500000001,0.996927000000017,0.0842999999999999,0.97789800000001
196,1.19787618402605,0.0821229999999999,0.692661000000002,0.909474000000007,0.031719,0.994021000000009,0.751953000000006,0.990923000000009,0.839529000000005,0.863738000000006,0,0.860418000000006,0.494279999999995,1.00012100000001,0.996801000000011,0.084997,0.978330000000013
197,1.20067562066813,0.0846419999999998,0.697627000000002,0.910986000000007,0.032713,0.994620000000012,0.755648000000007,0.991531000000011,0.842186000000005,0.862998000000006,0,0.861917000000006,0.498248999999993,1.00012100000001,0.996879000000013,0.086895,0.978672000000009
198,1.20296530907676,0.082229,0.699141000000002,0.909587000000008,0.032026,0.99429900000001,0.753598000000005,0.99204100000001,0.843270000000006,0.865203000000007,0,0.866555000000006,0.495074999999994,1.00013200000001,0.996611000000011,0.0857329999999999,0.979393000000012
199,1.2044798424009,0.0799049999999998,0.703530000000004,0.914740000000008,0.030835,0.995357000000012,0.760339000000007,0.992918000000013,0.848621000000007,0.867134000000007,0,0.872435000000007,0.495866999999993,1.00010500000001,0.996821000000014,0.0870829999999999,0.979934000000012
200,1.20702611278775,0.0801709999999999,0.712092000000003,0.913383000000008,0.03265,0.995119000000011,0.767593000000006,0.99378800000001,0.848499000000006,0.863283000000005,0,0.872840000000007,0.495470999999995,1.00016000000001,0.996840000000012,0.0867,0.980419000000012
