"X","PopRatio","Diff_KC","Fibroblast","M1","M2","Neutrophil","Prol_KC","Th0","Th1","Th17","Th2","Th22","Treg","iDC","pDC","preDiff_KC","ILC3"
0,1,0.000148,0,0,0,0,0,0,0,0,0,0,0.165985,0,0,0,0
1,0.999998,0.001274,0,0,0,0,0,0,0,0,0,0,0.121585,0,0,0,0
2,0.999998999998,0.002353,0,0,0,0,0,0,0,0,0,0,0.117073,0.000624,0.000644,0,0
3,0.999997999999001,0.004113,0,2.9e-05,0,8.5e-05,0,0,0,0,0,0,0.128166,0.003559,0.00352,0,0
4,0.999994000007001,0.006131,0,0.000221,0,0.000295,0,0,0,0,0,0,0.145158,0.011555,0.011584,0,0
5,0.999995999995001,0.008638,0,0.000833,0,0.001082,0,0,0,0,0,0,0.155219,0.024925,0.024906,0,0
6,1.000006999951,0.009964,0,0.002016,0,0.001466,0,0,0,0,0,0,0.173194,0.043286,0.04336,0,0
7,1.000038000168,0.010932,0,0.00285,0,0.003482,0,0,0,0,0,0,0.188729,0.067104,0.0670610000000001,0,0
8,1.00007000138401,0.011553,0,0.00556,0,0.00603,0,4e-05,0,0,0,0,0.203015,0.101885,0.101876,0,0
9,1.00009800334405,0.012752,0,0.010714,0,0.009962,0,6.6e-05,0,0,0,0,0.213420000000001,0.142331,0.142395,0,0
10,1.00016300971427,0.013413,0,0.015629,0,0.014454,0,6.7e-05,0,0,0,0,0.231162,0.181090000000001,0.181050000000001,0,0
11,1.00021801867981,0.014984,0,0.023063,0,0.020011,0,0.000118,0,0,0,0,0.246355000000001,0.226035000000001,0.225998000000001,0,0
12,1.00030603786546,0.015574,0,0.0294150000000001,0,0.026846,0,0.000333,0,0,0,0,0.254345,0.269991000000001,0.269932000000001,0,0
13,1.00041006969341,0.015143,0,0.040049,0,0.0352010000000001,0,0.000685,0,0,0,0,0.265935999999999,0.315258999999998,0.315040999999998,0,0
14,1.00056713407436,0.015792,0,0.0511089999999999,0,0.0413209999999999,0,0.00071,0,0,0,0,0.283719999999999,0.356593999999995,0.356430999999996,0,0
15,1.00072722481582,0.016164,0,0.0663489999999998,0,0.0514169999999999,0,0.001209,0,0,0,0,0.295425999999999,0.396895999999997,0.396865999999997,0,0
16,1.00091436080688,0.016786,0,0.0750949999999997,0,0.0614209999999999,0,0.001393,0,0,0,0,0.311521999999999,0.438583999999993,0.438044999999993,0,0
17,1.00114957568167,0.018155,0,0.0904409999999995,0,0.0740799999999997,0,0.001771,0,0,0,0,0.324340999999999,0.480234999999994,0.479344999999994,0,0
18,1.00136882743876,0.020092,0,0.106379999999999,0,0.0861779999999997,0,0.0024,0,0,0,0,0.335734999999996,0.518257999999995,0.516636999999995,0,0
19,1.00166423124288,0.023062,0,0.120205999999999,0,0.0959159999999995,0,0.002714,0,0,0,0,0.345459999999997,0.556635000000004,0.554608000000003,0,0
20,1.00198676712536,0.022678,0,0.132541,0,0.110351999999999,0,0.003077,0,0,0,0,0.350243999999996,0.591439000000008,0.587960000000008,0,0
21,1.00242162938232,0.023491,0,0.144137,0,0.128089999999999,0,0.004731,0,0,0,0,0.355465999999996,0.623146000000009,0.618480000000008,0,0
22,1.00287973606698,0.024602,0,0.154618000000001,0,0.143727000000001,0,0.005368,0,0,0,0,0.366515999999997,0.655250000000011,0.64966000000001,0,0
23,1.00340023065004,0.025884,0,0.175438000000002,0,0.154527000000001,6e-06,0.00679,0,0,0,0,0.372588999999996,0.69530500000001,0.689260000000009,0,0
24,1.00404441359816,0.025654,0,0.197750000000004,0,0.172719000000002,0,0.009554,0,0,0,0,0.379826999999993,0.724170000000025,0.717160000000025,0,0
25,1.00471611931089,0.025658,0,0.209934000000004,0,0.186195000000003,3.9e-05,0.011486,0,0,0,0,0.393760999999989,0.749903000000021,0.742618000000021,0,0
26,1.00545559037476,0.0269470000000001,0,0.219605000000005,0,0.204236000000005,0,0.015934,0,0,0,0,0.402582999999992,0.775661000000037,0.767967000000035,0,0
27,1.00621571480113,0.027528,0,0.241080000000007,0,0.227080000000006,5e-06,0.021427,0,0,0,0,0.406832999999987,0.802828000000042,0.795226000000043,0,0.000194
28,1.00715149541596,0.0285430000000001,0,0.257502000000005,0,0.252691000000007,0.000244,0.026402,0,0,0,0,0.42089099999999,0.82204400000004,0.814455000000038,0,2e-04
29,1.00810728218516,0.0285310000000001,0,0.276023000000002,0,0.266308000000005,0.000201,0.0331660000000001,0,0,0,0,0.430066999999992,0.842247000000038,0.833912000000039,0,0.000185
30,1.00909724353632,0.0292620000000001,0,0.296873,0,0.279979000000001,0.000313,0.037749,0,0,0,0,0.432081999999986,0.859336000000049,0.850610000000048,0,0.000335
31,1.01012349543305,0.0278890000000001,0,0.320344999999997,0,0.302440999999999,0.000715,0.0427379999999999,0,0,0,0,0.440177999999989,0.872554000000042,0.86361100000004,0,0.000508
32,1.01119119596778,0.0308770000000001,0,0.332067999999995,0,0.318889999999997,0.001522,0.0524049999999999,0,0,0,0,0.452591999999985,0.885630000000057,0.876993000000056,0,0.000571
33,1.01224081242926,0.0320660000000001,0,0.342784999999994,0,0.329308999999996,0.001646,0.0619729999999999,0,0,0,0,0.460801999999982,0.895972000000058,0.888117000000057,0,0.001064
34,1.01330771424563,0.0297100000000001,0,0.357481999999995,0,0.347472999999994,0.001886,0.0706639999999997,0,0,0,0,0.463966999999985,0.907721000000056,0.899832000000055,0,0.001965
35,1.01444363219336,0.0290350000000001,0,0.375057999999989,0,0.358280999999992,0.002409,0.0802589999999996,0,0,0,0,0.471627999999981,0.91542800000006,0.906098000000061,0,0.003897
36,1.01556966462516,0.0293510000000001,0,0.390916999999988,0,0.375435999999991,0.0026,0.0890029999999995,0,0,0,0,0.476332999999984,0.92744100000006,0.91825500000006,0,0.00619800000000001
37,1.01681170632506,0.0300060000000001,0,0.403477999999987,0,0.395403999999986,0.002657,0.103133999999999,2.6e-05,2.5e-05,0,0,0.477798999999981,0.93792500000006,0.92742400000006,0,0.00775200000000001
38,1.01798409022252,0.0303650000000001,0,0.427697999999985,0,0.410505999999984,0.004132,0.115542999999999,6.7e-05,0,0,0,0.48348599999998,0.946525000000061,0.937955000000061,0,0.010166
39,1.01914052014908,0.0313410000000001,0,0.441826999999984,0,0.427477999999985,0.005078,0.127889999999999,6.7e-05,0,0,3.1e-05,0.492037999999982,0.954826000000056,0.945533000000059,0,0.014116
40,1.020347182525,0.035101,0,0.455920999999984,0,0.443237999999981,0.006183,0.143114000000001,0.000101,0,0,0.000106,0.501762999999979,0.962438000000057,0.954686000000059,6.4e-05,0.019705
41,1.02137059074913,0.036863,0,0.466608999999979,0,0.45109299999998,0.007056,0.157298000000001,6.7e-05,0.000136,0,0.000191,0.508889999999987,0.967974000000062,0.959363000000064,6.6e-05,0.0240730000000001
42,1.02248899154606,0.039587,0,0.480455999999979,0,0.472220999999977,0.008744,0.171582000000002,6.6e-05,0.000425,0,0.000492,0.515351999999981,0.96928500000006,0.960106000000062,0.000334,0.0330800000000001
43,1.02368632615523,0.042151,0,0.498098999999979,0,0.492261999999976,0.010088,0.182142000000003,7.7e-05,0.000209,0,0.000412,0.518916999999983,0.971993000000051,0.962829000000053,0.000599,0.046147
44,1.02497309986726,0.04114,0,0.517827999999982,0,0.512006999999976,0.012695,0.195189000000004,0.000273,0.000383,0,0.000401,0.521958999999983,0.97690200000006,0.966967000000062,0.000734,0.0570629999999998
45,1.02622971688776,0.041546,0,0.527025999999984,0,0.530698999999983,0.014025,0.210765000000004,0.000854,0.000581,0,0.000747,0.52645199999998,0.977952000000059,0.96959600000006,0.000784,0.0649699999999997
46,1.0273585695764,0.04163,0,0.543016999999986,0,0.543095999999986,0.016329,0.224525000000005,0.000735,0.001564,0,0.000875,0.535074999999986,0.979389000000058,0.972586000000058,0.000823,0.0782809999999997
47,1.02863660363701,0.042156,0,0.562202999999992,0,0.559996999999988,0.018481,0.241300000000005,0.001017,0.001417,0,0.001003,0.544360999999989,0.981397000000066,0.974546000000066,0.000667,0.0874629999999997
48,1.02984628028296,0.042623,0,0.575760999999995,0,0.568839999999993,0.022081,0.257611000000004,0.001105,0.002296,0,0.001303,0.546772999999992,0.983515000000063,0.976844000000065,0.000869,0.0996379999999996
49,1.03099043950042,0.041997,6.7e-05,0.584236,0,0.582611999999996,0.0275290000000001,0.277913000000001,0.001757,0.003209,0,0.00198,0.554317999999993,0.985443000000057,0.97868700000006,0.000669,0.115850999999999
50,1.03204514272009,0.040688,0.000107,0.596666,0,0.591961999999998,0.0308500000000001,0.290927999999998,0.002962,0.003779,0,0.002843,0.556213999999992,0.987567000000065,0.980474000000067,0.000587,0.130969999999999
51,1.03298533584517,0.0400000000000001,0.000181,0.607773000000003,0,0.607636000000002,0.035523,0.303106999999998,0.003679,0.00598500000000001,0,0.003746,0.561712999999994,0.989629000000067,0.982792000000069,0.000736,0.148459000000001
52,1.03388300010209,0.039128,0.000328,0.622849000000006,0,0.622392000000002,0.037687,0.319695999999994,0.004274,0.007358,0,0.004626,0.567687999999995,0.991205000000056,0.983413000000058,0.001135,0.162979000000002
53,1.03480729150424,0.039998,0.000384,0.637310000000006,0,0.632476000000005,0.041679,0.329662999999994,0.004851,0.008951,0,0.006085,0.570835999999993,0.992807000000055,0.984862000000056,0.001737,0.179527000000002
54,1.03595282317599,0.040804,0.000405,0.643186000000008,0,0.647234000000009,0.045341,0.341723999999995,0.005022,0.009554,0,0.00682000000000001,0.568142999999993,0.993791000000058,0.985739000000059,0.001798,0.198391000000004
55,1.0371213779606,0.0417069999999999,0.000667,0.652504000000013,2.7e-05,0.663191000000014,0.0499259999999999,0.357720999999991,0.006162,0.010604,0,0.00776600000000001,0.570780999999997,0.993964000000064,0.985520000000064,0.001726,0.213099000000004
56,1.03838977740591,0.040472,0.000803,0.665294000000013,0.000215,0.670711000000015,0.0542139999999999,0.371407999999992,0.008531,0.012416,0,0.011768,0.569629999999999,0.996344000000058,0.988483000000059,0.001505,0.234056000000005
57,1.03962649963086,0.039636,0.000778,0.668487000000011,0.00019,0.674125000000011,0.0578629999999999,0.382152999999987,0.00909600000000001,0.013726,0,0.01359,0.574547999999997,0.99573200000006,0.987309000000061,0.001525,0.251800000000005
58,1.04045924045712,0.038445,0.001235,0.675646000000014,0.000103,0.676134000000013,0.0619359999999998,0.403598999999987,0.009523,0.016496,0,0.016544,0.575782999999995,0.99706900000006,0.989264000000063,0.002224,0.271377000000001
59,1.04152987301562,0.039672,0.001427,0.688217000000009,0.000409,0.686382000000014,0.0661479999999999,0.417320999999986,0.012652,0.020017,0,0.018559,0.578476999999994,0.997328000000058,0.990562000000059,0.002053,0.290061
60,1.04272971542939,0.038739,0.001525,0.694172000000016,0.001069,0.704277000000018,0.0700779999999999,0.430310999999986,0.015787,0.02288,0,0.021604,0.580886999999996,0.998171000000058,0.991617000000058,0.00187,0.307233999999998
61,1.04365983033562,0.039642,0.002033,0.707301000000018,0.001259,0.714768000000023,0.0774089999999997,0.440198999999981,0.017819,0.026944,0,0.024589,0.580697999999998,0.999011000000059,0.992245000000062,0.002469,0.321314999999996
62,1.04448953990079,0.0439850000000001,0.002189,0.711580000000017,0.001455,0.719547000000019,0.0828229999999995,0.459425999999983,0.020871,0.0323530000000001,0,0.0299740000000001,0.586511999999999,0.999688000000051,0.993019000000053,0.00219,0.335321999999992
63,1.04539615682148,0.0444109999999999,0.003282,0.719271000000015,0.001935,0.728033000000015,0.0910659999999996,0.472869999999987,0.025141,0.0342040000000001,0,0.0339260000000001,0.586281999999998,0.99985600000005,0.993124000000053,0.002256,0.361337999999992
64,1.04659104462878,0.0458009999999999,0.003922,0.729670000000019,0.001647,0.737070000000029,0.0974929999999996,0.493312999999977,0.0291700000000001,0.040424,0,0.0387000000000001,0.593900999999999,1.00010500000006,0.994173000000059,0.003055,0.37870099999999
65,1.04759577203168,0.0474279999999999,0.004349,0.743975000000022,0.002088,0.746076000000022,0.0994189999999995,0.508530999999982,0.035125,0.046231,0,0.041211,0.593286,1.00039900000005,0.995353000000055,0.003737,0.390421999999988
66,1.04853232265193,0.047431,0.005502,0.746132000000019,0.002519,0.756648000000021,0.106779,0.523923999999981,0.0355220000000001,0.0506039999999999,0,0.045146,0.597391000000001,1.00038600000006,0.996353000000059,0.003886,0.405642999999987
67,1.04941623539999,0.0485239999999999,0.00690300000000001,0.747489000000024,0.003305,0.766796000000028,0.111463999999999,0.538950999999989,0.039226,0.053828,0,0.050667,0.597037000000003,1.00055800000005,0.996383000000057,0.004312,0.420381999999988
68,1.05049818353874,0.0489139999999998,0.008164,0.749553000000027,0.002878,0.776349000000027,0.117091999999999,0.548657999999989,0.045419,0.0579559999999999,0,0.0556689999999999,0.600312000000001,1.00065700000005,0.996318000000056,0.004886,0.433680999999984
69,1.05108121003066,0.04933,0.00880000000000001,0.759495000000027,0.003668,0.784660000000036,0.122868999999999,0.560470999999993,0.0498769999999999,0.0650119999999999,0,0.0603399999999998,0.597736,1.00062300000006,0.99658100000006,0.005558,0.448369999999985
70,1.0518127625529,0.051567,0.009446,0.766339000000023,0.003676,0.791752000000028,0.127214999999999,0.573804999999995,0.0517369999999999,0.0763559999999996,0,0.0682939999999997,0.596968999999999,1.00081300000006,0.997038000000059,0.005313,0.468048999999982
71,1.05271521790323,0.053948,0.010566,0.769058000000025,0.004466,0.796997000000027,0.136884,0.596176999999998,0.0566889999999999,0.0809989999999997,0,0.0739779999999998,0.587703999999997,1.00078200000005,0.99693600000006,0.007001,0.483182999999983
72,1.05355633736239,0.053085,0.010336,0.772335000000026,0.005136,0.803971000000033,0.142329,0.609019000000002,0.0593559999999999,0.0884309999999996,0,0.0832539999999996,0.586262,1.00075700000006,0.996819000000059,0.006867,0.500393999999979
73,1.05435704017885,0.0506709999999999,0.011933,0.774072000000024,0.005857,0.813068000000031,0.150892000000001,0.624663000000007,0.0636579999999998,0.0960289999999993,0,0.0936039999999995,0.582792999999999,1.00075800000005,0.996993000000052,0.006341,0.515225999999988
74,1.05502971997053,0.0522199999999999,0.013505,0.770279000000018,0.00533,0.824480000000029,0.158618000000001,0.627388000000006,0.0668429999999998,0.104327999999999,0,0.100511999999999,0.591584000000003,1.00078600000005,0.996841000000055,0.00679,0.521650999999985
75,1.05605942897728,0.052364,0.014594,0.772641000000022,0.006517,0.827417000000031,0.165553000000001,0.635495000000005,0.0693349999999998,0.107572,0,0.103179999999999,0.597497999999998,1.00065800000005,0.996604000000049,0.008055,0.524127999999987
76,1.05721898223034,0.0511899999999999,0.017764,0.77215100000003,0.00682700000000001,0.832265000000036,0.174685000000002,0.651665000000014,0.0728229999999997,0.118516999999999,0,0.114892999999999,0.597772000000003,1.00062300000005,0.99708200000005,0.008444,0.538286999999989
77,1.05782053983128,0.052455,0.017944,0.775863000000022,0.007746,0.834226000000026,0.171699000000002,0.662694000000009,0.0792929999999997,0.125962999999999,0,0.122807999999999,0.594582000000001,1.00064000000005,0.997287000000049,0.008325,0.561233999999994
78,1.05840551458986,0.0525569999999999,0.018518,0.780968000000022,0.009184,0.837443000000028,0.171357000000002,0.668686000000009,0.0865399999999995,0.130905,0,0.132254,0.591755999999999,1.00057200000004,0.997228000000047,0.00764600000000001,0.575441999999998
79,1.05929245841113,0.054016,0.020926,0.780189000000024,0.00930199999999999,0.847257000000032,0.175197000000002,0.672303000000012,0.0941539999999995,0.136423,0,0.135493,0.593740000000002,1.00067600000004,0.997199000000046,0.00796,0.586973999999996
80,1.05985917987643,0.0549119999999999,0.023383,0.781487000000018,0.010678,0.847877000000026,0.179909000000003,0.682776000000009,0.102063,0.145201000000001,0,0.140739,0.594621000000004,1.00063800000004,0.997647000000044,0.00735000000000001,0.602657000000002
81,1.06062757778188,0.0563399999999999,0.025379,0.782832000000024,0.011988,0.851738000000035,0.187649000000002,0.700809000000012,0.106418,0.150902000000001,0,0.149503000000001,0.595038000000001,1.00066800000005,0.997411000000048,0.00724600000000001,0.613756000000004
82,1.06109001140585,0.0570779999999999,0.026273,0.781977000000027,0.013665,0.856232000000038,0.195047000000002,0.708461000000022,0.113584999999999,0.158515000000001,0,0.156855000000001,0.601568000000004,1.00070400000005,0.997366000000055,0.00779100000000001,0.629218000000009
83,1.06166724437211,0.0582829999999999,0.0304580000000001,0.783754000000026,0.014275,0.864164000000035,0.204198000000003,0.723163000000022,0.119079999999999,0.165104000000001,0,0.164614000000002,0.600150000000004,1.00066700000005,0.99726900000005,0.00780600000000001,0.638229000000006
84,1.06266308824738,0.0589379999999999,0.0325040000000001,0.784459000000025,0.013556,0.869041000000032,0.213579000000004,0.729215000000011,0.125395999999999,0.172936000000002,0,0.169765000000002,0.599595000000001,1.00061500000004,0.997308000000045,0.007773,0.650359000000013
85,1.06335169392861,0.0633039999999999,0.035566,0.783017000000027,0.012786,0.873672000000037,0.217545000000004,0.733107000000021,0.132614,0.181635000000003,0,0.182451000000002,0.598283000000002,1.00061500000004,0.997492000000049,0.00978,0.661919000000015
86,1.0642023752838,0.0636529999999999,0.037616,0.779711000000024,0.014636,0.878886000000032,0.226700000000003,0.752227000000022,0.141685,0.189908000000002,0,0.192950000000002,0.596929,1.00062800000005,0.997375000000049,0.009474,0.67504200000001
87,1.0651814414691,0.0643169999999999,0.044375,0.781442000000022,0.015248,0.885588000000031,0.244394000000004,0.754549000000025,0.145000000000001,0.194061000000002,0,0.192970000000003,0.593801000000003,1.00059200000004,0.997365000000046,0.011501,0.686252000000015
88,1.06595902392142,0.0626969999999999,0.0493199999999999,0.781926000000025,0.016963,0.890358000000035,0.252178000000005,0.763975000000023,0.147805000000001,0.199617000000003,0,0.204019000000003,0.596216000000002,1.00053700000005,0.997138000000048,0.012342,0.694857000000013
89,1.06626282224329,0.0617079999999999,0.0535759999999999,0.777577000000021,0.017562,0.894671000000034,0.262423000000002,0.766213000000022,0.152923000000001,0.207590000000003,0,0.213039000000004,0.599447,1.00058700000004,0.997381000000046,0.012876,0.711820000000021
90,1.06647394228214,0.06264,0.0566789999999999,0.777484000000019,0.017829,0.89801100000003,0.265645000000002,0.776642000000021,0.160485000000002,0.217267000000003,0,0.220258000000003,0.600228000000001,1.00056200000004,0.997507000000044,0.012956,0.720952000000021
91,1.06768545668061,0.065848,0.0633459999999999,0.776491000000016,0.020674,0.898670000000028,0.272238000000002,0.783942000000019,0.161480000000002,0.219419000000003,0,0.222826000000003,0.599653999999992,1.00051100000004,0.997070000000042,0.013034,0.727386000000025
92,1.06854494347328,0.0683019999999999,0.0671229999999999,0.774699000000023,0.021546,0.900294000000033,0.281593000000002,0.786442000000025,0.172126000000001,0.224165000000004,0,0.231045000000004,0.596345,1.00054200000004,0.997189000000047,0.012919,0.738942000000022
93,1.0693602432652,0.0701929999999998,0.0749519999999997,0.773838000000021,0.022227,0.902298000000035,0.290470999999999,0.786955000000029,0.179305000000003,0.234720000000005,0,0.234809000000005,0.600880000000001,1.00060900000004,0.997113000000048,0.01368,0.747432000000027
94,1.07010344863432,0.0723019999999998,0.0784869999999998,0.772797000000021,0.02263,0.905528000000032,0.297787999999996,0.793710000000028,0.187428000000003,0.251580000000004,0,0.244413000000004,0.604117000000003,1.00050200000004,0.997301000000043,0.015101,0.755339000000024
95,1.07061067766901,0.0788719999999998,0.0818359999999998,0.762281000000017,0.023067,0.909721000000034,0.302650999999996,0.802488000000027,0.193940000000003,0.258324000000003,0,0.248242000000004,0.601076000000005,1.00052300000004,0.996926000000043,0.01371,0.761309000000024
96,1.07106461659638,0.0787299999999998,0.0871209999999996,0.764914000000025,0.022145,0.913634000000038,0.305177999999998,0.811391000000033,0.202279000000003,0.266799000000001,0,0.257686000000004,0.598878999999999,1.00055800000004,0.997373000000044,0.013004,0.769643000000023
97,1.07186148867118,0.0782359999999999,0.0944129999999997,0.764404000000019,0.023131,0.911218000000031,0.314039999999995,0.811422000000024,0.204924000000003,0.268755,0,0.262103000000001,0.602009000000005,1.00056100000004,0.997253000000041,0.012368,0.776409000000027
98,1.07279829561232,0.0786039999999998,0.0991059999999997,0.768921000000021,0.022483,0.915528000000036,0.325092999999993,0.816844000000024,0.208249000000003,0.278431,0,0.263928000000002,0.594327000000001,1.00050600000004,0.997170000000046,0.014602,0.781230000000027
99,1.07372304774318,0.076688,0.10564,0.768857000000018,0.023832,0.918874000000032,0.330274999999994,0.820829000000032,0.221658000000003,0.291105999999998,0,0.274711,0.584756999999999,1.00053300000004,0.997269000000047,0.015929,0.791292000000026
100,1.07346320676567,0.0763719999999998,0.10951,0.771285000000013,0.024369,0.920799000000033,0.336859999999996,0.830794000000026,0.235081000000004,0.298101999999997,0,0.285214999999999,0.582553000000002,1.00048100000004,0.997176000000041,0.018412,0.794566000000027
101,1.07463972244033,0.0768839999999998,0.113886,0.768441000000023,0.026825,0.925218000000035,0.338419999999994,0.832127000000032,0.237013000000004,0.299885999999997,0,0.286272999999999,0.584614000000003,1.00050000000004,0.997230000000046,0.018208,0.799304000000026
102,1.07468593194844,0.0778669999999998,0.122420999999999,0.773895000000023,0.025618,0.928312000000032,0.346701999999992,0.840118000000034,0.240235000000005,0.307661999999995,0,0.290724999999997,0.585708999999996,1.00047100000004,0.997497000000046,0.018825,0.801180000000031
103,1.07520607993955,0.0796169999999998,0.128496,0.775795000000023,0.024275,0.930434000000028,0.348429999999992,0.846362000000027,0.254022000000004,0.316894999999994,0,0.311939999999995,0.587989,1.00048600000004,0.997150000000042,0.019133,0.804756000000026
104,1.07654686192128,0.0786459999999998,0.139918000000001,0.774648000000019,0.023399,0.929699000000031,0.356790999999993,0.851504000000023,0.264306000000003,0.327166999999996,0,0.325266999999996,0.587211999999996,1.00052700000004,0.997215000000044,0.019031,0.812985000000029
105,1.07713896269538,0.0764669999999999,0.147431000000001,0.777827000000014,0.022905,0.936958000000026,0.368740999999991,0.856650000000025,0.275697,0.336606999999994,0,0.333755999999995,0.578465999999996,1.00049200000003,0.997077000000036,0.020958,0.820903000000028
106,1.07841752664413,0.0762659999999998,0.147192,0.774319000000013,0.024451,0.939842000000023,0.372436999999993,0.863018000000018,0.288842999999999,0.336353999999996,0,0.342659999999996,0.574553999999996,1.00050800000003,0.997041000000035,0.021069,0.823692000000027
107,1.07939565134083,0.0784809999999998,0.155419,0.78028100000002,0.024834,0.940601000000031,0.385238999999992,0.871406000000031,0.295395999999998,0.346778999999994,0,0.358386999999992,0.574597999999998,1.00043100000003,0.997270000000038,0.022893,0.827577000000029
108,1.08027859698366,0.0805619999999998,0.166662000000002,0.782904000000017,0.025758,0.942544000000029,0.393090999999988,0.87371400000003,0.310905999999996,0.355433999999992,0,0.373226999999991,0.568365999999995,1.00046200000004,0.997079000000038,0.023831,0.83299100000003
109,1.08112337484654,0.0828069999999998,0.174694000000001,0.788358000000018,0.025738,0.94641500000003,0.405676999999992,0.88017500000003,0.324006999999996,0.363319999999993,0,0.383786999999991,0.558884999999994,1.00046100000003,0.997177000000036,0.023646,0.837172000000028
110,1.08194719085821,0.0817939999999999,0.182224000000002,0.785943000000018,0.0276,0.95079600000003,0.420865999999988,0.885342000000026,0.335166999999994,0.369139999999993,0,0.393988999999993,0.552965999999999,1.00050700000004,0.997333000000039,0.02438,0.840682000000024
111,1.08240160867841,0.0792679999999999,0.188619000000001,0.786232000000022,0.0285860000000001,0.950663000000026,0.42948799999999,0.890574000000028,0.345968999999993,0.375332999999992,0,0.403324999999991,0.549554999999997,1.00050000000003,0.997175000000035,0.024399,0.848009000000026
112,1.08322531630265,0.0796149999999998,0.194667000000002,0.797446000000016,0.026883,0.952695000000029,0.436284999999988,0.892016000000027,0.359389999999993,0.385021999999993,0,0.416142999999991,0.543300999999996,1.00038700000003,0.996890000000036,0.023838,0.84957700000003
113,1.08419480296077,0.0815279999999999,0.202141000000002,0.80015300000002,0.026187,0.956141000000027,0.44671799999999,0.894476000000026,0.375417999999993,0.394383999999993,0,0.423293999999991,0.535821999999993,1.00044700000003,0.997310000000036,0.025089,0.849528000000029
114,1.08493313962163,0.0826669999999999,0.211825000000002,0.801908000000014,0.023609,0.955246000000022,0.45159999999999,0.895504000000021,0.386517999999995,0.406648999999993,0,0.428004999999993,0.531187999999991,1.00047000000003,0.997046000000031,0.0271,0.852232000000027
115,1.08518918384261,0.0795069999999999,0.223762000000002,0.808438000000018,0.025829,0.956492000000025,0.459966999999988,0.898290000000025,0.393221999999991,0.42018299999999,0,0.432051999999989,0.532239999999994,1.00043500000003,0.997221000000031,0.025889,0.856480000000029
116,1.08566232632679,0.0786679999999998,0.234115000000002,0.804995000000022,0.025517,0.956767000000026,0.462894999999988,0.904686000000024,0.411488999999991,0.432744999999991,0,0.441856999999991,0.530437999999991,1.00046800000003,0.997278000000035,0.0268670000000001,0.861657000000029
117,1.08616933063322,0.0810959999999998,0.245117000000002,0.808993000000016,0.027317,0.956191000000028,0.468314999999989,0.910802000000025,0.420905999999992,0.442199999999991,0,0.45448199999999,0.537474999999996,1.00040900000003,0.997273000000033,0.027319,0.862437000000027
118,1.08679279182903,0.0769589999999999,0.260106000000001,0.815363000000018,0.026603,0.958369000000023,0.479192999999987,0.915516000000022,0.434518999999991,0.45398499999999,0,0.465693999999989,0.526272999999993,1.00046500000003,0.99731600000003,0.0290420000000001,0.864872000000022
119,1.0882512677557,0.074196,0.272412,0.816300000000021,0.026948,0.962665000000029,0.492989999999986,0.913817000000026,0.437592999999991,0.47061099999999,0,0.47310199999999,0.525023999999991,1.00038600000003,0.997290000000037,0.031306,0.867325000000028
120,1.08914798680036,0.0744199999999998,0.282117999999999,0.820776000000018,0.026509,0.965182000000027,0.500690999999985,0.913185000000029,0.442986999999987,0.476632999999989,0,0.479696999999987,0.525496999999993,1.00039500000003,0.997102000000034,0.032946,0.87412800000002
121,1.08965988635419,0.0777329999999999,0.296947999999998,0.821494000000019,0.025586,0.966691000000025,0.505233999999988,0.919346000000024,0.455219999999991,0.492316999999989,0,0.49761699999999,0.531335999999991,1.00039200000003,0.997194000000032,0.0334960000000001,0.878866000000029
122,1.09083998801114,0.0804819999999998,0.309938999999996,0.82461200000002,0.026311,0.96847600000003,0.516069999999991,0.923870000000025,0.458620999999989,0.505966999999987,0,0.504459999999988,0.533500999999994,1.00040800000003,0.997035000000034,0.034287,0.881494000000027
123,1.09159157676292,0.0793509999999998,0.319074999999995,0.827075000000018,0.027641,0.969586000000026,0.521397999999992,0.922863000000024,0.46978399999999,0.50600899999999,0,0.510029999999989,0.530394999999991,1.00041200000003,0.99729800000003,0.035583,0.885722000000026
124,1.09325952869224,0.0795849999999999,0.327239999999996,0.826676000000022,0.027545,0.968175000000031,0.52248599999999,0.926878000000031,0.469901999999988,0.51767899999999,0,0.51721399999999,0.535830999999994,1.00036700000003,0.997128000000036,0.035142,0.884720000000024
125,1.09376024155642,0.0802009999999998,0.337897999999996,0.829393000000019,0.029828,0.967501000000026,0.529038999999995,0.928340000000026,0.47276599999999,0.524103999999994,0,0.523845999999992,0.529452999999992,1.00035000000003,0.996983000000031,0.035219,0.888586000000027
126,1.09461993710631,0.0845089999999998,0.351241999999996,0.828501000000017,0.030384,0.967948000000026,0.533803999999996,0.930731000000026,0.48621599999999,0.531802999999997,0,0.534425999999997,0.535793999999994,1.00041000000003,0.997062000000032,0.037576,0.892230000000025
127,1.09616116197779,0.0865059999999999,0.361550999999995,0.834098000000022,0.032218,0.968130000000031,0.537619999999995,0.93238000000003,0.499829999999987,0.540550999999998,0,0.543308999999998,0.532457999999994,1.00038100000003,0.997106000000037,0.036312,0.893842000000021
128,1.09704466787438,0.0841139999999999,0.375223999999994,0.835750000000014,0.031118,0.969857000000021,0.544362999999997,0.93488300000002,0.511485999999992,0.546956999999998,0,0.553313999999999,0.535436999999996,1.00038900000002,0.997109000000028,0.041622,0.898651000000024
129,1.09815158594429,0.0851999999999998,0.382830999999994,0.83916000000002,0.03415,0.970383000000024,0.546724999999997,0.938083000000024,0.519945999999993,0.558223999999999,0,0.557810999999999,0.542373999999997,1.00041100000003,0.996956000000027,0.042788,0.906976000000024
130,1.09891040869021,0.084396,0.393852999999993,0.839616000000013,0.035872,0.968914000000019,0.554937000000001,0.941931000000018,0.532424999999994,0.562510999999998,0,0.561117999999997,0.546730999999997,1.00037900000002,0.996891000000027,0.043305,0.909959000000027
131,1.10012800142306,0.0845599999999999,0.400614999999993,0.845377000000016,0.0349390000000001,0.970973000000021,0.559929,0.944534000000021,0.543785999999998,0.575406000000003,0,0.565820000000003,0.530847999999994,1.00037500000002,0.996817000000028,0.0418630000000001,0.916547000000024
132,1.10166818062508,0.0845129999999999,0.409115999999993,0.850465000000018,0.0344080000000001,0.970886000000026,0.566093999999998,0.945925000000025,0.552085999999994,0.581563000000001,0,0.582271000000001,0.532820999999994,1.00035300000003,0.997136000000031,0.040835,0.921733000000021
133,1.10268612202401,0.0842149999999999,0.413457999999992,0.854421000000022,0.034772,0.970274000000027,0.570876000000002,0.947701000000026,0.562353000000001,0.589009000000001,0,0.590043000000002,0.532398999999993,1.00037200000003,0.996971000000033,0.040273,0.922459000000021
134,1.10369287445345,0.0879329999999998,0.424301999999992,0.852494000000021,0.036281,0.970430000000027,0.575629000000003,0.950690000000029,0.564707,0.592565000000001,0,0.596691,0.536690999999995,1.00032900000003,0.996960000000032,0.038583,0.923381000000025
135,1.10544222765949,0.0848109999999999,0.439708999999994,0.849699000000014,0.037102,0.968423000000021,0.585519000000003,0.953328000000021,0.572055,0.595671000000002,0,0.602353000000002,0.538983999999994,1.00033800000002,0.997233000000026,0.038476,0.926541000000022
136,1.10629010184813,0.0878459999999999,0.449061999999993,0.851607000000019,0.039044,0.967620000000024,0.585555000000001,0.955415000000025,0.576072000000004,0.605213000000005,0,0.610044000000006,0.535252999999995,1.00038100000003,0.996897000000029,0.038625,0.928563000000023
137,1.1073941793698,0.0882029999999998,0.450077999999992,0.846439000000017,0.041608,0.969582000000022,0.584870000000003,0.960811000000023,0.584856000000004,0.619441000000007,0,0.618310000000007,0.531129999999995,1.00031700000002,0.996923000000028,0.037809,0.93079400000002
138,1.10928228644565,0.0873229999999999,0.458014999999992,0.846162000000021,0.041294,0.969406000000028,0.587279000000003,0.96115000000003,0.598775000000006,0.622982000000005,0,0.626642000000005,0.529031999999991,1.00032600000003,0.997119000000034,0.036855,0.932566000000025
139,1.11010648318451,0.0844209999999998,0.470439999999992,0.850256000000018,0.041796,0.970179000000025,0.593181000000004,0.963677000000026,0.598126000000004,0.629691000000007,0,0.631125000000007,0.528093999999994,1.00031600000003,0.99701400000003,0.037628,0.933270000000024
140,1.11129318701507,0.0878959999999998,0.474538999999994,0.848977000000014,0.041486,0.970159000000019,0.594637000000008,0.96581500000002,0.607656000000006,0.632611000000006,0,0.638392000000005,0.528508999999992,1.00029700000002,0.997070000000024,0.040595,0.938268000000022
141,1.11275787143558,0.0849379999999999,0.482428999999994,0.851057000000014,0.042468,0.96962400000002,0.600049000000007,0.96739200000002,0.614268000000005,0.638647000000005,0,0.641905000000007,0.521429999999991,1.00033100000002,0.997201000000024,0.041422,0.938363000000024
142,1.11412990189108,0.0869189999999998,0.489631999999992,0.850764000000014,0.044364,0.973319000000022,0.606214000000006,0.970741000000023,0.620760000000006,0.644739000000003,0,0.652518000000007,0.517810999999993,1.00031700000002,0.996945000000025,0.04184,0.94078300000002
143,1.11538441216063,0.0858009999999999,0.492923999999993,0.857101000000022,0.042644,0.972685000000024,0.61307800000001,0.972100000000025,0.629486000000009,0.655307000000012,0,0.661260000000011,0.516115999999991,1.00029100000003,0.997035000000029,0.042814,0.941128000000023
144,1.11641391197309,0.08714,0.499333999999993,0.856425000000015,0.042403,0.971114000000018,0.618621000000005,0.97106000000002,0.634376000000004,0.659244000000005,0,0.666228000000006,0.516298999999991,1.00030000000002,0.997174000000022,0.04975,0.942284000000019
145,1.11753144229899,0.0875299999999999,0.503230999999994,0.858854000000017,0.042611,0.972384000000021,0.620830000000005,0.971669000000022,0.643587000000006,0.664429000000008,0,0.675713000000007,0.51123999999999,1.00031300000002,0.996992000000026,0.053566,0.94039700000002
146,1.11948376972871,0.09248,0.511016999999994,0.861175000000012,0.0436789999999999,0.972223000000017,0.624711000000006,0.972511000000019,0.649993000000006,0.669390000000005,0,0.679688000000007,0.510447999999989,1.00029600000002,0.99713300000002,0.0551869999999999,0.943270000000017
147,1.12129061653308,0.0972069999999999,0.520095999999994,0.866026000000014,0.04381,0.974058000000019,0.629906000000009,0.97581000000002,0.663022000000006,0.680108000000006,0,0.688667000000006,0.506333999999989,1.00030500000002,0.997011000000023,0.0560379999999999,0.942565000000027
148,1.12331678867718,0.099058,0.524616999999998,0.864625000000013,0.045038,0.974147000000018,0.632025000000005,0.977067000000018,0.663230000000005,0.689181000000008,0,0.695088000000006,0.504429999999991,1.00023900000002,0.996977000000022,0.0583669999999999,0.945001000000019
149,1.12573079645606,0.100841,0.530548999999995,0.864154000000016,0.047448,0.977781000000019,0.632441000000005,0.97819100000002,0.666394000000006,0.697416000000005,0,0.705385000000006,0.496440999999987,1.00028800000002,0.997261000000024,0.058164,0.946890000000018
150,1.12672706821095,0.101916,0.535871999999997,0.866475000000017,0.0468779999999999,0.977304000000019,0.637004000000009,0.978518000000022,0.674492000000012,0.703202000000007,0,0.712455000000009,0.490740999999991,1.00027700000002,0.996982000000023,0.057506,0.945236000000022
151,1.12887010309471,0.102134,0.531150999999997,0.86757900000002,0.047419,0.976774000000023,0.629835000000004,0.978320000000024,0.67702100000001,0.709048000000011,0,0.719352000000009,0.492745999999989,1.00027400000002,0.996977000000027,0.054628,0.946384000000021
152,1.13030489699577,0.107346,0.538230999999997,0.869154000000013,0.044436,0.977481000000017,0.635934000000002,0.979451000000018,0.684046000000007,0.717041000000007,0,0.719291000000009,0.493095999999989,1.00022400000002,0.997011000000021,0.058152,0.951190000000019
153,1.13057390956127,0.105117,0.536905999999996,0.870279000000016,0.043353,0.979049000000021,0.636525000000004,0.981282000000022,0.684583000000004,0.725568000000007,0,0.725346000000007,0.497026999999989,1.00027700000002,0.996880000000024,0.05876,0.952069000000016
154,1.13220758886061,0.104815,0.539854999999999,0.872680000000008,0.040908,0.981031000000013,0.636640000000003,0.981715000000013,0.688663000000005,0.731064000000005,0,0.724848000000004,0.49521699999999,1.00023500000001,0.996858000000018,0.0585799999999999,0.952789000000019
155,1.13351868524853,0.108725,0.545701,0.871647000000013,0.044488,0.981032000000017,0.640799000000008,0.980007000000019,0.68866400000001,0.72721300000001,0,0.722269000000011,0.48925699999999,1.00023000000002,0.99710500000002,0.057732,0.952503000000022
156,1.1363808199288,0.105377,0.548815,0.869165000000013,0.044421,0.980200000000021,0.642945000000005,0.978850000000023,0.689870000000007,0.728417000000006,0,0.717386000000007,0.485301999999988,1.00026100000002,0.996976000000026,0.0597989999999999,0.955932000000016
157,1.13849562463471,0.103835,0.554830999999997,0.869225000000012,0.043153,0.980981000000015,0.648335000000004,0.979478000000015,0.695457000000003,0.735753000000009,0,0.721668000000006,0.48323899999999,1.00024700000002,0.997019000000018,0.061483,0.95497700000002
158,1.13879732597526,0.109399,0.56415,0.875339000000011,0.041746,0.982139000000014,0.657396000000006,0.977459000000015,0.696775000000007,0.736521000000006,0,0.730423000000008,0.48105599999999,1.00024100000002,0.996817000000019,0.063396,0.959678000000022
159,1.14014110681993,0.107266,0.567537,0.876557000000015,0.040586,0.98146400000002,0.661309000000009,0.977199000000021,0.696782000000009,0.735121000000007,0,0.730007000000008,0.47392599999999,1.00021500000002,0.996833000000025,0.06641,0.959931000000017
160,1.14162215011771,0.101548,0.580314000000002,0.879239000000011,0.041366,0.982156000000015,0.671219000000008,0.977313000000015,0.699642000000008,0.743525000000009,0,0.735614000000007,0.468948999999991,1.00020700000002,0.997029000000019,0.0668239999999999,0.961052000000018
161,1.14248064997461,0.104147,0.586528000000003,0.880164000000015,0.04179,0.981608000000019,0.678100000000008,0.97801800000002,0.704023000000008,0.744937000000009,0,0.742492000000008,0.46926799999999,1.00023500000002,0.996945000000022,0.068207,0.962224000000019
162,1.14329181123612,0.104095,0.593634,0.88135800000001,0.040188,0.98160000000001,0.681432000000007,0.97879200000001,0.713149000000008,0.751088000000008,0,0.752292000000008,0.466590999999991,1.00020300000001,0.996747000000014,0.0663989999999999,0.963754000000013
163,1.14481238934508,0.0992239999999999,0.606665000000005,0.88119600000001,0.041718,0.981862000000011,0.694742000000011,0.978589000000012,0.713573000000008,0.751133000000007,0,0.753947000000009,0.461664999999991,1.00023300000001,0.997029000000015,0.0694749999999999,0.963310000000016
164,1.14536075447959,0.10158,0.602113000000006,0.881577000000012,0.043213,0.981589000000018,0.692659000000011,0.977942000000018,0.713117000000009,0.747140000000012,0,0.757619000000009,0.459726999999991,1.00022400000002,0.996912000000021,0.068499,0.963644000000016
165,1.14646144616466,0.0982139999999999,0.610976000000005,0.883066000000012,0.043412,0.981636000000016,0.698136000000011,0.976172000000018,0.719519000000009,0.751058000000008,0,0.76250800000001,0.458034999999991,1.00019300000002,0.99683100000002,0.066552,0.965702000000016
166,1.14768357406629,0.0973659999999999,0.612368999999999,0.884661000000009,0.04414,0.982185000000014,0.701661000000004,0.977431000000015,0.726590000000008,0.757352000000007,0,0.767380000000008,0.462233999999991,1.00017800000002,0.996889000000018,0.0650849999999999,0.966492000000012
167,1.14939362259167,0.0977609999999999,0.617435000000005,0.884666000000011,0.046585,0.983013000000016,0.704592000000009,0.977315000000016,0.727473000000007,0.762686000000008,0,0.769218000000006,0.464025999999992,1.00016900000002,0.996692000000018,0.068168,0.967739000000015
168,1.15114529847252,0.0989739999999999,0.619123000000002,0.88576800000001,0.046878,0.983002000000016,0.704858000000008,0.978976000000016,0.734198000000006,0.770936000000007,0,0.778193000000006,0.461846999999993,1.00017300000002,0.996813000000018,0.0687799999999999,0.965693000000018
169,1.1531287218218,0.0982009999999998,0.623118000000003,0.888910000000009,0.0450769999999999,0.983395000000014,0.707175000000008,0.979492000000014,0.737570000000005,0.775961000000008,0,0.778508000000006,0.459187999999993,1.00017700000001,0.996666000000016,0.0660289999999999,0.965360000000015
170,1.15538770098787,0.0988949999999999,0.631715000000004,0.89012800000001,0.044198,0.983786000000011,0.717202000000006,0.981643000000013,0.746738000000006,0.782477000000007,0,0.783217000000008,0.462098999999993,1.00016800000001,0.996825000000015,0.0668929999999999,0.969208000000017
171,1.15766034859572,0.0965439999999999,0.636192000000004,0.88960000000001,0.046235,0.983877000000014,0.718699000000008,0.981940000000014,0.752454000000007,0.783295000000008,0,0.781594000000007,0.459813999999993,1.00019600000002,0.996928000000017,0.068488,0.968528000000011
172,1.15880874766154,0.0943089999999998,0.639950000000006,0.887331000000008,0.046742,0.983105000000013,0.722274000000009,0.983833000000014,0.756535000000007,0.790452000000007,0,0.788454000000007,0.456945999999993,1.00020800000001,0.996920000000016,0.067597,0.968270000000012
173,1.16083318654373,0.0956629999999998,0.642148000000004,0.89261900000001,0.046348,0.982329000000014,0.722075000000009,0.985014000000015,0.761716000000007,0.795339000000008,0,0.794066000000008,0.458462999999994,1.00018300000001,0.997015000000017,0.0707289999999999,0.971082000000015
174,1.1634508653794,0.0951779999999999,0.648279000000005,0.894041000000012,0.0457,0.983736000000015,0.723982000000009,0.986541000000015,0.771591000000008,0.79955900000001,0,0.800515000000009,0.459858999999992,1.00015400000002,0.996820000000018,0.06935,0.973732000000012
175,1.16580452648008,0.0952639999999998,0.651502000000005,0.893929000000011,0.046002,0.984924000000016,0.723978000000009,0.987116000000016,0.772367000000008,0.803517000000009,0,0.799422000000009,0.462618999999993,1.00013900000002,0.996845000000017,0.070845,0.977215000000013
176,1.16772810394879,0.096732,0.654568000000006,0.890114000000009,0.045659,0.983821000000012,0.726779000000007,0.985463000000013,0.774339000000005,0.805164000000006,0,0.798420000000007,0.467160999999993,1.00015600000001,0.996751000000014,0.071326,0.979650000000017
177,1.1701523074926,0.0928739999999997,0.657920000000004,0.888283000000011,0.047946,0.982666000000015,0.728005000000008,0.985906000000016,0.774417000000007,0.805057000000008,0,0.802278000000007,0.465012999999994,1.00017300000002,0.997039000000019,0.074685,0.981598000000016
178,1.17173903402158,0.0907179999999999,0.659682000000006,0.890390000000011,0.046038,0.982752000000015,0.73136200000001,0.984731000000016,0.779144000000009,0.809763000000008,0,0.808663000000008,0.458530999999995,1.00017400000002,0.996805000000017,0.075237,0.982228000000014
179,1.17348375344325,0.091355,0.659315000000003,0.892056000000009,0.046482,0.983221000000014,0.730470000000007,0.984879000000014,0.780215000000006,0.809486000000007,0,0.809983000000006,0.451188999999994,1.00017200000001,0.996853000000017,0.0755419999999999,0.981066000000014
180,1.17554791136558,0.0914269999999998,0.660857000000006,0.890845000000012,0.048884,0.981599000000016,0.732681000000011,0.982401000000017,0.783660000000009,0.81236600000001,0,0.80736000000001,0.454289999999994,1.00015300000002,0.996889000000019,0.0760089999999999,0.981478000000017
181,1.17849265888357,0.0942779999999999,0.662224000000005,0.894912000000011,0.048015,0.981422000000013,0.733192000000007,0.982496000000014,0.785006000000008,0.812870000000009,0,0.815054000000008,0.462109999999993,1.00017200000001,0.996739000000016,0.0750589999999999,0.98240100000001
182,1.18184193502013,0.0897459999999998,0.668087000000004,0.896147000000008,0.049368,0.981812000000011,0.737891000000009,0.982797000000012,0.791913000000006,0.812907000000007,0,0.819514000000006,0.457595999999994,1.00016900000001,0.996832000000014,0.0773979999999999,0.983327000000015
183,1.18333223770021,0.087083,0.668817000000005,0.897996000000012,0.04848,0.980803000000015,0.73900800000001,0.983208000000015,0.798031000000009,0.81637000000001,0,0.824023000000009,0.460340999999995,1.00013600000002,0.996943000000017,0.0753419999999999,0.983864000000012
184,1.1853214191918,0.0852129999999999,0.679321000000002,0.899632000000007,0.049115,0.982444000000009,0.751588000000005,0.983177000000009,0.805824000000005,0.821800000000006,0,0.828249000000005,0.458185999999995,1.00018200000001,0.996848000000012,0.079285,0.985539000000015
185,1.18773354827987,0.0810769999999999,0.688206000000002,0.908786000000007,0.045281,0.98281800000001,0.761570000000004,0.984568000000011,0.814061000000004,0.825599000000004,0,0.837935000000004,0.450734999999996,1.00010800000001,0.996703000000013,0.0799579999999999,0.986669000000012
186,1.19009951350805,0.0836319999999998,0.694472000000004,0.910573000000007,0.04414,0.983820000000011,0.767278000000006,0.985638000000011,0.819159000000005,0.829390000000005,0,0.838409000000005,0.447917999999994,1.00013100000001,0.996991000000013,0.0815439999999999,0.985818000000012
187,1.19278199781151,0.0878079999999999,0.699533000000008,0.911877000000009,0.043941,0.984346000000011,0.77300600000001,0.985087000000012,0.822877000000006,0.832607000000007,0,0.842210000000006,0.446254999999995,1.00014900000001,0.996762000000013,0.080249,0.987145000000017
188,1.19579854348399,0.0893079999999998,0.701133000000004,0.913564000000008,0.041479,0.985623000000012,0.771282000000007,0.986204000000013,0.819815000000007,0.834323000000006,0,0.844769000000007,0.440499999999995,1.00014300000001,0.996702000000016,0.0800499999999999,0.988595000000013
189,1.19732318662694,0.0886739999999999,0.711851000000007,0.91524300000001,0.041742,0.986601000000012,0.778414000000009,0.985497000000012,0.819372000000007,0.838040000000007,0,0.844941000000008,0.432541999999994,1.00016000000001,0.997114000000015,0.08306,0.988862000000013
190,1.19966754542637,0.0855169999999999,0.717273000000007,0.919419000000011,0.040289,0.986057000000013,0.783683000000009,0.987464000000014,0.825899000000008,0.844969000000006,0,0.851258000000009,0.428044999999994,1.00015500000001,0.996659000000016,0.0849079999999999,0.989003000000015
191,1.20193971575743,0.0845079999999999,0.728348000000004,0.920596000000009,0.040947,0.986385000000012,0.793439000000006,0.988303000000012,0.828233000000006,0.849591000000007,0,0.855607000000006,0.423915999999992,1.00016900000001,0.996821000000015,0.09017,0.990659000000012
192,1.20320415633842,0.0809619999999999,0.727588000000006,0.921166000000008,0.041718,0.988371000000011,0.792618000000008,0.988102000000012,0.831557000000006,0.853025000000006,0,0.856420000000006,0.422682999999994,1.00015500000001,0.997002000000014,0.089441,0.991835000000009
193,1.20540241033206,0.082188,0.729706000000005,0.925073000000008,0.041076,0.987832000000009,0.793051000000007,0.98916900000001,0.833255000000006,0.852730000000006,0,0.859691000000006,0.418471999999995,1.00014400000001,0.996629000000012,0.088787,0.991908000000014
194,1.20653548859779,0.0850039999999999,0.732772000000003,0.923917000000007,0.041459,0.988563000000009,0.795270000000006,0.98961600000001,0.836657000000004,0.857761000000004,0,0.861649000000005,0.420495999999995,1.00012800000001,0.996754000000012,0.0871869999999999,0.992153000000011
195,1.20823791017221,0.087518,0.731761000000003,0.926976000000009,0.0390670000000001,0.986829000000011,0.791344000000006,0.990507000000011,0.840668000000005,0.858225000000005,0,0.866634000000004,0.420095999999996,1.00010500000001,0.996677000000012,0.087157,0.992061000000013
196,1.20889277511954,0.083245,0.735994000000006,0.924982000000008,0.039669,0.986273000000011,0.792748000000008,0.990267000000012,0.844451000000006,0.858870000000006,0,0.867315000000008,0.418686999999995,1.00011700000001,0.996820000000013,0.0926249999999999,0.991970000000013
197,1.21138067645075,0.0857199999999998,0.741336000000006,0.925328000000011,0.041284,0.986415000000012,0.795649000000009,0.990509000000012,0.850871000000006,0.856522000000007,0,0.868932000000008,0.419658999999995,1.00013600000001,0.996859000000013,0.096593,0.991858000000016
198,1.21316261742582,0.0818849999999999,0.747195000000004,0.920850000000007,0.04368,0.986422000000008,0.801106000000006,0.989730000000009,0.853861000000005,0.854206000000005,0,0.869217000000005,0.418448999999995,1.00015500000001,0.99675100000001,0.0990369999999999,0.991660000000011
199,1.21567750353175,0.0812599999999999,0.751866000000005,0.918315000000009,0.045483,0.986572000000011,0.809406000000008,0.989770000000011,0.853422000000007,0.853140000000006,0,0.867115000000007,0.423561999999995,1.00009500000001,0.996631000000013,0.10344,0.992545000000009
200,1.2183398372645,0.0862999999999999,0.749402000000005,0.918842000000008,0.0429699999999999,0.985605000000011,0.807528000000007,0.989169000000011,0.858423000000006,0.855333000000005,0,0.870635000000006,0.426167999999995,1.00014300000001,0.996703000000013,0.107947,0.993551000000011
