"X","PopRatio","Diff_KC","Fibroblast","M1","M2","Neutrophil","Prol_KC","Th0","Th1","Th17","Th2","Th22","Treg","iDC","pDC","preDiff_KC","ILC3"
0,1,0.000303,0,0,0,0,0,0,0,0,0,0,0.165275,0,0,0,0
1,1.000001,0.001448,0,0,0,0,0,0,0,0,0,0,0.120438,0.000134,0.000134,0,0
2,1.000003000002,0.002489,0,0,0,0,0,0,0,0,0,0,0.120251,0.000484,0.000475,0,0
3,1.000004000005,0.003575,0,6.3e-05,0,0.00011,0,0,0,0,0,0,0.133161,0.004362,0.004369,0,0
4,1.000003000001,0.004557,0,0.000433,0,0.000174,0,0,0,0,0,0,0.146373,0.009728,0.009723,0,0
5,1.000008000016,0.004682,0,0.001389,0,0.000489,0,0,0,0,0,0,0.164962,0.024669,0.024701,0,0
6,1.00001600008,0.005027,0,0.002281,0,0.002046,0,0,0,0,0,0,0.180691,0.042488,0.04236,0,0
7,1.000032000336,0.004958,0,0.003805,0,0.003662,0,0,0,0,0,0,0.189756,0.068792,0.068678,0,0
8,1.00004500075201,0.004607,0,0.006538,0,0.00624,0,0,0,0,0,0,0.205968,0.0933229999999996,0.0932559999999996,0,0
9,1.00008200241704,0.00569,0,0.011002,0,0.010404,0,0,0,0,0,0,0.220717,0.130571,0.130504,0,0
10,1.00012700610715,0.005539,0,0.013953,0,0.014935,0,0,0,0,0,0,0.227776,0.166795,0.166968,0,0
11,1.00020901652165,0.006001,0,0.018848,0,0.018249,0,0,0,0,0,0,0.242651,0.208830000000001,0.208752000000001,0,0
12,1.00025602634543,0.006395,0,0.02535,0,0.024387,0,0,0,0,0,0,0.256728,0.254133000000001,0.253997000000001,0,0
13,1.00037005553244,0.007499,0,0.0323680000000001,0,0.0306890000000001,0,0,0,0,0,0,0.273509999999999,0.297602999999999,0.297610999999999,0,0
14,1.00048009623855,0.010286,0,0.042906,0,0.0368770000000001,0,5.4e-05,0,0,0,0,0.291087,0.344303999999998,0.344195999999998,0,0
15,1.00062116393213,0.012255,0,0.051483,0,0.0487869999999999,0,0.000229,0,0,0,0,0.313482999999998,0.383247999999995,0.383032999999995,0,0
16,1.00077525959139,0.01276,0,0.0617239999999999,0,0.0627269999999998,0,0.000131,0,0,0,0,0.328853999999997,0.426865999999995,0.426446999999995,0,0
17,1.00100343635059,0.014288,0,0.0768009999999998,0,0.0745699999999998,0,0.000336,0,0,0,0,0.341504999999996,0.477982999999992,0.477295999999992,0,0
18,1.00123767115471,0.013662,0,0.0878089999999996,0,0.0871329999999995,0,0.000896,0,0,0,0,0.348000999999997,0.523699999999995,0.522919999999995,0,0
19,1.0015580672095,0.014659,0,0.102549999999999,0,0.105582999999999,0,0.001674,0,0,0,0,0.359585999999995,0.572859000000008,0.571717000000008,0,0
20,1.00190360474271,0.016559,0,0.121355999999999,0,0.120661999999999,0,0.002198,0,0,0,0,0.369665999999995,0.616494000000012,0.614272000000011,0,0
21,1.00232841187116,0.017101,0,0.138486,0,0.135201,0,0.00474,0,0,0,0,0.378264999999996,0.648225000000014,0.645166000000014,0,0
22,1.0028265690919,0.018434,0,0.153900000000001,0,0.148123000000001,6.7e-05,0.00708300000000001,0,0,0,0,0.386654999999995,0.674242000000013,0.670181000000011,0,0
23,1.00337010109239,0.020092,0,0.167535000000002,0,0.167168000000002,0.000134,0.009875,0,0,0,0,0.396341999999996,0.701274000000023,0.696153000000024,0,0
24,1.00398717370459,0.023466,0,0.184866000000003,0,0.178466000000002,2e-04,0.012272,0,0,0,0,0.400579999999996,0.727741000000022,0.721770000000022,0,0
25,1.004682936816,0.0248320000000001,0,0.199565000000003,0,0.196987000000003,0.00023,0.015548,0,0,0,0,0.409289999999992,0.746691000000028,0.739087000000027,0,0
26,1.00543745370159,0.026431,0,0.218143000000006,0,0.211585000000004,0.000307,0.018934,0,0,0,0,0.416441999999992,0.771035000000034,0.763350000000033,0,0
27,1.00622571666533,0.0277910000000001,0,0.239045000000006,0,0.229670000000007,4e-04,0.023926,0,0,0,0,0.427300999999989,0.794110000000035,0.785940000000033,0,0
28,1.00715748167901,0.0294330000000001,0,0.253935000000007,0,0.249678000000007,0.000362,0.0292890000000001,0,0,0,0,0.43867699999999,0.815943000000033,0.807327000000033,0,1.8e-05
29,1.00809615245198,0.0307470000000001,0,0.263700000000004,0,0.270772000000004,0.000535,0.0345450000000001,0,0,0,0,0.443941999999989,0.838140000000047,0.829911000000045,0,1.4e-05
30,1.00906291666223,0.0308950000000001,0,0.286479000000001,0,0.292833000000001,0.001045,0.040636,0,0,0,0,0.450034999999989,0.850384000000038,0.840574000000038,0,7.7e-05
31,1.01004877113186,0.032045,0,0.304439999999999,0,0.309674999999999,0.001213,0.044165,0,0,0,0,0.455878999999985,0.868171000000048,0.858372000000048,0,0.000166
32,1.01113356351211,0.030982,0,0.322916999999996,0,0.326575999999995,0.001522,0.0499119999999999,0,0,0,0,0.463213999999985,0.881518000000049,0.870376000000047,0,0.000241
33,1.01222862116145,0.0333140000000001,0,0.340427999999996,0,0.350332999999993,0.001768,0.0585949999999999,0,0,0,0,0.463294999999987,0.893149000000053,0.881289000000052,0,0.001066
34,1.01326716772682,0.0325230000000001,0,0.36190799999999,0,0.358556999999993,0.002534,0.0681299999999996,0,0,0,0,0.474347999999979,0.905404000000063,0.893086000000061,6.7e-05,0.002798
35,1.01449727406852,0.0301930000000001,0,0.377511999999991,0,0.383780999999989,0.002891,0.0813109999999995,0,0,0,0,0.480409999999983,0.917886000000061,0.904456000000058,0,0.003876
36,1.0156355400101,0.03096,0,0.38786199999999,0,0.395915999999988,0.003198,0.0968599999999995,0,0.000134,0,0,0.486061999999983,0.926173000000059,0.913091000000059,0,0.006184
37,1.0168522713871,0.032873,0,0.411594999999989,0,0.410165999999988,0.004135,0.109507999999999,0,0.000244,0,0,0.488022999999979,0.935324000000058,0.922599000000058,0,0.00763400000000001
38,1.0179952133402,0.033653,0,0.429506999999985,0,0.422859999999985,0.004899,0.124875999999999,1.2e-05,0.000266,0,1.6e-05,0.487212999999981,0.945599000000061,0.933914000000062,0,0.009523
39,1.01915165590263,0.0337330000000001,0,0.458519999999985,0,0.443240999999984,0.006812,0.139046,9e-05,0.000439,0,0.000133,0.495566999999982,0.955212000000051,0.944451000000051,3.1e-05,0.013492
40,1.02033285267187,0.035316,0,0.473464999999979,0,0.45883599999998,0.007873,0.152367000000001,0.00033,0.00039,0,0.000333,0.49989899999998,0.963190000000067,0.954633000000067,0.000134,0.019359
41,1.02156643509082,0.039992,0,0.486430999999978,1.2e-05,0.474942999999978,0.00926100000000001,0.166511000000002,0.000429,0.000846,0,0.000157,0.502724999999978,0.969075000000068,0.960281000000068,0,0.024739
42,1.02284339313476,0.039644,0,0.499523999999979,0,0.484869999999979,0.011882,0.186235000000003,0.000686,0.000597,0,0.000227,0.513114999999985,0.975995000000063,0.967666000000063,0,0.0294400000000001
43,1.02406262245944,0.040686,0,0.512823999999987,0,0.499541999999977,0.014145,0.198799000000003,0.00076,0.001045,0,0.000481,0.515921999999983,0.979888000000062,0.971008000000064,6.7e-05,0.0364630000000001
44,1.02532119542251,0.0415390000000001,0,0.535494999999979,0,0.515196999999979,0.016016,0.215019000000005,0.001716,0.001445,0,0.000863,0.52075599999998,0.979899000000065,0.973206000000067,6.7e-05,0.044257
45,1.02662437866196,0.0432369999999999,0,0.548198999999986,0,0.528960999999983,0.019789,0.227639000000005,0.002466,0.002203,0,0.001508,0.529520999999983,0.981885000000065,0.974796000000066,0.000134,0.0535869999999999
46,1.02785940778956,0.042681,0,0.558809999999992,0,0.541898999999986,0.021921,0.241639000000006,0.002527,0.002702,0,0.002336,0.537422999999989,0.984644000000067,0.977131000000068,2e-04,0.0651549999999998
47,1.02892940943314,0.043159,0,0.570962999999996,0,0.55536799999999,0.024456,0.259956000000003,0.003649,0.003293,0,0.003299,0.54288199999999,0.986055000000055,0.978240000000057,2e-04,0.0753469999999998
48,1.03006534750121,0.0463539999999999,6.7e-05,0.578172999999995,0,0.563369999999991,0.026714,0.275486000000002,0.004632,0.004265,0,0.004114,0.547330999999991,0.987850000000064,0.980507000000066,0.000193,0.0896819999999994
49,1.03108305206461,0.0441999999999999,6.7e-05,0.591065999999999,0,0.571469999999995,0.0287250000000001,0.291600999999999,0.006279,0.00523,0,0.005306,0.552611999999994,0.989828000000057,0.98211300000006,6.7e-05,0.100118
50,1.0321471297744,0.0447349999999999,0.000134,0.599009000000002,0,0.584431999999999,0.0336280000000001,0.301887999999998,0.00664100000000001,0.006277,0,0.007603,0.559285999999995,0.990215000000066,0.983118000000066,0.000114,0.118227999999999
51,1.03335990265195,0.0492129999999999,0.000252,0.616505000000001,2.6e-05,0.601894,0.038861,0.317328999999995,0.007463,0.00736600000000001,0,0.009216,0.571201999999994,0.991769000000062,0.985385000000063,5e-06,0.139049
52,1.03433022760061,0.053312,0.000533,0.633306000000007,0.000144,0.609862000000001,0.0447049999999999,0.333444999999993,0.007994,0.00946400000000001,0,0.012194,0.568842999999994,0.993928000000061,0.987953000000063,0.000126,0.154111000000001
53,1.03540489670715,0.0550899999999998,0.001,0.645941000000009,0.000111,0.622143000000005,0.0495539999999999,0.344859999999991,0.009479,0.01242,0,0.015075,0.573133999999998,0.994336000000068,0.98817700000007,0.000134,0.170543000000002
54,1.03640923945702,0.0565649999999999,0.001467,0.65022300000001,6.7e-05,0.634267000000006,0.0588079999999999,0.364317999999992,0.00979699999999999,0.01619,0,0.018289,0.578214999999994,0.994236000000065,0.988853000000067,4e-04,0.190071000000003
55,1.03738346414218,0.0616669999999999,0.000868,0.662898000000013,0.000213,0.650099000000009,0.0608749999999999,0.37697699999999,0.010282,0.019203,0,0.020781,0.595234999999998,0.995674000000061,0.990305000000063,0.000476,0.205232000000003
56,1.03833163262847,0.0652909999999999,0.001475,0.679683000000017,0.000466,0.656212000000011,0.0623439999999999,0.390674999999987,0.012124,0.022164,0,0.023495,0.612271000000002,0.99582900000006,0.990971000000062,0.000468,0.229964000000005
57,1.03943537915402,0.0684639999999998,0.00151,0.689275000000018,0.000811,0.66852800000001,0.0688159999999997,0.404373999999987,0.01399,0.0244890000000001,0,0.026251,0.615710000000008,0.998011000000061,0.992873000000063,0.000408,0.251476000000004
58,1.04043115824731,0.0675239999999997,0.002181,0.696570000000013,0.000868,0.681794000000011,0.0735649999999997,0.422190999999985,0.018148,0.0276420000000001,0,0.0297320000000001,0.620100000000004,0.998499000000057,0.992822000000059,0.00036,0.270893000000001
59,1.04138939534412,0.0671059999999997,0.002969,0.701558000000015,0.000715,0.686907000000015,0.0819489999999997,0.445248999999984,0.020666,0.0335570000000001,0,0.0333100000000001,0.617479000000006,0.99908400000006,0.993945000000065,0.00049,0.286262000000001
60,1.04249326810324,0.0687419999999998,0.002985,0.704559000000014,0.000467,0.703549000000015,0.0866129999999995,0.461916999999984,0.021419,0.038723,0,0.037186,0.619926000000005,0.999121000000049,0.993343000000053,0.000357,0.308582999999998
61,1.04352950641179,0.0699359999999999,0.00365,0.712970000000017,0.000616,0.715238000000016,0.0918719999999995,0.476221999999979,0.024302,0.040969,0,0.041014,0.622467000000004,0.998517000000059,0.993244000000061,0.000294,0.322975999999996
62,1.04451251120689,0.0712359999999998,0.004037,0.721020000000017,0.000873,0.722463000000018,0.0983129999999994,0.49659199999998,0.028034,0.04496,0,0.041919,0.628858000000005,0.997777000000056,0.991502000000059,0.000553,0.344716999999993
63,1.04556955786829,0.0706149999999999,0.004732,0.729194000000023,0.001537,0.726149000000025,0.103876999999999,0.502398999999979,0.0302530000000001,0.051111,0,0.046141,0.627940000000006,0.997974000000061,0.992551000000062,0.000812,0.361236999999991
64,1.04670086412997,0.0706259999999996,0.006475,0.727103000000019,0.001215,0.740653000000024,0.109577999999999,0.513969999999982,0.033271,0.0571569999999999,0,0.050012,0.626289000000006,0.998163000000057,0.99181000000006,0.000535,0.378005999999991
65,1.04741262071764,0.0704349999999998,0.006577,0.737325000000023,0.001664,0.741817000000024,0.11534,0.526228999999987,0.0365620000000001,0.0633559999999998,0,0.0544549999999999,0.628125000000005,0.998294000000053,0.992455000000056,0.000826,0.396239999999989
66,1.04838671445496,0.0743079999999996,0.008332,0.740933000000019,0.001349,0.745856000000024,0.119505999999999,0.54073599999999,0.040358,0.0646919999999997,0,0.0592839999999999,0.638700000000009,0.998844000000051,0.993352000000055,0.000807,0.406033999999989
67,1.04925058510772,0.0772999999999998,0.008783,0.745702000000025,0.001182,0.749664000000029,0.127537,0.558766999999996,0.0452139999999999,0.0745729999999997,0,0.0666009999999998,0.646938000000013,0.998700000000055,0.993744000000058,0.001199,0.417077999999985
68,1.04975947164156,0.0723909999999998,0.009333,0.749833000000022,0.001526,0.754299000000023,0.129676,0.563748999999995,0.0515969999999999,0.0792699999999997,0,0.0721429999999997,0.648790000000005,0.99835500000005,0.992925000000054,0.00147,0.434673999999985
69,1.0507147527608,0.0723989999999999,0.00840100000000001,0.750816000000018,0.001232,0.761693000000021,0.132067,0.570540999999992,0.0587649999999998,0.0866119999999996,0,0.0820119999999997,0.648035000000002,0.99811800000005,0.993595000000052,0.001201,0.450566999999983
70,1.05189785757247,0.0748859999999998,0.008938,0.756183000000021,0.001365,0.772181000000023,0.140224000000001,0.573159,0.0623779999999999,0.0917629999999994,0,0.0848879999999996,0.64762300000001,0.997963000000047,0.99377100000005,0.001604,0.470737999999982
71,1.05248060898561,0.0772229999999998,0.010797,0.763902000000025,0.001617,0.775633000000025,0.142983,0.584037999999999,0.0637989999999999,0.0941789999999997,0,0.0864969999999995,0.650308000000011,0.998607000000047,0.99461800000005,0.001651,0.491995999999983
72,1.05321418797012,0.0799249999999998,0.012471,0.768481000000023,0.002644,0.778738000000027,0.149565000000001,0.592152000000002,0.0655489999999998,0.102486,0,0.0915589999999998,0.65137700000001,0.998544000000048,0.99474800000005,0.001771,0.50855199999998
73,1.05406518503405,0.0790139999999998,0.012056,0.767239000000021,0.00325,0.787964000000027,0.157000000000002,0.599438999999999,0.0683209999999998,0.107263,0,0.0961359999999994,0.655101000000015,0.998820000000048,0.99507800000005,0.001765,0.525509999999983
74,1.05549555149019,0.0804069999999996,0.011969,0.763354000000026,0.004008,0.802499000000031,0.165038000000001,0.612183000000001,0.0709609999999998,0.111583999999999,0,0.105280999999999,0.65425400000001,0.99946500000005,0.995922000000055,0.001539,0.53701499999999
75,1.05666398506575,0.0782469999999997,0.014804,0.76095600000002,0.004799,0.802773000000025,0.171575000000002,0.622666000000002,0.0791719999999997,0.124810999999999,0,0.114336999999999,0.66045200000001,0.999784000000046,0.99632800000005,0.00188,0.551599999999991
76,1.05744591641474,0.0813069999999997,0.016171,0.758046000000021,0.005751,0.81366100000003,0.183837000000002,0.638174000000007,0.0843669999999995,0.136569,0,0.121764999999999,0.659711000000011,0.999911000000046,0.996515000000049,0.00214,0.560292999999995
77,1.05854037293828,0.0827489999999996,0.020972,0.757426000000023,0.00554800000000001,0.824759000000032,0.196585000000003,0.651940000000007,0.0906969999999996,0.143415000000001,0,0.132184,0.656021000000009,0.999904000000049,0.996460000000054,0.002576,0.572663999999997
78,1.05917338008135,0.0858119999999998,0.024625,0.758435000000025,0.00654600000000001,0.830188000000028,0.199052000000003,0.662495000000009,0.0958329999999995,0.145647,0,0.140321,0.658450000000011,0.999993000000048,0.996907000000051,0.002827,0.581031
79,1.0599338665683,0.0900889999999998,0.025791,0.761401000000028,0.007512,0.837792000000035,0.204186000000004,0.675633000000015,0.102113999999999,0.155372000000001,0,0.148781000000001,0.663794000000015,0.999620000000051,0.996324000000054,0.003204,0.587422000000004
80,1.06091960506426,0.0930249999999997,0.026483,0.758669000000022,0.008755,0.84561300000003,0.210740000000004,0.683330000000014,0.105869999999999,0.160427000000002,0,0.155756000000001,0.661757000000013,1.00008100000004,0.996695000000047,0.003607,0.598259000000001
81,1.06121029703609,0.0937169999999998,0.03001,0.754112000000022,0.010648,0.852614000000034,0.223114000000004,0.685091000000015,0.111201999999999,0.166871000000002,0,0.166144000000002,0.661340000000011,1.00028900000005,0.996753000000052,0.004376,0.600962000000003
82,1.06209428521357,0.0959849999999996,0.0325330000000001,0.754967000000024,0.011945,0.860795000000035,0.231370000000005,0.688863000000011,0.119068999999999,0.178839000000002,0,0.172084000000002,0.660232000000012,1.00042700000005,0.99739000000005,0.004174,0.611621000000003
83,1.0628717382304,0.0949589999999998,0.038168,0.752589000000025,0.012403,0.863398000000036,0.237005000000005,0.703907000000017,0.125093999999999,0.192787000000003,0,0.177881000000003,0.660287000000014,1.00050900000005,0.99722300000005,0.004314,0.627331000000005
84,1.0633734136909,0.0954039999999997,0.0426709999999999,0.75558800000002,0.013685,0.866773000000036,0.247972000000006,0.71109300000002,0.132341,0.199415000000003,0,0.183266000000003,0.662958000000014,1.00048000000005,0.997279000000049,0.00524,0.641477000000008
85,1.06403908544791,0.0995829999999997,0.0494989999999999,0.760468000000022,0.016025,0.875963000000033,0.261627000000003,0.725376000000023,0.147508,0.208451000000003,0,0.192871000000002,0.669057000000015,1.00051900000004,0.997134000000047,0.004778,0.65495000000001
86,1.0648626517001,0.100453,0.0537579999999998,0.762380000000023,0.015665,0.879384000000038,0.267059000000003,0.735240000000017,0.158905000000002,0.221691000000004,0,0.202966000000003,0.674379000000014,1.00048300000005,0.997157000000047,0.004429,0.66196800000001
87,1.06550689360442,0.0993609999999994,0.0580859999999999,0.759718000000024,0.015695,0.883982000000038,0.270958000000001,0.745136000000022,0.165756000000002,0.227721000000004,0,0.209005000000004,0.671855000000013,1.00053400000005,0.997227000000053,0.005198,0.677188000000015
88,1.06615472179579,0.102941,0.0619079999999999,0.757881000000023,0.015607,0.889228000000032,0.272525,0.756053000000024,0.173573000000001,0.242817000000004,0,0.217334000000003,0.673896000000014,1.00057100000004,0.997479000000044,0.005035,0.683650000000015
89,1.06660357293371,0.101677,0.0650089999999998,0.762314000000013,0.017032,0.88970700000003,0.28134,0.764460000000017,0.183734000000002,0.253396000000004,0,0.234209000000004,0.67352200000001,1.00057900000004,0.997254000000045,0.006735,0.685822000000016
90,1.06718167207028,0.103321999999999,0.0667539999999998,0.761740000000021,0.016035,0.894975000000031,0.290341,0.775737000000024,0.194933000000003,0.265497000000002,0,0.251261000000004,0.672802000000016,1.00063300000004,0.997315000000047,0.007458,0.687713000000014
91,1.06780490616682,0.100061999999999,0.0701259999999998,0.761986000000021,0.016619,0.901257000000035,0.294483999999999,0.779883000000021,0.199217000000003,0.271721999999999,0,0.254228000000004,0.672410000000014,1.00060900000005,0.99747700000005,0.008228,0.693515000000015
92,1.06885669399944,0.104805,0.0717509999999997,0.758627000000017,0.016841,0.906230000000028,0.300461999999998,0.787732000000018,0.203794000000003,0.282840999999998,0,0.261732000000002,0.674295000000011,1.00060600000004,0.997512000000043,0.007863,0.703710000000016
93,1.06953434914348,0.104634999999999,0.0791289999999997,0.752940000000016,0.017557,0.907358000000031,0.306862999999998,0.797107000000022,0.210520000000004,0.287685999999999,0,0.272034000000001,0.67392800000001,1.00060100000004,0.997130000000041,0.009215,0.701986000000016
94,1.07057607559958,0.106292,0.0850009999999997,0.761423000000014,0.018618,0.90868800000003,0.314984999999997,0.805189000000024,0.225947000000003,0.295403999999998,0,0.285133,0.673204000000007,1.00058700000003,0.99701400000004,0.009352,0.706955000000016
95,1.07157920538246,0.107307,0.0907399999999996,0.757398000000023,0.018475,0.912537000000033,0.314006999999996,0.806683000000028,0.233979000000003,0.297166999999996,0,0.289288999999998,0.666778000000015,1.00060600000004,0.996941000000043,0.009399,0.715941000000021
96,1.07246647296456,0.111186,0.0982839999999998,0.758544000000019,0.019402,0.915014000000029,0.323545999999995,0.810473000000023,0.241546000000004,0.302881999999997,0,0.298028999999998,0.661944000000009,1.00053500000003,0.997449000000036,0.010033,0.72436300000002
97,1.07297053220688,0.111665,0.102202,0.752841000000014,0.019357,0.918612000000032,0.333712999999994,0.815484000000023,0.250893000000004,0.309899999999995,0,0.307140999999996,0.656093000000009,1.00061200000004,0.997356000000041,0.008896,0.731139000000012
98,1.07402204332849,0.113196,0.107328,0.757783000000025,0.01967,0.923966000000039,0.346261999999995,0.818112000000032,0.254945000000004,0.316985999999997,0,0.317546999999997,0.654995000000008,1.00056900000005,0.997013000000051,0.00814,0.733832000000021
99,1.07492744391106,0.111083,0.115744999999999,0.760345000000018,0.020459,0.924140000000034,0.353955999999991,0.831544000000028,0.268705,0.330853999999994,0,0.330490999999994,0.656107000000005,1.00054200000004,0.997097000000046,0.0087,0.74452400000002
100,1.0761560859795,0.109581,0.120837999999999,0.767793000000023,0.021834,0.92436900000003,0.358163999999992,0.834879000000031,0.277747,0.342479999999993,0,0.333788999999993,0.647443000000014,1.00052400000004,0.99721500000004,0.009469,0.744859000000026
101,1.07722793744117,0.117185,0.123983999999999,0.770889000000018,0.022052,0.926253000000033,0.360412999999991,0.841053000000029,0.290132999999999,0.351825999999992,0,0.342541999999994,0.649480000000006,1.00052400000004,0.997195000000044,0.010571,0.751143000000027
102,1.07844951392227,0.117076,0.128842,0.775145000000021,0.021485,0.92705500000003,0.363862999999993,0.845704000000029,0.293596999999999,0.353806999999992,0,0.351594999999992,0.64490200000001,1.00053300000004,0.997341000000041,0.012598,0.755860000000022
103,1.07877520567552,0.115388,0.134181,0.778108000000021,0.022472,0.92753900000003,0.378711999999989,0.847766000000027,0.305078999999996,0.368623999999992,0,0.358595999999993,0.639681000000011,1.00052400000004,0.997333000000041,0.013663,0.761873000000022
104,1.07934048388333,0.114119,0.141545,0.777351000000026,0.021612,0.931880000000035,0.38493199999999,0.84842100000003,0.311586999999997,0.372649999999992,0,0.365560999999993,0.643738000000005,1.00048300000004,0.997018000000045,0.014179,0.771858000000026
105,1.07959304955661,0.115438,0.151265000000001,0.783681000000021,0.023474,0.935375000000036,0.39113099999999,0.846156000000034,0.316519999999996,0.377259999999992,0,0.369488999999993,0.642426000000009,1.00054700000004,0.997287000000044,0.014479,0.77121800000002
106,1.07994823566996,0.119632,0.156056000000001,0.781611000000024,0.025125,0.933858000000038,0.39609699999999,0.858148000000034,0.324589999999995,0.39015699999999,0,0.38079799999999,0.646490000000011,1.00049000000004,0.997301000000049,0.015245,0.770437000000021
107,1.08145800330347,0.120517,0.163710000000001,0.79038400000002,0.023433,0.937930000000034,0.408490999999987,0.85872900000003,0.339212999999993,0.406895999999989,0,0.39287599999999,0.64700700000001,1.00052800000004,0.997080000000039,0.018479,0.777537000000022
108,1.082601104413,0.114282999999999,0.175703000000001,0.793215000000022,0.022876,0.938435000000034,0.421920999999987,0.85927900000003,0.339585999999993,0.410488999999989,0,0.39818799999999,0.646713000000008,1.00053500000004,0.997385000000045,0.018251,0.788760000000023
109,1.08326040848563,0.113537,0.188033000000002,0.799326000000022,0.022355,0.941287000000034,0.433682999999987,0.864264000000031,0.351473999999992,0.419133999999987,0,0.409312999999988,0.646388000000008,1.00048200000004,0.997297000000041,0.018532,0.793782000000024
110,1.08441949712275,0.113713,0.202140000000003,0.798278000000023,0.025323,0.942547000000037,0.432774999999986,0.866317000000034,0.362753999999992,0.423871999999989,0,0.416381999999989,0.638866000000008,1.00041700000004,0.997081000000045,0.018451,0.799043000000023
111,1.08674991462211,0.116087,0.210812000000002,0.794997000000017,0.027537,0.940169000000028,0.434445999999988,0.871150000000026,0.367284999999991,0.430752999999988,0,0.427969999999989,0.646690000000007,1.00047900000003,0.997282000000036,0.019386,0.799931000000017
112,1.08747912381486,0.119041,0.223005000000003,0.796852000000012,0.027928,0.941311000000025,0.436970999999987,0.875347000000023,0.378727999999993,0.44094199999999,0,0.432712999999991,0.644233000000007,1.00046000000003,0.997413000000034,0.019187,0.801661000000023
113,1.08779231780255,0.122044,0.229102000000003,0.797798000000019,0.030271,0.944933000000027,0.444995999999986,0.879831000000028,0.385861999999991,0.447042999999988,0,0.440572999999989,0.642815000000006,1.00040700000003,0.99719100000004,0.020718,0.810929000000021
114,1.08824592719911,0.123195999999999,0.235954000000003,0.790443000000021,0.03222,0.945479000000033,0.449795999999989,0.879478000000032,0.385706999999991,0.44785099999999,0,0.43481099999999,0.639098000000006,1.00042500000004,0.997184000000041,0.021967,0.816371000000025
115,1.08966935287193,0.123428,0.240283000000003,0.793133000000018,0.033408,0.948498000000033,0.453185999999984,0.882357000000031,0.395958999999989,0.459130999999985,0,0.443836999999985,0.646185000000008,1.00042300000004,0.997152000000039,0.021044,0.819969000000025
116,1.09062390322508,0.125218999999999,0.254847000000002,0.795440000000022,0.033721,0.951370000000035,0.464302999999985,0.887481000000032,0.408972999999989,0.477042999999986,0,0.452506999999988,0.642840000000007,1.00054100000004,0.997305000000044,0.021048,0.819314000000027
117,1.09165454281367,0.122464999999999,0.266609000000002,0.796073000000015,0.03341,0.953176000000029,0.476236999999985,0.895081000000026,0.42400699999999,0.487641999999986,0,0.463589999999987,0.644482000000008,1.00047100000003,0.997184000000036,0.022401,0.827368000000026
118,1.09262611535681,0.118821999999999,0.27364,0.794440000000019,0.032738,0.95303300000003,0.480485999999987,0.899062000000029,0.435427999999989,0.496438999999988,0,0.464591999999988,0.645211000000004,1.00052400000003,0.997346000000037,0.022172,0.829947000000023
119,1.09335708222802,0.118078,0.282331999999998,0.794415000000018,0.0313280000000001,0.950888000000028,0.482542999999985,0.897074000000027,0.443285999999989,0.499638999999987,0,0.467107999999989,0.648314000000008,1.00042300000003,0.997026000000034,0.0231880000000001,0.835711000000023
120,1.09474564572249,0.118936,0.295459999999999,0.802652000000018,0.032898,0.953355000000027,0.494067999999986,0.899889000000024,0.45161099999999,0.51077599999999,0,0.471491999999989,0.646729000000005,1.00045800000003,0.997130000000035,0.024182,0.839668000000024
121,1.09563895816943,0.116094,0.312957999999997,0.80924800000002,0.032256,0.955854000000028,0.506462999999987,0.900633000000028,0.462872999999987,0.518637999999992,0,0.483733999999987,0.645687000000005,1.00047600000003,0.997086000000035,0.022238,0.842452000000023
122,1.09651656497496,0.115924,0.327904999999996,0.809879000000019,0.031115,0.959899000000031,0.520123999999991,0.898878000000027,0.466992999999989,0.523011999999993,0,0.48893899999999,0.641088000000007,1.00042100000003,0.996862000000037,0.024104,0.844329000000021
123,1.09790585146282,0.114929,0.338608999999995,0.815518000000024,0.030747,0.958354000000031,0.526189999999991,0.899997000000033,0.474234999999988,0.529811999999994,0,0.499701999999988,0.640050000000008,1.00044500000004,0.997092000000038,0.026047,0.846645000000025
124,1.09903449867816,0.116782,0.346611999999996,0.81721000000002,0.030772,0.961163000000027,0.531423999999993,0.905010000000027,0.484445999999988,0.542148999999998,0,0.50723399999999,0.645126000000006,1.00041200000003,0.997250000000034,0.026311,0.852035000000026
125,1.10028300186869,0.121724,0.348277999999996,0.817221000000021,0.031319,0.96579300000003,0.531636999999993,0.908685000000029,0.486189999999988,0.547365999999999,0,0.514611999999993,0.638523000000007,1.00043200000003,0.997115000000034,0.026685,0.856865000000023
126,1.10114232289319,0.126047,0.353135999999996,0.821299000000016,0.031302,0.967202000000026,0.533559999999992,0.911585000000022,0.490469999999989,0.552695999999998,0,0.519781999999992,0.633063000000003,1.00037500000003,0.99707500000003,0.0285160000000001,0.854344000000026
127,1.10221703780036,0.123711,0.356836999999996,0.820466000000017,0.033101,0.967385000000026,0.533651999999994,0.913228000000025,0.489927999999989,0.555090999999998,0,0.526010999999993,0.633492000000007,1.00043500000003,0.997083000000031,0.0282530000000001,0.855442000000029
128,1.10312746907362,0.120072,0.365468999999996,0.817323000000017,0.034378,0.969357000000029,0.535970999999994,0.914070000000027,0.497055999999989,0.561025999999999,0,0.536089999999996,0.632459000000009,1.00034700000003,0.997301000000036,0.02806,0.861656000000019
129,1.10358526697332,0.11708,0.373068999999995,0.819115000000014,0.0335,0.972315000000021,0.540462999999995,0.91512100000002,0.50823999999999,0.562983999999999,0,0.547272999999997,0.629244,1.00044400000002,0.997219000000028,0.027612,0.861003000000022
130,1.10439750572983,0.118106,0.384096999999995,0.826995000000022,0.032664,0.972204000000032,0.550072999999996,0.921703000000028,0.518625999999992,0.574659000000001,0,0.553144999999998,0.631300000000009,1.00040500000003,0.997159000000037,0.027829,0.867244000000023
131,1.10588623356759,0.117856,0.398700999999995,0.824590000000016,0.031182,0.973612000000022,0.561699999999998,0.926442000000021,0.528334999999995,0.581971999999997,0,0.559611999999995,0.628554000000002,1.00034800000002,0.996759000000027,0.028661,0.872549000000019
132,1.1072199323653,0.115529,0.409047999999994,0.827383000000015,0.033719,0.975859000000024,0.571386999999999,0.927086000000023,0.540344999999995,0.586649,0,0.570666999999998,0.625607000000004,1.00037700000003,0.996794000000031,0.030426,0.875942000000027
133,1.10846223312945,0.115224,0.417122999999994,0.831215000000016,0.033001,0.975897000000024,0.577246000000001,0.927240000000021,0.544086999999998,0.591833000000002,0,0.576878,0.627543000000003,1.00041000000003,0.99711700000003,0.031397,0.876255000000027
134,1.10924480746607,0.113195,0.427989999999993,0.831176000000017,0.030588,0.974670000000026,0.586432000000002,0.931437000000024,0.557072999999999,0.601558000000006,0,0.585351000000003,0.626477000000008,1.00035200000003,0.996992000000031,0.032153,0.88515500000003
135,1.11135902806913,0.116193,0.442309999999992,0.829709000000014,0.032811,0.975323000000023,0.600811,0.932981000000024,0.563874,0.607720000000003,0,0.598978000000003,0.630537000000006,1.00036800000002,0.996992000000028,0.0327240000000001,0.892865000000024
136,1.11208252279642,0.116839,0.449267999999992,0.827283000000016,0.033885,0.974363000000024,0.607228999999999,0.935458000000022,0.570293999999999,0.610289000000003,0,0.602890000000001,0.626134000000002,1.00042300000003,0.997175000000029,0.032482,0.893982000000024
137,1.11405535719189,0.114475,0.455101999999993,0.830670000000014,0.032165,0.974728000000021,0.603342000000003,0.937449000000019,0.582654000000001,0.622256000000003,0,0.612995000000004,0.624454000000003,1.00040400000002,0.997244000000025,0.032731,0.897349000000029
138,1.11553036648484,0.114471,0.468859999999992,0.832816000000016,0.030253,0.976084000000021,0.611427999999999,0.93903000000002,0.589362999999999,0.628051000000002,0,0.617999000000002,0.624630000000001,1.00032200000002,0.996931000000026,0.032314,0.901140000000024
139,1.11617402750633,0.114346,0.47782599999999,0.833713000000017,0.032203,0.977916000000027,0.616559000000003,0.940202000000026,0.593440000000001,0.630445000000005,0,0.623791000000003,0.624119000000005,1.00039600000003,0.997095000000029,0.030592,0.902077000000023
140,1.11755696712644,0.113017,0.487374999999992,0.832366000000017,0.0326420000000001,0.978829000000025,0.621205000000005,0.941963000000026,0.596778000000006,0.632212000000006,0,0.627179000000008,0.632714000000006,1.00032800000003,0.997143000000031,0.031678,0.904840000000026
141,1.11872146148621,0.113282,0.491616999999992,0.828926000000017,0.033822,0.978640000000025,0.622705000000007,0.943380000000024,0.600037000000006,0.636111000000007,0,0.629518000000007,0.631060000000006,1.00034000000003,0.99684100000003,0.032941,0.906124000000027
142,1.12030333363278,0.109576,0.501349999999992,0.824637000000015,0.034591,0.979784000000023,0.630456000000007,0.944255000000023,0.605575000000005,0.637073000000007,0,0.628994000000007,0.634847000000006,1.00035500000003,0.997161000000028,0.034909,0.910316000000021
143,1.12241398511337,0.109084,0.508193999999992,0.829026000000017,0.035233,0.980153000000025,0.633401000000008,0.949810000000025,0.618253000000006,0.650504000000008,0,0.639153000000006,0.631710000000009,1.00030700000003,0.996989000000028,0.035738,0.909854000000021
144,1.1242917837105,0.110533,0.512120999999997,0.827920000000017,0.035478,0.98280100000002,0.633176000000006,0.95223500000002,0.622183000000008,0.653111000000008,0,0.639547000000008,0.637929000000007,1.00029300000002,0.997034000000023,0.036315,0.910685000000022
145,1.1240860383141,0.1098,0.515349999999995,0.829361000000015,0.034936,0.982995000000024,0.631783000000005,0.952632000000023,0.626909000000005,0.654757000000007,0,0.647173000000006,0.623232000000005,1.00032100000002,0.997022000000028,0.039848,0.910587000000019
146,1.12534501467704,0.108626,0.518762999999995,0.830100000000014,0.034899,0.982227000000022,0.635127000000007,0.955481000000023,0.629240000000007,0.659580000000008,0,0.654945000000007,0.619444000000005,1.00031800000002,0.997042000000027,0.043291,0.909107000000022
147,1.12559371592531,0.113301,0.529169999999997,0.835648000000013,0.034627,0.982779000000019,0.639144000000008,0.95846900000002,0.639518000000008,0.668014000000007,0,0.663324000000006,0.617065000000002,1.00030200000002,0.997149000000024,0.0448109999999999,0.912942000000024
148,1.12711214184812,0.111089,0.532729999999998,0.834966000000017,0.035565,0.983656000000022,0.641591000000009,0.959838000000023,0.64430900000001,0.676585000000012,0,0.670101000000011,0.617476000000007,1.00028900000002,0.996867000000023,0.048069,0.915136000000021
149,1.12863374323964,0.117037,0.529330999999997,0.83605100000001,0.033963,0.983313000000018,0.634270000000008,0.956557000000017,0.647548000000006,0.676620000000008,0,0.670542000000007,0.617261000000005,1.00029100000002,0.996875000000022,0.0496130000000001,0.917578000000021
150,1.12913147072043,0.114312,0.530389999999997,0.835529000000014,0.032828,0.983409000000027,0.631764000000005,0.957094000000026,0.658690000000005,0.686192000000009,0,0.674742000000008,0.616567000000004,1.00028900000003,0.99708600000003,0.04973,0.923891000000021
151,1.13046271672444,0.113496,0.533574999999994,0.832537000000014,0.031298,0.984732000000022,0.629125000000003,0.955648000000021,0.664602000000006,0.690032000000007,0,0.683503000000007,0.612221,1.00026000000002,0.996840000000026,0.0532879999999999,0.926412000000018
152,1.13092846736375,0.110283,0.530813999999997,0.83036200000002,0.032616,0.986015000000025,0.628452000000007,0.957734000000024,0.669102000000007,0.69688700000001,0,0.69047800000001,0.612201000000005,1.00030400000003,0.99701100000003,0.0508269999999999,0.928451000000027
153,1.13213177525306,0.113947,0.536234,0.834185000000017,0.031549,0.986466000000025,0.629474000000008,0.960794000000024,0.680480000000011,0.700692000000012,0,0.696315000000011,0.612672000000006,1.00030900000002,0.996840000000027,0.0509519999999999,0.932284000000027
154,1.13253481416507,0.115538,0.535404999999996,0.835186000000013,0.030149,0.985874000000018,0.626144000000004,0.962702000000017,0.684635000000006,0.703694000000007,0,0.702244000000008,0.611403000000003,1.00026900000002,0.997010000000022,0.051467,0.935407000000022
155,1.13392103677763,0.116976,0.536658999999998,0.835053000000011,0.029874,0.984676000000021,0.630747000000007,0.963369000000019,0.690240000000009,0.715543000000008,0,0.703608000000008,0.613646000000003,1.00028000000002,0.997017000000024,0.054069,0.933195000000027
156,1.13446305103323,0.116251,0.537858999999998,0.836613000000013,0.030907,0.985231000000017,0.631432000000003,0.967839000000017,0.697455000000008,0.723090000000008,0,0.709865000000007,0.613508000000002,1.00021900000002,0.996851000000021,0.0569109999999999,0.932656000000017
157,1.13592310497993,0.115339,0.544069999999995,0.835889000000013,0.029371,0.985948000000021,0.641211000000007,0.968397000000022,0.700250000000009,0.729249000000007,0,0.719851000000009,0.607522000000003,1.00021200000002,0.997151000000026,0.057113,0.931695000000022
158,1.13628887221976,0.114253,0.547433999999995,0.837166000000012,0.027232,0.986851000000021,0.641983000000001,0.96999900000002,0.706604000000007,0.735401000000007,0,0.729404000000008,0.606825000000002,1.00025500000002,0.997022000000024,0.058495,0.933570000000021
159,1.13797967006165,0.114569,0.552270999999997,0.839896000000011,0.025374,0.987496000000015,0.644960000000005,0.970347000000015,0.711919000000004,0.734768000000006,0,0.730256000000007,0.605400000000002,1.00024400000002,0.99686500000002,0.0588419999999999,0.940232000000019
160,1.13862376655492,0.1105,0.558548,0.843024000000009,0.024859,0.98737700000002,0.651114000000006,0.97280300000002,0.715584000000005,0.742598000000005,0,0.738464000000007,0.607864000000004,1.00021200000002,0.997030000000023,0.05815,0.942614000000023
161,1.14151473229823,0.110141,0.567242999999999,0.847685000000009,0.023431,0.988056000000019,0.655738000000004,0.973247000000018,0.723097000000008,0.747071000000005,0,0.743172000000006,0.602294999999999,1.00022400000002,0.996854000000022,0.0594649999999999,0.944944000000021
162,1.14355918518379,0.106647,0.577392000000004,0.853348000000013,0.024521,0.988079000000018,0.659210000000011,0.972076000000019,0.729061000000011,0.749181000000011,0,0.75068600000001,0.600254000000007,1.00027200000002,0.997060000000022,0.0643599999999999,0.947976000000018
163,1.14513272262263,0.10708,0.581459,0.853970000000013,0.024299,0.988613000000017,0.660861000000005,0.972354000000017,0.731548000000009,0.751180000000009,0,0.75442100000001,0.595734,1.00021800000002,0.99700100000002,0.0640499999999999,0.947576000000016
164,1.14750658275665,0.108384,0.588501000000002,0.856818000000013,0.023939,0.989294000000018,0.665493000000009,0.973414000000018,0.735177000000009,0.76040600000001,0,0.76254200000001,0.598520000000006,1.00021700000002,0.997021000000021,0.0697309999999999,0.94768900000002
165,1.15029502375277,0.109542,0.600694,0.86269000000001,0.022535,0.989044000000016,0.676477000000006,0.975417000000016,0.743226000000006,0.774022000000007,0,0.769731000000006,0.592957,1.00022400000002,0.99700200000002,0.073823,0.952400000000019
166,1.15214929933108,0.107497,0.600035000000003,0.860709000000015,0.022989,0.98917100000002,0.674380000000009,0.975957000000019,0.74646000000001,0.777201000000011,0,0.77215000000001,0.589557000000003,1.00021300000002,0.996885000000022,0.074097,0.951858000000014
167,1.15325305835986,0.106493,0.605503000000004,0.863633000000011,0.022541,0.989387000000015,0.677888000000009,0.977061000000015,0.752912000000008,0.779969000000008,0,0.778637000000009,0.578831000000001,1.00021900000002,0.996846000000018,0.074295,0.955663000000017
168,1.15542809362794,0.106169,0.601955000000007,0.863997000000014,0.024015,0.98844100000002,0.674733000000013,0.978001000000021,0.753622000000011,0.777413000000012,0,0.77769200000001,0.578613000000009,1.00018100000002,0.996690000000023,0.072529,0.956199000000018
169,1.15777592351422,0.108508,0.608768000000002,0.86437100000001,0.025833,0.988769000000017,0.680230000000007,0.980257000000017,0.755305000000006,0.782019000000007,0,0.778210000000006,0.577583000000001,1.00016800000002,0.99682100000002,0.0695889999999999,0.956794000000014
170,1.1591282057929,0.107561,0.614618000000006,0.867058000000011,0.024268,0.989178000000014,0.68417600000001,0.981766000000015,0.755664000000009,0.780950000000008,0,0.784562000000008,0.575257000000002,1.00021500000002,0.996805000000018,0.071444,0.958649000000021
171,1.16101410738374,0.105709,0.609446000000004,0.867143000000013,0.022898,0.989222000000019,0.682765000000008,0.980757000000019,0.749907000000007,0.780652000000007,0,0.784662000000007,0.572413000000003,1.00020000000002,0.997041000000022,0.070331,0.957505000000018
172,1.16286011981451,0.109723,0.617187000000007,0.869280000000014,0.022614,0.990303000000019,0.688729000000012,0.980418000000018,0.753201000000009,0.781056000000008,0,0.788696000000009,0.573094000000002,1.00021500000002,0.996862000000021,0.07356,0.959789000000013
173,1.16422182901483,0.10626,0.619769000000004,0.868304000000011,0.0241400000000001,0.991237000000014,0.689164000000009,0.982547000000014,0.750309000000009,0.782003000000007,0,0.791515000000007,0.574175000000003,1.00017800000001,0.996812000000018,0.0733959999999999,0.958582000000012
174,1.16622429056075,0.102928,0.622579000000003,0.869023000000009,0.026099,0.991065000000014,0.693479000000009,0.985197000000013,0.752477000000008,0.787703000000008,0,0.793400000000006,0.574462000000003,1.00017800000001,0.997090000000016,0.074533,0.958487000000014
175,1.16773804968992,0.102911,0.622687000000003,0.869685000000008,0.02807,0.991591000000014,0.689501000000007,0.986128000000014,0.758123000000006,0.790295000000006,0,0.796378000000005,0.569719999999999,1.00019300000001,0.996843000000016,0.0749829999999999,0.961474000000008
176,1.16896767785625,0.104775,0.624876000000005,0.870916000000009,0.032012,0.990873000000016,0.68882400000001,0.986410000000016,0.762178000000008,0.788725000000007,0,0.791499000000007,0.572402000000003,1.00018500000002,0.997025000000019,0.077206,0.963161000000014
177,1.17042187364752,0.103907,0.625930000000002,0.868148000000013,0.031827,0.989525000000018,0.688945000000007,0.985759000000017,0.763746000000008,0.793451000000008,0,0.797348000000007,0.569319000000002,1.00016900000002,0.99668300000002,0.0753359999999999,0.964769000000018
178,1.17223719797357,0.0999079999999999,0.631616000000003,0.869206000000008,0.034552,0.988464000000014,0.694942000000005,0.987321000000014,0.770918000000005,0.801916000000005,0,0.799688000000003,0.569075,1.00015400000001,0.996934000000017,0.075522,0.967037000000015
179,1.17544092223565,0.0975889999999999,0.643519000000003,0.87026600000001,0.035122,0.987472000000013,0.705554000000008,0.988593000000012,0.765338000000007,0.803274000000008,0,0.804185000000007,0.565926000000003,1.00014800000001,0.996884000000015,0.076103,0.966885000000015
180,1.17667160888124,0.0968279999999999,0.647461000000005,0.87285600000001,0.033523,0.988948000000016,0.706336000000009,0.989336000000016,0.768351000000008,0.806977000000008,0,0.809543000000009,0.555230000000001,1.00014300000002,0.996713000000017,0.0800309999999999,0.966953000000013
181,1.17846956309963,0.097316,0.653890000000007,0.87559800000001,0.033915,0.990451000000017,0.71470200000001,0.990159000000016,0.769704000000008,0.810927000000008,0,0.808631000000008,0.550774999999994,1.00018900000002,0.996935000000018,0.0831349999999998,0.966546000000011
182,1.18084535773886,0.100655,0.655142000000004,0.880831000000011,0.033033,0.990462000000014,0.716183000000006,0.989827000000014,0.773088000000007,0.813460000000008,0,0.815118000000007,0.552273999999999,1.00014600000001,0.996763000000016,0.082767,0.966707000000017
183,1.18329088847475,0.101554,0.663133000000008,0.874958000000014,0.036213,0.99114300000002,0.723857000000013,0.99036200000002,0.77373600000001,0.817974000000012,0,0.814435000000012,0.553556,1.00016500000002,0.996844000000022,0.0844929999999999,0.967753000000013
184,1.18514273871524,0.101507,0.668330000000006,0.880556000000009,0.033001,0.992725000000013,0.728901000000008,0.990885000000012,0.782715000000006,0.826971000000007,0,0.820856000000006,0.554436999999998,1.00020000000001,0.997000000000014,0.0826689999999999,0.966453000000014
185,1.18752961619102,0.0972839999999999,0.669284000000005,0.885485000000008,0.031775,0.994106000000012,0.730868000000007,0.990600000000012,0.790152000000005,0.829851000000005,0,0.823551000000007,0.551232999999998,1.00017400000001,0.996809000000015,0.0867359999999999,0.968260000000015
186,1.18879314770266,0.097601,0.672537000000003,0.88877600000001,0.031872,0.994171000000016,0.736364000000009,0.990226000000016,0.787568000000007,0.831543000000006,0,0.825730000000007,0.552014,1.00017700000002,0.996801000000017,0.092749,0.969535000000014
187,1.19014242792533,0.0995159999999999,0.676758000000006,0.892953000000007,0.029411,0.995846000000011,0.739573000000007,0.99069100000001,0.794166000000005,0.837621000000007,0,0.830847000000004,0.544550999999995,1.00017200000001,0.997124000000012,0.0943209999999998,0.969781000000014
188,1.19231205757144,0.0997279999999999,0.679631000000008,0.892020000000011,0.029838,0.995824000000018,0.743716000000012,0.991224000000018,0.802805000000008,0.84092400000001,0,0.830455000000009,0.549654,1.00018000000002,0.996942000000019,0.0944289999999999,0.973232000000015
189,1.19439979598427,0.0983449999999999,0.681046000000007,0.890338000000013,0.031659,0.996501000000017,0.745765000000011,0.990855000000016,0.807612000000008,0.848719000000009,0,0.832164000000009,0.543237999999997,1.00013100000002,0.996744000000017,0.0976589999999999,0.975209000000012
190,1.19627858686337,0.0977799999999999,0.684246000000006,0.89382200000001,0.031384,0.996073000000016,0.749775000000011,0.992033000000016,0.810618000000008,0.853843000000009,0,0.838366000000008,0.542130999999999,1.00016600000002,0.996832000000018,0.0963509999999999,0.975210000000015
191,1.19761841888068,0.0974359999999999,0.687086000000005,0.899172000000009,0.03054,0.995850000000013,0.750183000000007,0.993098000000013,0.820704000000006,0.860052000000007,0,0.844003000000008,0.538420999999998,1.00015100000001,0.996780000000014,0.0977249999999999,0.977624000000013
192,1.19822680903749,0.0954509999999999,0.691656000000003,0.897491000000007,0.032122,0.996031000000011,0.752956000000005,0.992532000000011,0.822769000000004,0.860357000000004,0,0.843662000000005,0.543343000000003,1.00015500000001,0.996711000000013,0.0978969999999999,0.977770000000012
193,1.20003493329234,0.0970329999999999,0.693615000000003,0.898963000000006,0.034984,0.995919000000009,0.753175000000006,0.992788000000009,0.825672000000006,0.855233000000006,0,0.842451000000005,0.543029999999999,1.00013000000001,0.996731000000011,0.0970519999999999,0.978948000000011
194,1.20069615254059,0.0986109999999999,0.698648000000004,0.902258000000008,0.033946,0.995476000000011,0.756565000000007,0.994662000000011,0.830473000000006,0.865785000000005,0,0.847143000000006,0.548593999999997,1.00015500000001,0.996600000000013,0.0978959999999998,0.978970000000014
195,1.20344214464146,0.093847,0.703768000000004,0.901980000000007,0.035017,0.994544000000011,0.761547000000006,0.994886000000011,0.832252000000005,0.864627000000005,0,0.846199000000006,0.544365,1.00015400000001,0.996568000000013,0.0958559999999999,0.978843000000012
196,1.20497532993375,0.093408,0.703319000000005,0.90363800000001,0.035322,0.994755000000014,0.764390000000008,0.994956000000014,0.837830000000008,0.866582000000007,0,0.843814000000007,0.537387999999999,1.00013200000001,0.997051000000015,0.0915519999999999,0.981240000000009
197,1.20666109042034,0.0960459999999999,0.708108000000004,0.904782000000006,0.038016,0.99437700000001,0.768900000000005,0.99483600000001,0.839327000000004,0.865982000000004,0,0.845910000000005,0.541074000000001,1.00013300000001,0.997093000000011,0.0919949999999999,0.980962000000014
198,1.20893926655907,0.0930189999999999,0.708416000000007,0.908008000000007,0.039414,0.99490500000001,0.769772000000008,0.99559100000001,0.843554000000006,0.867718000000006,0,0.850476000000005,0.541310000000001,1.00012800000001,0.996829000000012,0.0890649999999999,0.982343000000007
199,1.21144781553719,0.091934,0.706141000000003,0.907008000000006,0.041812,0.994248000000009,0.770178000000006,0.996088000000009,0.845678000000006,0.867068000000004,0,0.850982000000005,0.537318999999999,1.00010700000001,0.996742000000011,0.0893289999999999,0.983010000000012
200,1.21238063035516,0.0893849999999999,0.713801000000006,0.912106000000008,0.03852,0.994150000000011,0.779077000000008,0.996379000000011,0.850623000000006,0.870224000000006,0,0.852822000000007,0.532185,1.00018100000001,0.997069000000012,0.0895659999999999,0.985186000000009
