"X","PopRatio","Diff_KC","Fibroblast","M1","M2","Neutrophil","Prol_KC","Th0","Th1","Th17","Th2","Th22","Treg","iDC","pDC","preDiff_KC","ILC3"
0,1,0.000353,0,0,0,0,0,0,0,0,0,0,0.168348,0,0,0,0
1,1.000001,0.001087,0,0,0,0,0,0,0,0,0,0,0.124101,6.7e-05,6.7e-05,0,0
2,1.000001,0.002433,0,4.6e-05,0,0,0,0,0,0,0,0,0.122361,0.001056,0.001061,0,0
3,0.999999999999001,0.004274,0,6.7e-05,0,0.000156,0,0,0,0,0,0,0.129387,0.003287,0.0033,0,0
4,0.999999999999001,0.00464,0,0.000532,0,0.000653,0,0,0,0,0,0,0.145195,0.009083,0.009005,0,0
5,1.000011999999,0.005168,0,0.000838,0,0.00193,0,0,0,0,0,0,0.158249,0.021125,0.021069,0,0
6,1.000024000143,0.007304,0,0.001586,0,0.00317,0,0,0,0,0,0,0.173388,0.039677,0.039687,0,0
7,1.00004800071901,0.008254,0,0.003249,0,0.004674,0,0,0,0,0,0,0.189927,0.0608049999999999,0.0608099999999999,0,0
8,1.00006300143902,0.011097,0,0.004411,0,0.00623,0,0,0,0,0,0,0.207861,0.091881,0.091931,0,0
9,1.00011100446309,0.011308,0,0.006672,0,0.00939899999999999,0,0,0,0,0,0,0.218013,0.125336,0.125225,0,0
10,1.00015300912528,0.011623,0,0.010174,0,0.012778,0,0,0,0,0,0,0.236766000000001,0.165875,0.165744,0,0
11,1.00019601570468,0.012573,0,0.016594,0,0.017321,0,0,0,0,0,0,0.251045,0.204553000000001,0.204656000000001,0,0
12,1.00030803765844,0.013216,0,0.023112,0,0.023461,0,6.9e-05,0,0,0,0,0.262804,0.248653000000001,0.248613000000001,0,0
13,1.00037305768089,0.015403,0,0.0331160000000001,0,0.032272,0,0.000197,0,0,0,0,0.270423,0.300943999999999,0.300763999999999,0,0
14,1.00048209834418,0.017213,0,0.041594,0,0.040969,0,0.000392,0,0,0,0,0.282304,0.345989999999999,0.345803999999998,0,0
15,1.00065518174721,0.017578,0,0.0539329999999998,0,0.05235,0,0.000534,0,0,0,0,0.291829999999998,0.398780999999996,0.398581999999996,0,0
16,1.00082229116257,0.019158,0,0.0661279999999998,0,0.0623149999999999,0,0.000392,0,0,0,0,0.302346999999998,0.450523999999993,0.449755999999993,0,0
17,1.00102045397623,0.019065,0,0.0784099999999997,0,0.0747229999999996,0,0.00065,0,0,0,0,0.307745999999997,0.49175399999999,0.49095999999999,0,0
18,1.00128872745791,0.019843,0,0.0897959999999996,0,0.0864289999999996,6.7e-05,0.001072,0,0,0,0,0.315708999999997,0.526881000000001,0.525591000000001,0,0
19,1.00162716304782,0.022879,0,0.108864999999999,0,0.0995979999999996,0,0.001564,0,0,0,0,0.330494999999998,0.561323000000002,0.559517000000001,0,0
20,1.00199876672533,0.02475,0,0.120142999999999,0,0.115489999999999,0,0.002251,0,0,0,0,0.339879999999997,0.600515000000008,0.597908000000008,0,0
21,1.00241660021109,0.0249890000000001,0,0.139367,0,0.134519,0,0.003672,0,0,0,0,0.354014999999993,0.631430000000011,0.62847300000001,0,0
22,1.00285565868203,0.0261270000000001,0,0.155940000000001,0,0.148433000000001,8.4e-05,0.00516300000000001,0,0,0,0,0.365993999999995,0.665174000000023,0.660765000000022,0,0
23,1.00341725785093,0.0255510000000001,0,0.176838000000002,0,0.165840000000001,6.7e-05,0.006414,0,0,0,0,0.373775999999992,0.697570000000021,0.692314000000021,0,0
24,1.00401128086762,0.02512,0,0.201578000000004,0,0.181393000000002,7.9e-05,0.009494,0,0,0,0,0.382387999999992,0.722314000000022,0.71627400000002,0,0
25,1.00465585610997,0.0274020000000001,0,0.216155000000004,0,0.199074000000004,0.000134,0.013721,0,0,0,0,0.391825999999993,0.746264000000024,0.740017000000025,0,2.7e-05
26,1.00536614780028,0.0290710000000001,0,0.228384000000005,0,0.213979000000005,0.000135,0.01693,0,0,0,0,0.399188999999992,0.767812000000035,0.760628000000035,0,0
27,1.00619959633685,0.0298580000000001,0,0.240904000000007,0,0.231211000000007,0.000305,0.021288,0,0,0,0,0.40907499999999,0.788198000000039,0.780771000000038,0,0.000134
28,1.0071061821732,0.029662,0,0.256610000000006,0,0.253505000000007,0.00053,0.0258300000000001,0,0,0,0,0.416009999999991,0.811417000000038,0.803719000000037,0,0.000267
29,1.0079843787641,0.030231,0,0.276542000000002,0,0.274848000000003,0.00096,0.0321540000000001,0,0,0,0,0.418583999999985,0.833254000000046,0.824440000000048,0,0.000334
30,1.00898933918979,0.0300420000000001,0,0.290100000000002,0,0.293330000000001,0.001202,0.039507,0,0,0,0,0.42029099999999,0.84637500000005,0.83616500000005,0,0.000573
31,1.01001245437978,0.0299690000000001,0,0.310232999999997,0,0.306524,0.001276,0.045361,0,0,0,0,0.431256999999989,0.860156000000032,0.849605000000032,0,0.000969
32,1.01109316770601,0.0298760000000001,0,0.324705999999995,0,0.321883999999995,0.001543,0.0528619999999999,0,0,0,0,0.438269999999982,0.869359000000056,0.857642000000054,0,0.0018
33,1.01218211504771,0.0322810000000001,0,0.346469999999995,0,0.339337999999995,0.002276,0.0613229999999998,0,0,0,0,0.447551999999987,0.884682000000054,0.872202000000054,0,0.002165
34,1.01330664937759,0.033624,0,0.363627999999993,0,0.360619999999992,0.002325,0.0688559999999998,0,0,0,0,0.453569999999985,0.898159000000051,0.886439000000051,0,0.002833
35,1.0144304064518,0.0345230000000001,0,0.388694999999991,0,0.37282399999999,0.002966,0.0807029999999995,0,0,0,0,0.463505999999985,0.912429000000056,0.900098000000055,6.6e-05,0.003863
36,1.015551352051,0.034199,0,0.403950999999989,0,0.39476999999999,0.003508,0.0887829999999995,0,0,0,0,0.476284999999986,0.918102000000055,0.906239000000055,6.7e-05,0.005607
37,1.01669790952752,0.0328620000000001,0,0.417815999999986,0,0.412919999999987,0.005756,0.100848999999999,6.7e-05,0,0,0,0.476778999999983,0.924009000000058,0.910442000000057,0.000134,0.00868800000000001
38,1.01789252957128,0.0346820000000001,0,0.433140999999986,0,0.432479999999983,0.00777800000000001,0.110511999999999,6.7e-05,2.8e-05,0,6.6e-05,0.482573999999982,0.934837000000055,0.920114000000054,6.7e-05,0.010475
39,1.01905903441023,0.038484,0,0.446001999999982,0,0.449720999999979,0.009857,0.123476999999999,0.000267,0.000266,0,2.3e-05,0.492030999999981,0.942613000000057,0.927512000000055,6.7e-05,0.014033
40,1.02031757231779,0.039256,0,0.458646999999981,0,0.46627699999998,0.010942,0.132609,0.000267,0.000328,0,6.6e-05,0.49613499999998,0.946440000000064,0.931263000000065,6.7e-05,0.021937
41,1.02142461688382,0.036815,0,0.46818999999998,1.4e-05,0.478542999999977,0.012579,0.146567,0.000392,0.000665,0,0.000213,0.501032999999977,0.951953000000061,0.937126000000059,0.000134,0.029102
42,1.02267279776572,0.0343130000000001,0,0.481211999999979,0,0.494984999999976,0.013188,0.159409000000001,0.000416,0.000741,0,0.000671,0.500089999999977,0.958380000000066,0.943542000000063,0.000314,0.034571
43,1.02387239295757,0.036072,0,0.493927999999978,0,0.514644999999979,0.014631,0.170395000000002,0.000635,0.001041,0,0.000798,0.50509299999998,0.965418000000058,0.950867000000057,0.000199,0.042404
44,1.02507134752979,0.036088,0,0.512293999999981,0,0.527496999999984,0.015797,0.180994000000002,0.000664,0.001658,0,0.000961,0.510806999999984,0.972504000000062,0.960287000000063,0.000267,0.0509449999999998
45,1.02609129352064,0.037472,0,0.536412999999988,0,0.544699999999989,0.019059,0.201427000000004,0.000955,0.002044,0,0.001257,0.518675999999985,0.978425000000063,0.965920000000061,0.000266,0.0622439999999998
46,1.027200498209,0.0344040000000001,6.8e-05,0.550041999999987,0,0.561016999999992,0.023092,0.216334000000004,0.001472,0.003413,0,0.001564,0.526449999999985,0.98094100000006,0.967689000000059,0.000407,0.0755369999999995
47,1.02837664277952,0.0329310000000001,0,0.56406699999999,6.7e-05,0.572856999999993,0.024368,0.232034000000005,0.002053,0.005114,0,0.002073,0.526352999999984,0.983269000000061,0.971239000000063,0.000335,0.0878069999999995
48,1.0296559433232,0.0320410000000001,6.7e-05,0.572087999999991,2.7e-05,0.584008999999993,0.0268810000000001,0.251457000000006,0.00233,0.006067,0,0.0026,0.524388999999987,0.98626300000005,0.972978000000052,0.000466,0.101672999999999
49,1.03067530270714,0.0308190000000001,0.000134,0.589742999999995,0.000129,0.594462999999994,0.0293380000000001,0.263172000000004,0.002404,0.007381,0,0.003225,0.526481999999987,0.987266000000054,0.974173000000055,0.000667,0.118499999999999
50,1.03196880021209,0.030351,0.000134,0.598632,0.000335,0.607359000000001,0.034284,0.282209000000001,0.003188,0.00798800000000001,0,0.004329,0.528725999999987,0.989070000000052,0.977028000000055,0.000511,0.13697
51,1.03312460526839,0.0327360000000001,6.7e-05,0.611353000000003,0.000403,0.624199000000003,0.0348040000000001,0.295759999999999,0.004082,0.008571,0,0.00608300000000001,0.53484299999999,0.990657000000056,0.979956000000058,0.000465,0.156750000000001
52,1.03424967796358,0.0350810000000001,6.7e-05,0.614948000000006,4e-04,0.639564000000008,0.038673,0.310696999999996,0.005465,0.01,0,0.00712500000000001,0.53662399999999,0.992410000000065,0.983014000000067,0.000268,0.173239000000002
53,1.03525496865063,0.0353680000000001,0.000105,0.627793000000009,0.000467,0.651261000000009,0.04353,0.331212999999995,0.00708,0.010654,0,0.010103,0.546362999999991,0.99229400000006,0.983988000000063,0.000602,0.190189000000003
54,1.03664221030868,0.0396379999999999,1e-04,0.640131000000004,0.000552,0.657913000000009,0.0480559999999999,0.344782999999994,0.007999,0.011635,0,0.013786,0.553048999999988,0.993032000000052,0.985145000000056,0.000619,0.209257000000004
55,1.03756896844476,0.0431859999999999,0.000225,0.641979000000005,0.000592,0.664126000000011,0.0523289999999999,0.353953999999993,0.008625,0.013676,0,0.014299,0.554399999999992,0.993906000000063,0.987239000000065,0.000734,0.223141000000005
56,1.03873519596535,0.0450449999999999,0.000428,0.658099000000009,0.000801,0.674557000000011,0.0565019999999999,0.374108999999991,0.010167,0.017522,0,0.019989,0.561050999999994,0.99492000000006,0.987847000000063,4e-04,0.246219000000006
57,1.0397957446005,0.0440799999999999,0.000335,0.66337000000001,0.000686,0.679669000000014,0.0611789999999999,0.390734999999989,0.012161,0.019701,0,0.021249,0.560604999999994,0.996065000000063,0.988073000000066,0.000535,0.263643000000004
58,1.04117035457493,0.0432830000000001,2e-04,0.676398000000014,0.000733,0.682133000000016,0.0638089999999999,0.405133999999987,0.013785,0.0252870000000001,0,0.02444,0.565798999999995,0.996713000000066,0.989942000000068,0.000627,0.281542000000002
59,1.04217508396716,0.0473349999999999,0.000462,0.688504000000019,0.000527,0.684894000000017,0.0666449999999998,0.417316999999987,0.015137,0.0274990000000001,0,0.02481,0.566118999999994,0.997389000000068,0.99079300000007,0.000786,0.294910999999999
60,1.04314013809498,0.0499389999999998,0.000335,0.694774000000016,0.000625,0.693137000000017,0.0697119999999998,0.431047999999987,0.017682,0.0307460000000001,0,0.0264430000000001,0.574721999999993,0.996670000000054,0.990800000000057,0.000667,0.309390999999998
61,1.04405810141656,0.0524949999999999,0.00077,0.712583000000019,0.000813,0.699424000000015,0.0760639999999999,0.445249999999985,0.018503,0.033478,0,0.0285770000000001,0.581100999999999,0.997431000000053,0.991410000000056,0.000601,0.323978999999996
62,1.04525145982654,0.055306,0.001239,0.719395000000016,0.001362,0.710849000000016,0.0836379999999995,0.455663999999982,0.021926,0.0371720000000001,0,0.0334410000000001,0.579910999999995,0.998541000000055,0.993467000000058,0.000401,0.341644999999994
63,1.04615455708788,0.0563469999999999,0.001854,0.722019000000021,0.001183,0.719330000000019,0.0927089999999996,0.472162999999983,0.023508,0.040778,0,0.037083,0.580331999999996,0.999440000000052,0.994188000000055,0.000553,0.360894999999992
64,1.0471525885354,0.0558689999999999,0.002453,0.727679000000023,0.001005,0.728539000000021,0.0979569999999996,0.487823999999981,0.0259720000000001,0.043728,0,0.04263,0.578885999999999,0.999949000000055,0.995186000000059,0.000557,0.37986099999999
65,1.04813691196868,0.056627,0.003199,0.733375000000017,0.001306,0.734193000000022,0.102718999999999,0.505792999999982,0.029245,0.0486279999999999,0,0.048928,0.583289999999997,1.00018900000005,0.995845000000051,0.000736,0.395326999999989
66,1.04912216066598,0.0594479999999999,0.003969,0.740735000000019,0.001593,0.739579000000023,0.110868999999999,0.509853999999981,0.0313640000000001,0.0535149999999999,0,0.0535669999999999,0.580364999999997,1.00009700000006,0.995708000000061,0.001002,0.407463999999987
67,1.05012197408515,0.0605529999999999,0.004077,0.743167000000024,0.00214,0.747680000000025,0.120156999999999,0.526664999999981,0.036066,0.054962,0,0.0572899999999999,0.584089999999997,1.00007000000005,0.995302000000057,0.001399,0.424451999999988
68,1.05120359971852,0.0663259999999999,0.004785,0.743112000000021,0.002404,0.750890000000023,0.124207999999999,0.542610999999992,0.0409760000000001,0.060428,0,0.062752,0.586822000000002,1.00044900000005,0.995403000000054,0.001189,0.437639999999984
69,1.05225795692909,0.0686709999999999,0.00579700000000001,0.747193000000025,0.002625,0.76011200000003,0.132815,0.554796999999991,0.0456039999999999,0.0625489999999999,0,0.0693189999999998,0.587281999999999,1.00060800000006,0.99635600000006,0.001002,0.457282999999982
70,1.05331863294973,0.0734069999999997,0.00747200000000001,0.750950000000022,0.002289,0.767930000000024,0.142302,0.572075999999992,0.0523349999999999,0.0686389999999998,0,0.0757379999999996,0.588906000000001,1.00063000000006,0.996294000000058,0.001115,0.469363999999981
71,1.05446991021561,0.0744129999999998,0.008962,0.759255000000019,0.002499,0.777262000000026,0.149647000000001,0.579859999999998,0.0557449999999999,0.0737769999999997,0,0.0801369999999997,0.587388999999998,1.00070000000005,0.996359000000054,0.001199,0.482875999999981
72,1.05545900299144,0.0747299999999998,0.010986,0.75516900000002,0.00281,0.784312000000025,0.152606000000001,0.600854000000003,0.0595859999999999,0.0779339999999997,0,0.0899449999999996,0.590204000000001,1.00078400000004,0.996898000000046,0.001574,0.508023999999982
73,1.05611233211434,0.0722209999999998,0.012067,0.753291000000022,0.004176,0.789688000000024,0.158959000000002,0.611277000000004,0.0645599999999998,0.0877439999999996,0,0.0981329999999994,0.593260000000001,1.00072300000005,0.99657400000005,0.001906,0.527789999999985
74,1.05689913580182,0.0745969999999998,0.011908,0.761733000000022,0.00477,0.800075000000031,0.159293000000001,0.625333000000005,0.0713109999999997,0.0925129999999995,0,0.10281,0.603319000000003,1.00073400000005,0.997206000000054,0.001787,0.54264999999999
75,1.05793489695495,0.0727279999999997,0.011644,0.76569000000002,0.005526,0.805813000000022,0.165394000000001,0.632178000000003,0.0767279999999996,0.0979739999999995,0,0.111924999999999,0.598151999999999,1.00080500000004,0.997103000000046,0.002232,0.554032999999992
76,1.05857388963276,0.0721599999999997,0.012388,0.765262000000029,0.00505200000000001,0.810337000000036,0.169955000000002,0.644969000000009,0.0842019999999996,0.107969999999999,0,0.120056999999999,0.607879000000005,1.00073300000006,0.996829000000064,0.00314,0.568252999999997
77,1.05956153907185,0.0731539999999999,0.012964,0.771960000000028,0.00542,0.814523000000035,0.173554000000002,0.656338000000015,0.0874679999999997,0.113584999999999,0,0.128429999999999,0.606134000000003,1.00074400000005,0.996683000000056,0.002937,0.585334999999999
78,1.0602989939031,0.0738349999999997,0.015492,0.775056000000027,0.005344,0.821856000000032,0.179959000000003,0.665416000000013,0.0882229999999996,0.122190999999999,0,0.135495,0.603821000000003,1.00074000000005,0.99676900000005,0.00341,0.600706000000004
79,1.0609871279502,0.0778299999999998,0.017084,0.779570000000028,0.006247,0.822016000000033,0.185945000000002,0.677822000000016,0.0949349999999994,0.131517,0,0.144230000000001,0.600066000000004,1.00074200000005,0.997100000000049,0.003997,0.607141000000004
80,1.06219771426324,0.0750649999999998,0.017451,0.772973000000021,0.005975,0.827581000000032,0.188210000000002,0.685767000000011,0.100774,0.141658,0,0.152697000000001,0.593423,1.00067800000004,0.997073000000047,0.003794,0.616053000000005
81,1.06319299352155,0.0737439999999998,0.019823,0.775346000000022,0.006473,0.825755000000028,0.191460000000002,0.689626000000014,0.103899,0.146583,0,0.157523000000001,0.596810000000003,1.00065800000004,0.997255000000047,0.003764,0.627842000000009
82,1.06408926521513,0.0764189999999998,0.020678,0.776374000000022,0.00692500000000001,0.830521000000024,0.196526000000003,0.701212000000013,0.111972999999999,0.155602000000001,0,0.162033000000001,0.604952,1.00067800000004,0.997271000000042,0.003887,0.64150000000001
83,1.06517357217643,0.0764059999999997,0.022,0.777148000000021,0.00770300000000001,0.835548000000032,0.200179000000003,0.708491000000016,0.119013,0.162207000000002,0,0.169965000000002,0.607942000000004,1.00069500000005,0.997330000000052,0.004282,0.651444000000009
84,1.06579563354263,0.0796409999999997,0.024141,0.784846000000019,0.00898600000000001,0.839630000000021,0.206651000000004,0.716444000000016,0.128372,0.171281000000002,0,0.177268000000002,0.607558999999999,1.00064700000004,0.99721100000004,0.003567,0.665796000000011
85,1.06625925464326,0.0811009999999998,0.0261870000000001,0.784339000000025,0.010181,0.844511000000032,0.213493000000004,0.729338000000019,0.138714,0.180909000000002,0,0.188759000000003,0.599749000000001,1.00059800000004,0.997312000000045,0.003683,0.675755000000018
86,1.06654927716057,0.0823559999999998,0.029798,0.783101000000028,0.00972399999999999,0.847614000000032,0.225468000000004,0.734563000000023,0.139955,0.187970000000003,0,0.198691000000003,0.594678000000002,1.00057500000004,0.997405000000043,0.003623,0.687010000000014
87,1.06759022925512,0.0850419999999996,0.036415,0.784414000000025,0.010095,0.85274600000003,0.237322000000004,0.747003000000021,0.145954000000001,0.194944000000003,0,0.215005000000003,0.588792999999998,1.00063100000004,0.997085000000048,0.003877,0.698709000000016
88,1.06803754956123,0.0866479999999996,0.0379520000000001,0.781771000000026,0.010179,0.861852000000035,0.242388000000005,0.755885000000027,0.153861000000001,0.205293000000004,0,0.219487000000004,0.591382999999999,1.00063700000005,0.997383000000049,0.004363,0.707025000000021
89,1.06854807150997,0.0893339999999998,0.040015,0.784350000000026,0.010227,0.864444000000035,0.247263000000004,0.766383000000025,0.163061000000001,0.213008000000003,0,0.227490000000004,0.584142,1.00067600000004,0.997432000000048,0.005491,0.716046000000022
90,1.06916889793956,0.0860519999999997,0.043828,0.780182000000028,0.011716,0.866340000000037,0.253034000000004,0.775947000000024,0.172344000000002,0.225800000000004,0,0.243359000000004,0.577753999999998,1.00064100000005,0.99740100000005,0.00635000000000001,0.723570000000021
91,1.06990983198588,0.0906069999999996,0.0465669999999999,0.781134000000023,0.012684,0.870282000000026,0.252629000000004,0.779344000000021,0.182109000000002,0.232241000000004,0,0.253381000000004,0.569045999999996,1.00059500000004,0.997241000000045,0.007098,0.730518000000022
92,1.07086312164622,0.0928329999999998,0.04499,0.773327000000024,0.015541,0.874909000000035,0.252537000000005,0.787815000000028,0.190570000000003,0.240921000000005,0,0.256053000000005,0.568932999999994,1.00065900000004,0.997321000000049,0.007881,0.739598000000017
93,1.07177656788904,0.0882829999999996,0.049655,0.775562000000023,0.01637,0.881657000000032,0.262516000000003,0.792885000000023,0.195708000000003,0.242762000000004,0,0.260181000000003,0.572586999999996,1.00060400000004,0.997620000000047,0.008619,0.743842000000018
94,1.07247536621135,0.0866399999999997,0.0536799999999999,0.78130600000003,0.015119,0.879529000000036,0.279592,0.797866000000028,0.196184000000003,0.255898000000003,0,0.269687000000001,0.567999999999999,1.00058100000005,0.997126000000048,0.009219,0.748151000000021
95,1.07325720075336,0.0888159999999998,0.059883,0.787865000000019,0.01323,0.886116000000027,0.287082999999999,0.805670000000021,0.211689000000003,0.268390000000001,0,0.282327999999998,0.560837999999995,1.00054000000004,0.997057000000044,0.008801,0.753443000000029
96,1.07423064503449,0.0910489999999996,0.0629669999999999,0.791184000000028,0.012621,0.890154000000038,0.297087999999998,0.816309000000031,0.218189000000003,0.277211999999999,0,0.288677999999997,0.563607999999999,1.00057100000005,0.997332000000052,0.009217,0.765380000000026
97,1.07521141761345,0.0889629999999996,0.0677219999999999,0.794050000000029,0.013702,0.896369000000038,0.308268999999997,0.823354000000034,0.229447000000004,0.287017999999999,0,0.298104999999998,0.562958999999998,1.00053600000004,0.997285000000048,0.010452,0.771574000000025
98,1.07627910255119,0.0911179999999997,0.0705239999999998,0.793399000000028,0.015158,0.899160000000038,0.310816999999997,0.830502000000032,0.231610000000004,0.303078999999997,0,0.303863999999997,0.562070999999995,1.00058300000004,0.997293000000045,0.011145,0.774694000000028
99,1.07663104581777,0.0914229999999997,0.0760919999999997,0.790654000000022,0.01642,0.903883000000033,0.317131999999996,0.83888000000003,0.243922000000004,0.310562999999996,0,0.316274999999996,0.562573999999997,1.00060700000004,0.997091000000046,0.012407,0.772647000000025
100,1.07737715113256,0.0955849999999995,0.0793369999999997,0.789649000000033,0.017154,0.904135000000039,0.324527999999995,0.840257000000038,0.248798000000004,0.322688999999995,0,0.326184999999995,0.557565999999999,1.00058200000005,0.99728400000005,0.012209,0.778035000000018
101,1.07833709417427,0.0964109999999996,0.0882619999999998,0.792245000000027,0.016194,0.905241000000036,0.336189999999993,0.840411000000034,0.261595000000002,0.327804999999995,0,0.334908999999994,0.562312999999997,1.00057600000005,0.997467000000049,0.013915,0.788220000000026
102,1.07930759755908,0.0946029999999996,0.0942299999999996,0.793000000000024,0.017031,0.912263000000033,0.341110999999994,0.845619000000028,0.268315000000002,0.336575999999996,0,0.337746999999994,0.559356999999997,1.00059200000004,0.997381000000044,0.015243,0.791046000000026
103,1.08045706015052,0.0985039999999995,0.0997629999999996,0.794449000000023,0.016802,0.913132000000029,0.345917999999991,0.850352000000027,0.276736999999999,0.348253999999992,0,0.347368999999993,0.558140999999998,1.00052200000004,0.997178000000043,0.016491,0.797516000000031
104,1.08090977165877,0.10164,0.105941,0.794396000000028,0.01576,0.917223000000035,0.347252999999991,0.85299800000003,0.283134999999999,0.361614999999992,0,0.351824999999993,0.559496999999998,1.00052600000004,0.997206000000045,0.018125,0.803510000000023
105,1.08205013146791,0.102868,0.114539999999999,0.797201000000022,0.017397,0.918682000000031,0.354620999999993,0.856797000000029,0.291352999999999,0.364218999999993,0,0.361722999999992,0.560389999999992,1.00060900000004,0.997354000000046,0.019639,0.811121000000024
106,1.08337456082887,0.108330999999999,0.117613999999999,0.79408000000002,0.017585,0.921999000000033,0.357633999999991,0.861810000000028,0.294647999999997,0.371489999999992,0,0.367405999999991,0.557661999999996,1.00053000000004,0.997326000000045,0.021565,0.818635000000024
107,1.08436259842839,0.107594999999999,0.125443999999999,0.798613000000026,0.017209,0.926818000000034,0.36793399999999,0.861919000000031,0.299873999999996,0.379152999999991,0,0.37443399999999,0.558739999999999,1.00051400000004,0.997252000000042,0.021258,0.825303000000026
108,1.08515201440009,0.108935,0.131714,0.800679000000023,0.016787,0.929386000000032,0.36850599999999,0.86446200000003,0.306211999999996,0.38094899999999,0,0.380266999999991,0.567933999999999,1.00054300000004,0.997065000000041,0.023618,0.826653000000027
109,1.08594091991459,0.10838,0.139441000000001,0.804091000000026,0.017736,0.931410000000032,0.376251999999989,0.869157000000031,0.312686999999994,0.388047999999988,0,0.390692999999988,0.568455999999999,1.00050400000004,0.997202000000041,0.022991,0.831227000000027
110,1.08726685377785,0.105591,0.153701000000001,0.808983000000023,0.016428,0.929789000000032,0.394161999999989,0.869805000000032,0.317806999999995,0.394469999999991,0,0.393919999999991,0.565128999999998,1.00050500000004,0.997277000000044,0.023956,0.834066000000022
111,1.0880594713143,0.10656,0.160829000000002,0.815037000000023,0.016233,0.929898000000031,0.398466999999986,0.869792000000031,0.322528999999994,0.40699199999999,0,0.39781799999999,0.564216999999999,1.00049100000004,0.997323000000041,0.02515,0.837757000000026
112,1.08871665923501,0.104516,0.168943000000002,0.81373700000002,0.015499,0.929669000000028,0.404816999999986,0.873323000000026,0.328583999999995,0.41710099999999,0,0.40339999999999,0.567360999999999,1.00047700000003,0.997133000000039,0.02455,0.842557000000031
113,1.08919569456512,0.10621,0.178835000000002,0.813018000000021,0.016004,0.931866000000028,0.40574599999999,0.877474000000026,0.339402999999993,0.42646099999999,0,0.414848999999991,0.572336,1.00047300000003,0.997222000000036,0.0233600000000001,0.840362000000029
114,1.08997338029107,0.106303,0.187170000000002,0.811741000000025,0.01498,0.93591100000003,0.414374999999988,0.882086000000032,0.351630999999992,0.427434999999989,0,0.426561999999988,0.561402999999997,1.00047000000004,0.99714800000004,0.022029,0.839503000000031
115,1.09039628996266,0.103797,0.198362000000002,0.815739000000023,0.013541,0.93928300000003,0.425170999999987,0.88386000000003,0.360239999999993,0.439812999999988,0,0.435247999999989,0.564473999999993,1.00050000000004,0.997357000000042,0.021357,0.844449000000025
116,1.09187704812447,0.102613,0.211485000000002,0.816192000000021,0.01374,0.94069000000003,0.432061999999988,0.889244000000028,0.372173999999993,0.447436999999988,0,0.441578999999989,0.561488999999997,1.00052500000004,0.997259000000041,0.018152,0.848821000000021
117,1.09274290662368,0.101689,0.225372000000003,0.821088000000023,0.01456,0.941400000000035,0.438230999999986,0.895535000000035,0.383759999999991,0.458281999999987,0,0.452115999999988,0.558622999999995,1.00050600000004,0.997111000000043,0.01831,0.854485000000026
118,1.09430989995182,0.103554,0.235672000000003,0.824843000000027,0.016501,0.944138000000037,0.446143999999988,0.894702000000036,0.383267999999992,0.464361999999988,0,0.450038999999989,0.560271999999999,1.00042700000004,0.997162000000043,0.020097,0.859126000000033
119,1.09542828466961,0.109038,0.244000000000003,0.823535000000023,0.016297,0.945924000000028,0.454114999999988,0.89883300000003,0.390675999999992,0.46960999999999,0,0.45186999999999,0.561869999999998,1.00045600000003,0.997270000000036,0.019235,0.862104000000022
120,1.09665406892019,0.108437,0.249034000000003,0.822804000000023,0.016873,0.946636000000027,0.458368999999987,0.90294700000003,0.39953799999999,0.480787999999987,0,0.459606999999987,0.55182499999999,1.00044700000003,0.997221000000033,0.018071,0.863923000000027
121,1.09775730291356,0.10688,0.267852,0.827104000000016,0.017739,0.950109000000025,0.474628999999989,0.905183000000024,0.409494999999993,0.48131299999999,0,0.46236899999999,0.549081999999994,1.00045300000003,0.997070000000034,0.018951,0.86897700000002
122,1.09883530058505,0.107624,0.277185999999999,0.824225000000014,0.018481,0.951879000000026,0.479806999999988,0.904412000000022,0.417302999999993,0.487403999999988,0,0.46405299999999,0.541894999999995,1.00043000000003,0.997069000000033,0.020623,0.876918000000021
123,1.09977150826118,0.106331,0.284549999999999,0.823365000000025,0.019096,0.957134000000031,0.481788999999988,0.909902000000029,0.430619999999991,0.503763999999991,0,0.47850799999999,0.539776999999996,1.00045600000003,0.997119000000036,0.020124,0.88299100000002
124,1.10130129042921,0.0982979999999997,0.302333999999998,0.825939000000024,0.018547,0.959717000000029,0.495182999999988,0.918124000000031,0.446873999999991,0.51777399999999,0,0.492892999999991,0.538856999999994,1.00042800000003,0.997293000000035,0.020328,0.887694000000025
125,1.1020545805119,0.0971459999999998,0.312060999999998,0.824296000000024,0.017435,0.963776000000031,0.503491999999987,0.919381000000029,0.45793799999999,0.525741999999992,0,0.50510099999999,0.543265999999996,1.00044900000003,0.997073000000036,0.020212,0.891648000000024
126,1.10316655358367,0.0961749999999998,0.316585999999995,0.82518700000002,0.016389,0.96702000000003,0.504423999999989,0.92154400000003,0.463026999999991,0.534153999999995,0,0.511706999999992,0.539550999999994,1.00039800000003,0.996937000000035,0.019202,0.892303000000021
127,1.10391339734048,0.0964139999999998,0.326124999999996,0.827355000000018,0.016138,0.966364000000024,0.512860999999989,0.922716000000025,0.46956499999999,0.541265999999996,0,0.521341999999992,0.539193999999994,1.00040700000003,0.99713400000003,0.018364,0.898096000000024
128,1.10509237684887,0.10187,0.336060999999995,0.82782300000002,0.01507,0.967154000000024,0.517812999999992,0.924081000000024,0.477120999999991,0.547177999999997,0,0.535019999999996,0.537032999999992,1.00043100000003,0.99679600000003,0.019815,0.903931000000034
129,1.10625161875221,0.0992879999999999,0.347754999999996,0.836886000000025,0.014198,0.967107000000034,0.524892999999995,0.926170000000035,0.484790999999988,0.558633999999999,0,0.546432999999999,0.533453999999994,1.00041300000004,0.99723600000004,0.019613,0.905528000000023
130,1.10658128173464,0.0979529999999999,0.355902999999994,0.835864000000012,0.015516,0.965949000000016,0.528123999999995,0.929848000000016,0.48874899999999,0.564095999999999,0,0.549719999999997,0.53139599999999,1.00041300000002,0.997275000000022,0.020596,0.909244000000025
131,1.1077055683169,0.0992709999999998,0.369807999999994,0.836600000000018,0.014866,0.966294000000028,0.534712999999996,0.931980000000026,0.50435699999999,0.575362000000003,0,0.564202000000002,0.52157599999999,1.00036600000003,0.997028000000032,0.020923,0.917165000000026
132,1.10878115042377,0.103268,0.374750999999995,0.841093000000019,0.014262,0.964145000000029,0.532397999999996,0.937816000000027,0.51553999999999,0.582405999999999,0,0.570902,0.510681999999988,1.00035400000003,0.997119000000032,0.021942,0.921617000000026
133,1.1104720416782,0.103804,0.381828999999994,0.841619000000022,0.015522,0.96502200000003,0.537837999999993,0.939539000000029,0.524819999999993,0.589549000000001,0,0.585652000000001,0.51205099999999,1.00034800000003,0.997087000000036,0.023555,0.920554000000022
134,1.11138929158466,0.100505,0.389845999999994,0.843670000000018,0.018302,0.966826000000027,0.547074999999996,0.940806000000027,0.530330999999992,0.594613000000001,0,0.586823999999999,0.515122999999988,1.00038300000003,0.997015000000031,0.0254330000000001,0.923457000000028
135,1.11291300630345,0.100425,0.386373999999995,0.841152000000018,0.021472,0.963329000000025,0.545875999999997,0.946219000000025,0.547405,0.603358000000004,0,0.597144000000003,0.520400999999992,1.00042700000003,0.996936000000031,0.025018,0.926961000000017
136,1.1148750719336,0.103616,0.396190999999994,0.846264000000016,0.021521,0.962466000000023,0.552995999999996,0.947992000000024,0.551707999999997,0.605204000000003,0,0.604886000000001,0.521634999999992,1.00039000000003,0.997057000000029,0.026088,0.931281000000021
137,1.11544700284553,0.105579,0.397961999999994,0.843782000000017,0.022639,0.964968000000022,0.557502,0.949624000000021,0.556536999999996,0.611176000000002,0,0.611098000000002,0.52329399999999,1.00037300000003,0.99722000000003,0.024516,0.932353000000026
138,1.11634493768284,0.103013,0.404985999999994,0.846187000000019,0.022418,0.964164000000027,0.561912,0.952857000000027,0.562266999999999,0.620054000000005,0,0.615260000000005,0.51497699999999,1.00038400000003,0.99715300000003,0.025186,0.936227000000028
139,1.11813555496292,0.1055,0.415440999999995,0.843926000000016,0.024237,0.965673000000025,0.567278000000001,0.953936000000026,0.567659000000001,0.625533000000005,0,0.621702000000002,0.513800999999991,1.00039200000003,0.99729600000003,0.025622,0.938870000000024
140,1.11920784696016,0.110078,0.422549999999994,0.844072000000017,0.0249400000000001,0.964895000000025,0.573495000000005,0.951432000000024,0.570991,0.625221000000005,0,0.622469000000007,0.519893999999991,1.00037200000003,0.997062000000031,0.027089,0.940948000000021
141,1.12037518074457,0.109743,0.426901999999995,0.846883000000019,0.023341,0.964667000000025,0.575608000000005,0.951007000000027,0.578730000000003,0.630894000000007,0,0.631769000000006,0.515876999999992,1.00033300000003,0.997200000000031,0.028419,0.941515000000024
142,1.12231455018247,0.108364,0.431211999999993,0.844632000000018,0.0264700000000001,0.963434000000025,0.57198,0.948093000000026,0.580125000000002,0.634129000000007,0,0.628478000000009,0.514630999999989,1.00034200000003,0.997130000000031,0.031516,0.944586000000026
143,1.12351654906574,0.107881,0.433120999999993,0.847230000000015,0.025881,0.964500000000021,0.574741000000003,0.950684000000023,0.593703000000004,0.641477000000007,0,0.637334000000004,0.51646099999999,1.00035400000002,0.997100000000025,0.032603,0.944129000000025
144,1.12489959793767,0.105997,0.439495999999995,0.848849000000015,0.02676,0.966338000000018,0.575192000000003,0.94991700000002,0.601987000000006,0.649617000000007,0,0.638948000000006,0.511201999999993,1.00032000000002,0.996986000000024,0.03313,0.947328000000027
145,1.12578489392127,0.10841,0.450572999999993,0.851272000000013,0.025768,0.968024000000018,0.583929,0.95025400000002,0.603243000000001,0.652717000000006,0,0.639891000000005,0.510186999999989,1.00032300000002,0.997146000000022,0.035098,0.949658000000023
146,1.12745443291897,0.107241,0.454791999999992,0.851583000000013,0.025859,0.969454000000019,0.58728,0.950105000000018,0.609206000000003,0.656674000000005,0,0.647528000000005,0.509897999999989,1.00031100000002,0.996983000000024,0.036984,0.950590000000023
147,1.12942071345001,0.103262,0.460565999999992,0.852989000000017,0.027528,0.970489000000022,0.590279000000004,0.952376000000021,0.609056000000005,0.661755000000007,0,0.652109000000007,0.505650999999989,1.00025600000002,0.997097000000025,0.038154,0.950649000000022
148,1.13177668505829,0.102578,0.470416999999994,0.855552000000014,0.028003,0.972644000000018,0.598608000000004,0.955070000000019,0.618663000000006,0.670064000000007,0,0.663333000000006,0.50180199999999,1.00029200000002,0.997004000000022,0.040072,0.956352000000025
149,1.13254855675752,0.100065,0.474817999999992,0.855905000000017,0.028556,0.973747000000023,0.607061000000006,0.955349000000024,0.622931000000006,0.67118100000001,0,0.66623100000001,0.498157999999987,1.00028500000003,0.996920000000028,0.039098,0.95764700000002
150,1.1338226738839,0.106274,0.490140999999992,0.864229000000015,0.027646,0.975097000000021,0.615091000000004,0.959009000000021,0.634579000000004,0.685019000000006,0,0.677230000000005,0.486628999999986,1.00030400000002,0.996919000000028,0.042716,0.958421000000022
151,1.13471612615094,0.101647,0.499900999999992,0.870545000000019,0.02584,0.976776000000023,0.622066000000008,0.961398000000025,0.640357000000008,0.690879000000009,0,0.683306000000012,0.483406999999988,1.00028800000002,0.996978000000028,0.045134,0.960364000000024
152,1.13637167697902,0.10127,0.505932999999995,0.870995000000015,0.027767,0.977758000000023,0.62360500000001,0.961583000000023,0.648825000000011,0.69525400000001,0,0.687144000000011,0.493791999999987,1.00030900000002,0.997120000000026,0.041893,0.959238000000015
153,1.1376330495405,0.0989449999999998,0.515416999999996,0.867884000000017,0.027783,0.978255000000024,0.63039800000001,0.963153000000023,0.650184000000006,0.702230000000009,0,0.691142000000008,0.487305999999987,1.00025900000002,0.996901000000026,0.044261,0.960086000000022
154,1.13858866130214,0.104348,0.521112999999996,0.86750500000002,0.028302,0.978690000000026,0.632172000000008,0.962703000000027,0.651921000000007,0.709009000000011,0,0.698305000000009,0.487613999999986,1.00028200000003,0.99707000000003,0.04304,0.964244000000021
155,1.14024530780437,0.10916,0.519602999999996,0.871431000000015,0.029568,0.979983000000019,0.633752000000007,0.96376900000002,0.653806000000006,0.712496000000009,0,0.698496000000009,0.487585999999987,1.00030600000002,0.996788000000024,0.044161,0.964464000000017
156,1.14141063850896,0.109299,0.531163,0.873110000000015,0.0297600000000001,0.980101000000017,0.63869900000001,0.962610000000017,0.655201000000008,0.712662000000011,0,0.702838000000011,0.485907999999988,1.00025400000002,0.996876000000021,0.044742,0.96393800000002
157,1.14279973525605,0.104048,0.529863999999995,0.874094000000015,0.0295520000000001,0.98305200000002,0.636663000000008,0.963387000000021,0.661221000000006,0.721389000000009,0,0.70729500000001,0.475600999999989,1.00023900000002,0.996930000000025,0.044549,0.965033000000018
158,1.1432088575613,0.106888,0.530120999999998,0.877211000000012,0.0306200000000001,0.983439000000016,0.635485000000008,0.965132000000017,0.661360000000009,0.72046200000001,0,0.708285000000009,0.473157999999989,1.00028000000002,0.99700000000002,0.042539,0.967920000000016
159,1.14492367084766,0.104676,0.538165000000001,0.877796000000013,0.032233,0.985040000000019,0.640295000000008,0.965552000000019,0.662027000000008,0.72913700000001,0,0.71889300000001,0.468079999999991,1.00022700000002,0.996907000000023,0.042248,0.969351000000024
160,1.14724099635748,0.107016,0.545145,0.875884000000014,0.033404,0.98563600000002,0.643947000000004,0.96775100000002,0.671456000000006,0.735677000000008,0,0.721147000000008,0.463780999999989,1.00024800000002,0.996918000000024,0.044373,0.96905200000002
161,1.14956415937512,0.107146,0.549063,0.876667000000012,0.033038,0.985458000000016,0.651151000000008,0.967995000000015,0.677387000000007,0.734886000000009,0,0.725028000000009,0.463919999999991,1.00025000000002,0.996958000000019,0.045839,0.973153000000016
162,1.1512459717403,0.105734,0.551517999999997,0.876953000000014,0.033135,0.986699000000018,0.654972000000005,0.972550000000018,0.678844000000005,0.738672000000009,0,0.722811000000009,0.46559499999999,1.00021200000002,0.99660600000002,0.045258,0.973628000000019
163,1.15179741856079,0.103452,0.555931999999999,0.880730000000014,0.031767,0.986964000000018,0.656297000000007,0.974001000000018,0.686892000000008,0.74331800000001,0,0.72733900000001,0.46009499999999,1.00023400000002,0.996799000000022,0.0464259999999999,0.974057000000019
164,1.15332700553266,0.103169,0.558246,0.882529000000011,0.031713,0.987157000000013,0.655963000000005,0.975813000000013,0.689890000000005,0.749381000000006,0,0.733896000000008,0.460259999999991,1.00015700000001,0.997012000000017,0.047399,0.974163000000018
165,1.15391981561352,0.102865,0.561983000000001,0.883142000000014,0.032248,0.988859000000017,0.659921000000007,0.978053000000015,0.689661000000007,0.750590000000009,0,0.734167000000009,0.452900999999989,1.00022100000002,0.99709800000002,0.04736,0.977073000000018
166,1.15493872681072,0.104627,0.565962999999999,0.881231000000011,0.032731,0.990277000000014,0.661448000000008,0.980405000000014,0.698009000000009,0.752016000000009,0,0.73535100000001,0.458890999999991,1.00022100000002,0.996734000000019,0.0487989999999999,0.97699500000002
167,1.15629000512111,0.103444,0.576805,0.881810000000011,0.0332040000000001,0.989707000000015,0.668076000000008,0.982056000000014,0.701475000000007,0.754153000000008,0,0.747593000000007,0.454769999999991,1.00019800000001,0.996949000000017,0.049259,0.97841500000002
168,1.15786718468811,0.100088,0.581468000000001,0.886386000000013,0.033192,0.991722000000017,0.671179000000009,0.980766000000018,0.701245000000008,0.754204000000009,0,0.746071000000007,0.44976099999999,1.00022600000002,0.996925000000018,0.052786,0.976774000000017
169,1.15892315956056,0.0958319999999998,0.58866,0.894145000000014,0.0322690000000001,0.992795000000016,0.677038000000007,0.982407000000016,0.709037000000009,0.75650700000001,0,0.754580000000008,0.445814999999991,1.00019800000002,0.996846000000017,0.051815,0.977077000000016
170,1.1607739598464,0.0958379999999997,0.593221000000001,0.893688000000019,0.032967,0.993395000000022,0.682820000000009,0.983591000000022,0.710709000000008,0.760465000000011,0,0.759494000000011,0.445558999999991,1.00020500000002,0.996711000000023,0.0522409999999999,0.978692000000016
171,1.16253021084767,0.0996519999999999,0.590550000000001,0.895851000000011,0.032703,0.992888000000015,0.678601000000006,0.984691000000015,0.717029000000006,0.766733000000005,0,0.762056000000005,0.439330999999991,1.00017700000002,0.996945000000016,0.051342,0.978811000000016
172,1.1649319982633,0.0941499999999999,0.601006000000001,0.897726000000012,0.03282,0.992842000000016,0.683976000000006,0.985865000000016,0.721386000000007,0.773046000000008,0,0.769079000000007,0.432965999999992,1.00017300000002,0.996977000000017,0.049271,0.977215000000014
173,1.16743194233159,0.0944539999999998,0.604709000000002,0.899337000000013,0.032357,0.992357000000018,0.68693500000001,0.985307000000018,0.723714000000007,0.771539000000006,0,0.773852000000007,0.427616999999993,1.00017000000002,0.99662600000002,0.050222,0.977398000000015
174,1.16892975751362,0.0963899999999999,0.614925000000002,0.902215000000015,0.033164,0.992894000000018,0.697515000000008,0.986909000000017,0.733160000000006,0.776364000000008,0,0.779431000000008,0.422073999999993,1.00020100000002,0.99699800000002,0.0496499999999999,0.977548000000013
175,1.17035234502854,0.0966329999999999,0.616853000000006,0.903963000000009,0.030617,0.994680000000014,0.698397000000009,0.987450000000015,0.736991000000007,0.785364000000006,0,0.780341000000008,0.417390999999992,1.00020500000001,0.996839000000016,0.0509779999999999,0.975511000000014
176,1.17030084952537,0.095289,0.630290000000005,0.913600000000014,0.026631,0.994132000000017,0.710166000000009,0.988747000000018,0.74408500000001,0.794803000000009,0,0.78945900000001,0.407136999999994,1.00015700000002,0.996950000000019,0.049821,0.974504000000018
177,1.17221897261776,0.0928189999999999,0.641213000000004,0.915494000000008,0.027495,0.995010000000013,0.717225000000008,0.990178000000013,0.745599000000006,0.797096000000006,0,0.791881000000007,0.403418999999994,1.00017700000001,0.996993000000015,0.052863,0.973933000000012
178,1.1745083162713,0.0936419999999999,0.639523000000005,0.91579600000001,0.028149,0.995539000000013,0.712604000000008,0.991663000000013,0.748281000000006,0.802526000000008,0,0.792659000000008,0.402654999999994,1.00018900000001,0.996750000000015,0.051566,0.977656000000012
179,1.17656840385806,0.0930919999999998,0.638390999999999,0.917200000000007,0.028922,0.995542000000012,0.712063000000004,0.991344000000013,0.751709000000002,0.807873000000004,0,0.794762000000003,0.397646999999994,1.00017400000001,0.996935000000015,0.0494,0.978550000000013
180,1.17739906115119,0.0912209999999999,0.639125000000002,0.916781000000009,0.029382,0.995391000000012,0.714929000000004,0.992259000000012,0.755851000000006,0.805005000000004,0,0.792807000000006,0.396455999999994,1.00015200000001,0.996765000000015,0.048457,0.979086000000018
181,1.17920283651289,0.0868689999999999,0.647506000000006,0.916359000000011,0.031875,0.995423000000012,0.721209000000009,0.991493000000012,0.758036000000006,0.799938000000006,0,0.790321000000007,0.396143999999994,1.00019400000001,0.996851000000014,0.047631,0.979591000000016
182,1.18148695240723,0.0847279999999998,0.650266000000006,0.915428000000012,0.032819,0.994620000000016,0.726898000000009,0.991401000000016,0.758407000000006,0.796319000000006,0,0.789537000000006,0.400067999999993,1.00015700000002,0.997013000000017,0.04665,0.979548000000012
183,1.18258337229908,0.083684,0.654002000000002,0.914508000000008,0.031807,0.994142000000012,0.728011000000008,0.990246000000012,0.764625000000003,0.798506000000004,0,0.789496000000003,0.398762999999994,1.00013000000001,0.996904000000014,0.04672,0.979127000000015
184,1.18407106218145,0.0823449999999998,0.657364000000002,0.91295000000001,0.032191,0.993898000000014,0.733117000000007,0.990067000000014,0.767223000000006,0.802821000000006,0,0.795458000000005,0.396951999999995,1.00015300000001,0.996890000000016,0.048359,0.980274000000011
185,1.18584124841942,0.0800179999999998,0.670081000000004,0.915923000000012,0.033037,0.993241000000016,0.741331000000008,0.990779000000016,0.770736000000007,0.804574000000008,0,0.798044000000007,0.393413999999993,1.00014800000002,0.996794000000016,0.0502509999999999,0.981341000000014
186,1.18860188684576,0.0764279999999999,0.678162000000006,0.91772500000001,0.033948,0.993340000000015,0.74841300000001,0.991562000000014,0.770292000000008,0.804425000000007,0,0.799740000000007,0.389827999999994,1.00012300000001,0.996792000000016,0.0526,0.982034000000014
187,1.1909042087006,0.076643,0.686796000000003,0.918126000000003,0.034861,0.993359000000007,0.755410000000005,0.992737000000008,0.778757000000005,0.806327000000003,0,0.806897000000003,0.388019999999994,1.00013400000001,0.99685900000001,0.054543,0.981113000000013
188,1.19340034392205,0.077363,0.694931000000008,0.91662300000001,0.035603,0.992788000000014,0.760737000000009,0.992677000000015,0.774641000000005,0.805911000000005,0,0.807253000000007,0.385025999999995,1.00014300000001,0.996841000000016,0.058302,0.980596000000013
189,1.19538377529366,0.0781759999999999,0.696201000000005,0.91680800000001,0.036355,0.993204000000013,0.760002000000007,0.993407000000014,0.776969000000003,0.807758000000005,0,0.809212000000005,0.382289999999995,1.00014100000001,0.996635000000016,0.058274,0.980146000000009
190,1.19717446018907,0.0763929999999999,0.698056000000004,0.919420000000008,0.034013,0.99387400000001,0.760182000000006,0.99393300000001,0.786416000000006,0.812370000000007,0,0.819415000000008,0.374555999999994,1.00013300000001,0.996773000000011,0.060928,0.981261000000013
191,1.19960472434326,0.0739659999999999,0.694958000000002,0.918046000000007,0.035045,0.993861000000011,0.758239000000005,0.994046000000011,0.790942000000006,0.812780000000005,0,0.821403000000006,0.372896999999995,1.00012600000001,0.996896000000013,0.058683,0.980967000000012
192,1.20102745554635,0.0746339999999999,0.694318000000007,0.914585000000009,0.036631,0.993896000000011,0.757263000000008,0.994082000000011,0.790184000000005,0.807491000000005,0,0.817674000000006,0.377189999999995,1.00015300000001,0.996597000000012,0.060241,0.982550000000007
193,1.20361927279543,0.0728919999999999,0.698786000000005,0.921603000000012,0.035812,0.994519000000016,0.760028000000007,0.994214000000016,0.797136000000007,0.808252000000005,0,0.820449000000006,0.374500999999995,1.00014800000002,0.996735000000016,0.061423,0.982765000000013
194,1.20580865625266,0.0721909999999999,0.703582000000006,0.920528000000008,0.035615,0.994784000000011,0.766357000000009,0.993598000000012,0.800376000000005,0.811236000000004,0,0.820470000000004,0.374548999999995,1.00011800000001,0.996777000000012,0.062608,0.982295000000012
195,1.20815757151505,0.0724099999999999,0.711924000000004,0.921932000000006,0.035409,0.99442500000001,0.772600000000007,0.99367100000001,0.804015000000005,0.818672000000004,0,0.823550000000004,0.370858999999996,1.00014800000001,0.996653000000012,0.063371,0.982755000000007
196,1.21095324813555,0.071804,0.714012000000002,0.920176000000007,0.035675,0.99495000000001,0.771676000000003,0.99387500000001,0.805891000000004,0.818570000000003,0,0.823632000000004,0.368588999999996,1.00013900000001,0.996973000000011,0.0690509999999999,0.982670000000013
197,1.2132661688395,0.072393,0.717648000000006,0.917825000000008,0.037143,0.99475300000001,0.771712000000007,0.99401100000001,0.804895000000005,0.814617000000004,0,0.822508000000005,0.362263999999995,1.00012300000001,0.996932000000011,0.072366,0.983924000000012
198,1.21502176498582,0.071221,0.719925000000005,0.916833000000008,0.037362,0.994570000000011,0.773596000000008,0.993629000000011,0.810994000000006,0.816698000000005,0,0.826100000000005,0.363357999999997,1.00012400000001,0.996736000000014,0.071724,0.98504700000001
199,1.21767294247703,0.0784349999999999,0.724723000000006,0.920000000000009,0.037135,0.994219000000012,0.776699000000009,0.994479000000012,0.816889000000006,0.820680000000005,0,0.834050000000007,0.362804999999996,1.00011800000001,0.996972000000014,0.0785799999999999,0.986409000000011
200,1.21903064780791,0.074266,0.728549000000004,0.921852000000009,0.037715,0.993602000000012,0.780773000000007,0.993912000000012,0.815418000000006,0.822675000000005,0,0.834443000000006,0.364428999999995,1.00014200000001,0.996724000000012,0.085433,0.988936000000013
