,PopRatio,Diff_KC,Fibroblast,ILC3,M1,M2,Neutrophil,Prol_KC,Th0,Th1,Th17,Th2,Th22,Treg,iDC,pDC,preDiff_KC
0,1.0,0.000313,0.0,0.0,0.0,0.0,0.0,0.0,0.0,0.0,0.0,0.0,0.0,0.16531799999999996,0.0,0.0,0.0
1,1.000005,0.0016659999999999997,0.0,0.0,0.0,0.0,0.0,0.0,0.0,0.0,0.0,0.0,0.0,0.12840000000000001,0.0,0.0,0.0
2,1.0000009999800004,0.0029810000000000006,0.0,0.0,0.0,0.0,0.0,0.0,0.0,0.0,0.0,0.0,0.0,0.128432,0.00041700000000000005,0.00042,0.0
3,1.0000019999810008,0.003117000000000001,0.0,0.0,0.0,0.0,8.6e-05,0.0,0.0,0.0,0.0,0.0,0.0,0.13504100000000005,0.003414999999999999,0.0034419999999999997,0.0
4,1.0000109999990014,0.0036700000000000005,0.0,0.0,8e-05,0.0,0.000382,0.0,0.0,0.0,0.0,0.0,0.0,0.15208000000000008,0.011617000000000008,0.011582000000000005,0.0
5,1.000016000054002,0.005395,0.0,0.0,0.0006200000000000001,0.0,0.000896,0.0,0.0,0.0,0.0,0.0,0.0,0.17081600000000005,0.027399000000000003,0.02736000000000001,0.0
6,1.0000300002780025,0.006820000000000001,0.0,0.0,0.0017469999999999996,0.0,0.0020570000000000007,0.0,0.0,0.0,0.0,0.0,0.0,0.19213200000000008,0.046939999999999975,0.04693799999999998,0.0
7,1.0000570010880105,0.008114999999999999,0.0,0.0,0.0031650000000000003,0.0,0.004122999999999999,0.0,0.0,0.0,0.0,0.0,0.0,0.2078590000000003,0.07031399999999989,0.07033499999999987,0.0
8,1.0000680017150243,0.010334999999999997,0.0,0.0,0.0050850000000000044,0.0,0.007577999999999996,0.0,0.0,0.0,0.0,0.0,0.0,0.22766700000000062,0.10017699999999992,0.1002439999999999,0.0
9,1.000101003959085,0.011781999999999989,0.0,0.0,0.008646000000000001,0.0,0.01192999999999999,0.0,0.0,0.0,0.0,0.0,0.0,0.2428720000000004,0.1354150000000001,0.1354160000000001,0.0
10,1.000148008706275,0.012968999999999994,0.0,0.0,0.013275999999999984,0.0,0.017339000000000004,0.0,6.7e-05,0.0,0.0,0.0,0.0,0.2552210000000004,0.1739980000000008,0.17404500000000073,0.0
11,1.0002240199549426,0.011424999999999998,0.0,0.0,0.021100000000000008,0.0,0.02516400000000007,0.0,0.000133,0.0,0.0,0.0,0.0,0.2685159999999998,0.22199000000000088,0.22202500000000092,0.0
12,1.0003000369804647,0.011988999999999996,0.0,0.0,0.029084000000000047,0.0,0.03244400000000011,0.0,0.00033299999999999996,0.0,0.0,0.0,0.0,0.2810409999999983,0.26381899999999997,0.2636670000000001,0.0
13,1.000408069384465,0.01334499999999999,0.0,0.0,0.036939999999999994,0.0,0.040653,0.0,0.000401,0.0,0.0,0.0,0.0,0.2955220000000001,0.3099959999999986,0.30975699999999856,0.0
14,1.000533120393143,0.014175000000000004,0.0,0.0,0.04925900000000002,0.0,0.04760700000000004,0.0,0.00071,0.0,0.0,0.0,0.0,0.30952299999999977,0.3585869999999978,0.358073999999998,0.0
15,1.0006771971624873,0.015027000000000002,0.0,0.0,0.06181499999999987,0.0,0.057052999999999875,0.0,0.0009730000000000001,0.0,0.0,0.0,0.0,0.3233489999999974,0.40939799999999554,0.40871199999999547,0.0
16,1.000928367138983,0.016257999999999998,0.0,0.0,0.07336999999999973,0.0,0.06810499999999972,0.0,0.001565,0.0,0.0,0.0,0.0,0.33222399999999647,0.45905799999999336,0.4583789999999933,0.0
17,1.0011615834485441,0.01882,0.0,0.0,0.08602999999999959,0.0,0.0820679999999996,0.0,0.0017530000000000002,0.0,0.0,0.0,0.0,0.3351019999999968,0.5024559999999908,0.5014559999999906,0.0
18,1.0014709423778512,0.023039000000000028,0.0,0.0,0.09908999999999932,0.0,0.09767199999999937,0.0,0.0019660000000000007,0.0,0.0,0.0,0.0,0.34972699999999407,0.5418580000000022,0.5400640000000017,0.0
19,1.0018464939812721,0.02377700000000003,0.0,0.0,0.11270899999999935,0.0,0.11154599999999928,0.0,0.0033610000000000003,0.0,0.0,0.0,0.0,0.37010899999999536,0.578375000000004,0.5761800000000044,0.0
20,1.0022101642586085,0.023662000000000037,0.0,0.0,0.1250679999999986,0.0,0.12467599999999891,0.0,0.004225000000000001,0.0,0.0,0.0,0.0,0.38285999999999953,0.6038260000000082,0.601615000000008,0.0
21,1.0026521389410668,0.02322000000000004,0.0,0.0,0.13636099999999984,0.0,0.13756999999999994,0.0,0.0066740000000000054,0.0,0.0,0.0,0.0,0.3870719999999918,0.6426230000000166,0.6390760000000165,0.0
22,1.003153465010582,0.023062,0.0,0.0,0.1492770000000005,0.0,0.15543500000000146,0.0,0.008183000000000005,0.0,0.0,0.0,0.0,0.40176599999999313,0.6694530000000076,0.6655710000000081,0.0
23,1.0036630669708402,0.024379000000000022,0.0,0.0,0.16041300000000128,0.0,0.1688040000000023,0.0,0.010735999999999992,0.0,0.0,0.0,0.0,0.40920999999999685,0.7014900000000194,0.69802500000002,0.0
24,1.0043003930183951,0.023637999999999982,0.0,0.0,0.18082400000000243,0.0,0.1885650000000028,0.000151,0.012227999999999982,0.0,0.0,0.0,0.0,0.4160039999999934,0.7343020000000212,0.7297660000000216,0.0
25,1.0050305194041578,0.024629000000000026,0.0,0.0,0.1975170000000035,0.0,0.20505900000000435,0.000201,0.016508999999999982,0.0,0.0,0.0,0.0,0.42208799999999097,0.762238000000024,0.7574630000000242,0.0
26,1.0057762520496025,0.02402500000000004,0.0,0.0,0.21494000000000307,0.0,0.22719400000000542,0.000103,0.018837000000000017,0.0,0.0,0.0,0.0,0.4364799999999918,0.786181000000036,0.7808270000000356,0.0
27,1.0065909308138175,0.025114000000000053,0.0,0.0,0.23253100000000507,0.0,0.24835300000000668,0.00027600000000000004,0.02626000000000002,0.0,0.0,0.0,0.0,0.4396369999999916,0.8061550000000294,0.8003290000000286,0.0
28,1.0075411526525417,0.02625800000000004,0.0,0.000242,0.2564560000000053,0.0,0.2612080000000052,0.000256,0.029450000000000066,0.0,0.0,0.0,0.0,0.44547699999998946,0.8261930000000249,0.819890000000025,0.0
29,1.0084580151014912,0.028798000000000074,0.0,0.00040600000000000006,0.2703020000000036,0.0,0.2747730000000043,0.00034999999999999994,0.032824000000000055,0.0,0.0,0.0,0.0,0.45004899999998094,0.8468950000000438,0.838395000000043,0.0
30,1.0094019318036966,0.02988300000000003,0.0,0.001111,0.29014800000000107,0.0,0.2875020000000016,0.000273,0.03789900000000003,0.0,0.0,0.0,0.0,0.45745199999998787,0.8596140000000477,0.8507550000000464,0.0
31,1.0104305123722597,0.030236000000000058,0.0,0.0010559999999999999,0.3057679999999994,0.0,0.31026299999999907,0.000492,0.043398999999999924,0.0,0.0,0.0,0.0,0.4662829999999831,0.8769120000000438,0.8651870000000442,0.0
32,1.0114874226882586,0.0299660000000001,0.0,0.0018670000000000004,0.32135699999999695,0.0,0.3223029999999958,0.0011969999999999997,0.05347699999999982,0.0,0.0,0.0,0.0,0.474963999999984,0.8927860000000449,0.8815840000000452,0.0
33,1.0125252087839904,0.03268600000000006,0.0,0.0029369999999999995,0.34232399999999497,0.0,0.33702699999999725,0.0015699999999999998,0.05927599999999984,0.0,0.0,0.0,0.0,0.48145499999997987,0.9075420000000575,0.8952670000000571,0.0
34,1.0136339238876768,0.03520000000000001,0.0,0.004577000000000002,0.36379199999999134,0.0,0.3539499999999922,0.001936,0.07203099999999972,0.0,3.4e-05,0.0,5.6e-05,0.4995479999999794,0.91649100000006,0.9038540000000594,0.0
35,1.0148533254981786,0.03673499999999996,0.0,0.005800000000000004,0.38209199999998794,0.0,0.3716599999999924,0.0025499999999999997,0.08221899999999945,0.0,6.7e-05,0.0,0.0,0.5068259999999817,0.9251000000000575,0.9117050000000554,0.0
36,1.015970679009616,0.037899000000000016,0.0,0.008025000000000006,0.3922959999999905,0.0,0.39087499999998976,0.003553999999999999,0.08796699999999953,2.7e-05,6.7e-05,0.0,0.0,0.5178069999999841,0.9343460000000603,0.9205820000000591,0.0
37,1.0170577676362216,0.036861,0.0,0.01151099999999999,0.4111659999999867,0.0,0.4006819999999888,0.006156000000000003,0.0953009999999993,0.0,6.7e-05,0.0,0.0,0.5319059999999868,0.9448950000000657,0.9296980000000625,0.0
38,1.0182701004953183,0.037460000000000056,0.0,0.013848999999999974,0.4330869999999835,0.0,0.416245999999984,0.006910000000000003,0.10983099999999922,0.0,0.00026900000000000003,0.0,3.1e-05,0.5452889999999908,0.955835000000064,0.942342000000063,0.000101
39,1.019515444828292,0.034761000000000104,0.0,0.018592999999999978,0.44879399999998626,0.0,0.43837099999998497,0.010432999999999994,0.12215499999999913,0.0,0.00025299999999999997,0.0,0.00015299999999999998,0.5532979999999931,0.9582240000000543,0.9436030000000547,6.7e-05
40,1.0207133754760243,0.03453000000000002,0.0,0.023447000000000034,0.46118999999998117,0.0,0.4454829999999817,0.012325999999999991,0.1378720000000003,0.0,0.000115,0.0,0.000133,0.5602109999999983,0.9607220000000496,0.9459720000000488,0.000201
41,1.0218320773355984,0.03521600000000006,0.0,0.02956100000000008,0.4781989999999782,0.0,0.46154899999998106,0.013257999999999999,0.14879000000000062,0.0,0.000335,0.0,0.000204,0.5686399999999955,0.9648920000000583,0.951417000000057,0.0004670000000000001
42,1.0229867475830499,0.03687900000000002,0.0,0.041493999999999975,0.5016259999999769,0.0,0.47603699999997695,0.014186999999999983,0.16357600000000205,0.000168,0.0006000000000000002,0.0,0.000429,0.5740729999999934,0.9706310000000601,0.9571350000000594,0.000601
43,1.0240977111909895,0.03667600000000001,0.0,0.052123999999999886,0.5185209999999824,0.0,0.489599999999974,0.014956999999999988,0.17895600000000278,0.000333,0.0012010000000000002,0.0,0.000664,0.5760329999999979,0.9761130000000614,0.9616710000000597,0.000603
44,1.0252334355527675,0.038432999999999995,0.0,0.0599799999999998,0.5355879999999886,0.0,0.4996579999999762,0.016488999999999972,0.19841900000000368,0.00033199999999999994,0.0016999999999999997,0.0,0.0013850000000000002,0.5853679999999972,0.978921000000061,0.9656830000000647,0.0007349999999999999
45,1.0264801194104645,0.04057800000000008,0.0,0.07120699999999963,0.54943199999999,0.0,0.5116579999999793,0.019562999999999987,0.21542100000000478,0.000846,0.0018620000000000002,0.0,0.0022500000000000003,0.5879189999999949,0.9814730000000621,0.9682890000000626,0.000857
46,1.0275589500160291,0.04064900000000001,6.7e-05,0.08086299999999959,0.5613409999999935,0.0,0.5199769999999811,0.022362000000000017,0.23705200000000556,0.000981,0.002348000000000001,0.0,0.0032210000000000016,0.5898120000000009,0.9829620000000633,0.9717030000000628,0.000735
47,1.028522800311209,0.04145099999999997,0.0,0.09311799999999955,0.5681029999999964,0.0,0.5317579999999842,0.026505000000000046,0.25225700000000584,0.0014900000000000004,0.002686,0.0,0.004353000000000002,0.5976740000000003,0.9855800000000586,0.9748140000000597,0.001079
48,1.0296438901636096,0.042515999999999984,0.0,0.10487799999999932,0.5794399999999985,6.7e-05,0.5531649999999879,0.029535000000000065,0.27352299999999974,0.0018800000000000004,0.003654000000000001,0.0,0.004604000000000002,0.5938090000000025,0.9896760000000623,0.9793800000000642,0.0009719999999999999
49,1.0307095715899939,0.04162499999999994,0.0,0.1184719999999991,0.5919500000000026,8.8e-05,0.5657689999999914,0.031856000000000065,0.2934469999999986,0.0028620000000000004,0.003891000000000001,0.0,0.005604000000000003,0.6013950000000001,0.9917790000000597,0.9811440000000609,0.0008680000000000001
50,1.0319031332739574,0.04329999999999997,0.0,0.13482199999999953,0.6096120000000068,0.000317,0.5754259999999931,0.03715800000000007,0.31323999999999624,0.003398000000000001,0.005948000000000006,0.0,0.006378000000000009,0.605589000000005,0.993604000000059,0.9836260000000603,0.001217
51,1.0329071750226941,0.043489000000000035,0.0,0.1511680000000007,0.6203210000000055,0.000334,0.5944880000000018,0.04003099999999997,0.3270999999999939,0.005237000000000002,0.007803000000000006,0.0,0.008283,0.6112800000000005,0.9948400000000571,0.9849900000000581,0.0008690000000000001
52,1.033955575805401,0.04509499999999996,0.00019800000000000002,0.17167800000000147,0.6394200000000057,0.0004,0.6059739999999968,0.04486799999999996,0.34701299999999463,0.005386000000000002,0.009227999999999998,0.0,0.009782999999999997,0.6118510000000023,0.9956570000000508,0.9877710000000525,0.000869
53,1.0347610271990062,0.04522199999999995,0.000466,0.18963400000000338,0.6475310000000056,0.000333,0.6163419999999997,0.047498999999999965,0.3634849999999898,0.006238000000000006,0.011911999999999989,0.0,0.011311000000000003,0.6123760000000015,0.9960550000000532,0.9879280000000568,0.001013
54,1.0357978577483147,0.044986000000000026,0.00034999999999999994,0.20862700000000337,0.6553610000000077,0.000433,0.6327430000000065,0.05114999999999992,0.3810929999999903,0.008278000000000002,0.014216999999999987,0.0,0.012336,0.6148080000000059,0.9964720000000561,0.9883610000000584,0.001457
55,1.036900982466874,0.042613999999999964,0.000387,0.22486900000000426,0.6673610000000098,0.00046,0.6459490000000092,0.053456999999999914,0.3977109999999874,0.009197999999999991,0.016937999999999988,0.0,0.013872999999999967,0.6180400000000079,0.9971620000000557,0.9897300000000573,0.0018690000000000002
56,1.038026020032907,0.04441500000000002,0.000385,0.240476000000005,0.6773490000000102,0.0010170000000000001,0.6574960000000066,0.0570829999999999,0.41042799999998764,0.00979799999999999,0.020534000000000024,0.0,0.015657999999999984,0.6267050000000054,0.9974740000000518,0.9905820000000544,0.0016670000000000005
57,1.0390962248596138,0.04783999999999994,0.000373,0.25577900000000464,0.6889520000000136,0.0009500000000000003,0.6634480000000077,0.06438499999999991,0.4244659999999858,0.01266299999999999,0.02417000000000004,0.0,0.019495000000000023,0.6236410000000014,0.9984120000000546,0.991087000000056,0.0013350000000000002
58,1.0400511542903175,0.0490579999999999,0.00047900000000000004,0.27455000000000174,0.6952850000000178,0.001009,0.675047000000014,0.0724359999999997,0.43979099999998306,0.015392999999999981,0.02660500000000007,0.0,0.02237000000000003,0.6242510000000053,0.9990610000000548,0.9919590000000591,0.0014030000000000002
59,1.040885275316115,0.055109999999999826,0.000668,0.28936800000000035,0.696967000000015,0.001288,0.6812190000000103,0.07566499999999968,0.4555229999999821,0.016026999999999986,0.027825000000000048,0.0,0.026018000000000027,0.6343130000000076,0.9993710000000565,0.9931250000000613,0.0018969999999999998
60,1.0420364944306737,0.05562699999999986,0.0009820000000000002,0.30932199999999827,0.7044870000000157,0.0016249999999999997,0.6946950000000188,0.08088799999999959,0.47406499999998314,0.01771299999999998,0.031148000000000092,0.0,0.0307470000000001,0.6398950000000073,0.9995520000000612,0.9935690000000633,0.002306
61,1.0429138891590486,0.055532999999999895,0.0016,0.31927699999999615,0.7143300000000228,0.0012419999999999998,0.7034410000000224,0.08277799999999969,0.48797999999998215,0.021802000000000037,0.03682299999999998,0.0,0.033192000000000055,0.6342330000000105,0.9995900000000589,0.9936080000000606,0.002469
62,1.0440652660927414,0.05595299999999988,0.002063,0.33621899999999316,0.7162630000000211,0.002107,0.7151060000000189,0.09345199999999959,0.4971769999999782,0.025210000000000052,0.04192699999999997,0.0,0.03686100000000003,0.6400610000000105,0.9997040000000613,0.9937750000000628,0.003134
63,1.0451145516852276,0.05942499999999992,0.00223,0.3533969999999921,0.7147880000000147,0.0031860000000000018,0.7244350000000155,0.1019369999999992,0.5094419999999825,0.026189000000000042,0.04392,0.0,0.04085599999999998,0.6427780000000065,1.0000880000000498,0.9944970000000511,0.0034540000000000005
64,1.046054109667244,0.0621539999999999,0.0022149999999999995,0.3741569999999897,0.7169900000000197,0.0030230000000000005,0.7281870000000192,0.10538699999999944,0.5244859999999858,0.030688000000000062,0.049186999999999904,0.0,0.046776,0.6536510000000108,1.0002160000000513,0.9947770000000556,0.0033719999999999996
65,1.047105394047513,0.06228399999999982,0.0023,0.39734999999998993,0.7250520000000168,0.0032249999999999996,0.7402540000000196,0.10896499999999941,0.5372809999999911,0.03428000000000008,0.05586199999999993,0.0,0.0527819999999999,0.6611250000000076,1.000086000000051,0.9950380000000519,0.0036410000000000006
66,1.0483189891992675,0.06100899999999986,0.0028839999999999994,0.407792999999987,0.7275010000000215,0.003154000000000001,0.7424620000000247,0.11802999999999955,0.5463869999999899,0.037053000000000065,0.0586429999999999,0.0,0.0544749999999999,0.667028000000012,1.000151000000053,0.9950140000000561,0.003722999999999998
67,1.0492310267199256,0.05571799999999983,0.0035560000000000014,0.4198169999999867,0.7334400000000181,0.0033179999999999998,0.7570220000000238,0.1211039999999992,0.5617849999999901,0.04205299999999992,0.06401899999999983,0.0,0.05700099999999982,0.6715770000000092,1.0003940000000477,0.9953930000000515,0.0028650000000000012
68,1.0502173038850924,0.059554999999999865,0.004759000000000001,0.43493699999998464,0.7374870000000201,0.0030970000000000017,0.767862000000026,0.13311199999999937,0.5764809999999971,0.04826399999999999,0.06659799999999984,0.0,0.06552699999999978,0.6796990000000126,1.000158000000054,0.9953010000000568,0.003522000000000001
69,1.0510144188187978,0.06171399999999985,0.005969000000000004,0.4457139999999847,0.7440060000000226,0.0037950000000000006,0.7775500000000257,0.1411700000000004,0.5896859999999989,0.05222099999999992,0.07414199999999974,0.0,0.0693929999999997,0.6839970000000127,1.0002430000000517,0.9954370000000555,0.003129
70,1.051756434998538,0.0598069999999999,0.006696999999999999,0.45393399999998374,0.7477820000000225,0.0037389999999999984,0.7789810000000278,0.14592900000000084,0.6019320000000049,0.05440399999999999,0.08105799999999952,0.0,0.07471499999999966,0.6849740000000121,1.000628000000055,0.9965120000000581,0.0030029999999999996
71,1.0527471895603644,0.06219499999999979,0.007598000000000006,0.4661599999999818,0.751736000000022,0.0031260000000000003,0.785335000000026,0.15124700000000088,0.6138230000000029,0.061675999999999814,0.08827699999999948,0.0,0.08280899999999951,0.6895360000000123,1.000449000000055,0.9965380000000569,0.0037479999999999987
72,1.0533851543572958,0.06372699999999983,0.008705999999999997,0.4774809999999828,0.7437230000000206,0.003266999999999999,0.7933180000000267,0.15618400000000132,0.6189610000000029,0.0631049999999998,0.09332599999999956,0.0,0.08469399999999962,0.6865940000000127,1.0004560000000453,0.9963560000000481,0.004216000000000001
73,1.0540593208561317,0.0639519999999999,0.009932,0.49514799999998177,0.7455450000000226,0.003679000000000001,0.7969970000000272,0.1598090000000014,0.6277890000000055,0.06738599999999983,0.09953599999999947,0.0,0.08920699999999962,0.6956490000000131,1.0005410000000494,0.9964530000000525,0.004333000000000001
74,1.054479890525205,0.06551299999999986,0.011757999999999994,0.5093899999999814,0.7497330000000203,0.003466000000000002,0.8068510000000297,0.16956400000000227,0.6382820000000082,0.07105399999999971,0.10737599999999944,0.0,0.09620199999999944,0.7017580000000148,1.0003600000000539,0.9963850000000561,0.004653000000000003
75,1.0557716283911545,0.06793399999999986,0.014556999999999983,0.5261239999999854,0.7536690000000196,0.0034020000000000014,0.8115760000000274,0.1761680000000024,0.6459240000000087,0.07694599999999965,0.11332299999999929,0.0,0.10398699999999923,0.7014720000000144,1.0002760000000457,0.9962600000000482,0.004337000000000001
76,1.0568907463172958,0.06766199999999983,0.016336999999999987,0.5376559999999886,0.7528000000000221,0.003315,0.8172260000000314,0.18022400000000277,0.655349000000008,0.08205799999999949,0.11482499999999908,0.0,0.1086929999999993,0.7068770000000159,1.000377000000051,0.9961180000000519,0.003927000000000001
77,1.0581051137848676,0.07086799999999985,0.019381000000000013,0.54336999999999,0.7514070000000185,0.003563999999999999,0.8225760000000222,0.1902450000000026,0.6637160000000063,0.08660999999999956,0.12170699999999919,0.0,0.11191199999999932,0.7123650000000109,1.0004860000000413,0.9962110000000439,0.004083000000000001
78,1.0588595427310397,0.07095499999999971,0.023530000000000054,0.5575849999999924,0.7534780000000161,0.0038270000000000014,0.8249190000000275,0.19855000000000328,0.6728230000000093,0.09450199999999961,0.12706899999999954,0.0,0.11894199999999916,0.7083610000000145,1.0005620000000457,0.9962950000000491,0.004719000000000002
79,1.0600687603288872,0.07474199999999971,0.02461300000000002,0.5741989999999965,0.7595230000000224,0.004277,0.8259290000000302,0.20233400000000265,0.6788280000000126,0.1018219999999995,0.13503199999999982,0.0,0.12644699999999923,0.712897000000015,1.0002420000000476,0.9962560000000507,0.005295000000000001
80,1.0607991477048038,0.07343299999999987,0.027856000000000037,0.5823940000000003,0.7607230000000192,0.005388000000000002,0.8298180000000301,0.21222100000000388,0.6878320000000139,0.10731999999999918,0.14148700000000025,0.0,0.1319149999999997,0.715898000000015,1.0001970000000437,0.9959790000000479,0.006293000000000003
81,1.061743258946307,0.0729559999999998,0.03100400000000006,0.5904450000000001,0.7565840000000167,0.007236000000000004,0.8316840000000263,0.21546200000000332,0.69616600000001,0.1110419999999994,0.1426430000000007,0.0,0.1399660000000002,0.7151480000000086,1.0001080000000413,0.9960320000000463,0.005998000000000002
82,1.0624376390377006,0.07297299999999986,0.034731000000000026,0.5998760000000021,0.7578420000000189,0.0077500000000000025,0.8401020000000257,0.22168900000000485,0.7114650000000133,0.1192959999999994,0.1469350000000005,0.0,0.1481640000000008,0.7224410000000119,1.000046000000039,0.9957930000000417,0.0060060000000000035
83,1.0631824078227077,0.0751229999999999,0.039358,0.6113120000000043,0.7557740000000196,0.010007999999999996,0.8421710000000316,0.22950000000000453,0.7217420000000198,0.12476899999999955,0.15384100000000117,0.0,0.15774900000000128,0.7242190000000155,1.0003250000000463,0.9964140000000493,0.006686000000000005
84,1.0638628445637632,0.07665199999999976,0.04284900000000001,0.6271500000000029,0.7529370000000236,0.010633999999999996,0.8474770000000313,0.23589400000000404,0.730418000000022,0.1342769999999998,0.16159300000000126,0.0,0.16450200000000126,0.7249590000000173,1.0005890000000446,0.9967780000000479,0.008605999999999996
85,1.064685210542658,0.07592899999999969,0.04666999999999994,0.6454630000000098,0.7506880000000251,0.011923999999999997,0.8569770000000386,0.24544000000000457,0.7417900000000213,0.14375900000000058,0.16725100000000206,0.0,0.17472000000000232,0.720252000000022,1.0005120000000511,0.9966570000000544,0.009980999999999999
86,1.0658425233665714,0.07693099999999974,0.04929699999999998,0.663161000000015,0.750572000000025,0.013766999999999982,0.8629160000000345,0.25085500000000466,0.7533340000000281,0.14988700000000055,0.18136300000000224,0.0,0.18411200000000172,0.7195790000000215,1.000498000000047,0.9968970000000513,0.010045999999999994
87,1.067204670111483,0.08041099999999977,0.05469099999999994,0.6758790000000123,0.7489920000000159,0.01375799999999999,0.8650560000000291,0.25981700000000296,0.7605450000000187,0.15708700000000142,0.1873130000000025,0.0,0.1884470000000017,0.717639000000015,1.0004260000000396,0.9967130000000413,0.012309999999999993
88,1.0682377242321923,0.07832999999999989,0.05970599999999988,0.683832000000009,0.7481300000000214,0.015297999999999983,0.869983000000031,0.26604100000000314,0.771414000000021,0.1620810000000015,0.1959510000000031,0.0,0.19418500000000324,0.7227140000000152,1.0002160000000413,0.9964480000000444,0.01159799999999999
89,1.069067744943965,0.07583199999999969,0.06509599999999995,0.6958670000000158,0.7501260000000194,0.014863999999999988,0.8745410000000291,0.26818400000000026,0.7757420000000222,0.16473200000000177,0.20059600000000313,0.0,0.20221100000000272,0.7225330000000186,1.000391000000039,0.9966900000000417,0.013541999999999986
90,1.07004380379514,0.07717099999999977,0.06724099999999987,0.7095010000000124,0.7450860000000169,0.01568499999999998,0.8796490000000267,0.2746930000000016,0.7867900000000183,0.17795600000000167,0.2113340000000036,0.0,0.20999000000000356,0.7242970000000132,1.000467000000037,0.9968600000000419,0.014412999999999995
91,1.070695460471691,0.07775699999999983,0.07345899999999973,0.7201630000000196,0.748697000000022,0.017082999999999997,0.882198000000036,0.2812969999999995,0.7915060000000262,0.1827610000000026,0.21572900000000342,0.0,0.21690400000000343,0.7209830000000178,1.0006090000000443,0.9968620000000478,0.014442999999999987
92,1.0718528822645084,0.07683299999999982,0.07984299999999978,0.7303100000000251,0.7510190000000224,0.01693499999999998,0.889536000000035,0.28864599999999985,0.7956230000000286,0.19169100000000303,0.2275510000000041,0.0,0.230527000000004,0.7212660000000203,1.0005900000000416,0.9971570000000446,0.015545999999999987
93,1.072638550427253,0.07921499999999973,0.0844789999999997,0.7343700000000178,0.7512570000000169,0.01732299999999999,0.8910340000000304,0.2917609999999977,0.798354000000024,0.19697800000000323,0.22911000000000403,0.0,0.23355200000000395,0.7245440000000164,1.000601000000039,0.9973570000000418,0.014303999999999982
94,1.0731555622086009,0.07990399999999981,0.0891339999999997,0.7427830000000168,0.7498910000000161,0.018457000000000008,0.887327000000027,0.30287599999999665,0.8085700000000203,0.209718000000003,0.24036100000000404,0.0,0.2468950000000038,0.7278030000000133,1.0006010000000367,0.9974230000000395,0.016080999999999984
95,1.073696432611993,0.08114299999999965,0.09403099999999968,0.7538070000000131,0.7542900000000144,0.01821500000000001,0.8859680000000197,0.31095099999999465,0.808398000000019,0.21419100000000293,0.24621900000000385,0.0,0.2512170000000032,0.7218610000000112,1.0005590000000306,0.9972850000000355,0.015582999999999974
96,1.0742107332032473,0.08007599999999973,0.09809099999999951,0.76106500000002,0.7533970000000175,0.01893700000000001,0.8877300000000292,0.3135119999999956,0.8150710000000266,0.22797700000000373,0.2579460000000031,0.0,0.2582120000000028,0.7190900000000174,1.0005640000000406,0.9971210000000462,0.01512999999999998
97,1.075084066529385,0.08099099999999983,0.10610599999999958,0.7670160000000261,0.7546430000000197,0.018538000000000016,0.8922410000000306,0.3271309999999956,0.8201030000000284,0.23877100000000398,0.2656560000000012,0.0,0.26915900000000137,0.7185690000000196,1.0005430000000375,0.9971560000000402,0.01724499999999999
98,1.0763687919889284,0.08084999999999974,0.11473399999999957,0.7729880000000249,0.7562700000000225,0.017433999999999998,0.8983790000000306,0.3386379999999926,0.8241150000000287,0.2442730000000043,0.2725900000000013,0.0,0.2751189999999999,0.7221950000000147,1.000511000000042,0.9973430000000443,0.016937999999999988
99,1.0770178423705423,0.08202199999999975,0.12047599999999928,0.777055000000021,0.7550040000000207,0.01792000000000001,0.9019730000000301,0.34263199999999105,0.8307560000000261,0.24996300000000435,0.2818949999999993,0.0,0.27978799999999876,0.7198210000000178,1.000596000000039,0.997427000000042,0.018016000000000008
100,1.0783005706208477,0.0827409999999998,0.12547699999999962,0.7872430000000245,0.7507650000000191,0.01702099999999999,0.9009490000000283,0.34541299999999137,0.8315430000000272,0.2532190000000042,0.28893599999999914,0.0,0.2853919999999992,0.7196950000000151,1.00054200000004,0.9971500000000435,0.01876600000000002
101,1.0790704772283137,0.08667499999999988,0.12827399999999983,0.8021270000000242,0.7458800000000179,0.017984000000000024,0.9037270000000324,0.34046699999999186,0.8416210000000268,0.2682180000000013,0.30327599999999677,0.0,0.3050149999999957,0.7265600000000155,1.000551000000042,0.9971520000000454,0.017396000000000002
102,1.079703891598492,0.08706199999999982,0.1350320000000003,0.8103750000000268,0.7448450000000224,0.01838600000000002,0.9050180000000339,0.3490469999999912,0.841754000000032,0.27200699999999994,0.3171479999999945,0.0,0.3110929999999957,0.7298870000000142,1.0005950000000394,0.9973130000000439,0.018706000000000018
103,1.0801875989419705,0.09000999999999963,0.14397100000000077,0.8141690000000259,0.7481920000000191,0.02105200000000002,0.906963000000029,0.36039699999999164,0.8455520000000261,0.27905799999999886,0.32822499999999283,0.0,0.3156159999999946,0.7265700000000124,1.0005290000000384,0.9972000000000426,0.022337000000000034
104,1.0811565272182624,0.09298999999999964,0.15287400000000112,0.8140160000000313,0.7552980000000218,0.020247000000000008,0.9073820000000313,0.3646349999999906,0.8530770000000294,0.2912019999999987,0.3379689999999931,0.0,0.32810499999999426,0.7217750000000194,1.0005140000000416,0.997116000000044,0.022535000000000017
105,1.0819922612138464,0.09137599999999979,0.16154500000000144,0.815715000000025,0.7586730000000165,0.01876200000000002,0.9103590000000275,0.3734739999999897,0.8535340000000277,0.2964309999999965,0.34313299999999236,0.0,0.33943899999999244,0.7212380000000126,1.0005280000000363,0.9973060000000392,0.02360600000000003
106,1.0831132051965031,0.09152999999999989,0.17221500000000156,0.8220080000000265,0.7652720000000174,0.01904500000000002,0.9165220000000313,0.3843819999999895,0.8597640000000274,0.3074369999999951,0.35647099999999177,0.0,0.3528549999999921,0.7205830000000125,1.0005460000000372,0.997165000000041,0.02400900000000003
107,1.0835681127427261,0.0899609999999999,0.1794580000000019,0.8251000000000258,0.7635230000000204,0.01945000000000002,0.9174190000000298,0.38935999999999005,0.866310000000028,0.31738899999999515,0.36363599999999224,0.0,0.3662409999999912,0.724829000000019,1.0005960000000387,0.997323000000042,0.025274000000000043
108,1.0842182536104128,0.09194599999999961,0.18840100000000215,0.831282000000029,0.7664770000000202,0.02116099999999999,0.9223610000000336,0.39608199999998916,0.873522000000033,0.32642799999999356,0.37610799999998873,0.0,0.3807189999999884,0.7258730000000168,1.0006000000000397,0.9970090000000458,0.02480400000000004
109,1.0853501774672238,0.09401099999999983,0.19150600000000204,0.8400860000000292,0.7655970000000233,0.021181000000000012,0.922463000000032,0.39934099999998834,0.8764370000000297,0.33575299999999314,0.38986999999999006,0.0,0.3956299999999902,0.7212780000000144,1.000501000000041,0.9973100000000442,0.023768000000000022
110,1.086162019400014,0.10024699999999971,0.1963690000000027,0.8451370000000303,0.7642280000000229,0.022373000000000042,0.9226440000000342,0.40377399999998753,0.8827850000000339,0.34747899999999277,0.3995849999999906,0.0,0.39891599999999044,0.726081000000019,1.0005610000000402,0.9973260000000436,0.027512000000000047
111,1.0867018419236991,0.1008469999999999,0.19773600000000255,0.8459320000000304,0.757401000000018,0.022659000000000033,0.9269930000000324,0.4044329999999868,0.8871800000000306,0.3484099999999914,0.4018869999999908,0.0,0.40842899999998994,0.7282010000000159,1.0005520000000425,0.997352000000044,0.02504300000000006
112,1.0872223721060266,0.10296799999999963,0.21242300000000283,0.8448520000000307,0.7653100000000201,0.02434500000000001,0.9310350000000313,0.41587499999998695,0.8919390000000321,0.35615799999999204,0.4050829999999897,0.0,0.4152269999999883,0.7233240000000194,1.0005430000000384,0.9971230000000435,0.02614700000000004
113,1.0877181455077483,0.10527899999999936,0.2211440000000031,0.8511210000000251,0.7626650000000164,0.024557000000000037,0.933414000000029,0.42402499999998566,0.8932300000000273,0.3690039999999917,0.4156809999999874,0.0,0.42038899999998786,0.724216000000014,1.0005260000000353,0.9972840000000385,0.025952000000000034
114,1.0889886003017395,0.10419499999999948,0.22310200000000324,0.8549820000000324,0.7665540000000217,0.024561000000000065,0.9340710000000341,0.4281359999999859,0.8924390000000354,0.3803449999999908,0.4239559999999881,0.0,0.4319629999999883,0.7140520000000158,1.000481000000041,0.9970530000000462,0.02948900000000007
115,1.08911927893382,0.10757099999999961,0.22907800000000308,0.8565320000000304,0.7673330000000211,0.026022000000000017,0.9347730000000323,0.43624499999998495,0.9002160000000327,0.384041999999991,0.4318549999999873,0.0,0.4428269999999862,0.715335000000014,1.000529000000039,0.9970920000000423,0.030761000000000094
116,1.0909533557995863,0.11143099999999966,0.23553400000000302,0.8624300000000308,0.7674520000000196,0.02736300000000006,0.9349590000000343,0.44092099999998496,0.9076020000000324,0.39385299999998935,0.44275099999998746,0.0,0.4587349999999859,0.7140670000000149,1.0005900000000414,0.9972350000000432,0.03253500000000003
117,1.0917726617698364,0.11292599999999965,0.2373170000000031,0.86698500000003,0.7674270000000197,0.02577300000000005,0.9350250000000356,0.4387729999999873,0.9130230000000357,0.408122999999989,0.45474099999998674,0.0,0.4691549999999848,0.7183150000000174,1.0004730000000406,0.9971180000000442,0.031012000000000074
118,1.0927072191683553,0.11187799999999977,0.2441490000000034,0.8744650000000324,0.7668180000000202,0.02631600000000004,0.9389210000000313,0.4485229999999851,0.911440000000032,0.4166029999999884,0.459730999999986,0.0,0.4784419999999857,0.7209400000000107,1.0005070000000371,0.9972310000000413,0.02932500000000004
119,1.0941769103781764,0.1121989999999996,0.2510420000000035,0.8807360000000287,0.7669500000000169,0.028386000000000047,0.940534000000028,0.44793399999998523,0.914772000000029,0.42521899999998714,0.46855799999998626,0.0,0.48617999999998457,0.7189480000000127,1.0005260000000347,0.9972880000000387,0.02870300000000006
120,1.095695627929818,0.11441099999999971,0.2618300000000027,0.8848100000000318,0.7670780000000198,0.029694000000000047,0.9445970000000317,0.45346499999998285,0.915951000000031,0.42951699999998777,0.47176799999998653,0.0,0.4943969999999855,0.7172290000000144,1.0004730000000355,0.9972050000000381,0.02825200000000005
121,1.096462614869407,0.11444399999999952,0.27443699999999915,0.889539000000026,0.7673170000000165,0.03152400000000001,0.9464180000000267,0.460349999999986,0.9199130000000283,0.4375399999999887,0.4810679999999875,0.0,0.5010599999999859,0.7115790000000101,1.0004790000000319,0.9970720000000379,0.03074800000000005
122,1.097561270409541,0.11346699999999958,0.2824359999999995,0.8917440000000364,0.771836000000024,0.03274800000000002,0.9452260000000374,0.4643859999999859,0.923682000000039,0.43843599999998795,0.4829339999999855,0.0,0.5042919999999863,0.7083270000000157,1.0004710000000412,0.9971320000000432,0.03374500000000003
123,1.0984909048056226,0.11454199999999966,0.290125999999997,0.892080000000031,0.7753330000000207,0.03408100000000003,0.9481840000000339,0.4735649999999852,0.926715000000033,0.4384249999999859,0.4861869999999847,0.0,0.5120339999999859,0.7087910000000137,1.00041500000004,0.9969270000000422,0.035923000000000004
124,1.0999222384546263,0.1124229999999995,0.29956499999999675,0.8942260000000253,0.7786280000000153,0.034029,0.949901000000028,0.4798429999999886,0.9300730000000267,0.44451199999999036,0.4929979999999872,0.0,0.5188239999999918,0.7088250000000145,1.000450000000031,0.9971420000000347,0.03689500000000001
125,1.1006382878318939,0.11348399999999982,0.29844999999999705,0.8977260000000317,0.782982000000022,0.03351500000000002,0.952950000000032,0.48309899999998496,0.9307320000000312,0.44793899999998726,0.5031009999999869,0.0,0.52754199999999,0.709467000000015,1.0004920000000377,0.9970300000000416,0.03801000000000002
126,1.1021681750520214,0.11101599999999967,0.312172999999996,0.901465000000029,0.7879910000000211,0.034110000000000015,0.9501560000000285,0.4927339999999863,0.9331110000000291,0.4545639999999891,0.5135829999999921,0.0,0.5315549999999962,0.7074700000000115,1.0004190000000333,0.9968490000000364,0.04083899999999998
127,1.102942999279119,0.10768899999999988,0.3130919999999973,0.9048590000000278,0.7867880000000214,0.03478200000000002,0.9483260000000294,0.48651399999998646,0.9339990000000294,0.4631219999999898,0.5197909999999932,0.0,0.5353389999999951,0.6998360000000124,1.0004180000000344,0.9972340000000363,0.03939300000000002
128,1.1041562365783633,0.10852899999999985,0.3210719999999972,0.9097510000000278,0.79282800000002,0.036253999999999995,0.9448140000000307,0.49137499999998785,0.934154000000029,0.47369999999998963,0.5294329999999964,0.0,0.5472099999999991,0.6932860000000122,1.0004000000000342,0.9972080000000367,0.03909900000000001
129,1.1051566021287407,0.11244999999999973,0.3227959999999969,0.9127740000000292,0.7897780000000235,0.03743799999999995,0.9471280000000302,0.48837799999998627,0.9378640000000305,0.4780689999999885,0.5387839999999977,0.0,0.5454479999999979,0.6939560000000106,1.0004340000000336,0.9972000000000358,0.036924999999999986
130,1.106648563541651,0.1117409999999995,0.3261589999999969,0.9168440000000324,0.7932340000000172,0.03621700000000001,0.9492380000000301,0.4941799999999873,0.9423210000000317,0.4891569999999885,0.5496299999999982,0.0,0.5560689999999998,0.6932120000000143,1.0004320000000344,0.9970070000000367,0.036860000000000025
131,1.1086604506302074,0.11050199999999971,0.3328639999999958,0.9202350000000218,0.7997510000000153,0.03697599999999997,0.950664000000022,0.4992469999999857,0.9427330000000238,0.4991289999999884,0.5574209999999975,0.0,0.5607979999999977,0.6866550000000046,1.0004370000000264,0.9970860000000297,0.038278999999999994
132,1.1094708814196468,0.10892199999999976,0.336198999999996,0.9245740000000316,0.7976810000000174,0.03787199999999999,0.95447100000003,0.5049659999999876,0.9420950000000311,0.5023479999999885,0.557826999999997,0.0,0.5679059999999994,0.6868550000000126,1.0004080000000357,0.9971780000000376,0.04001400000000001
133,1.1104494347370981,0.10907199999999964,0.34471199999999397,0.9284330000000228,0.796697000000014,0.038185999999999956,0.9569600000000222,0.5104019999999879,0.9473120000000207,0.5095059999999911,0.5627079999999977,0.0,0.5753839999999988,0.6881270000000118,1.0003980000000265,0.9971140000000308,0.04130600000000002
134,1.1114210779925224,0.1082649999999995,0.3618779999999941,0.9310920000000309,0.7996210000000198,0.03974999999999995,0.9612230000000319,0.5187859999999906,0.9486480000000319,0.5161349999999907,0.5723079999999986,0.0,0.5878439999999985,0.6847270000000105,1.0003930000000365,0.9969110000000406,0.04279700000000001
135,1.1132426971393918,0.10967799999999955,0.3659279999999928,0.9348200000000283,0.7996240000000219,0.040273,0.9606370000000288,0.5163719999999892,0.9499420000000292,0.5250549999999944,0.5747170000000016,0.0,0.5949320000000032,0.6817840000000137,1.0004040000000318,0.9970680000000346,0.04373899999999999
136,1.1140976675308298,0.10748799999999982,0.3697479999999952,0.9369800000000225,0.8002450000000135,0.03871800000000001,0.9648020000000217,0.5181969999999895,0.9509450000000216,0.5356519999999961,0.5822029999999996,0.0,0.594532,0.6811220000000072,1.0004300000000257,0.9971210000000288,0.04159699999999996
137,1.1157275924184553,0.10852799999999971,0.3808639999999935,0.9408150000000268,0.8003950000000171,0.04189700000000001,0.9659320000000275,0.5279039999999954,0.9499080000000273,0.5421759999999958,0.5884870000000008,0.0,0.603682000000001,0.6778370000000096,1.0003970000000302,0.9973600000000328,0.04469399999999997
138,1.1172985368686141,0.10871399999999957,0.39424999999999416,0.9436790000000252,0.8056120000000164,0.04386399999999991,0.9666510000000241,0.5425839999999991,0.9525630000000247,0.5513169999999995,0.6006050000000046,0.0,0.6128260000000046,0.6797900000000112,1.0003740000000274,0.9971100000000308,0.045287999999999974
139,1.1186873389499714,0.10808599999999977,0.40503399999999323,0.9429600000000276,0.8039120000000207,0.04597599999999998,0.9683340000000283,0.5455099999999948,0.9558110000000286,0.551837999999998,0.6034010000000047,0.0,0.6091560000000044,0.6715370000000099,1.0003660000000292,0.9969350000000323,0.04461000000000002
140,1.1206551099792155,0.10921499999999985,0.4161409999999927,0.9422520000000248,0.8111410000000168,0.04502999999999994,0.9687040000000262,0.556482999999999,0.9590650000000266,0.5567609999999933,0.6077940000000025,0.0,0.6149230000000007,0.6736140000000117,1.0003520000000274,0.9969360000000312,0.04658199999999998
141,1.122345057885094,0.10816199999999966,0.41834299999999486,0.9443570000000246,0.809071000000017,0.04842199999999999,0.9714300000000243,0.5596590000000035,0.9605120000000245,0.5620700000000027,0.6143780000000068,0.0,0.6215410000000069,0.6755530000000094,1.000372000000026,0.996911000000029,0.045536999999999994
142,1.1241105066611765,0.1090499999999996,0.4291219999999926,0.9454490000000251,0.8060300000000192,0.047928000000000026,0.972526000000023,0.5693200000000023,0.9615020000000234,0.5643339999999998,0.6186290000000055,0.0,0.6305380000000078,0.6789470000000093,1.0003730000000246,0.9969360000000291,0.048112999999999996
143,1.1253088084613039,0.11076899999999969,0.44188399999999295,0.945308000000025,0.807573000000019,0.04985299999999998,0.9717510000000246,0.5830760000000035,0.9632570000000266,0.5677970000000032,0.6196520000000083,0.0,0.6311380000000081,0.6845640000000107,1.0003500000000283,0.997121000000031,0.04770099999999991
144,1.1265815327237048,0.11005499999999957,0.4528499999999926,0.9454970000000243,0.8100380000000152,0.04988799999999996,0.9716540000000248,0.5900890000000031,0.9652080000000247,0.5781250000000006,0.6293880000000032,0.0,0.6385660000000024,0.6892980000000093,1.0003940000000255,0.9968120000000279,0.049233000000000006
145,1.1272878993447504,0.10800899999999969,0.4606469999999926,0.9433060000000184,0.8118300000000112,0.04606000000000002,0.9739080000000201,0.5951180000000051,0.9655200000000181,0.5832679999999995,0.6330360000000049,0.0,0.6471100000000043,0.6916490000000058,1.0003230000000223,0.9969160000000252,0.0515429999999999
146,1.1288007197056957,0.10652999999999976,0.4603649999999941,0.9464220000000259,0.8111570000000152,0.04775699999999997,0.9743770000000239,0.5983830000000031,0.9675910000000245,0.5883860000000006,0.6381740000000061,0.0,0.6530900000000074,0.6908510000000108,1.0003370000000276,0.996853000000029,0.05296999999999998
147,1.1305966416507776,0.10624299999999966,0.47041999999999196,0.9482130000000215,0.8114320000000127,0.04825199999999999,0.9746710000000204,0.6057320000000063,0.9665890000000213,0.5915980000000023,0.6428220000000054,0.0,0.6598890000000069,0.6933800000000105,1.000356000000023,0.9970390000000257,0.053349999999999974
148,1.1326113648662248,0.10819799999999975,0.48036599999999163,0.9484470000000264,0.8150870000000184,0.047512999999999965,0.974326000000026,0.613026000000008,0.9663910000000268,0.593588000000005,0.6520930000000086,0.0,0.6635290000000107,0.687383000000012,1.0003680000000275,0.9970870000000306,0.054472999999999966
149,1.1335990019764182,0.10849900000000005,0.49103399999999175,0.9479800000000262,0.8201000000000179,0.04856999999999997,0.9753010000000243,0.6212590000000098,0.9664730000000248,0.5998930000000064,0.6568300000000115,0.0,0.6670700000000095,0.671485000000012,1.0003110000000273,0.9971600000000299,0.055879999999999916
150,1.1344321972429006,0.10926999999999984,0.4931869999999929,0.9468720000000169,0.8186910000000155,0.049635999999999965,0.9760200000000187,0.6207390000000065,0.9645270000000192,0.6033560000000046,0.6609200000000058,0.0,0.6660180000000067,0.6705450000000057,1.000356000000021,0.9971250000000238,0.05374799999999996
151,1.1366182480870102,0.10739299999999977,0.5012889999999934,0.9496310000000178,0.8202710000000131,0.048006999999999966,0.975685000000019,0.6328200000000067,0.9665520000000178,0.6099310000000051,0.6667310000000086,0.0,0.6781400000000063,0.6702910000000103,1.0003500000000212,0.9973090000000252,0.05464699999999992
152,1.137017201092112,0.10829299999999983,0.507211999999995,0.9503200000000243,0.8236430000000156,0.048146,0.9756260000000242,0.6369830000000091,0.9661130000000242,0.610313000000005,0.668478000000007,0.0,0.6817850000000074,0.6699700000000094,1.0003370000000256,0.9969000000000284,0.05738499999999994
153,1.1373537581836644,0.10674499999999992,0.5128419999999917,0.9494730000000207,0.819649000000013,0.050240999999999966,0.9753780000000205,0.6425780000000046,0.9698550000000211,0.6143930000000019,0.6727700000000036,0.0,0.6806190000000051,0.6654630000000048,1.0003160000000233,0.9968100000000283,0.05821899999999998
154,1.1379258471240568,0.10406899999999981,0.5191129999999934,0.9516550000000172,0.8279980000000089,0.05007399999999997,0.9761550000000175,0.6501830000000044,0.972528000000019,0.6244050000000003,0.6785210000000047,0.0,0.6904650000000047,0.6599550000000047,1.0003130000000209,0.996924000000026,0.058633
155,1.1395087019774288,0.10215999999999985,0.5162349999999951,0.9558650000000212,0.8333120000000164,0.050144,0.9777600000000214,0.6490550000000083,0.9717410000000215,0.6366610000000072,0.6867600000000108,0.0,0.6983740000000098,0.6587650000000079,1.000298000000023,0.9969850000000241,0.058205999999999924
156,1.1409330878549262,0.1018379999999999,0.5197679999999958,0.95591900000002,0.8356080000000161,0.05165399999999995,0.9760740000000193,0.6515360000000131,0.9731050000000189,0.6429650000000089,0.6936580000000095,0.0,0.6998100000000097,0.6517790000000097,1.000249000000021,0.9968860000000235,0.06317399999999995
157,1.1425292532448572,0.10226999999999967,0.5247019999999972,0.9592530000000232,0.8282040000000166,0.05224699999999999,0.9775800000000233,0.6498370000000079,0.9761860000000228,0.6458890000000074,0.701758000000011,0.0,0.7053810000000095,0.6593910000000103,1.000318000000024,0.9970020000000266,0.06507099999999995
158,1.1440819505000437,0.10234499999999992,0.5304329999999962,0.9570800000000184,0.8295000000000143,0.05322599999999998,0.978908000000018,0.6517070000000094,0.9763400000000183,0.6442130000000057,0.7015510000000107,0.0,0.704160000000008,0.6507240000000076,1.0002940000000184,0.9968950000000214,0.06303499999999994
159,1.14556124846206,0.10465299999999986,0.537395999999999,0.9592180000000251,0.834421000000017,0.050440999999999965,0.9800230000000246,0.6586760000000111,0.9791270000000245,0.6541920000000087,0.7153570000000111,0.0,0.7119780000000119,0.6504720000000098,1.0002870000000255,0.9968850000000287,0.06236299999999993
160,1.1477721816716189,0.1010979999999998,0.5409680000000007,0.9612420000000207,0.8353850000000155,0.04949299999999991,0.9798980000000201,0.656257000000009,0.979814000000022,0.6578320000000076,0.7165130000000115,0.0,0.7153790000000098,0.6462740000000109,1.000318000000022,0.9970040000000233,0.06405099999999994
161,1.1489773424623988,0.09904999999999989,0.5438659999999986,0.9636280000000191,0.8394370000000129,0.05013799999999999,0.9785310000000184,0.6576860000000039,0.9791330000000185,0.6678510000000062,0.719720000000007,0.0,0.7232230000000073,0.6400150000000027,1.0002630000000194,0.9970160000000242,0.06696599999999996
162,1.1508375367798669,0.10562799999999979,0.5509229999999988,0.9667650000000177,0.8418340000000109,0.04864599999999995,0.978281000000017,0.6611960000000061,0.9804670000000167,0.6692420000000047,0.7253970000000058,0.0,0.7322710000000061,0.6430080000000062,1.000236000000018,0.9970900000000205,0.07293899999999992
163,1.152531569634026,0.10332799999999996,0.5604890000000018,0.9666260000000199,0.8462670000000129,0.04572299999999998,0.9789700000000193,0.6690570000000078,0.9828360000000191,0.6784560000000054,0.7359870000000086,0.0,0.7433260000000083,0.6402440000000074,1.0003030000000206,0.9970560000000221,0.07113099999999992
164,1.154928835298888,0.10229699999999987,0.5604630000000033,0.9671980000000167,0.8464460000000128,0.045696999999999904,0.9792750000000158,0.6630540000000098,0.9836750000000162,0.6735140000000074,0.7307210000000083,0.0,0.7439350000000086,0.634839000000007,1.000274000000017,0.9969950000000202,0.06932400000000001
165,1.1564094540657583,0.10596999999999987,0.5689960000000027,0.9699990000000197,0.8481310000000125,0.045586999999999996,0.9796600000000184,0.6666410000000095,0.9851670000000192,0.6752280000000069,0.7346760000000095,0.0,0.7505810000000089,0.6288430000000067,1.00024000000002,0.9969360000000219,0.07130399999999996
166,1.1573195483061303,0.10176199999999996,0.5877959999999989,0.9704870000000143,0.8485160000000084,0.04606500000000006,0.9814190000000139,0.681571000000005,0.9874840000000144,0.6818520000000023,0.7435620000000042,0.0,0.7514280000000059,0.6263300000000029,1.0002720000000151,0.9967830000000181,0.07490399999999992
167,1.1590196507226083,0.10080899999999995,0.5938280000000046,0.9720950000000134,0.8523490000000085,0.045854,0.9817950000000137,0.6849050000000095,0.9895630000000135,0.6874910000000065,0.7457430000000064,0.0,0.7551220000000071,0.6250060000000084,1.000250000000014,0.9970180000000162,0.07622800000000003
168,1.160813813141943,0.0982319999999999,0.5952630000000054,0.9726200000000219,0.8588210000000149,0.04407599999999997,0.9829570000000226,0.686422000000013,0.9889470000000232,0.6965100000000073,0.7516050000000081,0.0,0.7590860000000098,0.6264340000000088,1.000225000000024,0.9968740000000266,0.0771979999999999
169,1.1618655104566775,0.09564999999999985,0.6031610000000028,0.9747610000000188,0.8633200000000116,0.04290500000000002,0.9851830000000198,0.6923460000000101,0.9900080000000199,0.7005330000000091,0.7579680000000095,0.0,0.7678950000000093,0.6228480000000042,1.0002720000000207,0.9970670000000219,0.0789349999999999
170,1.162846124947526,0.0950059999999999,0.6129090000000048,0.9768900000000162,0.8671870000000104,0.04455600000000001,0.9857100000000157,0.6981820000000095,0.990243000000016,0.7065640000000083,0.7656470000000074,0.0,0.772452000000007,0.623557000000008,1.0002350000000162,0.9969410000000193,0.08060699999999989
171,1.1643485221409764,0.09331099999999984,0.6181580000000058,0.9775920000000189,0.8629770000000138,0.04834700000000002,0.9846380000000189,0.6998650000000108,0.991379000000019,0.7063780000000084,0.764972000000009,0.0,0.7702620000000104,0.6219770000000058,1.0002090000000192,0.9968610000000218,0.08351499999999981
172,1.1655012271779175,0.09117999999999994,0.6210410000000066,0.9753100000000153,0.8644460000000113,0.050202999999999956,0.9865480000000157,0.7028250000000116,0.9915520000000159,0.7106030000000064,0.7678810000000085,0.0,0.7749790000000064,0.6203590000000068,1.0002250000000161,0.9967540000000188,0.08325199999999994
173,1.1667238379652443,0.0906179999999999,0.6350170000000067,0.9738290000000163,0.8679130000000119,0.04787699999999998,0.9880840000000165,0.7133290000000102,0.9924440000000164,0.7165420000000086,0.7733890000000094,0.0,0.7793900000000082,0.6173980000000067,1.0001680000000166,0.9966740000000177,0.08504899999999985
174,1.1678427261258701,0.09056499999999992,0.6377010000000041,0.9735630000000124,0.8646340000000099,0.04702800000000004,0.9874750000000128,0.7187690000000079,0.993060000000013,0.7220430000000053,0.778094000000008,0.0,0.7819540000000075,0.6126570000000051,1.0001990000000138,0.9970730000000164,0.08082399999999988
175,1.1705754781050206,0.09409899999999988,0.6358880000000067,0.9754870000000154,0.8601490000000116,0.04801800000000001,0.988040000000015,0.717092000000008,0.9923890000000154,0.7262780000000054,0.7780610000000074,0.0,0.7808070000000082,0.6079740000000045,1.0002370000000158,0.9968260000000174,0.08205799999999991
176,1.1719590983201589,0.09348399999999982,0.6448840000000079,0.977443000000018,0.8653210000000126,0.045421999999999955,0.9893280000000173,0.7221760000000139,0.9916880000000178,0.7342750000000106,0.7776260000000111,0.0,0.7840880000000108,0.6056220000000093,1.0002070000000185,0.9970500000000193,0.0867019999999999
177,1.173843608550279,0.09578499999999998,0.6508620000000054,0.9788710000000201,0.8627330000000145,0.04794200000000005,0.9898730000000201,0.7237870000000117,0.99242000000002,0.741013000000009,0.7810660000000103,0.0,0.78280300000001,0.6065500000000019,1.00017200000002,0.9967670000000229,0.08710899999999995
178,1.1751324888324886,0.09602499999999985,0.6565350000000059,0.9780090000000171,0.8636670000000111,0.04907700000000001,0.990397000000018,0.7304330000000101,0.9917790000000178,0.7475510000000096,0.7789240000000085,0.0,0.781172000000007,0.6087230000000055,1.0001870000000184,0.9969220000000201,0.08997399999999992
179,1.1767623975945196,0.09675299999999988,0.6710340000000041,0.9802880000000133,0.8668790000000086,0.050867999999999955,0.9886890000000133,0.7397310000000069,0.9921910000000129,0.7574290000000069,0.7864920000000051,0.0,0.7860320000000062,0.6004670000000025,1.0001940000000127,0.997061000000015,0.09373300000000001
180,1.1795595618136157,0.09792599999999987,0.6735090000000034,0.9820500000000147,0.8678380000000117,0.05067599999999997,0.989610000000015,0.7460600000000085,0.9929880000000147,0.7639090000000077,0.7931460000000067,0.0,0.7892650000000073,0.6000550000000019,1.0001500000000156,0.9967770000000186,0.09537499999999989
181,1.1819304765328784,0.09895799999999987,0.6780100000000044,0.9820740000000174,0.8682330000000105,0.05162599999999996,0.9885700000000187,0.7489900000000075,0.9926040000000181,0.765819000000009,0.7951670000000072,0.0,0.7912310000000079,0.6027700000000048,1.000139000000019,0.9970510000000196,0.09713299999999998
182,1.1834622584304866,0.10011999999999986,0.6865420000000042,0.9830050000000119,0.8725400000000065,0.05134499999999999,0.9881450000000115,0.7534280000000064,0.9925260000000111,0.7720720000000049,0.7946570000000032,0.0,0.7976770000000052,0.6030740000000047,1.0002130000000116,0.9969170000000139,0.10141599999999998
183,1.1849770901212904,0.10227099999999992,0.6925720000000043,0.9843050000000176,0.8741460000000124,0.05060599999999997,0.9873400000000175,0.7577610000000098,0.9933760000000177,0.7788190000000096,0.8011750000000087,0.0,0.8012990000000075,0.5945640000000033,1.0001750000000178,0.9968660000000189,0.10697499999999997
184,1.1852283052644161,0.0989119999999998,0.6978450000000048,0.9865950000000133,0.8747970000000084,0.04987099999999996,0.9892680000000128,0.7650190000000082,0.9932730000000135,0.790008000000008,0.8061840000000069,0.0,0.8041710000000075,0.5980070000000081,1.000223000000014,0.9969000000000153,0.10886499999999996
185,1.1890992609094257,0.09816499999999988,0.6980200000000075,0.9878760000000149,0.8769810000000096,0.04806899999999999,0.9904700000000158,0.7641490000000108,0.9937970000000156,0.8019760000000105,0.8114930000000089,0.0,0.806258000000008,0.5950910000000044,1.000148000000016,0.9968460000000181,0.10617899999999988
186,1.1907045449116709,0.09541799999999989,0.705196000000004,0.9881220000000128,0.8789710000000088,0.04839700000000001,0.9907560000000125,0.7687200000000081,0.9934850000000126,0.7994800000000064,0.8145260000000053,0.0,0.806530000000007,0.5907269999999974,1.0001540000000129,0.9967120000000153,0.10638299999999992
187,1.191667824888518,0.0969019999999998,0.7075810000000035,0.9889560000000128,0.8817940000000091,0.04651999999999992,0.9927800000000128,0.772410000000007,0.9937760000000135,0.8067330000000069,0.8177650000000056,0.0,0.8124310000000052,0.5832000000000049,1.000176000000013,0.9967020000000152,0.1035629999999999
188,1.1945135276543675,0.095067,0.7123680000000034,0.9879700000000137,0.879098000000008,0.047955000000000025,0.9933800000000136,0.7741120000000075,0.9941670000000139,0.8047380000000072,0.815816000000007,0.0,0.8137000000000065,0.5862430000000015,1.000182000000014,0.9969670000000158,0.10549199999999995
189,1.1969670584401846,0.08996599999999988,0.7163310000000025,0.9889360000000122,0.8816020000000054,0.04705299999999999,0.9922090000000119,0.7779540000000054,0.9937940000000124,0.8085640000000055,0.8189580000000057,0.0,0.8172060000000055,0.5846019999999972,1.0001660000000123,0.9968370000000149,0.10439799999999988
190,1.1999211731404296,0.08701199999999996,0.722400000000006,0.9887530000000152,0.8795790000000108,0.04740699999999997,0.9923660000000152,0.7825220000000087,0.9932590000000155,0.8110990000000081,0.8224250000000087,0.0,0.8211790000000069,0.5805650000000036,1.0001030000000155,0.9967730000000181,0.10704699999999992
191,1.2019910371641138,0.08701799999999996,0.7224230000000064,0.9898750000000138,0.8783740000000083,0.04834300000000001,0.9926840000000141,0.7816350000000087,0.9937580000000142,0.8129060000000069,0.8273460000000061,0.0,0.8251250000000073,0.582168,1.0001570000000144,0.9967760000000154,0.10715899999999993
192,1.2045212282973605,0.08692199999999993,0.7273560000000051,0.9910320000000129,0.8824070000000089,0.046997999999999984,0.9939950000000127,0.7879080000000088,0.9932470000000135,0.8153600000000072,0.832190000000007,0.0,0.829611000000007,0.5749690000000027,1.0001610000000132,0.9968330000000148,0.1030689999999999
193,1.205323439435422,0.08336899999999994,0.733481000000005,0.9904990000000119,0.8841460000000085,0.04601799999999999,0.9942630000000119,0.793531000000007,0.9932820000000117,0.8181820000000068,0.8380370000000066,0.0,0.8366490000000071,0.5747130000000015,1.0001670000000118,0.9967020000000129,0.1019069999999999
194,1.2067722382096366,0.08269199999999988,0.737015000000006,0.9910830000000106,0.8837450000000066,0.045552000000000016,0.9941190000000104,0.7975950000000073,0.9926040000000109,0.8271500000000058,0.8409250000000053,0.0,0.8413780000000056,0.5779130000000022,1.000114000000011,0.9968560000000123,0.104213
195,1.2096890067094026,0.07953099999999999,0.7362540000000057,0.9924890000000116,0.8784170000000072,0.047284,0.9928540000000118,0.7976710000000086,0.9933520000000119,0.8288590000000067,0.8397740000000063,0.0,0.8398720000000062,0.5735670000000047,1.0001540000000115,0.9969630000000129,0.11050399999999995
196,1.2129479088934902,0.08240699999999994,0.7451050000000032,0.9925280000000071,0.8812210000000055,0.04736799999999997,0.9934080000000076,0.802346000000005,0.9942070000000075,0.8306870000000062,0.8431260000000046,0.0,0.8454340000000036,0.5692920000000007,1.0001100000000078,0.9967510000000089,0.11068099999999988
197,1.214015303053325,0.08095899999999996,0.7482050000000027,0.9927940000000092,0.8844100000000042,0.04708700000000002,0.9935780000000097,0.8043960000000067,0.99431600000001,0.8371540000000042,0.8463350000000047,0.0,0.8478110000000055,0.5718010000000022,1.00013600000001,0.9967170000000126,0.11912899999999994
198,1.215903096849584,0.07959699999999997,0.7526110000000054,0.9921120000000097,0.8863840000000058,0.04668999999999999,0.9934650000000093,0.807309000000007,0.9942390000000096,0.838661000000007,0.8451570000000056,0.0,0.8497710000000058,0.5678930000000029,1.0001350000000102,0.9969670000000121,0.11422199999999993
199,1.2181148245827649,0.07643499999999993,0.7629580000000052,0.9931440000000111,0.8907730000000064,0.04747999999999997,0.992094000000011,0.8137400000000082,0.9954420000000113,0.8437480000000057,0.8495100000000053,0.0,0.8565250000000066,0.5604419999999957,1.0001170000000117,0.9969140000000127,0.11603499999999996
200,1.219624068850436,0.0803909999999999,0.7673970000000053,0.9945940000000112,0.8903960000000064,0.04810000000000003,0.991954000000011,0.8151720000000068,0.994780000000011,0.8453360000000059,0.8538320000000063,0.0,0.8593310000000054,0.5614409999999957,1.0001230000000112,0.9968700000000119,0.12295299999999994
