,PopRatio,Diff_KC,Fibroblast,ILC3,M1,M2,Neutrophil,Prol_KC,Th0,Th1,Th17,Th2,Th22,Treg,iDC,pDC,preDiff_KC
0,1.0,0.000353,0.0,0.0,0.0,0.0,0.0,0.0,0.0,0.0,0.0,0.0,0.0,0.16966700000000004,0.0,0.0,0.0
1,1.0,0.001859,0.0,0.0,0.0,0.0,0.0,0.0,0.0,0.0,0.0,0.0,0.0,0.131589,0.0,0.0,0.0
2,0.9999949999999999,0.002757,0.0,0.0,5e-06,0.0,0.0,0.0,0.0,0.0,0.0,0.0,0.0,0.12890299999999996,0.0005940000000000001,0.0006050000000000001,0.0
3,0.9999959999949998,0.0039120000000000005,0.0,0.0,6.6e-05,0.0,0.0,0.0,0.0,0.0,0.0,0.0,0.0,0.139215,0.0033760000000000005,0.0033470000000000006,0.0
4,0.9999920000109995,0.00586,0.0,0.0,0.000583,0.0,8.2e-05,0.0,0.0,0.0,0.0,0.0,0.0,0.1583540000000001,0.009989999999999995,0.009998999999999996,0.0
5,0.9999969999710001,0.007977,0.0,0.0,0.001089,0.0,0.0005170000000000001,0.0,0.0,0.0,0.0,0.0,0.0,0.17510000000000023,0.022445,0.022478000000000005,0.0
6,1.0000029999530005,0.008951999999999998,0.0,0.0,0.0026680000000000002,0.0,0.0015010000000000002,0.0,0.0,0.0,0.0,0.0,0.0,0.19245300000000018,0.04191100000000001,0.04196200000000001,0.0
7,1.0000290000310001,0.010467,0.0,0.0,0.004120000000000001,0.0,0.0032750000000000006,0.0,0.0,0.0,0.0,0.0,0.0,0.203781,0.06383900000000003,0.06369300000000001,0.0
8,1.000045000495001,0.011198,0.0,0.0,0.0066980000000000026,0.0,0.005845000000000002,0.0,0.0,0.0,0.0,0.0,0.0,0.22118400000000057,0.09512999999999984,0.09507499999999981,0.0
9,1.000092002610027,0.011692999999999999,0.0,0.0,0.010247,0.0,0.010607999999999989,0.0,0.0,0.0,0.0,0.0,0.0,0.23628000000000038,0.12965200000000013,0.12967500000000012,0.0
10,1.000154008314191,0.013262999999999997,0.0,0.0,0.014926999999999972,0.0,0.01598699999999999,0.0,0.0,0.0,0.0,0.0,0.0,0.2452430000000003,0.1708590000000004,0.1708550000000004,0.0
11,1.0002150177087012,0.016192999999999996,0.0,0.0,0.02062100000000001,0.0,0.023002000000000033,0.0,0.000171,0.0,0.0,0.0,0.0,0.25371799999999994,0.21092200000000014,0.21093600000000012,0.0
12,1.0003180398555302,0.016867000000000004,0.0,0.0,0.027907000000000064,0.0,0.028542000000000067,0.0,0.000266,0.0,0.0,0.0,0.0,0.2683479999999995,0.25128600000000184,0.25114100000000167,0.0
13,1.0004080684791246,0.01524399999999999,0.0,0.0,0.034394000000000036,0.0,0.036952999999999986,0.0,0.00025100000000000003,0.0,0.0,0.0,0.0,0.28371399999999974,0.2904039999999981,0.29002599999999823,0.0
14,1.0005401223441746,0.016269999999999993,0.0,0.0,0.04322999999999997,0.0,0.04795999999999989,0.0,0.000363,0.0,0.0,0.0,0.0,0.2996449999999981,0.3332679999999963,0.33317999999999615,0.0
15,1.0006902033625382,0.016445000000000008,0.0,0.0,0.05351899999999989,0.0,0.05569399999999993,0.0,0.000496,0.0,0.0,0.0,0.0,0.3103669999999987,0.3876219999999953,0.3869739999999952,0.0
16,1.0008613213873199,0.017866000000000007,0.0,0.0,0.06454199999999982,0.0,0.06808099999999986,0.0,0.000451,0.0,0.0,0.0,0.0,0.322055999999998,0.43347099999999494,0.43289499999999537,0.0
17,1.0010624945129352,0.019822000000000013,0.0,0.0,0.07196299999999979,0.0,0.07931199999999979,0.0,0.000562,0.0,0.0,0.0,0.0,0.3310609999999983,0.47239599999999377,0.4713939999999939,0.0
18,1.0012927388866888,0.02062900000000004,0.0,0.0,0.08539999999999955,0.0,0.09553899999999962,0.0,0.0014010000000000003,0.0,0.0,0.0,0.0,0.34436899999999765,0.516046999999996,0.5148059999999961,0.0
19,1.0016091473921966,0.02025100000000001,0.0,0.0,0.09812499999999952,0.0,0.10772199999999942,0.0,0.0015369999999999997,0.0,0.0,0.0,0.0,0.3585729999999972,0.5554690000000042,0.5539990000000042,0.0
20,1.001929662319393,0.021202000000000023,0.0,0.0,0.11357699999999923,0.0,0.11812199999999919,0.0,0.0026680000000000007,0.0,0.0,0.0,0.0,0.36627799999999866,0.5898700000000052,0.5875650000000053,0.0
21,1.0023725152301606,0.02083500000000003,0.0,0.0,0.12579999999999922,0.0,0.13360399999999945,2.7e-05,0.004521000000000004,0.0,0.0,0.0,0.0,0.38486499999999096,0.6284750000000159,0.6255740000000156,0.0
22,1.0028366137047577,0.021387000000000024,0.0,0.0,0.14388600000000035,0.0,0.14457500000000023,0.0,0.006156000000000004,0.0,0.0,0.0,0.0,0.3966989999999952,0.6647870000000095,0.6609480000000094,0.0
23,1.0033580887439184,0.02247900000000002,0.0,0.0,0.15775200000000128,0.0,0.16431200000000123,6.6e-05,0.008631000000000007,0.0,0.0,0.0,0.0,0.4060269999999947,0.6984770000000181,0.6935220000000184,0.0
24,1.00395609016484,0.025470000000000038,0.0,0.0,0.1722860000000015,0.0,0.1815510000000033,1.4e-05,0.012450999999999978,0.0,0.0,0.0,0.0,0.42077099999998985,0.7274990000000174,0.7223790000000184,0.0
25,1.0046066537112988,0.02615700000000005,0.0,0.0,0.1920960000000031,0.0,0.1948550000000036,0.000147,0.01618299999999999,0.0,0.0,0.0,0.0,0.43020999999999165,0.7546660000000275,0.748657000000027,0.0
26,1.0053259520753948,0.024801000000000035,0.0,0.0,0.2160330000000053,0.0,0.2087390000000052,0.00023,0.020962999999999992,0.0,0.0,0.0,0.0,0.4410429999999881,0.7756030000000367,0.7680420000000369,0.0
27,1.0061563513118656,0.02585900000000007,0.0,0.0,0.23690700000000553,0.0,0.21958600000000503,0.000146,0.024678000000000054,0.0,0.0,0.0,0.0,0.44689399999998847,0.7979980000000262,0.7907750000000247,0.0
28,1.0070035349597073,0.026791000000000016,0.0,6.7e-05,0.2500510000000069,0.0,0.23928100000000632,0.000449,0.02864700000000007,0.0,0.0,0.0,0.0,0.4459459999999883,0.8126240000000362,0.8049030000000373,0.0
29,1.0079239361907124,0.02679000000000003,0.0,0.000236,0.2642830000000038,0.0,0.2581110000000058,0.000334,0.03253800000000008,0.0,0.0,0.0,0.0,0.4481749999999881,0.8308100000000378,0.8227610000000382,0.0
30,1.0088482024402567,0.026859000000000056,0.0,0.000455,0.2790410000000016,0.0,0.2780260000000027,0.0005560000000000001,0.041417999999999906,0.0,0.0,0.0,0.0,0.4509149999999897,0.845357000000042,0.8375640000000428,0.0
31,1.0098015639916174,0.02997400000000006,0.0,0.000945,0.2981159999999999,0.0,0.29657599999999984,0.0002,0.047931999999999954,0.0,0.0,0.0,0.0,0.4592829999999854,0.8580010000000414,0.8499690000000415,0.0
32,1.01086993404637,0.03411399999999999,0.0,0.0012800000000000003,0.32979799999999604,0.0,0.31349699999999836,0.000378,0.05215599999999984,0.0,0.0,0.0,0.0,0.46914599999998363,0.8729600000000469,0.8630170000000471,0.0
33,1.011974814884351,0.03224500000000002,0.0,0.0018520000000000001,0.34877899999999457,0.0,0.3277699999999969,0.0009640000000000001,0.06286199999999983,0.0,0.0,0.0,0.0,0.47373299999998303,0.8854990000000583,0.8754260000000574,0.0
34,1.0130910231052375,0.034578000000000046,0.0,0.002247,0.3660569999999934,6.7e-05,0.34321299999999616,0.00151,0.07282799999999964,0.0,0.0,0.0,0.0,0.477091999999981,0.8969810000000511,0.8860800000000518,0.0
35,1.0142570908728947,0.03622400000000006,0.0,0.00401,0.38652299999999007,6.6e-05,0.3644649999999919,0.0022180000000000004,0.08159399999999957,0.0,0.0,0.0,0.0,0.4803649999999822,0.9093260000000615,0.8978470000000596,0.0
36,1.0154103011852844,0.03659499999999999,0.0,0.005588000000000002,0.3999719999999894,0.0,0.37832499999999053,0.0026820000000000012,0.09307199999999947,0.0,0.0,0.0,0.0,0.49140799999998436,0.9194800000000488,0.908479000000049,0.0
37,1.0165516223638678,0.035355000000000046,0.0,0.008113000000000006,0.4140509999999877,0.0,0.39621999999998947,0.004188000000000002,0.10250999999999914,0.000129,0.0,0.0,5.9999999999999995e-05,0.49505099999998436,0.927284000000062,0.9171430000000619,0.0
38,1.0177226898328993,0.038442000000000046,0.0,0.010619000000000003,0.4342519999999875,0.0,0.4168809999999865,0.006432000000000002,0.11189499999999901,6.7e-05,0.0,0.0,0.000134,0.49931099999998285,0.9361130000000574,0.9255780000000585,0.0
39,1.019007055867533,0.039199,0.0,0.015488999999999984,0.4540649999999835,0.0,0.4336389999999851,0.008811000000000003,0.12397699999999919,6.6e-05,3.7e-05,0.0,0.000334,0.5091639999999809,0.9455220000000637,0.9340780000000629,0.0
40,1.0202145792288035,0.03853699999999998,0.0,0.020446999999999996,0.47325399999997986,0.0,0.4488409999999817,0.010997999999999983,0.13762099999999988,0.000189,0.000134,0.0,0.000335,0.5236259999999838,0.952267000000064,0.9416300000000641,6.7e-05
41,1.021367421703401,0.03975900000000004,0.0,0.024784000000000046,0.4844709999999786,0.0,0.4704049999999785,0.013200999999999989,0.1552500000000007,0.00019199999999999998,0.000263,0.0,0.000335,0.5229889999999884,0.9592110000000611,0.9473760000000606,0.00031299999999999996
42,1.0224980754392912,0.04110500000000006,0.0,0.03580500000000003,0.5027209999999773,0.0,0.4875979999999759,0.013272999999999981,0.16579300000000174,0.000384,0.000724,0.0,0.00041,0.5336679999999826,0.9665680000000603,0.9536950000000614,0.0002
43,1.023701555674146,0.04039799999999998,0.0,0.0440579999999999,0.523732999999986,0.0,0.5017539999999764,0.015862999999999974,0.18033300000000305,0.0010119999999999999,0.00087,0.0,0.000639,0.5404819999999907,0.9707460000000637,0.958051000000063,0.000141
44,1.0247600630827858,0.03998699999999998,0.0,0.054549999999999946,0.5379969999999898,0.0,0.519121999999979,0.02003700000000001,0.19741700000000295,0.0007970000000000001,0.0013370000000000003,0.0,0.000942,0.5497019999999935,0.9741410000000589,0.9627910000000588,9.7e-05
45,1.026008220839682,0.03770899999999999,6.6e-05,0.06450899999999976,0.5506189999999921,0.0,0.5305679999999857,0.021564000000000024,0.2089120000000034,0.001165,0.0014139999999999997,0.0,0.001068,0.5543669999999978,0.9790840000000633,0.9676150000000648,0.00010400000000000001
46,1.0271532460142048,0.039367999999999986,0.000134,0.07339299999999965,0.5685149999999972,6.7e-05,0.5458509999999901,0.02408500000000006,0.22075700000000403,0.0015670000000000003,0.0015359999999999996,0.0,0.001474,0.5475249999999952,0.9807880000000602,0.9701580000000594,6.7e-05
47,1.0283283093277085,0.041531,0.000181,0.08445499999999963,0.5824089999999944,0.0,0.5529229999999886,0.025552000000000043,0.23112800000000608,0.001968,0.0020930000000000002,0.0,0.002891000000000001,0.5522849999999883,0.9823130000000636,0.9731220000000634,0.000134
48,1.0293412127124637,0.040763999999999974,0.0002,0.09792899999999932,0.5920929999999986,0.0,0.5675969999999915,0.026703000000000043,0.24774500000000613,0.002939000000000001,0.0028620000000000013,0.0,0.003908000000000001,0.5564339999999918,0.9850750000000632,0.9767950000000661,0.000288
49,1.030604214380527,0.04143700000000006,0.00026700000000000004,0.11017599999999914,0.601139,0.0,0.5816819999999941,0.02836200000000007,0.26213000000000386,0.003262000000000001,0.003141,0.0,0.004204000000000003,0.5532369999999912,0.9859240000000661,0.9779110000000677,0.000201
50,1.0316131759064742,0.039319000000000014,0.000333,0.12657199999999924,0.6075469999999984,5.8e-05,0.597217999999995,0.033230000000000155,0.2706570000000022,0.003999000000000001,0.003565999999999999,0.0,0.005105000000000003,0.5531639999999929,0.988286000000057,0.9793750000000593,0.00033400000000000004
51,1.0326943065148837,0.04070699999999998,0.000466,0.14531200000000022,0.6162280000000028,0.00026700000000000004,0.6130490000000008,0.03663100000000002,0.2907429999999984,0.005242000000000003,0.005507000000000005,0.0,0.006235000000000003,0.558273999999994,0.9896180000000647,0.9804780000000669,0.0005760000000000001
52,1.0336567776086216,0.046162999999999926,0.000644,0.15830800000000142,0.6336960000000066,0.000267,0.6237200000000074,0.04179600000000006,0.304979999999998,0.006412000000000004,0.00743300000000001,0.0,0.006853000000000006,0.5641199999999956,0.9909800000000668,0.9830280000000665,0.00046800000000000005
53,1.0348372136487218,0.04589699999999998,0.0008390000000000001,0.17652800000000254,0.6438350000000107,0.000267,0.6293520000000035,0.041736,0.32036599999999504,0.007905000000000004,0.009268,0.0,0.008854999999999998,0.5663849999999968,0.9924570000000641,0.9838960000000649,0.000335
54,1.035976569421016,0.04643499999999995,0.0008210000000000001,0.19108900000000298,0.6571120000000046,0.000199,0.6395380000000074,0.04483100000000008,0.33340599999999393,0.008528999999999997,0.011213999999999995,0.0,0.011091999999999998,0.5688909999999933,0.9930970000000598,0.9847470000000602,0.000551
55,1.0370529490767073,0.046048999999999944,0.0006259999999999999,0.20588800000000368,0.6691470000000104,6.7e-05,0.6526440000000086,0.05001399999999994,0.3452399999999937,0.010305999999999987,0.01480099999999997,0.0,0.012402999999999994,0.5722539999999938,0.994208000000062,0.9859290000000639,0.0008079999999999999
56,1.0381988925855015,0.04711799999999996,0.00035800000000000003,0.2232010000000056,0.6828000000000107,0.000277,0.6645590000000074,0.050885999999999855,0.36206599999999106,0.012280999999999985,0.016816999999999988,0.0,0.014398999999999981,0.5740049999999921,0.9948950000000568,0.9869330000000607,0.000467
57,1.0392049073124772,0.046847,0.00034700000000000003,0.24068400000000537,0.6892500000000154,0.00019999999999999998,0.6772400000000154,0.05404299999999989,0.37103599999998893,0.013192999999999995,0.020846000000000007,0.0,0.017038,0.5766279999999963,0.9960440000000614,0.9884010000000634,0.0006000000000000001
58,1.040309582129014,0.04919999999999989,0.0005330000000000002,0.26081300000000446,0.6962740000000136,0.000308,0.6830210000000122,0.06183699999999984,0.3887789999999881,0.014704999999999985,0.02459300000000003,0.0,0.02056700000000003,0.5808259999999916,0.9968480000000626,0.9893870000000644,0.000801
59,1.0409327275687752,0.047783999999999965,0.000734,0.27701800000000165,0.7049260000000149,0.0006699999999999999,0.6964570000000131,0.0690889999999999,0.3958699999999877,0.017794999999999964,0.025519000000000024,0.0,0.02331300000000003,0.5788659999999984,0.9974150000000578,0.9894680000000589,0.0008010000000000001
60,1.0419070406018387,0.045405999999999946,0.001509,0.29911799999999744,0.7136040000000207,0.000939,0.7078510000000185,0.07365899999999977,0.41061399999998555,0.02130400000000001,0.02898600000000004,0.0,0.02382500000000005,0.581643999999997,0.9981110000000581,0.9897450000000604,0.000927
61,1.0429166485242427,0.04380100000000003,0.0024240000000000004,0.31828499999999543,0.7210960000000193,0.0008150000000000002,0.7188250000000206,0.08104799999999963,0.42777499999998514,0.023111000000000045,0.03214900000000006,0.0,0.02832900000000007,0.5861649999999979,0.998885000000057,0.9913010000000575,0.000868
62,1.0439439214230992,0.042234999999999995,0.002735,0.33747499999999375,0.72672700000002,0.0010630000000000001,0.7307340000000218,0.08526499999999962,0.4460419999999823,0.025879000000000055,0.037757,0.0,0.03238400000000003,0.5897489999999946,0.9992350000000634,0.9917650000000647,0.001253
63,1.0450244033818383,0.04066,0.0029680000000000006,0.3568929999999935,0.733792000000021,0.0009220000000000003,0.7367430000000216,0.09165199999999951,0.467393999999982,0.029550000000000038,0.04458099999999997,0.0,0.03568200000000009,0.5884679999999988,0.9993430000000584,0.9918590000000601,0.0016690000000000001
64,1.0455072046562615,0.04179799999999992,0.003035999999999999,0.37415099999999085,0.7388540000000196,0.0009090000000000002,0.7479840000000257,0.09984099999999964,0.48178899999998015,0.03349100000000004,0.05210999999999997,0.0,0.039626000000000015,0.596202999999998,0.9996320000000569,0.9933070000000592,0.001551
65,1.0463917037514598,0.04215499999999997,0.003955,0.3973929999999888,0.7415680000000195,0.0015640000000000003,0.7585320000000231,0.10425399999999947,0.5011519999999802,0.03820200000000002,0.059756999999999755,0.0,0.04431399999999997,0.6041450000000009,0.9997720000000551,0.9937470000000598,0.00142
66,1.047191147013184,0.043141000000000054,0.004537000000000002,0.40941799999998674,0.7405000000000251,0.002413,0.7613690000000249,0.10591199999999945,0.5178489999999849,0.04082899999999998,0.06363199999999986,0.0,0.05066599999999996,0.5986100000000018,1.000007000000051,0.9938570000000553,0.001205
67,1.0482477628805742,0.04377000000000002,0.005194000000000002,0.42838599999998406,0.7544210000000227,0.00225,0.7703780000000235,0.11486899999999947,0.5307219999999846,0.04487199999999995,0.06924599999999981,0.0,0.05306499999999994,0.6032020000000007,1.0002070000000516,0.9942470000000542,0.0013689999999999998
68,1.049125146258159,0.04410399999999994,0.005877000000000004,0.4409919999999847,0.7635300000000278,0.002196,0.7806120000000303,0.11676899999999935,0.5442779999999877,0.048004999999999985,0.07570699999999965,0.0,0.05811499999999993,0.6029330000000035,1.0004560000000557,0.9950330000000577,0.001416
69,1.0500252956337066,0.046584999999999974,0.005662000000000005,0.4473689999999823,0.7649600000000275,0.0026739999999999997,0.7865800000000293,0.1187379999999993,0.551660999999993,0.05118299999999991,0.07960499999999965,0.0,0.06110599999999985,0.6030780000000032,1.0002670000000555,0.9947800000000603,0.001943
70,1.0503529035260026,0.04849899999999996,0.007169000000000004,0.46230699999998315,0.7643240000000224,0.0032660000000000002,0.7871620000000294,0.12565299999999943,0.5619089999999932,0.05441899999999987,0.08323799999999963,0.0,0.06885999999999987,0.5995149999999988,1.0006580000000556,0.9955240000000589,0.002598
71,1.0514085081941045,0.047720999999999895,0.007110000000000006,0.48166899999998075,0.7640430000000229,0.004494000000000002,0.7956280000000253,0.12976699999999974,0.5755129999999975,0.05846099999999983,0.08889599999999961,0.0,0.07632599999999974,0.6048609999999974,1.0006670000000475,0.9962750000000503,0.00277
72,1.0525524406510698,0.04925999999999997,0.007774000000000005,0.49667699999998177,0.768378000000024,0.005387000000000002,0.8026730000000287,0.13874700000000043,0.59304,0.06199099999999982,0.09715499999999941,0.0,0.08139199999999955,0.6080900000000052,1.0007400000000444,0.9964000000000472,0.003439
73,1.0536870921821389,0.0508369999999999,0.007579000000000007,0.5141659999999834,0.7684660000000219,0.005167000000000002,0.8107380000000242,0.14605700000000058,0.6086549999999973,0.06806999999999985,0.10395199999999948,0.0,0.0894229999999997,0.6126070000000037,1.0005960000000451,0.9963450000000483,0.0040019999999999995
74,1.0541970767348026,0.0523359999999999,0.009039000000000005,0.5280869999999888,0.7714740000000213,0.005914000000000001,0.8157240000000324,0.15383900000000136,0.6128670000000019,0.06978099999999965,0.10220999999999927,0.0,0.0918699999999994,0.606544000000003,1.000571000000049,0.996483000000051,0.0040030000000000005
75,1.0549972123160958,0.05337899999999994,0.011997999999999997,0.5440429999999935,0.7768080000000233,0.006065000000000002,0.8233820000000285,0.1642410000000014,0.6244660000000076,0.0726719999999998,0.10663599999999937,0.0,0.10007399999999948,0.6086720000000007,1.0005980000000447,0.996803000000049,0.0034190000000000006
76,1.055938269829529,0.05079899999999998,0.01318899999999999,0.5639689999999934,0.7738550000000254,0.005323000000000003,0.8283500000000329,0.17145200000000166,0.6390320000000065,0.08033499999999974,0.11678299999999922,0.0,0.10556899999999936,0.605432000000002,1.0006380000000508,0.9968550000000529,0.004326000000000003
77,1.0565412105816547,0.05149400000000002,0.014436,0.5773069999999931,0.7755010000000202,0.0048140000000000014,0.8343710000000275,0.18461300000000225,0.6508420000000034,0.08559499999999955,0.12153199999999913,0.0,0.11186699999999919,0.6019499999999972,1.0007420000000415,0.997369000000046,0.004118
78,1.0571085732117806,0.051891999999999966,0.018235000000000005,0.5843369999999974,0.7745000000000248,0.005700000000000004,0.8445730000000304,0.19567200000000354,0.6593820000000106,0.0916579999999998,0.1273469999999995,0.0,0.11808499999999943,0.6017730000000019,1.0007050000000461,0.9970260000000513,0.004028000000000002
79,1.057964831156131,0.05375599999999989,0.020395000000000014,0.5980239999999997,0.7724410000000229,0.006172000000000004,0.8484720000000298,0.20100100000000284,0.6671610000000138,0.09711899999999958,0.1322209999999996,0.0,0.12229599999999935,0.6032890000000031,1.000704000000045,0.9967900000000501,0.003379999999999999
80,1.0587138702566368,0.053271999999999875,0.02299000000000003,0.6122020000000048,0.7692880000000267,0.007173000000000008,0.8551390000000296,0.20645800000000342,0.67470500000001,0.10459299999999948,0.1412530000000004,0.0,0.1307439999999998,0.6001430000000015,1.0007120000000458,0.9964060000000495,0.0032820000000000006
81,1.059719648433429,0.051523999999999966,0.02992900000000006,0.6223800000000019,0.7683060000000214,0.007580000000000004,0.8608410000000282,0.21977200000000327,0.6802240000000123,0.11187799999999945,0.14292400000000074,0.0,0.13859600000000036,0.6012259999999978,1.0006410000000343,0.9966710000000398,0.00395
82,1.0604741688231494,0.05154999999999993,0.03143500000000007,0.6327500000000043,0.7650510000000244,0.008270000000000003,0.862052000000032,0.21867600000000384,0.6882290000000134,0.1185719999999994,0.14840800000000104,0.0,0.1453520000000006,0.6048529999999953,1.0006610000000429,0.9965930000000477,0.00328
83,1.0612419521214225,0.054379999999999956,0.034413,0.6388990000000081,0.766059000000015,0.008246000000000007,0.8711010000000254,0.21627700000000327,0.6971600000000097,0.12782199999999966,0.15984700000000118,0.0,0.15109500000000073,0.6012790000000002,1.0006610000000384,0.9968420000000423,0.0036710000000000007
84,1.06172057224187,0.053497999999999955,0.03930400000000004,0.6580490000000151,0.7650510000000226,0.009463,0.8722780000000376,0.22045600000000348,0.7040470000000185,0.1365929999999996,0.16945200000000157,0.0,0.16021300000000113,0.5991020000000018,1.0006310000000513,0.9967590000000551,0.004211000000000001
85,1.0631528332938784,0.051096999999999955,0.04036400000000004,0.6668660000000147,0.7674330000000247,0.009722999999999994,0.8713630000000351,0.22476200000000335,0.7170710000000204,0.14350100000000068,0.17762600000000203,0.0,0.16764100000000196,0.5991930000000063,1.0006570000000496,0.9969640000000519,0.0051340000000000005
86,1.0638236827317393,0.049642999999999965,0.043471999999999934,0.6745310000000116,0.7659510000000244,0.009786999999999992,0.8764790000000369,0.22954800000000478,0.7239450000000195,0.15312100000000067,0.18772400000000217,0.0,0.1766200000000022,0.6012920000000023,1.0006210000000495,0.9966320000000527,0.006203000000000003
87,1.0644949554755954,0.048151999999999896,0.04774999999999994,0.6826710000000119,0.77220400000002,0.010706999999999994,0.8794770000000323,0.24109100000000488,0.7346010000000159,0.16022900000000154,0.2014450000000032,0.0,0.1853530000000028,0.604386000000004,1.0005740000000425,0.9967870000000456,0.005845000000000003
88,1.0650782987112408,0.04799399999999995,0.05454299999999985,0.6934670000000106,0.7686610000000214,0.013279999999999993,0.8831410000000304,0.24907000000000468,0.7409140000000224,0.1662830000000015,0.21018600000000268,0.0,0.19579000000000224,0.6151030000000032,1.0006020000000375,0.9968880000000426,0.005810000000000001
89,1.0659495327596262,0.05013999999999994,0.05911099999999985,0.690503000000017,0.7680860000000228,0.014473999999999983,0.8848670000000337,0.25554400000000416,0.7497020000000213,0.16360100000000152,0.21137500000000362,0.0,0.206033000000003,0.6210800000000071,1.0006230000000467,0.9967690000000491,0.007009000000000002
90,1.0666797081896162,0.05000000000000005,0.057955999999999876,0.7008980000000187,0.7719720000000238,0.014207999999999988,0.8894840000000338,0.25385700000000333,0.7658800000000239,0.1729610000000017,0.22414200000000326,0.0,0.2123860000000028,0.6200940000000056,1.0006020000000422,0.9969190000000466,0.007539000000000006
91,1.067802921922384,0.048946999999999914,0.06195299999999988,0.7056480000000198,0.773009000000024,0.012561999999999988,0.8924690000000317,0.2627230000000018,0.7743170000000272,0.1805830000000023,0.23581800000000439,0.0,0.21862200000000345,0.617020000000007,1.000609000000044,0.996973000000047,0.007684000000000003
92,1.068429722237599,0.05006599999999985,0.06653899999999989,0.7098360000000162,0.769272000000021,0.012926999999999989,0.8918240000000346,0.2704749999999994,0.7857020000000251,0.1867530000000022,0.25204700000000346,0.0,0.2306940000000035,0.6133170000000072,1.0006010000000432,0.9968670000000475,0.008024000000000005
93,1.0691626650271,0.05234899999999988,0.06968299999999984,0.7196520000000202,0.7672350000000278,0.012215999999999989,0.8928910000000368,0.272230000000004,0.7934320000000308,0.19231300000000265,0.2613010000000038,0.0,0.23861300000000413,0.6149130000000064,1.0006190000000466,0.9964300000000501,0.007884000000000009
94,1.0698971797780228,0.055182999999999975,0.0711149999999998,0.7275150000000171,0.7676200000000211,0.012551999999999983,0.8923270000000296,0.28141100000000174,0.8025420000000273,0.1965700000000026,0.2715170000000006,0.0,0.2450110000000044,0.6243230000000122,1.0005600000000379,0.9970160000000426,0.007556000000000009
95,1.0705530267492667,0.05782099999999999,0.07523899999999988,0.7350380000000283,0.7756660000000267,0.010913999999999993,0.895965000000041,0.289586999999999,0.808854000000033,0.2128950000000032,0.2811549999999994,0.0,0.25878300000000226,0.6229900000000089,1.0006160000000481,0.9969800000000496,0.009267999999999997
96,1.0712381806864375,0.05815899999999983,0.07870499999999984,0.7391250000000193,0.7737290000000262,0.011834999999999988,0.8959840000000346,0.29427699999999657,0.8099570000000327,0.22242600000000354,0.2848849999999984,0.0,0.26313900000000073,0.622398000000009,1.0005570000000423,0.9971940000000441,0.011062999999999991
97,1.0718198630185953,0.0589379999999999,0.08508399999999973,0.7474300000000144,0.7758090000000148,0.013060999999999993,0.8970910000000298,0.29771799999999704,0.8164050000000229,0.2293970000000029,0.2952579999999989,0.0,0.2692760000000012,0.6244559999999997,1.0005650000000434,0.9970230000000455,0.010801999999999992
98,1.072467242215905,0.058627999999999875,0.08816899999999961,0.7541800000000207,0.78087500000002,0.014803999999999993,0.9013720000000287,0.306265999999996,0.823712000000026,0.23200200000000387,0.29910499999999673,0.0,0.2781999999999994,0.6226320000000025,1.000578000000035,0.9969110000000403,0.01178599999999999
99,1.0733069840665972,0.05797199999999992,0.10074899999999959,0.7583060000000245,0.7867160000000228,0.015351999999999979,0.9005470000000299,0.3147709999999956,0.8269490000000266,0.2404230000000041,0.3020189999999967,0.0,0.28338199999999886,0.625346000000008,1.0005390000000407,0.9971390000000435,0.01316199999999997
100,1.0738028518932794,0.056832999999999946,0.10544399999999954,0.7659810000000252,0.7862060000000234,0.017629999999999993,0.903565000000032,0.32007999999999587,0.8386980000000287,0.2533150000000036,0.3090519999999961,0.0,0.294405999999997,0.6281810000000096,1.0005070000000413,0.9972700000000447,0.011432999999999988
101,1.074492233324239,0.05714599999999991,0.11961399999999961,0.7754470000000241,0.7869200000000239,0.016964000000000003,0.9066950000000346,0.33227799999999236,0.845683000000031,0.2567990000000027,0.3205989999999941,0.0,0.3071089999999953,0.6301510000000067,1.000512000000043,0.997111000000046,0.01356699999999999
102,1.0746276193456838,0.058653999999999956,0.12377099999999953,0.7851630000000267,0.7889370000000252,0.019070000000000007,0.9066510000000305,0.3349889999999951,0.8490220000000306,0.26425100000000135,0.32382899999999454,0.0,0.3177419999999938,0.6277810000000064,1.0005750000000384,0.9972710000000433,0.013289999999999986
103,1.0755926349478977,0.06080299999999995,0.13015699999999986,0.7971870000000261,0.7881370000000246,0.018780999999999996,0.913678000000033,0.3395439999999917,0.8516970000000317,0.27218800000000054,0.3316529999999937,0.0,0.3248219999999947,0.6242520000000089,1.000510000000041,0.9968520000000458,0.014075999999999974
104,1.0759400513690298,0.06095899999999994,0.13637399999999997,0.8029030000000237,0.785963000000018,0.020701000000000035,0.916323000000033,0.3492499999999933,0.8539160000000309,0.2804479999999991,0.3411959999999947,0.0,0.33992999999999296,0.6258300000000024,1.0005730000000417,0.9970640000000459,0.014240999999999983
105,1.0766157417213345,0.06082699999999994,0.1410400000000006,0.8118670000000261,0.7837940000000219,0.02222200000000002,0.9188100000000295,0.3532109999999908,0.8619040000000259,0.29484999999999595,0.34729199999999144,0.0,0.34726699999999133,0.623449000000004,1.0005280000000367,0.9972160000000404,0.015322999999999982
106,1.0773241548794263,0.061644999999999985,0.14440800000000067,0.818453000000025,0.7860680000000216,0.02043200000000003,0.919590000000032,0.3561019999999902,0.8720310000000315,0.312320999999995,0.35802699999999127,0.0,0.35347199999999085,0.6230830000000064,1.0004720000000396,0.9972760000000419,0.016367999999999994
107,1.0782991332396341,0.06139699999999991,0.1476510000000005,0.827114000000031,0.7853410000000263,0.019097,0.9222890000000324,0.3599659999999919,0.8740230000000324,0.3215719999999948,0.36305099999999235,0.0,0.3647289999999919,0.627907000000008,1.0004440000000392,0.9971450000000421,0.017275
108,1.0790593341286097,0.0612549999999999,0.15662500000000112,0.829288000000025,0.7873570000000195,0.018767000000000023,0.9269920000000321,0.3623249999999915,0.877828000000031,0.33474699999999374,0.37133499999999153,0.0,0.36876099999999173,0.6178480000000056,1.0004710000000403,0.9972650000000421,0.017151000000000003
109,1.0795718873123639,0.06040599999999992,0.1614830000000012,0.8321330000000319,0.7879190000000268,0.01741800000000001,0.928702000000037,0.3730489999999894,0.883210000000037,0.3483809999999926,0.38526499999998953,0.0,0.3792229999999896,0.6201960000000072,1.000513000000045,0.9971940000000477,0.01648999999999999
110,1.0806665732061462,0.06125899999999996,0.16729900000000114,0.8399020000000266,0.7895380000000247,0.016480999999999996,0.9300170000000324,0.37859199999999166,0.8862800000000304,0.3570619999999922,0.3936309999999892,0.0,0.3943699999999887,0.6202640000000036,1.0005320000000373,0.997276000000041,0.018762999999999995
111,1.0810610165054066,0.06424099999999994,0.17566300000000154,0.8459230000000264,0.7899660000000226,0.01479899999999999,0.9347400000000304,0.38572299999998966,0.8950170000000323,0.3661979999999928,0.40224099999999013,0.0,0.40319099999999064,0.620797000000003,1.0005110000000361,0.9972670000000405,0.01824199999999999
112,1.0817637061661733,0.0631059999999999,0.186112000000002,0.8518580000000234,0.7894130000000215,0.017192999999999993,0.9379930000000289,0.3933429999999903,0.9007470000000299,0.3797289999999931,0.41993499999998996,0.0,0.41466299999999046,0.6116400000000005,1.000453000000035,0.9971770000000385,0.018550000000000004
113,1.0826734694430964,0.06400699999999988,0.1906400000000024,0.8572260000000304,0.7959620000000275,0.018445000000000003,0.9385600000000327,0.3994849999999887,0.9052800000000332,0.38570899999999037,0.4303659999999886,0.0,0.4254119999999895,0.6049250000000043,1.000466000000036,0.9972660000000401,0.020944000000000025
114,1.0832678571778591,0.06708399999999987,0.19766800000000262,0.8622830000000341,0.797513000000026,0.018147000000000007,0.9411100000000396,0.413788999999988,0.9076790000000383,0.4015369999999877,0.43974299999998606,0.0,0.43651499999998716,0.6046020000000017,1.000530000000042,0.9972960000000457,0.019383000000000004
115,1.0844724510350858,0.06718299999999985,0.20690400000000256,0.8617460000000279,0.7984840000000214,0.016861,0.9414340000000284,0.41997099999998755,0.9075890000000277,0.3933659999999881,0.4449029999999875,0.0,0.44269599999998793,0.6016050000000018,1.0005190000000326,0.9970410000000367,0.01873500000000001
116,1.085929982009312,0.06925399999999995,0.21738700000000208,0.8638790000000259,0.8063130000000206,0.016642000000000004,0.943585000000027,0.4218469999999911,0.9115620000000281,0.40733499999999,0.44897499999998974,0.0,0.45299099999998943,0.5990519999999996,1.000454000000035,0.9973120000000372,0.02066300000000001
117,1.0864599158405706,0.06667599999999989,0.2270370000000028,0.8687300000000272,0.8057490000000201,0.01628299999999999,0.9474080000000324,0.4361969999999872,0.91087500000003,0.4218769999999902,0.45560499999998866,0.0,0.4579449999999893,0.5992910000000005,1.0004660000000334,0.9970180000000366,0.021003000000000015
118,1.087355158811259,0.06703199999999991,0.23253500000000196,0.8691940000000237,0.8077090000000172,0.017341000000000002,0.9490030000000249,0.4423499999999874,0.9123800000000258,0.42989799999998846,0.45775599999998745,0.0,0.46075899999998704,0.5979310000000003,1.0004440000000279,0.9968230000000342,0.021323000000000012
119,1.0886284517022566,0.06448699999999992,0.23845000000000302,0.876269000000021,0.8111210000000191,0.018319999999999993,0.952571000000026,0.4509529999999863,0.9161930000000277,0.44333999999998824,0.46756599999998755,0.0,0.4673269999999871,0.5949469999999968,1.0004310000000307,0.9969600000000323,0.02331200000000003
120,1.089736675466122,0.0647359999999999,0.24887100000000292,0.878052000000028,0.8155860000000212,0.017279,0.9520240000000295,0.4554869999999884,0.9184730000000321,0.45834799999998743,0.47705099999998724,0.0,0.4795409999999878,0.5969770000000024,1.0004660000000358,0.9972620000000383,0.021724000000000014
121,1.090969167646112,0.06636299999999988,0.26048500000000036,0.8829740000000259,0.8161180000000173,0.017616999999999997,0.9553400000000263,0.4686119999999868,0.919808000000027,0.4682919999999881,0.4834729999999865,0.0,0.4887519999999853,0.5923730000000027,1.00041000000003,0.9971260000000329,0.02196800000000001
122,1.092074319412969,0.06221399999999983,0.2757959999999991,0.8775980000000235,0.822280000000021,0.017373000000000003,0.956082000000025,0.4757989999999874,0.9211130000000255,0.4669009999999884,0.4824649999999883,0.0,0.49321199999998805,0.5820320000000017,1.0004030000000295,0.9973790000000331,0.021937000000000026
123,1.0933826244476572,0.0599309999999999,0.2767919999999995,0.8783130000000262,0.8219290000000236,0.018664000000000004,0.9557610000000281,0.476737999999987,0.9231020000000304,0.4733869999999873,0.4811449999999881,0.0,0.49741199999998753,0.5783880000000015,1.0004520000000305,0.996949000000035,0.022262000000000025
124,1.0935586590502269,0.06137199999999999,0.28973299999999746,0.8803520000000269,0.8195450000000225,0.020247000000000008,0.9573560000000302,0.48324899999998966,0.9252830000000302,0.47767999999998834,0.4892449999999885,0.0,0.49756599999998824,0.578269000000002,1.0004220000000328,0.9972860000000346,0.023345000000000043
125,1.094519897111568,0.06573599999999984,0.3019639999999982,0.8872410000000236,0.8223110000000224,0.020986000000000005,0.9598200000000264,0.4901309999999881,0.9290730000000272,0.4768919999999882,0.493430999999988,0.0,0.5020039999999893,0.5823289999999997,1.000452000000031,0.9971160000000335,0.02490700000000002
126,1.0956078498893294,0.0658799999999999,0.3106449999999978,0.8879060000000284,0.8239550000000184,0.021039000000000002,0.9589190000000289,0.49748499999998663,0.9316880000000294,0.4895089999999874,0.504080999999988,0.0,0.5149669999999902,0.582828999999998,1.000400000000032,0.9971180000000344,0.02579500000000004
127,1.096673876327306,0.06912099999999989,0.32065399999999716,0.8855630000000217,0.828101000000016,0.021759000000000008,0.9594390000000246,0.5058859999999892,0.933963000000025,0.4933349999999893,0.503802999999991,0.0,0.5165159999999928,0.5844429999999998,1.0003850000000258,0.996974000000029,0.02745400000000001
128,1.0971443494202782,0.0695129999999999,0.3365269999999955,0.8890740000000259,0.8274710000000178,0.021681000000000013,0.9589640000000298,0.516924999999992,0.9341160000000301,0.4972739999999866,0.51174299999999,0.0,0.5237139999999912,0.5864179999999993,1.000415000000035,0.9971630000000384,0.02797600000000003
129,1.0979002818770656,0.06780899999999995,0.343144999999996,0.8942180000000212,0.830519000000019,0.02239100000000002,0.9565590000000229,0.5222609999999913,0.9360020000000232,0.5056449999999872,0.5224119999999904,0.0,0.5354809999999923,0.5767920000000005,1.0004010000000272,0.9972280000000304,0.03116600000000006
130,1.0983734768985838,0.06877299999999983,0.34707099999999497,0.8931100000000277,0.8303740000000221,0.023253000000000027,0.9553160000000285,0.5232839999999923,0.9411230000000294,0.5107749999999904,0.5333769999999975,0.0,0.5397679999999986,0.5763500000000035,1.0004070000000325,0.9970200000000349,0.03267700000000002
131,1.099285126884445,0.07134199999999984,0.3489899999999957,0.8971100000000163,0.8324600000000166,0.022490000000000024,0.9537970000000182,0.5243629999999923,0.9432890000000199,0.5166249999999913,0.5468159999999972,0.0,0.5478409999999971,0.5815180000000002,1.0004180000000238,0.997006000000028,0.03224100000000002
132,1.1005317162183577,0.0698069999999998,0.3552359999999961,0.8973380000000231,0.8405280000000167,0.021190000000000014,0.9567450000000252,0.5288709999999932,0.941992000000027,0.5225649999999901,0.554072999999996,0.0,0.5569329999999972,0.5769920000000006,1.0004360000000272,0.9971980000000317,0.03555400000000002
133,1.1025875094642839,0.06758099999999992,0.36114299999999366,0.8969290000000228,0.8474840000000184,0.020369000000000023,0.961997000000025,0.5372819999999943,0.9425380000000272,0.5279049999999931,0.5574769999999982,0.0,0.5604959999999989,0.567495,1.000371000000027,0.9970320000000307,0.037367000000000046
134,1.1032656007826342,0.06820899999999988,0.3691949999999941,0.8985920000000257,0.8490510000000213,0.019987000000000005,0.9615470000000259,0.5411699999999957,0.9450820000000276,0.5253059999999957,0.5650690000000009,0.0,0.5736830000000024,0.5618509999999979,1.0003410000000308,0.9970540000000333,0.03926599999999997
135,1.1048851946846163,0.06949799999999988,0.37942299999999485,0.8992340000000197,0.8505220000000148,0.020289000000000012,0.9627140000000189,0.5435659999999957,0.94607300000002,0.5278159999999958,0.5719939999999998,0.0,0.5812780000000012,0.5656249999999998,1.0003860000000226,0.9972720000000267,0.03774999999999999
136,1.1059679821754316,0.06793899999999976,0.38144599999999484,0.9034670000000219,0.853134000000016,0.02255300000000002,0.9671380000000241,0.5467619999999992,0.9481080000000237,0.5331389999999987,0.5782440000000049,0.0,0.585687000000005,0.5679020000000018,1.000385000000026,0.9971180000000271,0.037310000000000024
137,1.1066514703884436,0.07254399999999997,0.38545299999999516,0.9068360000000184,0.8476210000000142,0.02215000000000002,0.9668670000000233,0.5441059999999943,0.9462690000000222,0.5400619999999915,0.5843569999999989,0.0,0.5873879999999986,0.5696609999999988,1.0003790000000259,0.9969950000000298,0.03770500000000001
138,1.1076983626794585,0.07624799999999983,0.39306899999999356,0.9072780000000251,0.850866000000019,0.020537,0.9652350000000246,0.5481029999999949,0.948088000000026,0.5471939999999981,0.5969170000000021,0.0,0.5959410000000023,0.5662579999999987,1.0003680000000275,0.9971240000000308,0.03847300000000002
139,1.110000159877135,0.07485499999999996,0.3965609999999946,0.9101830000000233,0.8544130000000206,0.021030000000000007,0.9675360000000262,0.5498739999999946,0.9482190000000262,0.5502019999999971,0.602343000000005,0.0,0.6017150000000056,0.5648009999999994,1.000382000000029,0.997168000000031,0.03924800000000001
140,1.1109070300077863,0.07143399999999998,0.4093539999999937,0.9126000000000248,0.8545340000000177,0.020273000000000017,0.9688880000000264,0.5596649999999992,0.951175000000028,0.5644750000000015,0.6103600000000047,0.0,0.6111620000000052,0.5648470000000002,1.0003750000000293,0.9970050000000334,0.040407999999999944
141,1.1121912385345063,0.07123699999999983,0.41647899999999327,0.916456000000023,0.862239000000019,0.017355000000000006,0.9666630000000243,0.5660479999999987,0.9491270000000243,0.572872000000001,0.6182560000000062,0.0,0.6150630000000057,0.5651040000000006,1.0003640000000247,0.9969440000000293,0.039695
142,1.1128351972616441,0.07421899999999987,0.42371699999999507,0.9186480000000187,0.8648090000000127,0.017574000000000006,0.9669120000000181,0.5703589999999983,0.9490170000000194,0.5824260000000013,0.6226000000000033,0.0,0.6239460000000022,0.5696309999999978,1.0003820000000205,0.9968650000000224,0.03750399999999997
143,1.114445469792103,0.07678899999999994,0.43541899999999256,0.9197980000000195,0.8674750000000158,0.01704000000000001,0.9672550000000205,0.5775270000000015,0.9492400000000208,0.5834670000000004,0.6300510000000032,0.0,0.6254580000000034,0.5683559999999985,1.0003550000000228,0.9969350000000267,0.03800800000000002
144,1.115214437166284,0.07453899999999994,0.44222599999999357,0.9231080000000206,0.8696350000000166,0.017807999999999997,0.9697580000000202,0.5836180000000004,0.9500620000000208,0.5892560000000023,0.6345360000000048,0.0,0.6290190000000055,0.5713149999999986,1.0003240000000209,0.9969250000000253,0.03783899999999998
145,1.116638566002567,0.07650899999999992,0.4488869999999941,0.9270180000000217,0.869970000000017,0.018019000000000007,0.9718050000000235,0.5808629999999987,0.9536460000000239,0.5990110000000006,0.6404660000000053,0.0,0.6362890000000039,0.5704899999999989,1.0003430000000257,0.9967750000000266,0.03861000000000003
146,1.1181404448738679,0.07436599999999993,0.46284799999999315,0.9284430000000223,0.8727660000000168,0.018724000000000015,0.9725720000000228,0.5870260000000013,0.9527400000000218,0.6021070000000035,0.6476130000000083,0.0,0.6396940000000065,0.5714330000000016,1.0003130000000253,0.9969320000000278,0.04264600000000003
147,1.1190394297915736,0.07594899999999984,0.47374699999999276,0.930612000000025,0.8740070000000191,0.019754,0.974768000000027,0.5964380000000039,0.9553750000000265,0.6073600000000032,0.6502200000000068,0.0,0.6423140000000072,0.5766829999999997,1.0003180000000285,0.996959000000031,0.043024999999999966
148,1.1193214277279127,0.07472899999999988,0.4767269999999924,0.9290220000000207,0.8723980000000172,0.02011500000000002,0.9760060000000211,0.6024770000000019,0.9563760000000208,0.6081860000000024,0.6478650000000044,0.0,0.6470000000000045,0.5764860000000007,1.0003120000000225,0.9973500000000239,0.04143099999999999
149,1.1210037678338105,0.07604299999999989,0.4784759999999926,0.9291740000000218,0.8767060000000145,0.02006900000000001,0.9749610000000248,0.6052360000000033,0.957697000000025,0.6172230000000042,0.6514190000000063,0.0,0.6498580000000045,0.5740880000000018,1.0002790000000268,0.9970720000000286,0.042553000000000014
150,1.1221987578503507,0.07545399999999985,0.48408399999999324,0.9301400000000164,0.8721180000000123,0.019556000000000004,0.9774380000000173,0.6124700000000024,0.9611750000000182,0.6211360000000055,0.6579000000000046,0.0,0.6583680000000054,0.5788260000000003,1.0003120000000203,0.9968280000000226,0.042602
151,1.1241558724840637,0.07476099999999992,0.4882459999999928,0.9329880000000211,0.8699850000000175,0.021713000000000027,0.9776420000000213,0.6172670000000031,0.9606820000000221,0.6246050000000083,0.6642570000000104,0.0,0.6645120000000088,0.5669729999999982,1.000290000000024,0.9969220000000238,0.04323200000000003
152,1.1253351119943247,0.07580299999999986,0.4947359999999936,0.9356000000000178,0.8742750000000122,0.021874000000000025,0.9782820000000172,0.6197310000000028,0.9643040000000177,0.633573000000004,0.674316000000004,0.0,0.6786620000000044,0.5621550000000003,1.0002680000000184,0.9969980000000211,0.045511999999999976
153,1.1263119028715558,0.07613299999999992,0.500235999999993,0.9388020000000185,0.8731040000000149,0.02174400000000003,0.9763320000000196,0.6196570000000041,0.9625110000000202,0.6371680000000042,0.6777830000000051,0.0,0.6832990000000074,0.5659779999999981,1.000268000000021,0.9969200000000248,0.047057
154,1.1276218036146173,0.0751309999999999,0.5006069999999938,0.9387740000000155,0.87259700000001,0.02227100000000001,0.976956000000017,0.6199110000000054,0.9635290000000178,0.6405230000000053,0.6743610000000065,0.0,0.6808090000000079,0.5641529999999986,1.0002630000000194,0.9969000000000234,0.04687599999999993
155,1.1288655704640258,0.07756799999999983,0.5102559999999946,0.9404840000000207,0.8788360000000186,0.020829,0.9766990000000231,0.6288710000000044,0.9646170000000241,0.6523370000000067,0.6859110000000078,0.0,0.6890130000000083,0.5630809999999992,1.0002640000000236,0.9970580000000265,0.04862300000000002
156,1.1299955649000857,0.07750799999999994,0.5228029999999961,0.9439340000000184,0.8776610000000136,0.022292000000000013,0.9782090000000178,0.6314060000000064,0.9658360000000183,0.6606110000000077,0.6933570000000074,0.0,0.6979040000000091,0.563873999999999,1.0002780000000189,0.9970710000000221,0.05088699999999997
157,1.1319414172628635,0.07733099999999998,0.5286099999999936,0.9443110000000196,0.8785660000000179,0.021659000000000015,0.9809950000000217,0.6365960000000043,0.9663790000000202,0.6667270000000047,0.6913240000000044,0.0,0.6958070000000057,0.5655129999999977,1.0002910000000242,0.9970770000000259,0.055947999999999984
158,1.1332963511393535,0.07890099999999978,0.5425659999999978,0.9466670000000172,0.8798580000000125,0.021600000000000015,0.9828770000000184,0.6478230000000074,0.9678270000000188,0.6701070000000067,0.6948220000000077,0.0,0.6963450000000075,0.5651930000000014,1.0002710000000201,0.9969740000000239,0.05669799999999994
159,1.1352410876779315,0.07691699999999993,0.5486539999999975,0.9467700000000204,0.8787990000000152,0.021778000000000016,0.9831330000000194,0.6532770000000063,0.9692240000000207,0.6723880000000064,0.6917660000000072,0.0,0.694497000000008,0.5626239999999966,1.000244000000021,0.9969200000000232,0.05938499999999993
160,1.1369870884708027,0.07606799999999987,0.5531100000000024,0.9469480000000267,0.8816910000000195,0.021841000000000037,0.9845530000000259,0.6579940000000113,0.9676770000000267,0.6751550000000099,0.6932810000000108,0.0,0.6989140000000118,0.5558430000000003,1.0002900000000272,0.9970480000000295,0.05851799999999997
161,1.1391075693908308,0.07871599999999992,0.5594299999999993,0.9523710000000143,0.8806030000000117,0.02207500000000002,0.9845870000000139,0.6610970000000063,0.9683480000000149,0.6787020000000064,0.6997980000000091,0.0,0.7087040000000072,0.559911999999995,1.0002620000000157,0.9967360000000193,0.05849999999999996
162,1.1400051861555278,0.0793069999999999,0.5616680000000028,0.9523810000000189,0.8842070000000157,0.02214600000000003,0.9864520000000174,0.6639620000000137,0.9678820000000182,0.6808090000000115,0.7036830000000117,0.0,0.7131000000000096,0.5551869999999999,1.0002600000000184,0.996867000000021,0.05856799999999997
163,1.1421119157395634,0.07803699999999983,0.5644940000000006,0.9549960000000199,0.8877520000000151,0.020707,0.9869800000000206,0.670070000000007,0.9687710000000209,0.6855390000000079,0.7110040000000075,0.0,0.7195750000000085,0.5535059999999967,1.0002590000000218,0.9969480000000246,0.05888099999999989
164,1.1439175946783726,0.07894899999999995,0.5700729999999975,0.9561470000000155,0.8909180000000138,0.022439000000000008,0.9876020000000176,0.671264000000006,0.9666010000000176,0.6895190000000059,0.7080200000000065,0.0,0.724662000000007,0.5567139999999978,1.0002440000000181,0.9966390000000216,0.06059999999999997
165,1.1451576013510234,0.08024599999999994,0.5697779999999988,0.9564380000000158,0.8934230000000111,0.021757000000000012,0.9889790000000165,0.6720570000000056,0.9663780000000164,0.6898070000000067,0.7083330000000075,0.0,0.7260950000000076,0.5530079999999985,1.0002610000000174,0.9969400000000211,0.06320399999999994
166,1.1466554674936087,0.07662899999999984,0.5792390000000045,0.9599510000000162,0.8983010000000118,0.019812000000000014,0.9897130000000163,0.6799840000000102,0.9651070000000161,0.6975330000000094,0.7131890000000105,0.0,0.7337460000000083,0.5531490000000004,1.0002420000000167,0.9967280000000205,0.06738299999999997
167,1.1490015245801188,0.07605899999999986,0.5894930000000014,0.9588090000000149,0.903873000000011,0.01903400000000001,0.9902320000000154,0.6912880000000101,0.9669330000000145,0.7123000000000077,0.7192630000000063,0.0,0.7375710000000081,0.5512219999999992,1.0002260000000156,0.9967690000000191,0.07014899999999992
168,1.1501068640467818,0.08225999999999993,0.5967640000000021,0.9599790000000161,0.908339000000012,0.017854000000000005,0.9912370000000161,0.6937330000000062,0.9693910000000154,0.7208220000000081,0.7247630000000072,0.0,0.7402390000000086,0.5517149999999973,1.0002270000000164,0.9968880000000191,0.07019399999999998
169,1.1511281589420737,0.08369799999999977,0.6042550000000029,0.9587350000000169,0.9086070000000127,0.01851600000000001,0.9912740000000168,0.6969200000000084,0.9707910000000157,0.7216840000000078,0.7276220000000085,0.0,0.7418880000000094,0.5470580000000013,1.0001960000000172,0.9968120000000189,0.07103699999999998
170,1.152999893328531,0.07849799999999987,0.6085360000000036,0.9607990000000173,0.9063940000000145,0.018016000000000008,0.9920210000000168,0.700678000000009,0.970356000000016,0.7206220000000085,0.7318820000000067,0.0,0.7471910000000076,0.5448610000000014,1.0002340000000163,0.9970010000000201,0.07345400000000006
171,1.1543661982021436,0.08057999999999994,0.614578000000004,0.9615950000000147,0.9061040000000105,0.018086000000000005,0.9910000000000136,0.7011190000000094,0.972527000000014,0.7237660000000101,0.7294560000000075,0.0,0.7498810000000079,0.5441559999999992,1.0002360000000143,0.9966920000000162,0.07280199999999999
172,1.1563909565138064,0.08012399999999999,0.6245450000000087,0.9615990000000216,0.905121000000017,0.017603,0.9922210000000233,0.7119740000000133,0.9734670000000225,0.7230990000000115,0.7318290000000081,0.0,0.7547870000000114,0.5475829999999998,1.0002210000000236,0.997144000000024,0.07486999999999983
173,1.1583244421931242,0.07999999999999988,0.6365850000000067,0.960962000000021,0.9081460000000169,0.01709600000000001,0.9924580000000219,0.7235700000000127,0.9732510000000217,0.7242920000000099,0.7347040000000084,0.0,0.7535770000000079,0.5460340000000009,1.000196000000022,0.996853000000023,0.07986399999999995
174,1.160346876669218,0.0780559999999998,0.6417900000000076,0.9612740000000206,0.9087230000000152,0.01773900000000001,0.9924160000000214,0.7262870000000118,0.9728440000000205,0.7221620000000105,0.7367070000000097,0.0,0.7552570000000118,0.5431589999999987,1.000193000000022,0.996781000000024,0.08282599999999996
175,1.1617334911868618,0.07737799999999992,0.6470670000000055,0.961803000000011,0.9079500000000087,0.017795000000000012,0.9910720000000107,0.7284210000000091,0.9718130000000111,0.7254750000000074,0.7416450000000064,0.0,0.7567580000000059,0.5359609999999994,1.0002310000000105,0.9971220000000122,0.08440000000000002
176,1.163459827154778,0.07877499999999982,0.652057000000007,0.9614890000000137,0.9126560000000121,0.018407000000000014,0.991084000000014,0.7305030000000098,0.9725800000000134,0.7287220000000085,0.7452300000000069,0.0,0.7552670000000082,0.5332349999999992,1.0001830000000143,0.9969770000000162,0.08465199999999987
177,1.166227698083594,0.07607499999999986,0.6636480000000081,0.9610820000000136,0.9122670000000117,0.018976,0.9921600000000139,0.7366230000000112,0.9741520000000146,0.7299740000000082,0.7525680000000075,0.0,0.7568500000000078,0.534234999999999,1.0002340000000143,0.9970490000000165,0.0853889999999999
178,1.1683560636326107,0.07745299999999986,0.6630560000000046,0.9625950000000171,0.9126420000000159,0.02038600000000001,0.9926140000000186,0.736606000000007,0.9730880000000183,0.7316700000000096,0.7529330000000076,0.0,0.7591750000000085,0.5352219999999971,1.0001900000000186,0.996582000000021,0.08687000000000002
179,1.169724208583146,0.07492499999999992,0.672334000000002,0.9652520000000165,0.9176060000000137,0.019891000000000006,0.9922160000000187,0.7443090000000078,0.9736700000000175,0.741448000000008,0.758776000000008,0.0,0.7627190000000085,0.534145999999999,1.0001750000000185,0.9970040000000202,0.089141
180,1.171069391423038,0.07769899999999992,0.6783560000000047,0.9628460000000139,0.9190480000000115,0.019277999999999997,0.9924370000000158,0.748444000000007,0.9751240000000148,0.7435190000000058,0.7627110000000049,0.0,0.7666930000000046,0.5372819999999986,1.0001930000000157,0.9969630000000171,0.08912599999999986
181,1.1723552256148368,0.0776269999999999,0.6830540000000042,0.9633470000000123,0.9152700000000087,0.019855000000000015,0.9928050000000147,0.751203000000006,0.9766070000000144,0.7502680000000064,0.7676800000000062,0.0,0.7718650000000065,0.5351069999999961,1.000184000000015,0.9968720000000159,0.08827199999999993
182,1.1743681595372342,0.077601,0.6829740000000037,0.9628830000000157,0.9165750000000147,0.022113000000000008,0.9920890000000182,0.7510770000000082,0.976250000000018,0.7491610000000076,0.7612090000000078,0.0,0.7727470000000071,0.5356809999999986,1.0002240000000184,0.9969090000000208,0.08975199999999997
183,1.1759923107018944,0.0735109999999999,0.6931120000000023,0.9641050000000121,0.9203460000000098,0.02053800000000001,0.9917020000000124,0.7572630000000055,0.977907000000012,0.7506170000000049,0.7646160000000061,0.0,0.7776460000000052,0.5249459999999964,1.000185000000012,0.9968570000000132,0.09735299999999993
184,1.1773388218976606,0.07085899999999991,0.6901500000000061,0.9654060000000181,0.9203980000000159,0.020268000000000005,0.9921880000000197,0.7572710000000105,0.9784500000000196,0.7565570000000097,0.7672590000000088,0.0,0.78649600000001,0.5157639999999947,1.0001700000000198,0.9970620000000213,0.09734499999999996
185,1.1800937947409222,0.0711669999999999,0.6976490000000032,0.9663960000000142,0.9216220000000113,0.021073000000000015,0.9927750000000154,0.7651050000000055,0.9792640000000155,0.7565460000000068,0.7694700000000061,0.0,0.7901530000000074,0.5130249999999954,1.0001550000000157,0.9966520000000174,0.10048399999999989
186,1.1808868177710061,0.07225999999999995,0.698488000000005,0.9683370000000154,0.9228790000000123,0.020943,0.9932940000000154,0.763972000000009,0.9785840000000153,0.7542040000000081,0.7691900000000085,0.0,0.7958160000000085,0.5163249999999957,1.000216000000016,0.9966850000000168,0.10227100000000004
187,1.183222611896575,0.07134599999999991,0.7021460000000054,0.9688630000000146,0.9186300000000114,0.022695000000000003,0.9933150000000152,0.7656570000000086,0.9796610000000144,0.7603160000000053,0.772506000000006,0.0,0.8033310000000079,0.5100799999999941,1.0001810000000155,0.996706000000016,0.10413099999999995
188,1.1858304345332127,0.07119199999999996,0.7028440000000057,0.9679390000000118,0.9228630000000092,0.021660000000000002,0.9922460000000127,0.7666840000000076,0.9789810000000123,0.7698220000000059,0.7793060000000054,0.0,0.807950000000007,0.5084299999999936,1.000158000000013,0.9967300000000149,0.10165999999999999
189,1.1885708886674322,0.07250299999999989,0.7053580000000036,0.9672420000000101,0.926368000000008,0.020051999999999997,0.9924090000000116,0.7694870000000059,0.9802890000000112,0.7756860000000054,0.7829380000000037,0.0,0.812059000000006,0.4987849999999931,1.0002030000000113,0.9967620000000129,0.10227800000000005
190,1.190515390641305,0.07139399999999993,0.7051460000000037,0.9688760000000157,0.924897000000013,0.022069000000000002,0.993142000000016,0.7712170000000073,0.9813880000000166,0.780270000000008,0.7896880000000073,0.0,0.8113340000000083,0.502182999999993,1.0001650000000164,0.9969430000000162,0.09975799999999994
191,1.1932000028472192,0.07275099999999995,0.705826000000007,0.9695300000000165,0.9260900000000132,0.02282200000000003,0.9928870000000183,0.7735730000000108,0.981489000000018,0.781248000000008,0.790653000000009,0.0,0.8134120000000101,0.5008949999999922,1.0001430000000182,0.9968220000000194,0.10129399999999997
192,1.1949945756515217,0.07414899999999991,0.7135540000000044,0.9700050000000122,0.9252020000000079,0.02409200000000001,0.9939370000000121,0.7782840000000066,0.9824820000000117,0.7817490000000048,0.7952300000000058,0.0,0.8151900000000065,0.4960499999999936,1.000129000000012,0.9966850000000147,0.09951899999999995
193,1.197925897345608,0.06920999999999992,0.7146730000000019,0.970518000000012,0.9270410000000097,0.02481300000000004,0.9939470000000123,0.7782610000000046,0.9836230000000121,0.7868260000000039,0.7986470000000054,0.0,0.8155210000000049,0.49054799999999343,1.000138000000013,0.9970710000000141,0.100818
194,1.1992040842780909,0.06856599999999989,0.7172230000000049,0.9699590000000144,0.9253200000000131,0.026342000000000015,0.994272000000015,0.7793930000000087,0.9825240000000149,0.7849510000000077,0.7994950000000063,0.0,0.8136080000000079,0.4911539999999937,1.0001190000000153,0.996806000000017,0.10183999999999983
195,1.2012631176908133,0.06890199999999999,0.7209280000000031,0.9727280000000132,0.9260240000000112,0.027805000000000014,0.9949350000000137,0.7829460000000074,0.9823930000000137,0.7917060000000085,0.8057250000000066,0.0,0.8177340000000071,0.48995899999999404,1.000161000000014,0.996498000000015,0.10067699999999997
196,1.2036043795072076,0.07036099999999995,0.7256750000000066,0.9753230000000137,0.9270560000000102,0.027181000000000014,0.9951450000000142,0.7866010000000088,0.9841220000000143,0.7919340000000066,0.8104070000000076,0.0,0.8250300000000066,0.4891589999999924,1.0001510000000142,0.9966020000000148,0.10211499999999998
197,1.2057179087976375,0.07198199999999995,0.7246100000000062,0.9746930000000158,0.9281410000000136,0.028133000000000033,0.995043000000016,0.7855660000000102,0.9842650000000162,0.7964230000000099,0.8102690000000093,0.0,0.8219980000000078,0.4862659999999934,1.0001900000000168,0.9969850000000173,0.10068500000000001
198,1.2081703390241507,0.0698329999999999,0.7295210000000043,0.9748020000000092,0.9274830000000059,0.027380000000000036,0.9956410000000088,0.7915210000000064,0.9826400000000087,0.7958000000000062,0.810109000000005,0.0,0.8284920000000058,0.4925289999999934,1.000149000000009,0.996830000000011,0.10375799999999989
199,1.2102520165183006,0.07186999999999986,0.7332580000000027,0.9751280000000101,0.9270270000000091,0.028486000000000018,0.9960800000000093,0.7943980000000049,0.9832450000000098,0.7959090000000077,0.8107010000000066,0.0,0.8259230000000072,0.4821309999999923,1.00015700000001,0.9968850000000105,0.104038
200,1.2115724014683331,0.07267599999999991,0.7316930000000034,0.9756790000000078,0.9247390000000066,0.03081700000000003,0.9955020000000079,0.7912950000000046,0.9834770000000084,0.7942840000000048,0.8074660000000037,0.0,0.8261380000000048,0.4866159999999947,1.0001160000000082,0.9967930000000104,0.10500499999999997
