,PopRatio,Diff_KC,Fibroblast,ILC3,M1,M2,Neutrophil,Prol_KC,Th0,Th1,Th17,Th2,Th22,Treg,iDC,pDC,preDiff_KC
0,1.0,0.00031999999999999997,0.0,0.0,0.0,0.0,0.0,0.0,0.0,0.0,0.0,0.0,0.0,0.169869,0.0,0.0,0.0
1,1.000002,0.00041700000000000005,0.0,0.0,0.0,0.0,0.0,0.0,0.0,0.0,0.0,0.0,0.0,0.125404,3.9e-05,4.4e-05,0.0
2,1.000000999998,0.000539,0.0,0.0,5.9e-05,0.0,0.0,0.0,0.0,0.0,0.0,0.0,0.0,0.119457,0.0009090000000000001,0.000907,0.0
3,0.9999999999970002,0.0010249999999999999,0.0,0.0,0.000152,0.0,0.0,0.0,0.0,0.0,0.0,0.0,0.0,0.12879700000000005,0.004130000000000001,0.004118000000000001,0.0
4,1.0000009999970005,0.0018880000000000001,0.0,0.0,0.00043400000000000003,0.0,0.000191,0.0,0.0,0.0,0.0,0.0,0.0,0.14665999999999996,0.012133999999999995,0.012129999999999998,0.0
5,1.000004000000001,0.00198,0.0,0.0,0.0012699999999999999,0.0,0.000351,0.0,0.0,0.0,0.0,0.0,0.0,0.16373900000000033,0.024821999999999986,0.02485499999999998,0.0
6,1.0000180000560013,0.003193,0.0,0.0,0.0023690000000000013,0.0,0.001262,0.0,0.0,0.0,0.0,0.0,0.0,0.18140500000000012,0.04623199999999993,0.046209999999999946,0.0
7,1.0000180000560017,0.0036849999999999995,0.0,0.0,0.004073000000000001,0.0,0.00282,0.0,0.0,0.0,0.0,0.0,0.0,0.1964250000000003,0.07113199999999999,0.07118699999999997,0.0
8,1.0000490006140041,0.004454,0.0,0.0,0.006616999999999999,0.0,0.004495000000000002,0.0,0.0,0.0,0.0,0.0,0.0,0.21699400000000008,0.1022279999999999,0.10220999999999988,0.0
9,1.000070001643019,0.0052580000000000005,0.0,0.0,0.011179,0.0,0.009085999999999993,0.0,0.0,0.0,0.0,0.0,0.0,0.23320000000000057,0.13440200000000027,0.13438200000000028,0.0
10,1.0001300058431235,0.0053890000000000006,0.0,0.0,0.015881999999999997,0.0,0.01324499999999998,0.0,0.0,0.0,0.0,0.0,0.0,0.2518859999999998,0.17298400000000103,0.17298100000000102,0.0
11,1.0002020152035445,0.006695,0.0,0.0,0.019843000000000017,0.0,0.020154000000000005,0.0,7e-06,0.0,0.0,0.0,0.0,0.2652499999999999,0.21241200000000102,0.212483000000001,0.0
12,1.0002810311627546,0.007631000000000003,0.0,0.0,0.02609900000000005,0.0,0.026712000000000038,0.0,5e-05,0.0,0.0,0.0,0.0,0.27773999999999893,0.2597809999999996,0.25985399999999953,0.0
13,1.0003590530831932,0.008280000000000003,0.0,0.0,0.03226900000000005,0.0,0.03554600000000002,0.0,0.000144,0.0,0.0,0.0,0.0,0.2976980000000005,0.3045599999999987,0.30456499999999886,0.0
14,1.0004860986829431,0.008049000000000002,0.0,0.0,0.039159999999999986,0.0,0.04448900000000004,0.0,6.7e-05,0.0,0.0,0.0,0.0,0.32017999999999874,0.3406979999999971,0.34059499999999704,0.0
15,1.000631169167259,0.009513,0.0,0.0,0.05061099999999996,0.0,0.05572199999999984,0.0,0.000412,0.0,0.0,0.0,0.0,0.33425499999999836,0.3786119999999964,0.3782259999999967,0.0
16,1.000830294769931,0.008875999999999998,0.0,0.0,0.059121999999999786,0.0,0.06688599999999986,0.0,0.000936,0.0,0.0,0.0,0.0,0.3458849999999989,0.42374199999999473,0.4232449999999951,0.0
17,1.001053479925678,0.010655,0.0,0.0,0.06911099999999977,0.0,0.07394399999999952,0.0,0.00083,0.0,0.0,0.0,0.0,0.357669999999997,0.4667029999999923,0.46608599999999256,0.0
18,1.0013137538304762,0.010731000000000006,0.0,0.0,0.08095399999999957,0.0,0.08663599999999966,0.0,0.001868,0.0,0.0,0.0,0.0,0.3749389999999947,0.5073369999999943,0.5065389999999941,0.0
19,1.0015961243090794,0.012274999999999993,0.0,0.0,0.09238899999999951,0.0,0.10384699999999926,0.0,0.0025260000000000005,0.0,0.0,0.0,0.0,0.3811719999999963,0.5477430000000032,0.546589000000003,0.0
20,1.0019196398572614,0.012210999999999993,0.0,0.0,0.11090599999999945,0.0,0.12054899999999907,0.0,0.003336000000000002,0.0,0.0,0.0,0.0,0.39531599999999606,0.5855470000000085,0.5842510000000084,0.0
21,1.0023514672220764,0.014071999999999989,0.0,0.0,0.12581999999999913,0.0,0.13328599999999985,6.7e-05,0.005516000000000004,0.0,0.0,0.0,0.0,0.40316099999999394,0.6278030000000027,0.6248210000000025,0.0
22,1.0027634336751365,0.013800999999999978,0.0,0.0,0.14545200000000086,0.0,0.14741900000000097,6.7e-05,0.007091000000000006,0.0,0.0,0.0,0.0,0.4043829999999945,0.6612470000000088,0.6581780000000093,0.0
23,1.003257796047972,0.013801999999999984,0.0,0.0,0.1624290000000018,0.0,0.16380900000000143,0.000172,0.009895000000000001,0.0,0.0,0.0,0.0,0.4105849999999937,0.6931100000000201,0.6890480000000206,0.0
24,1.0038296529917556,0.014113999999999988,0.0,0.0,0.18228700000000295,0.0,0.1757820000000022,0.000397,0.012580999999999986,0.0,0.0,0.0,0.0,0.42027699999999,0.7230010000000232,0.7180500000000233,0.0
25,1.0044510235470103,0.014204999999999992,0.0,0.000202,0.2038050000000039,0.0,0.19048900000000332,0.000173,0.015683999999999976,0.0,0.0,0.0,0.0,0.43569299999999095,0.7509160000000161,0.7446190000000154,0.0
26,1.0051631793227456,0.015059999999999978,0.0,6.7e-05,0.2158690000000049,0.0,0.2080780000000044,0.0004070000000000001,0.019709999999999978,0.0,0.0,0.0,0.0,0.44661099999998827,0.7733690000000327,0.7666980000000334,0.0
27,1.0059391652972238,0.01750599999999999,0.0,0.000134,0.23199700000000567,0.0,0.22835200000000566,0.000437,0.024413000000000042,0.0,0.0,0.0,0.0,0.4575149999999899,0.794376000000028,0.7876320000000299,0.0
28,1.0067841541961224,0.015763999999999976,0.0,1.6e-05,0.24910600000000674,0.0,0.24384700000000634,0.000415,0.02971700000000007,0.0,0.0,0.0,0.0,0.4653719999999894,0.8170220000000343,0.810376000000034,0.0
29,1.0076509953529387,0.016669000000000003,0.0,5.4e-05,0.2665200000000034,0.0,0.26038300000000536,0.00081,0.03472500000000006,0.0,0.0,0.0,0.0,0.4805479999999858,0.8400390000000391,0.8328390000000383,0.0
30,1.0085699730607462,0.015360999999999991,0.0,0.00039899999999999994,0.28767100000000123,0.0,0.2743560000000037,0.000928,0.04145599999999995,0.0,0.0,0.0,0.0,0.48707799999998624,0.8589930000000496,0.8505040000000479,0.0
31,1.0095593802043794,0.018565999999999996,0.0,0.0011560000000000001,0.30799999999999816,0.0,0.2855650000000021,0.00147,0.04668999999999989,0.0,0.0,0.0,0.0,0.49506199999998357,0.8707590000000494,0.8614620000000471,0.0
32,1.010602255044186,0.018151000000000007,0.0,0.0016769999999999999,0.3182699999999977,0.0,0.2984780000000015,0.001618,0.05167499999999995,0.0,0.0,0.0,0.0,0.5040099999999822,0.8789710000000517,0.8679270000000517,0.0
33,1.0116957266842057,0.018882999999999987,0.0,0.002595,0.33912299999999507,0.0,0.32075799999999705,0.0017240000000000005,0.062034999999999924,0.0,0.0,0.0,7.7e-05,0.5047889999999808,0.8939400000000491,0.8828530000000487,0.0
34,1.012817697245161,0.020026000000000006,0.0,0.004762,0.35724499999999365,0.0,0.34390999999999505,0.00203,0.07315999999999967,0.0,6.599999999999999e-05,0.0,0.0,0.5144219999999842,0.9067010000000539,0.8949790000000535,0.0
35,1.013952053066144,0.01942000000000002,0.0,0.0069500000000000065,0.3700219999999908,0.0,0.3602059999999903,0.0024279999999999996,0.08202099999999964,0.0,0.000132,0.0,0.0,0.5178029999999877,0.9168780000000581,0.9041450000000565,0.0
36,1.0150856514615345,0.018674000000000014,0.0,0.007151000000000006,0.3930789999999912,0.0,0.3779019999999923,0.0030540000000000003,0.09396499999999929,6.599999999999999e-05,0.0,0.0,6.599999999999999e-05,0.5208489999999882,0.9268350000000573,0.9137590000000565,0.0
37,1.0162489396181718,0.019208,0.0,0.010266999999999988,0.41250399999998527,0.0,0.38975899999998687,0.0036630000000000018,0.10333499999999918,0.000134,0.0,0.0,0.000134,0.5275909999999877,0.9340320000000569,0.9204180000000569,0.0
38,1.0174084796583394,0.020109000000000005,0.0,0.012458999999999994,0.43036199999998453,0.0,0.41150499999998563,0.004408000000000001,0.11725599999999907,0.00046,1.5e-05,0.0,0.00029200000000000005,0.5341209999999875,0.9434800000000622,0.9304010000000618,0.0
39,1.0184991415486024,0.021010000000000015,0.0,0.017245999999999984,0.44616799999998213,0.0,0.41737699999998434,0.005219,0.12713899999999953,0.000349,0.000134,0.0,0.0004,0.5331669999999883,0.9462640000000614,0.9330800000000606,0.0
40,1.0196561565734703,0.02029200000000002,0.0,0.020612000000000026,0.4655839999999836,0.0,0.43103099999998246,0.005542000000000002,0.13987500000000033,0.00026700000000000004,0.000167,0.0,0.00039999999999999996,0.5345859999999902,0.9526810000000563,0.9395630000000564,0.0
41,1.0207859355950146,0.020745000000000017,0.0,0.026398000000000026,0.48745599999998285,0.0,0.4466219999999838,0.006388000000000002,0.1506310000000008,0.000176,0.000267,0.0,0.000343,0.5455869999999894,0.9583050000000575,0.943909000000056,0.0
42,1.021960860206948,0.023086000000000002,0.0,0.03435000000000005,0.50286499999998,1.7e-05,0.4629139999999789,0.007998000000000007,0.16742300000000143,0.000222,0.000112,0.0,0.000174,0.5452489999999881,0.9669480000000569,0.9524430000000589,0.0
43,1.0230216555799063,0.023355000000000035,0.0,0.04244999999999999,0.5142449999999834,6.7e-05,0.4772109999999795,0.008302000000000002,0.17979400000000248,0.00039600000000000003,0.000248,0.0,0.00031200000000000005,0.5461699999999945,0.9711250000000549,0.9573440000000569,0.0
44,1.024243143436726,0.023787000000000023,0.0,0.05206299999999988,0.5346099999999894,6.7e-05,0.4985849999999758,0.010831999999999994,0.19040300000000326,0.000401,0.000623,0.0,0.000679,0.5519289999999898,0.9749050000000574,0.9617820000000584,0.0
45,1.0253083563059604,0.022767000000000023,0.0,0.05982199999999987,0.5459309999999868,6.7e-05,0.5162369999999796,0.011337999999999997,0.2048460000000036,0.000804,0.0009420000000000001,0.0,0.0009780000000000004,0.5535659999999929,0.9775000000000531,0.9651390000000564,0.0
46,1.0264228664893207,0.020525000000000047,0.0,0.0668979999999999,0.5629619999999934,6.7e-05,0.5274679999999804,0.014107999999999973,0.225016000000005,0.001604,0.00127,0.0,0.0015859999999999997,0.5605199999999909,0.9812720000000592,0.9689550000000584,0.0
47,1.0275816979056498,0.02002000000000001,6.7e-05,0.07913899999999967,0.5789629999999959,6.7e-05,0.5431419999999854,0.016883000000000002,0.24246200000000603,0.001908,0.0019360000000000002,0.0,0.0026370000000000005,0.5708829999999969,0.9830880000000662,0.9706900000000667,0.0
48,1.0287685547668002,0.019231999999999985,6.7e-05,0.09064499999999942,0.5879489999999906,0.000334,0.5523049999999851,0.020651000000000013,0.25427400000000494,0.002002,0.0028369999999999997,0.0,0.003698999999999999,0.5768409999999897,0.9847740000000531,0.9723430000000536,0.0
49,1.0299238618538589,0.019229000000000017,6.7e-05,0.10411399999999937,0.6114030000000045,0.000163,0.571478999999994,0.022249000000000047,0.26009900000000513,0.0026630000000000004,0.004682000000000003,0.0,0.003808,0.5852050000000015,0.9873640000000642,0.9761370000000629,0.0
50,1.030996012594116,0.019460999999999996,0.000281,0.11772199999999929,0.6187919999999991,0.000267,0.5914519999999958,0.028036000000000057,0.2756020000000008,0.0036149999999999976,0.005499000000000006,0.0,0.004875000000000005,0.583487999999992,0.9884270000000566,0.9782720000000603,0.0
51,1.0318527702806424,0.01924100000000002,0.000601,0.13340599999999955,0.632610000000005,0.000375,0.6042369999999977,0.030918000000000074,0.28854000000000063,0.004485000000000004,0.0061660000000000065,0.0,0.006497000000000001,0.5871510000000013,0.9907460000000621,0.9818400000000646,9.8e-05
52,1.032850571909569,0.01964300000000001,0.0008010000000000002,0.15341100000000077,0.6387030000000081,0.00040100000000000004,0.6105079999999992,0.032164000000000116,0.2982319999999965,0.004343000000000001,0.006430000000000008,0.0,0.007689000000000006,0.5902899999999968,0.9900400000000553,0.9818380000000573,6.799999999999999e-05
53,1.0340486785730425,0.020904000000000016,0.00115,0.17134700000000191,0.6523930000000094,0.000582,0.6252980000000018,0.03640000000000004,0.3150559999999948,0.005513000000000005,0.008211999999999999,0.0,0.008268000000000003,0.5923909999999958,0.9914370000000565,0.9849070000000587,1.5e-05
54,1.0349596754589243,0.018159999999999996,0.001334,0.1892310000000032,0.6566470000000096,0.0009360000000000002,0.6344500000000021,0.04044099999999997,0.3283189999999937,0.006032000000000002,0.010234000000000002,0.0,0.010219999999999995,0.5998419999999985,0.992844000000054,0.9870550000000563,6.599999999999999e-05
55,1.036192312432452,0.020160000000000004,0.001734,0.21264200000000363,0.6662990000000105,0.001218,0.6426240000000072,0.04040800000000002,0.34252799999999145,0.007841000000000008,0.012939999999999986,0.0,0.011349999999999994,0.5968960000000026,0.9936960000000608,0.987645000000062,0.00017
56,1.0373663183225021,0.02149700000000003,0.001847,0.22695700000000504,0.6766870000000118,0.0016550000000000002,0.6535410000000081,0.04663399999999998,0.3555869999999922,0.009422,0.01435999999999998,0.0,0.013763999999999995,0.5923490000000009,0.9956040000000593,0.9896700000000618,0.00019999999999999998
57,1.038135006764441,0.023162000000000023,0.001307,0.24207600000000498,0.6793500000000132,0.0016409999999999999,0.6677820000000126,0.05044099999999989,0.37614199999998926,0.011806999999999991,0.01579699999999997,0.0,0.015886999999999984,0.5985489999999998,0.9968190000000614,0.9911140000000623,0.000334
58,1.0390651757305658,0.02551800000000004,0.0021520000000000003,0.26145900000000294,0.691264000000015,0.0018260000000000001,0.6756210000000121,0.05656299999999994,0.38844799999998936,0.014975999999999979,0.017191999999999992,0.0,0.016211,0.6029610000000037,0.9981830000000544,0.9918580000000566,0.000267
59,1.0401832098597092,0.02614200000000006,0.0023190000000000003,0.27680300000000274,0.7044160000000137,0.001732,0.6809780000000125,0.060414999999999885,0.4089589999999876,0.01611199999999998,0.021680000000000022,0.0,0.018725999999999996,0.6056720000000007,0.9989240000000555,0.9930390000000588,0.000201
60,1.0412025894054295,0.027685000000000067,0.0018000000000000002,0.2955459999999991,0.7111800000000154,0.0019289999999999993,0.686641000000014,0.06397999999999986,0.4248689999999867,0.019214999999999996,0.025900000000000034,0.0,0.022211000000000022,0.6120980000000049,0.9993570000000455,0.99386800000005,0.000134
61,1.0421323833178162,0.027537000000000037,0.002001,0.31613799999999825,0.7124890000000115,0.002204,0.7035930000000139,0.06861899999999972,0.4373419999999859,0.02143400000000003,0.029950000000000077,0.0,0.025078000000000062,0.602393999999998,0.9997130000000511,0.9941770000000538,6.7e-05
62,1.0430671760657058,0.026290000000000025,0.002647,0.3257209999999962,0.7221690000000155,0.0028930000000000006,0.7101360000000168,0.07431499999999985,0.4501019999999838,0.025956000000000052,0.031808000000000065,0.0,0.02612900000000006,0.6069010000000045,0.999764000000047,0.9943810000000511,0.0
63,1.0438995436722551,0.027488000000000012,0.0035830000000000007,0.3331749999999949,0.724438000000017,0.0034070000000000007,0.7134900000000174,0.0808759999999995,0.4656549999999814,0.02841200000000008,0.03361800000000005,0.0,0.030253000000000058,0.6105929999999984,0.9997570000000602,0.9945040000000627,0.0
64,1.0450530526680752,0.027485000000000072,0.00432,0.3531769999999943,0.7310150000000148,0.003911,0.7231550000000134,0.08591599999999991,0.4766309999999836,0.03151300000000009,0.03705800000000006,0.0,0.03379500000000009,0.6115880000000039,0.9999280000000458,0.9953000000000485,0.00010300000000000001
65,1.0461106463574243,0.029458000000000015,0.004903000000000002,0.3692679999999918,0.7423030000000191,0.004601,0.7312650000000172,0.09341799999999957,0.49180799999998226,0.034182000000000066,0.04201199999999998,0.0,0.039300999999999996,0.6085630000000002,1.0000370000000534,0.9952840000000548,0.00019700000000000002
66,1.0469768259726642,0.028250000000000046,0.004803000000000003,0.39099599999999046,0.7452840000000179,0.004260000000000003,0.7394670000000232,0.09816299999999951,0.5002959999999801,0.037444999999999964,0.04642599999999996,0.0,0.04441399999999998,0.6174020000000057,1.0001870000000554,0.9957120000000588,0.000249
67,1.0480143800072614,0.026189000000000028,0.006775000000000004,0.4069659999999884,0.7471360000000188,0.004679000000000001,0.7478800000000247,0.10439999999999958,0.5157179999999854,0.04099700000000003,0.051530999999999945,0.0,0.047587999999999984,0.6190480000000056,1.0001770000000514,0.9954680000000544,0.00024700000000000004
68,1.048808774907361,0.026620000000000057,0.007780000000000004,0.42486199999998425,0.7452030000000248,0.0055580000000000004,0.7532540000000221,0.11226599999999927,0.527133999999984,0.045876999999999925,0.05634199999999986,0.0,0.051897999999999916,0.6226780000000028,0.9999350000000581,0.9951010000000609,0.0006070000000000001
69,1.0497673861276866,0.028116000000000058,0.008345999999999998,0.43858999999998527,0.7473820000000164,0.005643000000000002,0.7604830000000197,0.12048499999999959,0.537731999999988,0.04811199999999996,0.06192399999999992,0.0,0.05653799999999992,0.625304000000002,1.0001370000000498,0.9955340000000534,0.0008500000000000002
70,1.0507562670054706,0.028460000000000072,0.01011499999999999,0.45660599999998225,0.7525410000000217,0.0060850000000000045,0.7691930000000307,0.13094199999999984,0.544454999999988,0.051536999999999895,0.06923999999999973,0.0,0.06135899999999981,0.6257230000000076,1.0004050000000544,0.995577000000057,0.001028
71,1.0516893385706285,0.027075000000000047,0.013209999999999977,0.47535399999998323,0.7528100000000275,0.006793000000000003,0.7767060000000302,0.13741100000000034,0.5543539999999936,0.055670999999999915,0.07383899999999963,0.0,0.06465099999999983,0.6224020000000072,1.0003980000000496,0.9961940000000542,0.0009540000000000001
72,1.0524034356315701,0.02851700000000008,0.012747999999999976,0.4904819999999822,0.7568870000000166,0.007806000000000003,0.7801270000000221,0.14406400000000097,0.569900999999998,0.059765999999999764,0.07785899999999975,0.0,0.06632299999999974,0.6239510000000011,1.0005130000000462,0.9964260000000501,0.000855
73,1.053267458852272,0.031284000000000076,0.012926999999999975,0.5032659999999829,0.7541250000000196,0.00910699999999999,0.7880070000000206,0.15266600000000122,0.5775879999999983,0.06431999999999984,0.08139499999999959,0.0,0.07358499999999979,0.625824000000003,1.0004150000000405,0.9967770000000457,0.000883
74,1.0540426637020295,0.03295200000000007,0.013568999999999979,0.5142939999999853,0.7582360000000212,0.010105999999999999,0.7959610000000267,0.1548960000000011,0.5883950000000001,0.06748999999999974,0.08666999999999976,0.0,0.0779509999999998,0.6252020000000098,1.000557000000046,0.9961570000000484,0.001233
75,1.0544421458716207,0.034596000000000036,0.014215999999999984,0.53188099999999,0.7563660000000173,0.008635000000000002,0.7978390000000231,0.16206200000000123,0.6012210000000022,0.07504299999999973,0.09287499999999939,0.0,0.09026199999999958,0.6281640000000067,1.0006050000000486,0.9963530000000521,0.0019570000000000004
76,1.0553531838857053,0.03407200000000007,0.015378999999999981,0.543728999999994,0.7566600000000218,0.009602999999999993,0.8009070000000268,0.16975100000000218,0.6221980000000069,0.07952899999999967,0.10005199999999954,0.0,0.09619699999999955,0.6257370000000066,1.0006250000000456,0.9966060000000473,0.002072
77,1.0564708029074876,0.03301200000000006,0.019170000000000003,0.5518129999999921,0.7554500000000228,0.011316,0.8022860000000323,0.1755090000000029,0.6317860000000066,0.08149699999999957,0.10209499999999953,0.0,0.10297299999999954,0.6286170000000023,1.0004030000000506,0.9965350000000522,0.0029600000000000004
78,1.0574089489805232,0.03443600000000003,0.02088500000000002,0.568288999999998,0.759804000000023,0.011719999999999996,0.8056650000000332,0.17935400000000232,0.6405840000000065,0.08591999999999961,0.10635899999999947,0.0,0.10867799999999937,0.6332510000000056,1.0002270000000484,0.9966290000000531,0.003142
79,1.0581586519254014,0.03540599999999999,0.023966000000000008,0.5788519999999948,0.7598400000000223,0.012773,0.8135370000000306,0.18966400000000203,0.6441800000000031,0.08989899999999974,0.11137999999999935,0.0,0.1126409999999994,0.6301120000000034,1.0000540000000473,0.9965850000000519,0.003134999999999999
80,1.0587416973426618,0.03451500000000005,0.023156999999999994,0.5841000000000006,0.7614220000000196,0.012690999999999992,0.8218500000000297,0.19512700000000255,0.6498080000000127,0.09351999999999952,0.11304499999999924,0.0,0.11891399999999934,0.6283200000000108,1.0002420000000412,0.9968910000000454,0.0034010000000000012
81,1.0593472975935856,0.03534200000000002,0.027773000000000037,0.6022550000000029,0.7587930000000239,0.013342999999999985,0.8291370000000338,0.20470400000000286,0.6604110000000118,0.09679899999999957,0.1262709999999995,0.0,0.1264539999999995,0.622185000000008,1.0005160000000504,0.9968520000000546,0.0034579999999999997
82,1.0597509089140222,0.03381100000000002,0.029467000000000052,0.6136960000000039,0.7658720000000214,0.012735999999999989,0.8328880000000324,0.20952700000000382,0.6663710000000131,0.10081099999999946,0.13152299999999983,0.0,0.13146099999999986,0.6145220000000053,1.0005220000000468,0.9968010000000499,0.004083
83,1.0612144249192808,0.03228600000000007,0.03338100000000005,0.6308030000000069,0.7653450000000217,0.012629999999999992,0.8364000000000291,0.2152470000000032,0.6722730000000101,0.10784699999999958,0.1385820000000002,0.0,0.13470100000000007,0.6093210000000054,1.0005540000000401,0.9966420000000434,0.004339000000000002
84,1.0618532760031245,0.03190000000000007,0.034598000000000025,0.650683000000007,0.7701340000000174,0.011119,0.8386530000000305,0.22023500000000457,0.6855590000000086,0.11428499999999929,0.15039000000000113,0.0,0.14448600000000078,0.6130010000000025,1.0005670000000428,0.9968830000000446,0.0050360000000000005
85,1.0623151821782313,0.030801000000000057,0.03639900000000002,0.66335400000001,0.7752990000000175,0.011168999999999991,0.8404960000000276,0.22560900000000467,0.6896390000000084,0.11799699999999944,0.15387200000000123,0.0,0.14814800000000067,0.6119629999999989,1.0006390000000391,0.9970680000000419,0.004956000000000002
86,1.0628452774541797,0.030532000000000045,0.03809600000000002,0.6692200000000107,0.776081000000018,0.011263999999999993,0.8459590000000237,0.22847800000000365,0.6979540000000132,0.12050999999999938,0.1599830000000016,0.0,0.14870200000000072,0.6157360000000003,1.0005580000000402,0.9964980000000426,0.004932000000000003
87,1.0639187511844508,0.032057000000000044,0.03782799999999998,0.6799610000000103,0.776771000000018,0.011814999999999989,0.8538030000000285,0.23236900000000443,0.7055830000000131,0.12097599999999936,0.16661300000000123,0.0,0.15773400000000096,0.6133090000000035,1.0006400000000388,0.9964030000000433,0.004899000000000001
88,1.0645751890539723,0.033731000000000025,0.04198699999999993,0.6913380000000146,0.7770750000000237,0.012501999999999992,0.8617110000000274,0.23662900000000442,0.7179220000000136,0.12431999999999951,0.17636200000000218,0.0,0.1675130000000021,0.619556000000005,1.0006360000000387,0.9964360000000435,0.005338000000000002
89,1.0653129396600278,0.03513100000000007,0.04676599999999996,0.6877510000000125,0.7716230000000243,0.013835999999999996,0.8652180000000347,0.23841000000000448,0.7356050000000135,0.13191399999999998,0.18366400000000235,0.0,0.17602100000000165,0.6129689999999992,1.0005980000000427,0.995616000000048,0.005010000000000003
90,1.0660895527930854,0.03349300000000007,0.050575,0.6954530000000096,0.7734620000000165,0.015464999999999975,0.868730000000027,0.25009300000000484,0.7449160000000155,0.138938,0.19919700000000296,0.0,0.18782300000000204,0.6057090000000003,1.0006010000000365,0.9959850000000385,0.0054040000000000026
91,1.0671982859280282,0.03288200000000002,0.05327599999999995,0.7018150000000087,0.7766850000000206,0.015394999999999976,0.8770060000000287,0.2567590000000038,0.7536990000000197,0.14657100000000087,0.2047350000000035,0.0,0.1917450000000029,0.6006070000000008,1.0005640000000389,0.9959500000000439,0.005730000000000003
92,1.0681683691699786,0.03337300000000004,0.057921999999999946,0.715374000000017,0.7779670000000184,0.01566999999999998,0.8823010000000269,0.2681870000000024,0.764165000000021,0.153551000000001,0.21368500000000382,0.0,0.2052230000000031,0.6009040000000013,1.0005910000000366,0.9957360000000395,0.005751000000000003
93,1.0692215831820195,0.03311400000000007,0.06796899999999988,0.7273470000000162,0.7754280000000202,0.015658999999999982,0.8857210000000308,0.27622699999999906,0.7718730000000203,0.16277000000000147,0.22636000000000392,0.0,0.21449500000000338,0.6039770000000018,1.0005010000000414,0.9962520000000422,0.005122000000000001
94,1.0693509589936288,0.03575600000000006,0.07201599999999989,0.7343120000000187,0.7714720000000173,0.01701499999999998,0.8881360000000245,0.2880689999999988,0.7833110000000221,0.1723000000000018,0.23800300000000374,0.0,0.22293600000000288,0.6068820000000006,1.0005480000000382,0.9965910000000404,0.004858000000000003
95,1.0698075718531594,0.03530400000000004,0.0756779999999998,0.7392170000000211,0.7682200000000201,0.017528999999999993,0.8977520000000335,0.29528099999999746,0.7835390000000239,0.179174000000002,0.238219000000004,0.0,0.23081700000000382,0.5979890000000021,1.0005190000000423,0.9963440000000447,0.004995000000000005
96,1.0698856678059505,0.03367200000000002,0.0795619999999997,0.7471680000000219,0.7738120000000197,0.01794200000000001,0.9032430000000256,0.2950549999999975,0.7939100000000192,0.19361300000000234,0.248187000000003,0.0,0.2419710000000029,0.5915170000000054,1.0005140000000383,0.99654000000004,0.004673000000000001
97,1.0709255966750988,0.03406500000000002,0.0817399999999998,0.7549600000000174,0.7680630000000193,0.016904999999999996,0.9037200000000287,0.3014799999999971,0.7956140000000227,0.19836300000000298,0.2526490000000044,0.0,0.2474290000000038,0.5885829999999949,1.0005890000000337,0.996480000000037,0.004059000000000001
98,1.0711119377289557,0.03340300000000006,0.08537199999999978,0.7650110000000216,0.7668480000000175,0.017682999999999987,0.9046120000000345,0.30713899999999755,0.8093940000000267,0.2091460000000036,0.26386800000000243,0.0,0.2591200000000025,0.5895579999999998,1.000543000000038,0.9965180000000426,0.004412000000000002
99,1.0717524626677577,0.03387900000000006,0.08522999999999972,0.7735760000000219,0.7671160000000187,0.018607000000000012,0.907234000000033,0.3096119999999955,0.8112290000000251,0.21786300000000317,0.2700620000000008,0.0,0.26580600000000115,0.5842400000000035,1.000507000000046,0.9962520000000474,0.005293000000000004
100,1.072883161515921,0.03485500000000002,0.08630899999999982,0.7797950000000242,0.7665630000000192,0.01859499999999999,0.9084540000000276,0.3080919999999955,0.8121960000000258,0.22486600000000284,0.27671499999999843,0.0,0.27690599999999943,0.5899380000000024,1.0005410000000357,0.9963340000000388,0.005881000000000003
101,1.073923858182629,0.03478700000000004,0.09159099999999978,0.7806330000000171,0.7646270000000132,0.018858000000000003,0.9106570000000259,0.31324099999999516,0.8196950000000242,0.23132700000000345,0.28295899999999713,0.0,0.2853739999999978,0.5845510000000004,1.000499000000032,0.9958100000000353,0.005708000000000003
102,1.074746483858031,0.03531900000000003,0.09690099999999986,0.7833040000000213,0.7663830000000175,0.020107000000000028,0.9134620000000292,0.315640999999995,0.8295900000000231,0.23671900000000295,0.2911199999999971,0.0,0.2926719999999976,0.5860439999999981,1.0004660000000352,0.9959210000000404,0.0051780000000000055
103,1.0756352992002192,0.03425000000000007,0.10116999999999958,0.787523000000021,0.7651120000000182,0.020455999999999978,0.9162520000000296,0.3141069999999941,0.8373740000000256,0.24331700000000334,0.30122799999999544,0.0,0.30185499999999554,0.5856599999999991,1.0004970000000373,0.9962520000000381,0.006037000000000004
104,1.0765259252279964,0.03529499999999999,0.10924999999999961,0.7923710000000207,0.7637550000000194,0.021609000000000017,0.9248260000000305,0.32347499999999546,0.8384370000000285,0.24939200000000394,0.3085309999999962,0.0,0.30265899999999624,0.5883270000000013,1.0004710000000385,0.9961770000000408,0.0064890000000000034
105,1.0774151356422768,0.03379200000000002,0.1169239999999996,0.7941030000000268,0.7664570000000225,0.021073000000000015,0.9255980000000291,0.3337879999999919,0.8475340000000275,0.2602990000000024,0.32356099999999305,0.0,0.3070859999999947,0.5821710000000011,1.000469000000034,0.9964070000000369,0.006712000000000006
106,1.0777803793732952,0.034294000000000026,0.12325999999999951,0.7985920000000261,0.7728240000000244,0.020168000000000026,0.9249350000000339,0.3370149999999926,0.8529690000000316,0.26648000000000027,0.33132999999999463,0.0,0.31116999999999667,0.579567,1.0005320000000375,0.9962830000000423,0.006971000000000007
107,1.0782341249130512,0.03598199999999999,0.12866899999999992,0.8032660000000253,0.7718400000000198,0.020509000000000013,0.9273880000000337,0.34021199999999335,0.8593870000000297,0.27685499999999924,0.3429689999999929,0.0,0.317975999999995,0.5855120000000021,1.000491000000039,0.9966770000000426,0.006518000000000003
108,1.0796595504262283,0.03548100000000007,0.1319349999999999,0.8081830000000251,0.7764850000000234,0.023418999999999995,0.9288320000000293,0.3511499999999917,0.8658050000000292,0.28382399999999847,0.353552999999992,0.0,0.3304969999999931,0.5924700000000038,1.000498000000038,0.997176000000041,0.007453000000000005
109,1.079899234846464,0.03606399999999999,0.1352350000000003,0.8174240000000217,0.7815130000000146,0.023973000000000015,0.9332690000000313,0.3560439999999909,0.8706620000000309,0.29426399999999786,0.3671389999999923,0.0,0.3344609999999934,0.5862259999999963,1.0004270000000375,0.9965870000000403,0.0073790000000000045
110,1.0803247151450337,0.037280000000000035,0.14174800000000082,0.8247390000000197,0.7783800000000178,0.025896000000000047,0.9349500000000214,0.36192999999999215,0.8756100000000201,0.30013099999999715,0.37565099999999174,0.0,0.3427589999999936,0.5843079999999993,1.0004150000000267,0.996976000000031,0.007976000000000002
111,1.0810258458851916,0.03723400000000001,0.14516800000000044,0.8344430000000275,0.7736640000000222,0.02484500000000001,0.9376290000000329,0.3623959999999909,0.880576000000033,0.31203199999999565,0.38885699999998924,0.0,0.353444999999992,0.5893270000000017,1.0004400000000389,0.9969760000000418,0.007223000000000007
112,1.0817912121841198,0.03786700000000004,0.1518880000000008,0.8443220000000267,0.7791050000000215,0.024333000000000053,0.9387590000000334,0.36540999999999235,0.8870250000000315,0.3209079999999944,0.39818199999999004,0.0,0.36720699999999123,0.5877500000000017,1.000444000000037,0.9972610000000387,0.006284000000000006
113,1.0828535311545235,0.038217000000000036,0.16067400000000098,0.8545470000000285,0.7840560000000218,0.021942000000000024,0.9428860000000335,0.37378799999999013,0.8887520000000324,0.33104099999999326,0.4103129999999883,0.0,0.3789329999999905,0.591352,1.000465000000038,0.9969780000000401,0.0064250000000000045
114,1.0843294605175275,0.03619700000000003,0.16696600000000114,0.8594210000000243,0.778640000000015,0.02425000000000001,0.9454430000000247,0.38109499999999125,0.8930910000000234,0.34436999999999346,0.41670399999999097,0.0,0.38103899999999197,0.5944590000000001,1.0004190000000295,0.9971800000000328,0.007314000000000004
115,1.0848651192710548,0.03377600000000008,0.17523000000000175,0.8684280000000254,0.7886050000000182,0.02397900000000002,0.9453410000000286,0.3882319999999905,0.8998940000000275,0.3587429999999912,0.4299219999999878,0.0,0.3965019999999904,0.589563000000002,1.000429000000033,0.9971600000000383,0.008276000000000004
116,1.0853142534304687,0.036473000000000075,0.18064900000000178,0.8729190000000259,0.7900950000000205,0.022405000000000026,0.9486600000000303,0.39493899999998744,0.9002240000000326,0.3609849999999928,0.43548899999998997,0.0,0.40699499999998984,0.5905890000000054,1.0004740000000334,0.9970430000000381,0.007085000000000006
117,1.0864212739690042,0.037978000000000046,0.18854600000000127,0.8776760000000273,0.7922950000000186,0.02259400000000001,0.9501600000000286,0.39802199999999244,0.9011200000000267,0.3724989999999937,0.4356729999999907,0.0,0.41103799999999185,0.585485000000002,1.000466000000034,0.9972570000000358,0.007731000000000008
118,1.0868026078362043,0.03953700000000004,0.19306000000000137,0.8812520000000253,0.792721000000016,0.022566999999999997,0.9515550000000272,0.40386299999999176,0.9054580000000271,0.38554599999999295,0.45224499999999046,0.0,0.423828999999991,0.5824940000000005,1.0004500000000323,0.9971920000000365,0.008497999999999997
119,1.0873231862853923,0.03779399999999999,0.1999510000000017,0.8835040000000225,0.7956170000000168,0.023456000000000015,0.9543540000000238,0.40907899999999187,0.910313000000025,0.3946959999999936,0.46049399999999174,0.0,0.4391449999999917,0.5852799999999992,1.0004150000000276,0.9971660000000315,0.007272000000000003
120,1.0883289602327348,0.035891000000000006,0.20888300000000193,0.8944540000000338,0.7946610000000262,0.024036000000000005,0.9527250000000348,0.41746599999999084,0.9116140000000352,0.4063689999999891,0.47017899999998797,0.0,0.44528699999998916,0.5826420000000001,1.0004450000000378,0.9971520000000405,0.007427000000000005
121,1.0888829196735343,0.03455300000000002,0.2124140000000022,0.8950840000000319,0.794497000000023,0.023958000000000024,0.9542220000000323,0.41885099999998876,0.9130840000000341,0.41189999999998944,0.47708099999998765,0.0,0.4540009999999884,0.5833840000000026,1.0004280000000367,0.9972710000000377,0.006619000000000004
122,1.0899478471690147,0.03848900000000003,0.21821200000000215,0.897504000000027,0.7983330000000171,0.025072000000000004,0.9563330000000283,0.4210199999999893,0.9145820000000284,0.41974699999999054,0.4857699999999884,0.0,0.4638199999999886,0.5803410000000014,1.0003410000000326,0.9970590000000348,0.007539000000000003
123,1.0910890225650358,0.04109800000000001,0.220028000000002,0.8934800000000309,0.8048160000000245,0.026606000000000025,0.9578530000000308,0.4235449999999897,0.9176360000000342,0.4259169999999879,0.48901099999998765,0.0,0.4698919999999889,0.5786690000000021,1.0004170000000356,0.9967780000000387,0.007489000000000004
124,1.0922084799022258,0.04225,0.22356200000000181,0.8972960000000271,0.8054700000000182,0.026332000000000005,0.9567350000000268,0.4237349999999907,0.9194150000000275,0.43894299999999054,0.4974039999999879,0.0,0.47603999999998864,0.5814339999999966,1.0003920000000304,0.9972990000000338,0.006284000000000004
125,1.0932340636648865,0.042995000000000054,0.22636000000000228,0.8951490000000212,0.8086180000000172,0.025988000000000018,0.9594040000000221,0.42304199999998887,0.9171200000000221,0.4456619999999894,0.5010669999999887,0.0,0.48287699999998784,0.5776029999999985,1.0004240000000255,0.9971810000000294,0.006063000000000002
126,1.0934275660941826,0.04763500000000003,0.23390100000000277,0.8966290000000321,0.8146020000000247,0.02421700000000004,0.9613970000000338,0.4324489999999872,0.9226530000000328,0.460985999999988,0.5150179999999912,0.0,0.49532099999998747,0.5801640000000021,1.0004260000000358,0.9969860000000373,0.007039000000000005
127,1.0939753733048343,0.04903500000000005,0.23822800000000208,0.9005310000000195,0.811657000000012,0.024490000000000022,0.9634900000000194,0.43757599999999003,0.9203840000000197,0.4665619999999905,0.518270999999995,0.0,0.4996299999999899,0.5839469999999992,1.000484000000021,0.9971420000000235,0.0076690000000000065
128,1.0939086408070857,0.05191899999999995,0.2430760000000028,0.9032000000000246,0.8149700000000176,0.022061000000000008,0.9616150000000265,0.4431889999999886,0.9211270000000261,0.4756999999999879,0.5271619999999889,0.0,0.5033509999999882,0.5862279999999968,1.0003950000000303,0.9971110000000334,0.008113000000000004
129,1.0949719200059833,0.05183100000000001,0.24442600000000259,0.9060420000000265,0.8160700000000216,0.021064000000000013,0.960883000000025,0.44128699999998927,0.9260280000000279,0.4873809999999886,0.5468879999999993,0.0,0.5091169999999894,0.5815290000000012,1.000382000000029,0.9971360000000316,0.008195000000000006
130,1.095873081896179,0.05216899999999996,0.2550670000000013,0.9103810000000269,0.814636000000021,0.022611000000000017,0.9622120000000263,0.45132399999998857,0.9304120000000277,0.5024559999999901,0.5497450000000007,0.0,0.5187189999999919,0.5812080000000042,1.0004050000000286,0.9971210000000313,0.008563000000000003
131,1.0972944292834295,0.05018399999999994,0.262575000000001,0.9131370000000262,0.8151300000000165,0.023233000000000004,0.9622100000000275,0.45773599999998754,0.932757000000027,0.5106169999999898,0.5495579999999961,0.0,0.5283349999999951,0.581225999999998,1.0004490000000295,0.9972780000000331,0.008815999999999997
132,1.0983653886464408,0.04827,0.2745289999999986,0.9148230000000211,0.8179020000000129,0.02431900000000002,0.9636300000000226,0.46730799999998707,0.9391340000000247,0.5230389999999953,0.5611259999999952,0.0,0.5393139999999929,0.5798559999999988,1.0003760000000244,0.997051000000027,0.009159000000000002
133,1.0991089820145805,0.04783800000000003,0.2786589999999988,0.916772000000025,0.8266250000000211,0.02391600000000003,0.9633020000000276,0.4710869999999869,0.9402570000000269,0.5323389999999962,0.5707309999999992,0.0,0.5416069999999974,0.5818830000000011,1.00039100000003,0.9969230000000333,0.009841999999999998
134,1.099973980783458,0.04584500000000002,0.2867629999999989,0.9193510000000266,0.8251090000000192,0.02253200000000001,0.9650710000000285,0.47495499999998664,0.9417980000000269,0.543451999999994,0.5785179999999982,0.0,0.5540899999999911,0.5773719999999974,1.000451000000031,0.9968420000000346,0.011816999999999987
135,1.101048655362717,0.047384999999999955,0.30273199999999667,0.9191390000000247,0.8260470000000206,0.02253100000000002,0.9651920000000254,0.4842829999999869,0.9464290000000273,0.5515269999999955,0.5823219999999995,0.0,0.5615309999999955,0.5762869999999972,1.0004370000000287,0.9970620000000314,0.010731999999999993
136,1.1021783312831501,0.04623999999999999,0.3138319999999967,0.9219050000000255,0.827625000000019,0.022157000000000027,0.9648260000000248,0.4885899999999871,0.9496380000000261,0.5566049999999997,0.5928060000000015,0.0,0.5654899999999982,0.5771500000000003,1.0003910000000267,0.9971860000000302,0.012068999999999998
137,1.1036409219287913,0.046265000000000035,0.3100469999999975,0.9220780000000213,0.8250310000000175,0.022842000000000022,0.9663910000000226,0.48440199999998934,0.950798000000022,0.5596519999999997,0.6014710000000032,0.0,0.5679499999999985,0.5793579999999997,1.0003480000000269,0.9970880000000302,0.012478
138,1.1050646187181081,0.04757099999999999,0.32065399999999683,0.9257640000000212,0.8255610000000131,0.022062000000000002,0.9685850000000225,0.4901979999999883,0.9519500000000233,0.5679399999999953,0.6091029999999984,0.0,0.5801989999999964,0.5759229999999986,1.0004040000000265,0.9971700000000302,0.013545999999999983
139,1.1065553508887873,0.04904299999999995,0.3277929999999945,0.9275180000000249,0.8263180000000185,0.021386999999999996,0.968897000000025,0.49785199999998586,0.9523460000000274,0.571271,0.6108640000000054,0.0,0.5893390000000027,0.5720840000000014,1.0003370000000285,0.9970210000000321,0.013228999999999986
140,1.107462726276547,0.04730599999999988,0.334240999999995,0.9294390000000214,0.8288190000000116,0.02436000000000002,0.9682060000000212,0.5035989999999884,0.9540640000000226,0.578909999999998,0.6157070000000016,0.0,0.5982080000000006,0.5702029999999989,1.0003590000000244,0.9973570000000261,0.014335999999999982
141,1.1087241263218022,0.045883999999999946,0.3465679999999959,0.9302850000000191,0.8318770000000099,0.022676000000000016,0.9702940000000196,0.514099999999989,0.9585770000000206,0.5907919999999974,0.6213909999999981,0.0,0.5990939999999959,0.567290999999995,1.0003260000000231,0.997194000000027,0.015372999999999989
142,1.110288536064067,0.048159,0.35231399999999563,0.9311210000000177,0.8401040000000137,0.02073600000000001,0.9698810000000199,0.513944999999991,0.9598620000000186,0.5964780000000015,0.6348910000000039,0.0,0.6106380000000002,0.5702029999999971,1.0003470000000216,0.9968710000000245,0.015065999999999986
143,1.1113966040230816,0.046978,0.3613099999999948,0.934986000000023,0.8400440000000174,0.021208000000000015,0.9716300000000222,0.5195559999999939,0.9622800000000222,0.6052990000000038,0.637103000000007,0.0,0.6154640000000073,0.572560000000001,1.0003220000000244,0.9971800000000279,0.01638899999999999
144,1.1124124205191839,0.04755599999999994,0.3613389999999944,0.9307590000000271,0.8434030000000204,0.01984000000000002,0.9725990000000285,0.5210279999999914,0.9640950000000289,0.6085390000000044,0.6366080000000053,0.0,0.620627000000004,0.5642019999999992,1.0003120000000303,0.9972650000000335,0.015941999999999987
145,1.1135159336403713,0.04539500000000003,0.36997799999999464,0.9314300000000214,0.8453300000000166,0.020343000000000028,0.9742510000000244,0.5251809999999946,0.9643940000000241,0.6129960000000072,0.6472970000000078,0.0,0.6219960000000068,0.5584509999999998,1.0003220000000268,0.99706100000003,0.015129999999999977
146,1.1144546275724585,0.04328199999999999,0.3758069999999939,0.935465000000019,0.847006000000018,0.021355000000000002,0.9770860000000217,0.5304569999999961,0.9658870000000226,0.6159420000000041,0.6533900000000064,0.0,0.6290930000000063,0.5586310000000008,1.000310000000025,0.9971940000000276,0.015380999999999988
147,1.116384862987441,0.04437300000000002,0.380492999999994,0.9357480000000208,0.8472420000000143,0.022238000000000036,0.978138000000021,0.5366949999999973,0.966598000000021,0.6208700000000061,0.6586200000000054,0.0,0.630307000000004,0.558343000000001,1.0003220000000244,0.9971120000000264,0.016363999999999983
148,1.1166215365784216,0.039900999999999985,0.38779899999999495,0.9367640000000195,0.848193000000018,0.022903999999999994,0.9776530000000201,0.539808999999996,0.9665650000000202,0.6235130000000083,0.6634270000000074,0.0,0.6351590000000087,0.5558099999999981,1.000282000000022,0.9969420000000238,0.016644999999999997
149,1.1182841860464106,0.039806999999999954,0.39700099999999483,0.9354000000000221,0.8481370000000182,0.023787000000000013,0.9779910000000217,0.5436669999999983,0.9667020000000229,0.6229840000000078,0.6596740000000065,0.0,0.6345420000000088,0.5539619999999984,1.0003100000000231,0.9971150000000256,0.017609000000000007
150,1.1191027700706213,0.040753000000000025,0.4002909999999947,0.9396810000000184,0.8509120000000125,0.024536000000000027,0.9785310000000204,0.5413759999999965,0.9665700000000206,0.6365430000000059,0.6658910000000074,0.0,0.6446840000000064,0.5480379999999966,1.0003070000000225,0.9972650000000244,0.017808999999999995
151,1.1201927761686945,0.04026400000000001,0.40934599999999444,0.9421220000000153,0.8521350000000104,0.025977000000000038,0.979142000000016,0.5506379999999983,0.968377000000016,0.6407410000000053,0.6725420000000053,0.0,0.6508440000000039,0.5486399999999949,1.0002750000000182,0.9970310000000222,0.016446999999999993
152,1.1212087910166986,0.03700399999999999,0.421276999999994,0.9422210000000159,0.8578230000000117,0.02493400000000004,0.9790450000000155,0.5582470000000007,0.9692050000000165,0.6452150000000074,0.6788310000000063,0.0,0.652402000000007,0.5421579999999979,1.0002380000000173,0.9970670000000204,0.016360999999999997
153,1.1222829090385114,0.038822999999999976,0.42148899999999506,0.9441150000000204,0.8592340000000148,0.02504000000000003,0.9796510000000216,0.5598330000000029,0.9719820000000227,0.6465770000000068,0.6833110000000069,0.0,0.6616550000000068,0.5378219999999968,1.0002880000000232,0.9972880000000263,0.016854000000000008
154,1.1232233821163105,0.03709100000000003,0.4328569999999948,0.9475750000000193,0.8630980000000146,0.024351000000000022,0.9825560000000209,0.5668510000000029,0.9722270000000216,0.6533440000000088,0.6864980000000075,0.0,0.6610890000000089,0.5306519999999966,1.0002820000000219,0.9970850000000244,0.018395999999999996
155,1.1242432689472954,0.035272000000000005,0.444304999999994,0.9506310000000163,0.8651620000000121,0.025181000000000047,0.9825710000000156,0.5765750000000021,0.9745240000000164,0.6633560000000063,0.6974730000000079,0.0,0.6695200000000059,0.5293049999999926,1.000285000000017,0.9969650000000206,0.019028000000000014
156,1.1259464974997697,0.03686299999999996,0.44229299999999283,0.9492540000000184,0.8581020000000151,0.026439000000000018,0.9841010000000191,0.5723650000000005,0.9761420000000195,0.6668660000000057,0.6940610000000079,0.0,0.6677100000000071,0.5303649999999928,1.0002620000000206,0.9967300000000247,0.019051999999999993
157,1.1279754530882862,0.04013299999999996,0.44235499999999384,0.9498940000000181,0.8559220000000123,0.02857600000000001,0.9840560000000191,0.5681070000000014,0.9758390000000193,0.66868400000001,0.6985290000000092,0.0,0.6712430000000076,0.5270769999999966,1.0002880000000207,0.9969700000000241,0.019851000000000014
158,1.1284988336985424,0.03919600000000002,0.44667699999999433,0.9501380000000181,0.8581620000000144,0.02839900000000002,0.9851900000000205,0.5724200000000008,0.9737270000000195,0.6795890000000047,0.705350000000006,0.0,0.6785800000000044,0.5237479999999933,1.0002860000000204,0.9968620000000222,0.021326000000000015
159,1.1303540857811636,0.03704100000000003,0.4478339999999946,0.9526840000000192,0.8564770000000129,0.029139000000000023,0.9843920000000211,0.5715170000000026,0.9751020000000215,0.6837360000000084,0.7106190000000076,0.0,0.6904930000000071,0.5265859999999963,1.0002280000000225,0.9969120000000271,0.021556000000000027
160,1.1311521157657494,0.035445000000000004,0.4523479999999938,0.9549940000000208,0.8590010000000153,0.030801000000000026,0.9856530000000243,0.577606000000004,0.9739870000000228,0.6938040000000082,0.7177620000000096,0.0,0.7009300000000085,0.5237389999999947,1.0002860000000244,0.9967850000000255,0.020391000000000013
161,1.1327142368376477,0.03600199999999999,0.4612039999999932,0.9586000000000214,0.8616160000000173,0.031817000000000005,0.9869010000000216,0.5856410000000065,0.9719850000000217,0.6910650000000119,0.719204000000012,0.0,0.6968060000000134,0.5319509999999966,1.000276000000022,0.9968440000000257,0.019111000000000013
162,1.134750857035505,0.03888600000000004,0.47024099999999275,0.9581850000000219,0.8619920000000167,0.03332700000000003,0.9858910000000218,0.5929470000000062,0.9731340000000217,0.6984570000000105,0.72647400000001,0.0,0.7005860000000107,0.530050999999995,1.0002640000000218,0.996990000000025,0.01973500000000001
163,1.136675394489061,0.04015999999999999,0.4756619999999924,0.9572310000000258,0.8606850000000216,0.03290600000000001,0.9868320000000257,0.5984630000000112,0.9751230000000262,0.7016080000000147,0.7304510000000172,0.0,0.7049240000000152,0.5258149999999951,1.0002420000000267,0.9971820000000267,0.019727000000000015
164,1.1378086598573955,0.042068000000000015,0.474748999999994,0.9590970000000205,0.8599340000000132,0.033807999999999984,0.9870920000000214,0.5962440000000059,0.975444000000021,0.7079770000000087,0.7327170000000089,0.0,0.7067170000000081,0.516337999999993,1.0002720000000216,0.9971790000000255,0.020643
165,1.1384287655770418,0.04373099999999996,0.47945799999999417,0.960293000000019,0.8621400000000151,0.034197000000000054,0.9885380000000197,0.5987090000000072,0.9759830000000195,0.71146600000001,0.7368820000000105,0.0,0.7134910000000078,0.5130409999999924,1.0002100000000196,0.9967440000000223,0.021699000000000038
166,1.1392290809992638,0.040102999999999896,0.48276099999999494,0.9590470000000162,0.8610640000000116,0.03485300000000002,0.9888770000000168,0.600459000000006,0.978027000000016,0.7147590000000088,0.7401100000000076,0.0,0.7180160000000082,0.510808999999989,1.0002040000000176,0.9968390000000207,0.023970000000000016
167,1.1405414729005943,0.04077599999999999,0.489394999999994,0.9580840000000211,0.8638710000000169,0.03391000000000001,0.9879600000000218,0.6056240000000048,0.979279000000021,0.7170860000000097,0.74748800000001,0.0,0.725755000000009,0.5117249999999925,1.000247000000023,0.9966580000000242,0.026058000000000022
168,1.1413558195122697,0.03917399999999996,0.4887619999999939,0.9595160000000218,0.8652810000000153,0.03397900000000002,0.9860200000000232,0.6088890000000021,0.9787360000000227,0.7169850000000096,0.7518850000000092,0.0,0.730884000000009,0.5060249999999925,1.0002470000000243,0.996926000000025,0.028838000000000016
169,1.1435049925204366,0.03980699999999997,0.4859129999999936,0.9585480000000159,0.8667640000000134,0.03340900000000003,0.9875020000000151,0.6060510000000024,0.9778980000000165,0.7183340000000082,0.7537650000000076,0.0,0.7308860000000081,0.5066399999999899,1.0002190000000164,0.9967930000000187,0.03167700000000001
170,1.14566736046131,0.038515999999999995,0.4897679999999946,0.9612820000000167,0.8696900000000111,0.03193500000000002,0.9879720000000157,0.6068150000000072,0.9796170000000168,0.7259580000000102,0.762757000000008,0.0,0.740541000000008,0.5010809999999888,1.0002490000000166,0.9969290000000187,0.03082300000000004
171,1.1473572198180084,0.037932999999999995,0.49659299999999396,0.9618120000000165,0.86832500000001,0.033562000000000015,0.9895790000000189,0.6140060000000069,0.9812510000000181,0.7323530000000075,0.766023000000007,0.0,0.7393550000000083,0.5019809999999889,1.0002630000000192,0.9968740000000222,0.030759000000000043
172,1.148833868559936,0.038735999999999986,0.5052719999999953,0.9646780000000174,0.866580000000015,0.03305200000000002,0.989278000000017,0.6178230000000099,0.9833600000000179,0.7394410000000099,0.7708460000000107,0.0,0.7430610000000104,0.49649999999998995,1.0002310000000179,0.99707400000002,0.029722999999999996
173,1.151303861377359,0.03842699999999998,0.5116809999999979,0.9659630000000189,0.8659400000000126,0.032160000000000015,0.9890180000000187,0.6231260000000118,0.9837290000000194,0.7462210000000115,0.7742770000000104,0.0,0.7514700000000112,0.4969019999999889,1.0002650000000197,0.9972080000000219,0.03094200000000004
174,1.1522214505548987,0.03655400000000001,0.5256989999999993,0.9680310000000144,0.8692930000000112,0.03274999999999999,0.988736000000014,0.6333660000000083,0.9834350000000149,0.7564560000000089,0.7813480000000109,0.0,0.7580570000000096,0.49847199999999253,1.0001860000000142,0.9966780000000173,0.03328299999999996
175,1.1545132190200675,0.03663600000000003,0.5288349999999987,0.9685270000000119,0.8678100000000102,0.033892000000000026,0.9909470000000126,0.6362200000000063,0.983913000000012,0.7520950000000094,0.7818500000000084,0.0,0.758924000000008,0.5066399999999917,1.0002400000000127,0.9971440000000168,0.03265000000000002
176,1.1570011950070702,0.034494000000000004,0.5409200000000003,0.9705810000000196,0.8666680000000138,0.03429200000000002,0.9892180000000192,0.6424670000000101,0.9851410000000197,0.7642410000000116,0.7871730000000119,0.0,0.7662370000000116,0.5044299999999893,1.00019600000002,0.9969550000000214,0.03333000000000004
177,1.1579800180180697,0.033974000000000004,0.5438630000000008,0.973156000000015,0.8694730000000123,0.032676,0.9881300000000156,0.6478940000000081,0.9845920000000166,0.7653210000000088,0.7985100000000095,0.0,0.7699490000000077,0.4994909999999905,1.0002270000000164,0.9969310000000188,0.03638100000000002
178,1.1590036723540156,0.03631900000000001,0.5506729999999999,0.9732890000000166,0.8662000000000125,0.033576999999999975,0.9897500000000163,0.6501350000000085,0.9860860000000162,0.7646590000000096,0.8018220000000119,0.0,0.7749720000000103,0.5025269999999911,1.0001990000000167,0.9971380000000196,0.03723899999999996
179,1.160323777536846,0.034262000000000035,0.5647330000000043,0.9747650000000131,0.8683040000000095,0.034335000000000025,0.9914610000000125,0.662002000000005,0.9859420000000123,0.7736180000000074,0.8073350000000065,0.0,0.7830760000000062,0.49386299999999006,1.000223000000013,0.996935000000016,0.03818000000000002
180,1.162392634832209,0.03543399999999999,0.5752060000000017,0.9753130000000153,0.8706570000000077,0.03579800000000002,0.9912390000000155,0.6668790000000054,0.9862280000000153,0.7805930000000051,0.8137220000000063,0.0,0.7856560000000066,0.48798299999999273,1.0002070000000156,0.9969380000000178,0.040955999999999985
181,1.16582401789025,0.03795299999999997,0.5810180000000016,0.9764760000000207,0.8702660000000128,0.03654800000000001,0.9912230000000218,0.6682250000000058,0.9863260000000211,0.7858520000000088,0.81732700000001,0.0,0.7923800000000074,0.47682799999999065,1.000209000000022,0.9967550000000236,0.04260399999999994
182,1.1667683353447658,0.03848300000000001,0.5832010000000036,0.976633000000017,0.8735410000000129,0.03635200000000001,0.9916680000000168,0.6721070000000086,0.9866880000000172,0.7922460000000093,0.8252190000000084,0.0,0.8003160000000086,0.4702299999999927,1.0001860000000173,0.9967140000000185,0.04438799999999999
183,1.1683458061341712,0.03971499999999997,0.5964020000000045,0.9765860000000174,0.8787360000000136,0.037211,0.9920260000000183,0.6860980000000104,0.9879650000000184,0.793851000000009,0.8283480000000095,0.0,0.802763000000011,0.4671679999999914,1.0001920000000186,0.9969860000000187,0.048848000000000016
184,1.169805070046053,0.038887000000000026,0.6006320000000036,0.9781470000000151,0.8790250000000112,0.035448999999999974,0.9915280000000153,0.6903550000000087,0.9892750000000163,0.7982340000000085,0.8321940000000093,0.0,0.8079630000000069,0.463452999999993,1.0001890000000158,0.9966420000000178,0.05076099999999997
185,1.170494085232328,0.039890000000000016,0.6041250000000056,0.9775030000000137,0.8769290000000097,0.03727900000000003,0.9923010000000136,0.6909900000000068,0.990169000000014,0.7980860000000068,0.8359140000000074,0.0,0.8063530000000055,0.46525399999999373,1.000160000000014,0.9968160000000154,0.052202999999999986
186,1.1728631652608519,0.041207999999999995,0.6065140000000033,0.9766760000000136,0.8773060000000112,0.03981799999999997,0.991733000000014,0.6930450000000068,0.9906120000000138,0.7978480000000086,0.8332770000000087,0.0,0.8050630000000071,0.463836999999993,1.0001910000000143,0.9969130000000157,0.05183499999999996
187,1.1753848210661777,0.04200700000000001,0.6159240000000035,0.9768620000000109,0.8777220000000086,0.040570000000000016,0.9916200000000126,0.6992930000000063,0.9918460000000122,0.8018210000000049,0.8378760000000055,0.0,0.8040240000000036,0.46002499999999197,1.0001920000000128,0.9966060000000146,0.05400300000000001
188,1.1775393014432056,0.04110399999999997,0.6203550000000042,0.9756220000000203,0.8800830000000155,0.03997900000000002,0.9922640000000199,0.7070690000000112,0.9914980000000205,0.8034150000000111,0.8394740000000132,0.0,0.8034640000000111,0.4584829999999922,1.000204000000021,0.9969230000000227,0.05489799999999999
189,1.1792632189805416,0.03956099999999998,0.6229520000000045,0.9765950000000162,0.8821490000000112,0.039828,0.9919360000000159,0.7105340000000082,0.9911790000000161,0.809280000000008,0.842224000000009,0.0,0.8053530000000075,0.45535799999999416,1.0001710000000164,0.9968650000000173,0.05639699999999999
190,1.180776213690512,0.038604000000000006,0.6286600000000041,0.9771500000000134,0.8822240000000094,0.04028000000000004,0.9921520000000128,0.7118640000000066,0.991871000000013,0.8095170000000077,0.843058000000008,0.0,0.8096690000000079,0.4547459999999938,1.000189000000013,0.9971800000000149,0.055920000000000025
191,1.1818896856600378,0.039485,0.6332850000000039,0.9796220000000128,0.883503000000008,0.03915200000000002,0.9917890000000128,0.7134490000000061,0.993520000000013,0.8163410000000062,0.8484360000000073,0.0,0.8109440000000058,0.4484639999999937,1.000181000000014,0.9968430000000161,0.057125999999999975
192,1.1841518225184045,0.03957000000000003,0.6384500000000065,0.9780890000000175,0.8882350000000113,0.03783099999999999,0.9932930000000182,0.7181290000000113,0.9927610000000184,0.8178750000000093,0.8530690000000097,0.0,0.8131530000000085,0.4497019999999946,1.000165000000018,0.996811000000019,0.05889799999999996
193,1.184293920737127,0.038150999999999935,0.6433850000000069,0.9803250000000158,0.8951710000000123,0.035417,0.9938840000000161,0.7226610000000114,0.9919030000000163,0.824566000000009,0.8587210000000093,0.0,0.8202250000000105,0.44913199999999204,1.0001660000000163,0.9967810000000176,0.059913999999999995
194,1.1860999689662688,0.03883600000000001,0.6492480000000068,0.9828640000000173,0.8899510000000123,0.036417000000000005,0.993323000000018,0.7265800000000106,0.9928330000000178,0.8259700000000086,0.8585800000000101,0.0,0.8209830000000092,0.4561849999999935,1.0001490000000184,0.9966370000000189,0.062147999999999995
195,1.1876917151246422,0.04046299999999998,0.6568520000000052,0.9844990000000132,0.8874070000000096,0.03624300000000001,0.9944860000000133,0.7304540000000088,0.9933050000000135,0.8307180000000076,0.8583400000000078,0.0,0.8239900000000059,0.45448899999999365,1.0001510000000133,0.996922000000015,0.06441199999999997
196,1.1898331232870263,0.042558000000000006,0.6565710000000046,0.9862410000000104,0.8870690000000078,0.03644999999999999,0.9945340000000104,0.7283200000000088,0.9931190000000103,0.8359400000000069,0.8584470000000073,0.0,0.823624000000007,0.4657069999999936,1.0001590000000098,0.997016000000012,0.06563299999999996
197,1.1924317188282951,0.044494999999999986,0.6633390000000025,0.9863710000000145,0.8915000000000112,0.03442800000000004,0.9938490000000143,0.7328340000000062,0.9940020000000145,0.840179000000009,0.861517000000008,0.0,0.8338150000000077,0.4659689999999945,1.0001930000000148,0.9965950000000167,0.06876699999999994
198,1.1943849219837523,0.044414999999999955,0.6688540000000059,0.9868170000000104,0.8945230000000066,0.034174000000000024,0.9941890000000109,0.7367120000000077,0.9948960000000104,0.8453640000000049,0.8666110000000047,0.0,0.8411700000000054,0.4655079999999934,1.000163000000011,0.9968820000000128,0.06642699999999996
199,1.1960475057951665,0.04548899999999998,0.6766930000000038,0.987097000000011,0.8926060000000077,0.036139999999999985,0.9929950000000118,0.7428300000000073,0.9951960000000122,0.8497890000000059,0.8651390000000057,0.0,0.8455850000000061,0.4592699999999943,1.0001500000000123,0.9969850000000144,0.06636100000000003
200,1.1979623778519584,0.04466799999999994,0.6841290000000054,0.9881900000000152,0.8960780000000111,0.033817999999999994,0.9927980000000153,0.7512820000000088,0.9952850000000156,0.8539140000000094,0.8705880000000086,0.0,0.850147000000008,0.4583129999999947,1.0001530000000154,0.9968860000000174,0.06759799999999998
