,PopRatio,Diff_KC,Fibroblast,ILC3,M1,M2,Neutrophil,Prol_KC,Th0,Th1,Th17,Th2,Th22,Treg,iDC,pDC,preDiff_KC
0,1.0,0.000754,0.0,0.0,0.0,0.0,0.0,0.0,0.0,0.0,0.0,0.0,0.0,0.16994900000000002,0.0,0.0,0.0
1,1.0000019999999998,0.002182,0.0,0.0,0.0,0.0,0.0,0.0,0.0,0.0,0.0,0.0,0.0,0.128101,3e-05,3e-05,0.0
2,0.9999989999939999,0.0032099999999999997,0.0,0.0,0.0,0.0,0.0,0.0,0.0,0.0,0.0,0.0,0.0,0.12631699999999998,0.000719,0.0007460000000000001,0.0
3,0.9999989999939999,0.0044919999999999995,0.0,0.0,0.000267,0.0,6.6e-05,0.0,0.0,0.0,0.0,0.0,0.0,0.13464399999999996,0.003607999999999999,0.0036389999999999994,0.0
4,0.9999930000000007,0.004639,0.0,0.0,0.00042399999999999995,0.0,0.00031500000000000007,0.0,0.0,0.0,0.0,0.0,0.0,0.14887900000000007,0.009722000000000001,0.009729000000000002,0.0
5,1.0000009999440012,0.0058260000000000004,0.0,0.0,0.000758,0.0,0.001129,0.0,0.0,0.0,0.0,0.0,0.0,0.16695400000000005,0.023606000000000016,0.023652000000000017,0.0
6,0.9999999999430015,0.006540000000000001,0.0,0.0,0.001544,0.0,0.0024470000000000017,0.0,0.0,0.0,0.0,0.0,0.0,0.18008300000000013,0.043323,0.043337,0.0
7,1.0000189999430011,0.007171,0.0,0.0,0.0031550000000000007,0.0,0.0034310000000000018,0.0,0.0,0.0,0.0,0.0,0.0,0.19982200000000047,0.06752099999999989,0.06756099999999987,0.0
8,1.00006200076,0.0072699999999999996,0.0,0.0,0.006285000000000002,0.0,0.007041999999999999,0.0,0.0,0.0,0.0,0.0,0.0,0.2215600000000003,0.0950529999999998,0.0950089999999998,0.0
9,1.0000920026200244,0.008129999999999998,0.0,0.0,0.010369999999999996,0.0,0.008889999999999999,0.0,0.0,0.0,0.0,0.0,0.0,0.23600700000000063,0.12850099999999992,0.1284469999999999,0.0
10,1.0001470076801744,0.009151000000000001,0.0,0.0,0.01552599999999999,0.0,0.01393399999999998,0.0,3.9e-05,0.0,0.0,0.0,0.0,0.24482100000000004,0.16855100000000048,0.16851100000000055,0.0
11,1.0002210185587437,0.010486999999999995,0.0,0.0,0.018972,0.0,0.018342000000000008,0.0,0.0,0.0,0.0,0.0,0.0,0.2580729999999998,0.21037000000000136,0.21036700000000133,0.0
12,1.0002820320408792,0.011727999999999999,0.0,0.0,0.02612600000000004,0.0,0.02641000000000004,0.0,1.2e-05,0.0,0.0,0.0,0.0,0.27376099999999887,0.24983800000000156,0.24965700000000154,0.0
13,1.0003910627823813,0.012742,0.0,0.0,0.03455700000000005,0.0,0.03319500000000011,0.0,0.0,0.0,0.0,0.0,0.0,0.2839179999999986,0.2959039999999992,0.2959659999999992,0.0
14,1.000500105408233,0.014433999999999997,0.0,0.0,0.04259100000000001,0.0,0.04369400000000002,0.0,4.8e-05,0.0,0.0,0.0,0.0,0.3005629999999986,0.33858099999999686,0.33843599999999674,0.0
15,1.0006391749228958,0.013500999999999994,0.0,0.0,0.053483999999999934,0.0,0.0551379999999998,0.0,0.000369,0.0,0.0,0.0,0.0,0.30841099999999927,0.3862149999999966,0.3858559999999966,0.0
16,1.0008322982836613,0.01547699999999997,0.0,0.0,0.06613799999999984,0.0,0.06722699999999973,0.0,0.00076,0.0,0.0,0.0,0.0,0.32918199999999626,0.42614699999999367,0.4256699999999939,0.0
17,1.0010524813893027,0.016151999999999982,0.0,0.0,0.07822399999999965,0.0,0.0750019999999996,0.0,0.001088,0.0,0.0,0.0,0.0,0.3316749999999972,0.47322799999999365,0.4724369999999939,0.0
18,1.0013287718741875,0.014791999999999979,0.0,0.0,0.08925599999999946,0.0,0.08816999999999962,0.0,0.0014620000000000002,0.0,0.0,0.0,0.0,0.33940399999999815,0.5124599999999946,0.5112049999999942,0.0
19,1.001663215684006,0.016075999999999997,0.0,0.0,0.10514099999999933,0.0,0.10394199999999951,0.0,0.0021790000000000004,0.0,0.0,0.0,0.0,0.35055999999999654,0.5547690000000004,0.5533400000000004,0.0
20,1.002010792819876,0.015738999999999986,0.0,0.0,0.11871199999999905,0.0,0.11801499999999936,3.6e-05,0.003454000000000001,0.0,0.0,0.0,0.0,0.36434399999999406,0.5935120000000044,0.5916880000000041,0.0
21,1.0024176092017927,0.017112999999999993,0.0,0.0,0.13198799999999958,0.0,0.13337299999999971,6.7e-05,0.004808000000000003,0.0,0.0,0.0,0.0,0.3715999999999941,0.6294760000000083,0.6266660000000086,0.0
22,1.002937863941003,0.019116999999999985,0.0,0.0,0.1498790000000005,0.0,0.1466390000000004,9.7e-05,0.006928000000000006,0.0,0.0,0.0,0.0,0.37992499999999324,0.6624350000000191,0.6589650000000186,0.0
23,1.0034172682400082,0.019004000000000028,0.0,0.0,0.16578600000000115,0.0,0.1652280000000019,0.0,0.007010000000000006,0.0,0.0,0.0,0.0,0.3932529999999919,0.6909910000000221,0.6864150000000215,0.0
24,1.0040143015146525,0.018212999999999983,0.0,0.0,0.18125700000000286,0.0,0.18488300000000293,7.9e-05,0.009390000000000008,0.0,0.0,0.0,0.0,0.4054049999999921,0.7223540000000263,0.7180410000000257,0.0
25,1.0047100834256408,0.019282999999999995,0.0,0.0,0.19160400000000363,0.0,0.19981400000000427,0.000199,0.013023999999999994,0.0,0.0,0.0,0.0,0.4206719999999924,0.7469170000000236,0.7414810000000227,0.0
26,1.0053621402698156,0.018168999999999998,0.0,0.0,0.2081370000000053,0.0,0.22006600000000553,0.000443,0.01700499999999999,0.0,0.0,0.0,0.0,0.42328799999999517,0.7734950000000319,0.7673250000000308,0.0
27,1.0061573817228104,0.02077400000000001,0.0,4.3e-05,0.2284780000000053,0.0,0.2425930000000063,0.00037299999999999996,0.021737000000000024,0.0,0.0,0.0,0.0,0.4376049999999886,0.7982230000000389,0.7911830000000385,0.0
28,1.007016640126853,0.02148700000000001,0.0,0.000134,0.23925000000000587,0.0,0.26037000000000565,0.000647,0.024478,0.0,0.0,0.0,0.0,0.4428199999999876,0.8157630000000485,0.8086730000000472,0.0
29,1.0079219480863828,0.02375,0.0,0.000201,0.2553710000000052,0.0,0.27908400000000233,0.001261,0.029177000000000067,0.0,0.0,0.0,0.0,0.4495729999999892,0.83629500000003,0.8286490000000293,0.0
30,1.0089560760051592,0.023708000000000035,0.0,6.7e-05,0.27636100000000235,0.0,0.2970849999999998,0.0020689999999999997,0.03441800000000009,0.0,0.0,0.0,0.0,0.4673559999999857,0.8581740000000506,0.8497630000000501,0.0
31,1.0099761305980546,0.024972000000000036,0.0,9.8e-05,0.29560500000000123,0.0,0.3169199999999969,0.002584,0.041770999999999996,0.0,0.0,0.0,0.0,0.4767709999999808,0.8769870000000568,0.8667590000000553,0.0
32,1.0109527775164104,0.023448000000000028,0.0,0.000198,0.30670599999999787,0.0,0.33152599999999677,0.0030619999999999996,0.04829799999999991,0.0,0.0,0.0,0.0,0.48244099999998674,0.8874660000000496,0.8770730000000503,0.0
33,1.012042584610627,0.024254000000000015,0.0,0.000262,0.3153709999999975,0.0,0.3448479999999943,0.0034459999999999994,0.060515999999999924,0.0,0.0,0.0,6.7e-05,0.48801699999998394,0.9007830000000532,0.890444000000053,0.0
34,1.013112313622617,0.02686500000000003,0.0,0.000331,0.33445499999999545,0.0,0.366443999999993,0.0044440000000000035,0.07107299999999962,0.0,0.0,0.0,6.7e-05,0.4956009999999832,0.9122890000000622,0.9022580000000625,0.0
35,1.0142105273706492,0.02782400000000007,0.0,0.000627,0.3500339999999947,0.0,0.3852619999999904,0.0055340000000000025,0.08029799999999958,0.0,0.0,0.0,0.00019999999999999998,0.5003249999999814,0.9197010000000538,0.9092180000000528,0.0
36,1.0153849831614064,0.029987000000000083,0.0,0.002167,0.3681999999999924,0.0,0.40471099999998744,0.006528000000000007,0.09046899999999955,0.0,0.0,0.0,0.00013000000000000002,0.508958999999978,0.928598000000061,0.9178280000000603,6.599999999999999e-05
37,1.016550645122148,0.03065800000000005,0.0,0.003956000000000002,0.39360199999998896,0.0,0.41511799999998744,0.008726999999999999,0.10482299999999918,0.0,6.7e-05,0.0,6.6e-05,0.5103369999999796,0.9363370000000607,0.925157000000061,0.00019
38,1.0177705058963609,0.029880000000000097,0.0,0.006159000000000005,0.41320099999998794,0.0,0.4306549999999832,0.010433000000000001,0.11193199999999932,6.7e-05,6.7e-05,0.0,0.0,0.5172239999999834,0.9459870000000578,0.9351440000000564,6.7e-05
39,1.0189073555515085,0.031039000000000063,0.0,0.008630000000000007,0.4310369999999855,0.0,0.45336899999998276,0.011303999999999995,0.1241059999999989,6.7e-05,0.0,0.0,5e-06,0.5204799999999861,0.9508170000000566,0.9403610000000558,0.0
40,1.0201809897460101,0.034361000000000044,0.0,0.012308999999999997,0.4435779999999816,0.0,0.4709529999999789,0.012704,0.13424399999999995,0.000211,6e-06,0.0,0.000134,0.5240529999999827,0.9568810000000635,0.9473820000000641,9.1e-05
41,1.0215266084715522,0.03600200000000003,0.0,0.01784899999999998,0.46056499999998196,0.0,0.48022799999997645,0.01377299999999999,0.148767000000001,0.0004,0.00011300000000000001,0.0,0.000201,0.5248899999999821,0.96149200000006,0.9533250000000619,0.000153
42,1.0227544834550009,0.037365000000000016,0.0,0.021671000000000017,0.4724089999999809,0.0,0.48878499999997876,0.013681999999999988,0.1622170000000018,0.000698,0.000346,0.0,0.00040500000000000003,0.5290629999999884,0.9650260000000582,0.9560490000000597,0.000266
43,1.0239204235662047,0.03710600000000006,0.0,0.025262000000000055,0.48374599999998186,0.0,0.5075629999999773,0.014494999999999984,0.18020700000000278,0.001033,0.0007410000000000001,0.0,0.0007,0.5325879999999893,0.9700780000000653,0.9612310000000663,0.000201
44,1.0251081712576098,0.037493,0.0,0.03173600000000007,0.49412599999998,0.0,0.5220579999999821,0.018235000000000008,0.19674300000000358,0.0015970000000000001,0.0006000000000000001,0.0,0.000824,0.5373239999999845,0.9726650000000577,0.9641230000000613,0.000461
45,1.0262962716281592,0.038961,0.0,0.037962000000000065,0.5105859999999784,0.0,0.5341949999999841,0.020368000000000018,0.20753900000000425,0.001778,0.0013320000000000003,0.0,0.000477,0.5426739999999898,0.9756010000000584,0.9663980000000606,0.000297
46,1.027427250119555,0.041901999999999974,0.000133,0.04753299999999997,0.5259099999999831,0.0,0.5483199999999877,0.020659000000000004,0.22361000000000475,0.0022400000000000002,0.0017919999999999998,0.0,0.000413,0.5558839999999922,0.9783300000000548,0.9690380000000555,0.00033500000000000007
47,1.0285019390232373,0.04242100000000006,0.000133,0.0565609999999999,0.5381919999999809,0.0,0.5637859999999906,0.02279200000000004,0.23159300000000488,0.002359,0.0022790000000000006,0.0,0.000884,0.5539539999999927,0.9799790000000654,0.9710160000000645,0.0004
48,1.0296034645999992,0.04492100000000001,0.0,0.06990799999999982,0.5492449999999883,0.0,0.5777109999999921,0.025438000000000058,0.2509040000000048,0.0025349999999999995,0.0023750000000000004,0.0,0.000941,0.5641239999999921,0.9809390000000499,0.9718000000000525,0.000267
49,1.0307926566016652,0.043892000000000014,0.0,0.08385099999999966,0.5591639999999887,0.0,0.5945539999999991,0.02703900000000007,0.2698620000000031,0.0028,0.0034730000000000017,0.0,0.00207,0.5633879999999948,0.9831570000000627,0.9742720000000643,0.000267
50,1.031923436146023,0.04446199999999994,6.7e-05,0.09427799999999951,0.5735079999999865,1.7e-05,0.6088459999999982,0.030390000000000108,0.2889749999999995,0.0039700000000000004,0.0038250000000000007,0.0,0.002306,0.570585999999989,0.9831990000000542,0.9734960000000539,0.00033400000000000004
51,1.0328924122526224,0.04361399999999996,9.400000000000001e-05,0.10600899999999946,0.5798919999999922,0.0,0.6217100000000019,0.034022,0.302223999999997,0.004119000000000002,0.0052629999999999994,0.0,0.003556,0.5743509999999923,0.9847030000000514,0.9746500000000514,0.000464
52,1.0340554491088725,0.04476499999999994,0.000134,0.12176399999999894,0.5885059999999966,0.000209,0.6351900000000068,0.039256000000000055,0.3220409999999952,0.004994000000000004,0.006883000000000007,0.0,0.004894000000000006,0.5742449999999953,0.986955000000056,0.976928000000058,0.000667
53,1.0351453435522908,0.04670399999999997,0.00033299999999999996,0.13608999999999974,0.6048860000000021,0.00039999999999999996,0.6450070000000077,0.047326999999999966,0.3388619999999937,0.006623000000000006,0.009269999999999995,0.0,0.007009000000000005,0.5723839999999971,0.989914000000066,0.9804640000000677,0.000732
54,1.0363409364241616,0.0488539999999999,0.000134,0.14760600000000046,0.6207090000000054,0.000725,0.6476610000000081,0.05099899999999997,0.3543189999999923,0.008335000000000002,0.012177999999999986,0.0,0.008753000000000002,0.5784399999999982,0.9927480000000527,0.9832060000000569,0.0006000000000000001
55,1.0374757297496007,0.05180399999999988,0.00023600000000000002,0.1579400000000012,0.637996000000009,0.000616,0.6529830000000116,0.0553629999999999,0.35820399999999064,0.007821000000000007,0.012187999999999975,0.0,0.010025999999999998,0.5799359999999995,0.9937940000000665,0.9855940000000665,0.0004660000000000001
56,1.0384800062560682,0.0499609999999999,0.000538,0.17090000000000166,0.6545110000000085,0.0010669999999999998,0.6594530000000071,0.06082399999999987,0.3762179999999908,0.007913000000000005,0.013979999999999973,0.0,0.012258999999999982,0.5877049999999998,0.9947860000000566,0.9880700000000611,0.0007859999999999999
57,1.0395589869826265,0.05002499999999992,0.000515,0.19389700000000232,0.6654590000000092,0.001206,0.6669100000000091,0.0643959999999997,0.39511899999998895,0.01072,0.01609999999999998,0.0,0.016321999999999975,0.5888679999999978,0.9955880000000569,0.9891160000000598,0.000867
58,1.0403740012284806,0.050869999999999894,0.0005680000000000001,0.2103660000000037,0.674008000000011,0.001475,0.6762900000000122,0.06721199999999981,0.4141289999999885,0.011090999999999991,0.018070000000000003,0.0,0.01965700000000001,0.5882489999999974,0.99629900000006,0.9902730000000617,0.0012449999999999998
59,1.0414341423357947,0.053132999999999896,0.0008240000000000001,0.23418000000000552,0.682061000000011,0.0012809999999999998,0.6856320000000109,0.07130599999999973,0.434479999999986,0.01406299999999999,0.023347000000000034,0.0,0.02325600000000003,0.5823499999999965,0.9967860000000583,0.9913990000000601,0.0009450000000000002
60,1.042446416322206,0.05067799999999987,0.0010339999999999998,0.2491250000000062,0.6931130000000104,0.001652,0.6922810000000136,0.07073199999999971,0.45117899999998384,0.015250999999999983,0.027705000000000056,0.0,0.02463400000000003,0.5809349999999961,0.9968080000000524,0.9910750000000559,0.000816
61,1.0435284757024041,0.050967999999999916,0.0011870000000000001,0.2704150000000022,0.6965070000000146,0.0012780000000000003,0.7035860000000205,0.07512599999999978,0.4569449999999845,0.016371,0.030376000000000045,0.0,0.030229000000000072,0.5823870000000001,0.9966020000000545,0.9901890000000555,0.0009860000000000001
62,1.0442412056513655,0.04998499999999991,0.0013099999999999997,0.28345300000000057,0.7010070000000197,0.0016029999999999996,0.7153510000000222,0.07746299999999975,0.465477999999984,0.01662499999999998,0.035513000000000086,0.0,0.03373500000000002,0.582500999999999,0.996849000000054,0.9908430000000581,0.0012079999999999999
63,1.0449596436009099,0.05310799999999998,0.0016619999999999998,0.2898499999999978,0.7111330000000157,0.001471,0.7267400000000162,0.08178599999999966,0.47398699999998223,0.018385999999999993,0.039006,0.0,0.034470000000000035,0.585020999999997,0.9969450000000599,0.9904210000000608,0.001423
64,1.0458886127241336,0.05195299999999991,0.0018539999999999995,0.30235599999999774,0.7170140000000198,0.0017129999999999997,0.739333000000024,0.08984699999999955,0.48877999999997984,0.02129500000000004,0.041807999999999984,0.0,0.03867300000000002,0.584006999999999,0.9974740000000609,0.9912110000000637,0.001142
65,1.0467117270624111,0.05489999999999977,0.0022449999999999996,0.31706199999999596,0.716998000000019,0.001806,0.7388350000000248,0.0944249999999996,0.5007219999999807,0.021876000000000003,0.04589899999999999,0.0,0.04457400000000001,0.5886710000000006,0.9988610000000532,0.9929800000000563,0.001261
66,1.0476495807699155,0.05173899999999996,0.0030910000000000017,0.3295719999999952,0.7186630000000207,0.002047,0.753396000000028,0.09865599999999929,0.520456999999989,0.025118000000000033,0.05070899999999988,0.0,0.049251999999999886,0.5854730000000019,0.9991640000000589,0.9933580000000617,0.0014390000000000002
67,1.0485097010757898,0.050857999999999993,0.0033760000000000005,0.34058399999999445,0.7301810000000171,0.0022249999999999995,0.7598340000000243,0.10350499999999933,0.532478999999985,0.02899600000000004,0.05291199999999997,0.0,0.052056000000000026,0.5890799999999992,0.999485000000054,0.9939000000000561,0.0015910000000000002
68,1.0494156134575754,0.050678999999999946,0.0035620000000000014,0.35368199999999317,0.7402470000000207,0.0022010000000000003,0.7674420000000234,0.11104599999999946,0.5454579999999892,0.03225100000000006,0.05908499999999981,0.0,0.05703599999999992,0.5889009999999966,0.9998110000000513,0.994932000000055,0.0014000000000000002
69,1.0499161847052483,0.051843999999999946,0.004563000000000001,0.36946199999999124,0.7403710000000193,0.002175,0.7801260000000283,0.11830099999999949,0.5510409999999903,0.03642000000000005,0.06326699999999984,0.0,0.05877699999999978,0.584038999999998,0.9998780000000502,0.9947830000000544,0.001398
70,1.0508002141328225,0.05096200000000001,0.004342000000000002,0.3852969999999919,0.7415740000000194,0.0026280000000000006,0.788261000000028,0.1221549999999994,0.5593469999999936,0.040350000000000004,0.06592299999999986,0.0,0.06701799999999992,0.5900549999999996,0.9994010000000492,0.9941200000000535,0.001979
71,1.0517280707219527,0.05333099999999988,0.005738000000000005,0.4024929999999897,0.748895000000024,0.002894,0.7879260000000295,0.12796299999999966,0.5653469999999957,0.043586,0.06811899999999978,0.0,0.07522099999999972,0.5962830000000011,0.9993630000000504,0.9950220000000553,0.0028610000000000007
72,1.0523002107924788,0.05464699999999988,0.006648000000000003,0.4187639999999872,0.747910000000023,0.003125,0.7967990000000287,0.13481299999999985,0.5835800000000002,0.04848699999999997,0.06968799999999979,0.0,0.08079999999999961,0.5959500000000014,0.9992950000000503,0.9949900000000546,0.003880000000000001
73,1.0531452078617984,0.055446999999999906,0.007793000000000005,0.4251139999999894,0.7498670000000152,0.003924,0.8013090000000219,0.14495000000000055,0.5954580000000018,0.05213599999999989,0.07235599999999977,0.0,0.08572999999999961,0.595422999999998,0.9996020000000404,0.9949310000000438,0.0044630000000000026
74,1.0540224778199896,0.05707699999999997,0.009097000000000003,0.4346149999999851,0.7505830000000215,0.004318000000000001,0.807164000000036,0.14777600000000105,0.6087280000000054,0.05613099999999998,0.08001799999999985,0.0,0.0943309999999996,0.6017720000000025,0.99986500000005,0.9954710000000535,0.004475000000000003
75,1.0547318349476158,0.05604999999999988,0.010444999999999982,0.44871799999998496,0.7540260000000205,0.005062000000000004,0.8098580000000303,0.1521500000000008,0.6159080000000015,0.06358099999999992,0.08483999999999949,0.0,0.10030599999999949,0.6042079999999994,1.0003010000000516,0.9957990000000548,0.004448
76,1.055752815363899,0.052233999999999906,0.012928999999999986,0.4635069999999849,0.7657540000000244,0.004939000000000006,0.8134240000000317,0.1609620000000014,0.6252900000000048,0.0666879999999997,0.09327699999999942,0.0,0.10282799999999932,0.6028190000000044,1.0004660000000516,0.996099000000052,0.005465000000000003
77,1.056674487571766,0.04962600000000001,0.015206999999999981,0.4754179999999839,0.7682940000000257,0.005484000000000001,0.8162450000000346,0.16762100000000188,0.6301930000000092,0.07218999999999973,0.09986299999999948,0.0,0.1085969999999993,0.6003430000000032,1.0005170000000496,0.996256000000052,0.004839
78,1.057530393906752,0.052170999999999954,0.016004999999999985,0.48885499999998155,0.7732220000000212,0.004698000000000002,0.8196720000000287,0.1687510000000021,0.6363280000000031,0.0750379999999998,0.10742299999999955,0.0,0.11750499999999953,0.596251999999999,1.000646000000049,0.9963910000000522,0.004602000000000001
79,1.0581744299166933,0.05287599999999994,0.018346,0.5005989999999793,0.7758340000000266,0.005334000000000001,0.8315180000000361,0.1773440000000028,0.6565360000000086,0.08005799999999977,0.11651299999999934,0.0,0.12473599999999936,0.5993220000000006,1.0005850000000522,0.996690000000056,0.003890999999999999
80,1.0590505983447194,0.0520729999999999,0.02081700000000001,0.5115219999999866,0.7781030000000219,0.004425999999999999,0.834401000000029,0.1839000000000024,0.665937000000011,0.08638699999999964,0.1237319999999993,0.0,0.13056099999999984,0.5967690000000003,1.0006410000000436,0.9965770000000469,0.003179
81,1.05929100283059,0.05142199999999991,0.020570000000000015,0.5238389999999865,0.7815800000000184,0.004482000000000001,0.8386580000000279,0.18558400000000222,0.6810910000000098,0.0916209999999996,0.13412099999999985,0.0,0.138671,0.5938500000000012,1.0006530000000389,0.9963560000000425,0.0029939999999999997
82,1.059984838437485,0.050526000000000015,0.022580000000000024,0.5254449999999852,0.776891000000026,0.004702000000000001,0.843295000000033,0.1961110000000038,0.6873730000000148,0.09343799999999931,0.14401800000000073,0.0,0.14170800000000025,0.5956819999999998,1.0006380000000472,0.9963100000000512,0.002980999999999999
83,1.0608794656411764,0.054978999999999924,0.024805000000000046,0.5368689999999929,0.778160000000023,0.0045210000000000024,0.846103000000033,0.20549000000000325,0.7014190000000143,0.09621599999999947,0.15154900000000102,0.0,0.14503600000000075,0.5976930000000032,1.0006410000000434,0.9969020000000482,0.0031520000000000003
84,1.0614268794454933,0.057340999999999975,0.025917000000000058,0.5455899999999948,0.7813300000000236,0.004812000000000002,0.851517000000029,0.20902700000000357,0.7065710000000154,0.1020289999999996,0.15905200000000116,0.0,0.1454010000000008,0.5926470000000005,1.0006520000000434,0.9972410000000472,0.003914
85,1.0624224978584589,0.05686899999999993,0.02445700000000008,0.5606289999999956,0.7817900000000252,0.0052710000000000005,0.8566730000000312,0.2132970000000044,0.7123950000000207,0.10732799999999955,0.16519700000000195,0.0,0.1544110000000012,0.5908610000000007,1.0006310000000407,0.9971940000000437,0.004394000000000002
86,1.0631991287044367,0.05942899999999996,0.026854000000000065,0.5641839999999947,0.7828310000000229,0.005486000000000001,0.8613860000000308,0.21993800000000413,0.7227550000000151,0.11510499999999935,0.17071700000000192,0.0,0.1649310000000017,0.5984099999999987,1.0006500000000453,0.9968270000000488,0.004477
87,1.0639890856571126,0.05933599999999989,0.03127100000000011,0.5657639999999975,0.788487000000022,0.005038000000000004,0.866914000000035,0.22824700000000422,0.7343270000000207,0.11859699999999929,0.17296900000000184,0.0,0.16942300000000168,0.5924520000000065,1.0006120000000471,0.9972120000000496,0.005335000000000002
88,1.0648434688929451,0.06417499999999987,0.03491500000000002,0.5730510000000038,0.7895770000000251,0.005377000000000005,0.8689810000000308,0.2350040000000047,0.7388120000000226,0.1251159999999994,0.17633700000000221,0.0,0.1714450000000022,0.5958110000000055,1.0006070000000389,0.9973560000000405,0.006465000000000004
89,1.0655952483820248,0.06363499999999982,0.03934500000000002,0.5772639999999989,0.7891710000000224,0.006650000000000005,0.8750780000000298,0.238400000000005,0.7476600000000221,0.13219099999999978,0.1812490000000029,0.0,0.18001900000000304,0.5967510000000024,1.0005530000000438,0.9968840000000467,0.007311000000000007
90,1.0662708357695454,0.06123899999999989,0.04261999999999995,0.5914100000000004,0.7936150000000266,0.006723000000000004,0.8845690000000337,0.24693100000000484,0.7553390000000233,0.1376930000000003,0.1848250000000023,0.0,0.19166600000000245,0.595126000000002,1.000550000000044,0.9970010000000468,0.007694000000000005
91,1.0669777733337076,0.06363299999999993,0.048849999999999935,0.5994260000000031,0.7982850000000253,0.007545000000000006,0.8908640000000364,0.2515480000000048,0.7648890000000229,0.14474400000000048,0.1946000000000027,0.0,0.19927100000000286,0.5891620000000002,1.0005130000000444,0.9966420000000482,0.007523000000000002
92,1.0678676327967147,0.06139499999999991,0.05526299999999995,0.6135520000000045,0.8030270000000236,0.008103000000000006,0.8918910000000292,0.260238000000003,0.772659000000024,0.15907700000000116,0.2056600000000026,0.0,0.2065260000000027,0.5905760000000028,1.000559000000037,0.9969870000000393,0.007539000000000008
93,1.068635429624735,0.06007200000000001,0.05782499999999991,0.6206240000000046,0.8035270000000259,0.008110000000000006,0.8952000000000343,0.26583300000000326,0.7779040000000202,0.17347000000000162,0.21270100000000303,0.0,0.21663600000000333,0.581313999999992,1.000498000000043,0.9966090000000475,0.008436
94,1.0689741870559715,0.05932199999999987,0.06547599999999991,0.6326280000000032,0.8114650000000254,0.009365999999999992,0.8985990000000313,0.2746280000000019,0.7902260000000226,0.18529400000000257,0.222970000000004,0.0,0.23069000000000398,0.5759209999999994,1.0005830000000369,0.9967690000000397,0.011389999999999999
95,1.0694605703111217,0.06077899999999992,0.07020799999999972,0.6424850000000086,0.813027000000016,0.009606000000000007,0.900262000000027,0.2815330000000004,0.7946440000000161,0.19292700000000249,0.22605300000000297,0.0,0.2366090000000038,0.5744199999999973,1.0005410000000363,0.9965530000000394,0.012390999999999987
96,1.069958938936925,0.06097499999999991,0.07686299999999976,0.6462370000000165,0.8137050000000312,0.010009999999999996,0.9060670000000378,0.29118599999999767,0.795343000000029,0.19833000000000253,0.2249130000000034,0.0,0.24816300000000413,0.5767040000000035,1.0004970000000422,0.9968100000000455,0.012929999999999988
97,1.0707988567040352,0.06022499999999981,0.08093599999999981,0.6512210000000107,0.8186550000000212,0.011056999999999987,0.9083790000000354,0.30076999999999726,0.8033200000000204,0.2092030000000027,0.23263100000000358,0.0,0.2541420000000029,0.5675769999999962,1.0005240000000435,0.9967480000000444,0.01272099999999999
98,1.0709123613828924,0.06098499999999989,0.08604699999999979,0.6618560000000139,0.8178990000000245,0.010968999999999994,0.9097630000000302,0.31171899999999547,0.820709000000027,0.2171060000000031,0.24542500000000422,0.0,0.2641920000000004,0.5671029999999985,1.0005440000000387,0.9970980000000423,0.012607999999999987
99,1.0715773979593524,0.06117799999999992,0.0924069999999997,0.6763890000000119,0.8180450000000281,0.01086999999999999,0.9057560000000345,0.31799799999999456,0.8262820000000274,0.22235800000000394,0.25699300000000275,0.0,0.26677200000000084,0.5651529999999994,1.0005060000000416,0.9973030000000448,0.013354999999999983
100,1.072354291572917,0.06266099999999994,0.10130599999999958,0.6818390000000087,0.8163270000000219,0.011898999999999988,0.9088330000000303,0.33496399999999243,0.8330330000000223,0.23308000000000348,0.2571880000000019,0.0,0.2706039999999997,0.5650550000000001,1.000450000000036,0.9970300000000408,0.013495999999999977
101,1.0732690097836672,0.06109200000000001,0.10906299999999963,0.6905740000000092,0.815118000000017,0.011303999999999988,0.9132370000000245,0.34286799999999185,0.8371820000000199,0.2367280000000033,0.2676080000000006,0.0,0.27519699999999925,0.5701109999999977,1.0005480000000333,0.9970230000000383,0.013384999999999968
102,1.0744839503027774,0.06240499999999992,0.11479899999999965,0.6952080000000119,0.8149180000000178,0.011462999999999984,0.9158760000000263,0.34754099999999327,0.8355450000000207,0.24148600000000453,0.2722870000000001,0.0,0.2751829999999996,0.5663109999999979,1.0004960000000318,0.9971350000000351,0.012375999999999977
103,1.0750878102828814,0.06476900000000003,0.1202629999999994,0.7057930000000179,0.8162770000000258,0.011870999999999993,0.918368000000033,0.3511029999999928,0.8450840000000305,0.2533190000000032,0.2842949999999993,0.0,0.29095399999999966,0.5728319999999995,1.0005170000000392,0.9971830000000423,0.012155999999999983
104,1.0760274370291112,0.06478299999999992,0.12441499999999946,0.7167940000000205,0.8196670000000253,0.012145999999999995,0.9182460000000308,0.3558039999999908,0.8468170000000306,0.25902300000000106,0.2921109999999976,0.0,0.30035399999999585,0.5608409999999977,1.0004400000000382,0.9970050000000407,0.013737999999999978
105,1.0772616404994242,0.06470799999999997,0.13450500000000037,0.724310000000014,0.8241850000000205,0.013835999999999984,0.9226860000000293,0.36277699999999097,0.8460800000000237,0.2648910000000011,0.30431199999999486,0.0,0.30219899999999505,0.5541289999999958,1.0005150000000327,0.9971670000000367,0.014310999999999978
106,1.0773941436812404,0.06253599999999991,0.14099000000000056,0.7290300000000177,0.8268040000000272,0.015281999999999978,0.923580000000028,0.36828299999999164,0.8533620000000263,0.2665010000000014,0.3099069999999949,0.0,0.3064319999999952,0.5511249999999901,1.0005170000000392,0.996964000000042,0.015444999999999971
107,1.0779403825121288,0.06706199999999993,0.1434720000000004,0.7315850000000118,0.8305520000000205,0.014546999999999997,0.9292790000000264,0.37576699999999186,0.8543960000000238,0.2764349999999996,0.3167139999999951,0.0,0.3117729999999948,0.5447989999999914,1.0004960000000298,0.9972350000000331,0.016721999999999976
108,1.0785828349801379,0.07027399999999986,0.14748000000000094,0.739817000000019,0.8320020000000253,0.015476999999999987,0.9280280000000333,0.3835649999999899,0.856528000000027,0.2875319999999966,0.32262799999999536,0.0,0.3226659999999947,0.5455949999999928,1.0005260000000404,0.9971160000000424,0.017699999999999994
109,1.0793173498908026,0.07168999999999989,0.15532600000000082,0.7501860000000228,0.8291870000000278,0.015198999999999982,0.929836000000037,0.3937189999999885,0.863530000000034,0.2932949999999969,0.3320529999999943,0.0,0.3279559999999952,0.5504669999999994,1.000518000000041,0.9973840000000432,0.018520000000000005
110,1.0802876561883985,0.0706949999999999,0.16517900000000132,0.7548410000000166,0.8325420000000231,0.015997999999999988,0.9330470000000365,0.39854199999998735,0.8677700000000346,0.30029899999999665,0.33740099999999257,0.0,0.3316739999999928,0.5463339999999913,1.0004350000000395,0.9972210000000431,0.018994999999999998
111,1.0811864555183888,0.07384999999999992,0.17653400000000197,0.7659000000000258,0.8292450000000248,0.017070999999999996,0.9346650000000323,0.4072899999999871,0.8693430000000312,0.3076149999999953,0.34270299999999343,0.0,0.33665599999999446,0.5453879999999955,1.0004320000000406,0.9971500000000417,0.020632000000000008
112,1.0820805967171456,0.07899099999999985,0.18231300000000208,0.7712830000000228,0.8306080000000271,0.017511999999999996,0.9370090000000363,0.4120889999999877,0.874429000000031,0.32025299999999474,0.3489309999999929,0.0,0.3428349999999946,0.5475509999999988,1.0004560000000402,0.9971430000000409,0.01926100000000001
113,1.0824149596215742,0.08222599999999987,0.188839000000002,0.776828000000015,0.8313690000000198,0.017768000000000013,0.9366690000000251,0.4124669999999901,0.8738480000000234,0.3235559999999979,0.3549149999999954,0.0,0.3473229999999962,0.5491409999999933,1.0005730000000281,0.9970570000000321,0.020311000000000023
114,1.0839660602587415,0.08415399999999983,0.19682100000000244,0.7799280000000188,0.8276680000000193,0.017844999999999996,0.9382510000000321,0.4214759999999872,0.8843890000000305,0.33604799999999396,0.364735999999992,0.0,0.3550369999999932,0.553202999999995,1.0004870000000377,0.9970980000000428,0.020951000000000025
115,1.08505002631904,0.08441599999999977,0.21014800000000192,0.7868720000000182,0.8283380000000184,0.017331000000000006,0.9432400000000243,0.43362499999998544,0.8866840000000217,0.3435009999999919,0.37202899999999123,0.0,0.3650209999999915,0.5480909999999936,1.000497000000028,0.9971860000000329,0.021499000000000015
116,1.0861990942969413,0.08476099999999963,0.21257000000000253,0.7971680000000178,0.8292810000000184,0.018519000000000015,0.9442410000000244,0.434668999999987,0.8856620000000206,0.3466819999999931,0.3781209999999917,0.0,0.376096999999992,0.5468959999999937,1.0004950000000288,0.9971370000000328,0.022086000000000012
117,1.0878186171465685,0.08451299999999984,0.22138000000000305,0.7980230000000234,0.830688000000025,0.017190999999999998,0.9481180000000342,0.44053499999998474,0.8902200000000341,0.3512669999999921,0.38253599999999033,0.0,0.3828799999999903,0.5458099999999961,1.0004820000000374,0.9971270000000387,0.02238400000000004
118,1.088945597233973,0.08150199999999992,0.22697300000000323,0.8028900000000185,0.8316790000000188,0.016571,0.9480300000000257,0.44587099999998653,0.8963770000000261,0.35562199999999394,0.38750199999999135,0.0,0.38682099999999087,0.5445859999999915,1.000479000000031,0.9972570000000335,0.023487999999999995
119,1.0898080421470155,0.08293899999999972,0.23454900000000323,0.8119940000000244,0.8333160000000255,0.017952999999999997,0.9471850000000351,0.4517069999999853,0.8975410000000333,0.3687689999999916,0.3978699999999894,0.0,0.3995879999999897,0.5417889999999927,1.0004680000000408,0.9971770000000426,0.024013000000000034
120,1.0906886070451143,0.0825739999999997,0.2355540000000033,0.8141420000000281,0.834209000000027,0.018307000000000007,0.9476370000000308,0.4528419999999873,0.9000100000000302,0.38011599999999224,0.4046409999999904,0.0,0.40359799999999074,0.5383149999999928,1.0004250000000343,0.9971540000000381,0.023019000000000022
121,1.0915404348472526,0.08239199999999985,0.24515700000000326,0.8222400000000253,0.830854000000027,0.017547000000000004,0.9491800000000308,0.463567999999987,0.9042440000000315,0.3877639999999908,0.4152129999999884,0.0,0.4137379999999896,0.5386429999999959,1.0004200000000343,0.9970070000000378,0.023810000000000036
122,1.0921626128951532,0.0827519999999999,0.25433500000000137,0.8244080000000239,0.8338390000000212,0.018026000000000014,0.9530430000000301,0.46504099999998655,0.9077060000000299,0.3987689999999912,0.4219639999999894,0.0,0.42031099999999044,0.5363029999999933,1.0004180000000333,0.9971350000000345,0.024302000000000008
123,1.0938150549284997,0.0854049999999998,0.27110199999999984,0.8283860000000159,0.8324100000000146,0.019712000000000014,0.9499280000000198,0.4737519999999862,0.9093510000000207,0.4035099999999916,0.429298999999991,0.0,0.41970799999999164,0.5440879999999968,1.0004750000000266,0.9972120000000301,0.02738500000000001
124,1.0946693244864278,0.08481599999999975,0.27537900000000043,0.8345970000000172,0.8355170000000175,0.019436000000000016,0.9514150000000228,0.4775609999999884,0.9104600000000229,0.4075629999999927,0.4335199999999926,0.0,0.42298699999999234,0.5372129999999935,1.0004240000000268,0.9971690000000294,0.026726000000000034
125,1.0959676023052973,0.07847099999999965,0.28782599999999897,0.8410190000000214,0.8369720000000173,0.020658000000000003,0.9516680000000233,0.4874269999999887,0.9168310000000232,0.4243949999999923,0.4433439999999921,0.0,0.43868599999999197,0.5381929999999944,1.0004020000000269,0.9970040000000305,0.028511000000000047
126,1.0970558981344152,0.07759399999999982,0.2929309999999976,0.843354000000016,0.839973000000016,0.021402000000000025,0.9532510000000252,0.4919539999999859,0.9177620000000221,0.4333809999999906,0.45378699999998945,0.0,0.44951299999998917,0.529413999999991,1.0004870000000268,0.9972070000000306,0.026884000000000026
127,1.097626367201474,0.0735569999999998,0.2991769999999979,0.8495910000000269,0.8353000000000242,0.02314000000000002,0.954106000000031,0.4963319999999878,0.9210560000000281,0.44154199999998944,0.4614479999999899,0.0,0.45679199999999087,0.5259829999999932,1.000371000000032,0.996943000000034,0.03201100000000003
128,1.098470441877887,0.0745289999999998,0.3070529999999982,0.8536330000000254,0.8414080000000217,0.023961,0.9546840000000302,0.5016789999999888,0.9211590000000294,0.4529639999999899,0.47064999999998797,0.0,0.4659389999999882,0.5218199999999906,1.000444000000033,0.9972060000000345,0.03266800000000006
129,1.0991767583720495,0.07664799999999976,0.3197539999999961,0.862796000000024,0.8453790000000175,0.021952000000000003,0.9577940000000286,0.5103159999999889,0.9217790000000259,0.4593469999999904,0.47181799999998897,0.0,0.47801899999998965,0.5235999999999906,1.0004320000000309,0.9972960000000347,0.033450000000000014
130,1.10009676931884,0.07672799999999998,0.3311299999999962,0.8657480000000249,0.8429680000000195,0.022108000000000013,0.958423000000031,0.5163849999999885,0.9265030000000303,0.4699019999999892,0.48033099999998885,0.0,0.48485199999998785,0.5196089999999908,1.0004540000000337,0.9972160000000371,0.033837
131,1.1016116025702276,0.07828699999999984,0.3441739999999959,0.8671670000000239,0.8407180000000191,0.021702000000000013,0.9611460000000269,0.5231759999999924,0.9297410000000241,0.4754599999999888,0.4888979999999872,0.0,0.49562999999998725,0.5220999999999897,1.000425000000029,0.9972110000000335,0.03555800000000005
132,1.1024939934639173,0.08067099999999985,0.3477009999999954,0.8742190000000243,0.8450900000000201,0.023528000000000028,0.9618660000000252,0.5272179999999915,0.9319430000000245,0.4832539999999892,0.5004379999999886,0.0,0.5080949999999902,0.5147889999999883,1.000388000000029,0.9971660000000325,0.03685799999999999
133,1.1027927693361772,0.08207999999999978,0.3574399999999955,0.8758220000000219,0.8446010000000165,0.023852000000000036,0.962053000000029,0.5366539999999942,0.9355270000000292,0.4867699999999898,0.5051259999999902,0.0,0.5147489999999931,0.5121419999999882,1.000431000000033,0.997276000000035,0.03860200000000001
134,1.1047866186631725,0.08068599999999977,0.3728199999999938,0.8832330000000264,0.8444970000000219,0.023561000000000006,0.9629150000000282,0.5482409999999988,0.9361330000000282,0.4909069999999881,0.5165289999999925,0.0,0.5235869999999948,0.509495999999988,1.0003460000000315,0.9969660000000338,0.03980999999999993
135,1.10562625649339,0.08310699999999982,0.38100999999999546,0.8857190000000277,0.8429560000000208,0.02420400000000001,0.9628280000000299,0.5537949999999993,0.934899000000028,0.5029529999999909,0.5243939999999955,0.0,0.5360709999999976,0.5066519999999872,1.0003930000000296,0.9968760000000327,0.04163000000000004
136,1.1059690006329352,0.08163299999999983,0.38416199999999445,0.8915710000000232,0.8511730000000196,0.023371000000000003,0.963098000000026,0.559182999999998,0.9377640000000264,0.511199999999991,0.5308779999999959,0.0,0.5457819999999998,0.5005079999999882,1.0004010000000312,0.9970660000000336,0.038291000000000006
137,1.1067044700183901,0.08465299999999971,0.3917249999999939,0.8969870000000267,0.8564570000000243,0.023542000000000007,0.9634840000000294,0.5629819999999977,0.942224000000029,0.5248859999999929,0.546404999999998,0.0,0.5560979999999979,0.4913079999999858,1.0003820000000332,0.9969750000000346,0.03751400000000004
138,1.107655129158172,0.08161899999999993,0.40499399999999386,0.902910000000025,0.8558020000000203,0.02458600000000001,0.9658910000000294,0.5738869999999998,0.9451850000000276,0.5327699999999946,0.5600399999999967,0.0,0.5663339999999996,0.4834129999999874,1.0004110000000326,0.9968840000000352,0.03898900000000003
139,1.109716475353571,0.08449599999999988,0.4110399999999945,0.9097670000000252,0.8595880000000203,0.021699000000000006,0.9664650000000268,0.5772279999999982,0.9498200000000278,0.5456639999999964,0.5754200000000026,0.0,0.577965000000002,0.47889899999998786,1.0003580000000296,0.997067000000034,0.03926500000000001
140,1.111267858986148,0.08281799999999982,0.42036099999999194,0.9166310000000275,0.8605000000000226,0.022082000000000004,0.9669320000000295,0.5827580000000003,0.9524270000000302,0.551923999999996,0.5826790000000014,0.0,0.5931929999999996,0.47999499999998607,1.0003930000000334,0.9971680000000352,0.04083800000000003
141,1.113615967972221,0.08160899999999975,0.4370619999999922,0.9176580000000275,0.8621160000000224,0.021777000000000022,0.967230000000027,0.5934040000000046,0.951738000000028,0.5577310000000023,0.594352000000007,0.0,0.5984670000000081,0.4821489999999866,1.0003420000000296,0.9971310000000312,0.044564999999999945
142,1.1137663061279288,0.07984899999999984,0.4440349999999935,0.9223730000000192,0.8657070000000157,0.020631999999999998,0.9710930000000212,0.5998300000000047,0.9554540000000213,0.5700220000000032,0.6018750000000034,0.0,0.6051120000000041,0.47641399999998985,1.000360000000024,0.9967350000000273,0.04624000000000003
143,1.1137217554757097,0.07882499999999983,0.44959299999999175,0.9253510000000248,0.8691280000000193,0.022824000000000007,0.9699550000000252,0.6034430000000052,0.9565150000000258,0.5762140000000037,0.6074700000000062,0.0,0.6097050000000069,0.4757369999999889,1.000322000000026,0.99694200000003,0.04530999999999999
144,1.11526203266356,0.07815599999999977,0.4568249999999927,0.9265820000000254,0.8715990000000193,0.022168000000000024,0.9708110000000253,0.6060870000000059,0.9572260000000263,0.5785970000000022,0.6131780000000033,0.0,0.6164190000000043,0.4774719999999879,1.0003680000000281,0.9970510000000318,0.04596099999999995
145,1.1163494131454375,0.07929899999999981,0.461024999999994,0.930538000000027,0.8732490000000201,0.02125100000000002,0.9697980000000275,0.6115730000000045,0.9589330000000291,0.5809880000000032,0.6164650000000053,0.0,0.6195660000000072,0.4766509999999881,1.0003550000000307,0.9970280000000348,0.04523699999999997
146,1.1172514234712918,0.07756999999999988,0.4664219999999932,0.9366440000000215,0.8754540000000165,0.02099100000000003,0.9719290000000232,0.6124900000000059,0.9592670000000223,0.5886570000000027,0.6223860000000057,0.0,0.624948000000004,0.47394299999998757,1.000377000000024,0.9969920000000267,0.047706000000000005
147,1.118904955578055,0.07836599999999982,0.47239099999999296,0.938315000000022,0.8804250000000184,0.01943500000000001,0.9735350000000231,0.6127150000000032,0.9626680000000243,0.5965040000000045,0.6326830000000058,0.0,0.6367410000000088,0.4688479999999889,1.000339000000025,0.9969080000000278,0.04901299999999998
148,1.1203539374955547,0.0775389999999998,0.4818189999999918,0.9381330000000236,0.8851010000000213,0.01780799999999999,0.9757350000000238,0.6183260000000073,0.9630450000000247,0.599527000000004,0.6402720000000075,0.0,0.6424850000000062,0.4628489999999882,1.0003360000000265,0.9970310000000281,0.04897999999999999
149,1.1215975303662031,0.08101499999999986,0.4900169999999906,0.9410920000000224,0.8836210000000181,0.01941500000000001,0.9758330000000219,0.6274610000000058,0.9637560000000231,0.6033710000000034,0.6430540000000075,0.0,0.648051000000008,0.46618199999998816,1.0003220000000241,0.9969800000000264,0.049298999999999975
150,1.1232260899803213,0.08098499999999989,0.49303899999999223,0.9447220000000185,0.8861090000000164,0.020954999999999998,0.973908000000018,0.6310940000000056,0.9637190000000193,0.6094640000000038,0.646606000000005,0.0,0.6496690000000066,0.4682899999999904,1.0003290000000187,0.9967960000000222,0.04837799999999998
151,1.1241336566610451,0.0796239999999999,0.494998999999991,0.9457660000000202,0.8847260000000177,0.022657999999999998,0.9746800000000194,0.6322990000000075,0.9660460000000216,0.6116930000000043,0.6552810000000074,0.0,0.6588720000000087,0.4651519999999906,1.0003010000000219,0.9970520000000239,0.04820899999999996
152,1.1256613543004714,0.0813529999999998,0.5027249999999941,0.9459800000000205,0.8905410000000173,0.022768000000000035,0.9763230000000214,0.636737000000009,0.9661710000000225,0.6131650000000075,0.6613820000000076,0.0,0.6624690000000089,0.460489999999992,1.000329000000023,0.9971310000000255,0.05019200000000001
153,1.1261206241330513,0.08086399999999984,0.5047629999999953,0.9481870000000203,0.891832000000015,0.021315000000000032,0.9783640000000208,0.6378760000000084,0.9661840000000219,0.6239620000000047,0.6646220000000066,0.0,0.6720880000000088,0.4576799999999918,1.000271000000023,0.9968700000000269,0.05246
154,1.128255748836432,0.07916099999999981,0.5194179999999955,0.9497040000000198,0.8936780000000143,0.023285000000000028,0.9799700000000185,0.6497560000000072,0.9674760000000201,0.632306000000003,0.6689530000000057,0.0,0.6752030000000064,0.4576729999999899,1.0003060000000215,0.9973290000000241,0.05413799999999995
155,1.1291764055275046,0.07932299999999992,0.525145999999993,0.9513140000000183,0.8903920000000148,0.025122000000000033,0.9806160000000177,0.6521450000000073,0.9665170000000185,0.633672000000005,0.6726110000000064,0.0,0.681658000000005,0.4488279999999901,1.0002680000000197,0.9968570000000222,0.055645999999999966
156,1.1301937934689057,0.07685499999999988,0.5348709999999974,0.9566800000000208,0.8895650000000168,0.025891000000000008,0.9821820000000203,0.6537460000000068,0.9649420000000216,0.633078000000007,0.6762740000000099,0.0,0.68584700000001,0.4403729999999905,1.0003040000000227,0.9970380000000236,0.056620999999999956
157,1.1316924304390708,0.07637299999999986,0.5450239999999983,0.9544770000000249,0.8842720000000176,0.02666800000000001,0.9822940000000252,0.6561510000000086,0.9658840000000254,0.632958000000007,0.676854000000008,0.0,0.6895420000000074,0.4354299999999915,1.0002900000000268,0.9968300000000282,0.05934799999999997
158,1.1331998447564438,0.07669499999999989,0.5451020000000002,0.9560340000000134,0.8844440000000128,0.024892000000000004,0.9814730000000131,0.6524350000000051,0.9683970000000136,0.6463630000000066,0.6864880000000064,0.0,0.7012260000000079,0.43379099999999154,1.0002410000000135,0.9969990000000155,0.055753999999999936
159,1.134523422175134,0.07424700000000002,0.5552429999999972,0.956822000000019,0.887242000000016,0.024167,0.9809210000000178,0.6641390000000069,0.9698110000000183,0.6457190000000079,0.6959620000000086,0.0,0.7042220000000087,0.4309489999999916,1.00029100000002,0.9969910000000218,0.05772899999999999
160,1.1355070539821823,0.07013199999999997,0.5663459999999992,0.9581490000000228,0.8865560000000169,0.023948000000000018,0.981761000000022,0.6697490000000117,0.9723100000000222,0.6509110000000091,0.7099960000000107,0.0,0.709110000000013,0.43106599999999,1.0002420000000225,0.9970130000000255,0.059053999999999926
161,1.1358499771125103,0.07075499999999989,0.5668070000000013,0.960177000000023,0.8892120000000157,0.022392000000000026,0.9814900000000225,0.6690210000000122,0.9705980000000237,0.6535320000000078,0.7164910000000093,0.0,0.7132060000000102,0.4241669999999916,1.0002570000000244,0.9968160000000259,0.06148399999999997
162,1.1365587474982555,0.07045399999999997,0.5777059999999993,0.95831300000002,0.8923860000000166,0.02263200000000001,0.9828320000000199,0.6777460000000096,0.9713320000000205,0.6574940000000082,0.7196040000000077,0.0,0.7151720000000091,0.4217379999999927,1.0002420000000207,0.9967820000000229,0.063976
163,1.1375793772535316,0.07142899999999983,0.5757490000000024,0.9575070000000178,0.8959840000000157,0.023878000000000035,0.9818050000000169,0.6798340000000105,0.9700610000000187,0.659565000000005,0.7210160000000084,0.0,0.7200730000000073,0.41097299999999115,1.0002870000000181,0.9970300000000202,0.06268099999999993
164,1.1385440445654622,0.0728739999999999,0.5856690000000031,0.9587150000000204,0.8972830000000144,0.025133000000000044,0.9818510000000197,0.6868260000000097,0.971620000000021,0.6655800000000089,0.7299770000000095,0.0,0.7349310000000085,0.4150169999999908,1.000287000000022,0.9972740000000242,0.06584799999999995
165,1.1392396949767167,0.0714029999999999,0.5915090000000043,0.960560000000016,0.8957010000000112,0.024143000000000036,0.9855750000000163,0.6898030000000123,0.9749430000000172,0.6710260000000098,0.7386610000000071,0.0,0.7423740000000066,0.41417699999999186,1.0002320000000176,0.9968590000000193,0.06865599999999987
166,1.1408938710138423,0.07332500000000002,0.5986120000000045,0.9608420000000154,0.8973920000000144,0.023091000000000007,0.9850370000000143,0.6922740000000099,0.974720000000015,0.6730900000000095,0.7431660000000085,0.0,0.7494430000000079,0.41254599999999275,1.000225000000016,0.9967350000000189,0.06748000000000001
167,1.1428322497007117,0.07003799999999998,0.6054550000000051,0.9600260000000139,0.8970380000000102,0.02527000000000001,0.9838500000000149,0.697954000000009,0.9759820000000141,0.6775810000000048,0.7437740000000063,0.0,0.7493020000000061,0.4123209999999931,1.0002030000000146,0.997060000000017,0.06946199999999986
168,1.143909940512195,0.06949099999999991,0.6141170000000052,0.9603730000000128,0.8967630000000086,0.025533000000000017,0.9841090000000124,0.702194000000011,0.9740600000000135,0.6794980000000073,0.7429560000000063,0.0,0.7512700000000075,0.4183629999999911,1.000195000000014,0.996899000000017,0.07232099999999989
169,1.1460490521009676,0.06912299999999995,0.6173380000000038,0.961579000000016,0.8979150000000117,0.02594000000000001,0.9844850000000167,0.7052300000000095,0.9750720000000166,0.6841320000000061,0.7448120000000079,0.0,0.7525200000000073,0.4225679999999922,1.0001880000000178,0.9972480000000196,0.07387099999999996
170,1.1464822586426806,0.06896300000000007,0.6219010000000059,0.962088000000017,0.9032010000000125,0.024875000000000008,0.9832730000000183,0.7080120000000099,0.975869000000019,0.687256000000006,0.7480650000000069,0.0,0.7577210000000079,0.4175179999999926,1.0002050000000193,0.996836000000022,0.07291499999999987
171,1.1481824918322674,0.0680219999999999,0.6174270000000047,0.9645410000000163,0.9049650000000129,0.02583200000000003,0.9822830000000163,0.7011570000000118,0.975412000000017,0.6950720000000095,0.7545770000000097,0.0,0.7598810000000088,0.4187129999999904,1.0001700000000169,0.9967370000000197,0.07292599999999994
172,1.1491412242129648,0.07086200000000004,0.6169700000000058,0.9682120000000146,0.9083750000000106,0.026321000000000025,0.983073000000015,0.6991480000000106,0.9760020000000148,0.7033750000000081,0.7602010000000075,0.0,0.7636450000000066,0.42360999999999105,1.0002120000000156,0.9968370000000174,0.07202699999999995
173,1.1506477483579243,0.06938099999999991,0.6256200000000021,0.9662960000000155,0.9077850000000133,0.02616200000000002,0.9830700000000158,0.7044900000000092,0.9760730000000155,0.7086510000000091,0.7621290000000073,0.0,0.768898000000009,0.41491499999999487,1.0001800000000163,0.9969890000000184,0.071966
174,1.1525934937004152,0.06851100000000002,0.6257210000000064,0.9684110000000183,0.9085660000000143,0.02684700000000001,0.9836170000000186,0.70525700000001,0.9782060000000187,0.7131510000000084,0.7674290000000088,0.0,0.7749620000000094,0.41673499999999475,1.0001410000000197,0.9968070000000222,0.07319899999999999
175,1.1541391215754884,0.06784899999999996,0.6305810000000053,0.9691740000000175,0.9063260000000135,0.02644900000000001,0.9833920000000178,0.7101480000000073,0.9776630000000182,0.7185920000000068,0.7685520000000079,0.0,0.7772330000000084,0.4177499999999934,1.0001830000000203,0.9967500000000208,0.0712759999999999
176,1.1549170113434524,0.06829400000000001,0.6319420000000077,0.9702790000000182,0.9038540000000154,0.026673000000000006,0.9824300000000176,0.7105370000000113,0.9771410000000177,0.7235430000000092,0.7687600000000085,0.0,0.7829270000000095,0.415104999999994,1.0002340000000176,0.9969390000000206,0.07177299999999993
177,1.15679028673587,0.06719999999999995,0.6378790000000042,0.9710930000000163,0.9096310000000127,0.02634600000000002,0.9817210000000163,0.7165370000000095,0.9786660000000166,0.729257000000006,0.7703890000000063,0.0,0.786762000000007,0.41523899999999436,1.000190000000017,0.9970180000000178,0.07366199999999995
178,1.158506963521405,0.06738699999999995,0.6352560000000016,0.9735420000000129,0.9137480000000093,0.02618200000000001,0.982320000000013,0.7133770000000065,0.978258000000013,0.7304030000000051,0.7700500000000046,0.0,0.7879780000000052,0.41545199999999355,1.0001900000000132,0.9967070000000152,0.07489799999999996
179,1.1593491980838995,0.06803499999999997,0.6399150000000042,0.971748000000018,0.9163160000000141,0.024998000000000003,0.9821530000000177,0.7198130000000081,0.979461000000018,0.7395260000000073,0.7782930000000063,0.0,0.793009000000007,0.4190599999999952,1.000193000000019,0.9966530000000192,0.07155099999999996
180,1.1602094351888983,0.065244,0.6464880000000033,0.9752650000000153,0.916987000000013,0.025868,0.9844060000000155,0.7249070000000062,0.9812530000000151,0.7448250000000064,0.7848950000000073,0.0,0.8014600000000086,0.41786399999999513,1.000174000000016,0.9970650000000167,0.07242799999999995
181,1.163491667681065,0.06791799999999995,0.6485780000000029,0.9765530000000145,0.9185090000000133,0.023951000000000014,0.985384000000016,0.7278790000000079,0.9829950000000154,0.7504650000000086,0.7900650000000069,0.0,0.8006200000000077,0.41503999999999347,1.0001970000000155,0.9968610000000163,0.0686229999999999
182,1.165211308365915,0.06652599999999989,0.6526900000000052,0.9772940000000153,0.9183940000000127,0.023560000000000008,0.9868570000000149,0.7303400000000098,0.9832210000000151,0.7545030000000087,0.7978570000000089,0.0,0.8046520000000087,0.4120019999999933,1.0001910000000156,0.9970130000000176,0.06952199999999994
183,1.16674589165905,0.06442599999999993,0.6556690000000044,0.9788940000000157,0.9243760000000125,0.022014000000000016,0.9852140000000161,0.7342700000000106,0.9845270000000159,0.7624240000000065,0.8036520000000079,0.0,0.8107550000000056,0.41317099999999446,1.0001710000000166,0.9969040000000181,0.0763159999999999
184,1.1672359249335655,0.06443899999999994,0.6603720000000017,0.9804350000000102,0.9246150000000086,0.023319000000000017,0.9845940000000096,0.7366950000000062,0.98500800000001,0.7723550000000058,0.8112110000000056,0.0,0.812948000000005,0.40956699999999435,1.0001390000000103,0.9966940000000122,0.07667900000000002
185,1.168512881035453,0.06226199999999995,0.6668490000000048,0.9777620000000137,0.9250410000000132,0.023389000000000014,0.9848200000000144,0.7378170000000089,0.9851810000000144,0.7734220000000078,0.812260000000009,0.0,0.8138960000000088,0.4047989999999959,1.0001660000000145,0.996804000000017,0.07869999999999996
186,1.1694243210826767,0.06203499999999997,0.6665960000000032,0.9789680000000086,0.9262380000000071,0.021436000000000018,0.9840100000000085,0.7351710000000049,0.9871810000000083,0.7828270000000044,0.8200900000000039,0.0,0.8181310000000048,0.3984599999999946,1.0001660000000085,0.9968140000000112,0.07994799999999996
187,1.171346854666545,0.059507,0.6668800000000037,0.9809150000000123,0.926694000000011,0.02177,0.9837370000000125,0.7355790000000062,0.9879730000000131,0.7897400000000078,0.822937000000007,0.0,0.827897000000007,0.39767199999999453,1.0001740000000134,0.9968940000000156,0.08298299999999997
188,1.173707118578713,0.05674799999999996,0.6757970000000043,0.9808220000000147,0.9275680000000127,0.021879000000000013,0.9837560000000143,0.743691000000008,0.9878280000000154,0.7913080000000051,0.8271520000000069,0.0,0.8320010000000072,0.3966259999999926,1.0001490000000157,0.996917000000017,0.087392
189,1.1758432655345439,0.05704499999999992,0.6802560000000043,0.9825420000000126,0.9283090000000109,0.020782,0.9834950000000134,0.7476130000000071,0.9884850000000136,0.8001500000000065,0.8337090000000069,0.0,0.8370050000000058,0.39501899999999474,1.0001480000000138,0.9967950000000144,0.08681299999999993
190,1.1765323096881615,0.058556999999999935,0.6862350000000053,0.9826880000000109,0.9291390000000092,0.020965000000000004,0.9832230000000111,0.7501460000000085,0.9893050000000104,0.804310000000006,0.8302710000000056,0.0,0.8377830000000074,0.39158199999999527,1.0001580000000108,0.9968700000000121,0.09077599999999998
191,1.177871203456598,0.05841399999999997,0.6894020000000064,0.9829780000000115,0.9293990000000097,0.02153700000000001,0.983595000000012,0.7524670000000083,0.9902610000000118,0.8074930000000071,0.830665000000007,0.0,0.8415750000000063,0.39147899999999486,1.0001490000000126,0.9968050000000134,0.09363799999999994
192,1.1793847679530525,0.05917799999999997,0.6964250000000046,0.9806130000000106,0.9296980000000078,0.019739000000000007,0.985400000000011,0.7571510000000076,0.9914040000000109,0.8159760000000041,0.8343030000000048,0.0,0.8412740000000055,0.3889719999999961,1.0001280000000115,0.9967560000000132,0.092118
193,1.1814793553009488,0.060451,0.705053000000004,0.9815060000000105,0.9291550000000095,0.019992000000000003,0.9851320000000106,0.7636090000000058,0.9900720000000109,0.8208830000000065,0.8390220000000059,0.0,0.8442930000000071,0.39342999999999484,1.000115000000011,0.9966680000000132,0.09474499999999998
194,1.1836272847688962,0.05811399999999997,0.7086970000000055,0.9810160000000131,0.9309720000000103,0.019995000000000002,0.984917000000013,0.7680310000000075,0.9900120000000134,0.8170420000000073,0.8370920000000079,0.0,0.8450990000000076,0.38627199999999606,1.0001410000000133,0.9970720000000146,0.09653099999999998
195,1.1849991087919585,0.056732999999999936,0.706766000000003,0.9810520000000083,0.928063000000006,0.020492000000000007,0.9854210000000078,0.766996000000005,0.9897980000000081,0.8172240000000042,0.8366850000000045,0.0,0.8477570000000041,0.3862849999999956,1.000139000000008,0.9967800000000095,0.097928
196,1.187198467137885,0.05718799999999994,0.7086210000000047,0.9804660000000085,0.9295170000000058,0.02047200000000001,0.9855880000000079,0.7677650000000062,0.9896490000000077,0.8164620000000041,0.8388580000000044,0.0,0.8521390000000052,0.3903529999999956,1.000125000000008,0.996759000000009,0.09944399999999999
197,1.1878371799132135,0.05656899999999998,0.7138300000000024,0.9811510000000098,0.9329610000000074,0.018606000000000004,0.9855070000000093,0.7718630000000047,0.9898030000000098,0.8236900000000068,0.8462180000000048,0.0,0.8536250000000045,0.38749799999999474,1.0001290000000098,0.9966530000000112,0.09912700000000002
198,1.189415815525329,0.05776299999999996,0.7199900000000045,0.9812530000000128,0.9330690000000104,0.019408,0.9853010000000131,0.7776700000000072,0.9910050000000135,0.8250260000000078,0.8485930000000069,0.0,0.8558510000000085,0.3807679999999947,1.0001040000000134,0.9967730000000147,0.09691000000000007
199,1.1917720482558973,0.06043099999999993,0.726867000000007,0.9811850000000113,0.9345760000000097,0.01945300000000001,0.9867140000000125,0.7818700000000093,0.9920300000000126,0.8293510000000078,0.8487420000000073,0.0,0.858617000000009,0.38377199999999495,1.0001200000000128,0.9971090000000139,0.09766099999999997
200,1.192283318464613,0.06164999999999992,0.7327830000000052,0.98075400000001,0.9329970000000075,0.019809000000000018,0.98508400000001,0.7835570000000068,0.9938120000000104,0.8269370000000054,0.8502350000000065,0.0,0.860727000000007,0.39257899999999585,1.0001460000000109,0.9967320000000125,0.10057100000000009
