,PopRatio,Diff_KC,Fibroblast,ILC3,M1,M2,Neutrophil,Prol_KC,Th0,Th1,Th17,Th2,Th22,Treg,iDC,pDC,preDiff_KC
0,1.0,0.000305,0.0,0.0,0.0,0.0,0.0,0.0,0.0,0.0,0.0,0.0,0.0,0.16351000000000002,0.0,0.0,0.0
1,1.0,0.0013990000000000003,0.0,0.0,0.0,0.0,0.0,0.0,0.0,0.0,0.0,0.0,0.0,0.120054,0.0,0.0,0.0
2,1.0000050000000003,0.00214,0.0,0.0,0.0,0.0,0.0,0.0,0.0,0.0,0.0,0.0,0.0,0.11033699999999999,0.00038899999999999997,0.00040999999999999994,0.0
3,1.00000299999,0.0033079999999999997,0.0,0.0,0.0,0.0,7.6e-05,0.0,0.0,0.0,0.0,0.0,0.0,0.12289199999999999,0.0036609999999999998,0.003669,0.0
4,1.000003999993,0.005117999999999999,0.0,0.0,0.00031600000000000004,0.0,0.00041799999999999997,0.0,0.0,0.0,0.0,0.0,0.0,0.1442020000000001,0.010436999999999995,0.010477999999999994,0.0
5,1.0000110000210003,0.006389999999999999,0.0,0.0,0.000823,0.0,0.0016769999999999999,0.0,0.0,0.0,0.0,0.0,0.0,0.15970000000000004,0.023105999999999995,0.023113,0.0
6,1.0000150000649999,0.006919,0.0,0.0,0.0022199999999999998,0.0,0.0030339999999999994,0.0,0.0,0.0,0.0,0.0,0.0,0.175104,0.04132000000000004,0.04128700000000004,0.0
7,1.0000300002900013,0.007463,0.0,0.0,0.0035280000000000008,0.0,0.0048210000000000015,0.0,0.0,0.0,0.0,0.0,0.0,0.1891400000000001,0.064226,0.06421500000000004,0.0
8,1.000046000770007,0.009053999999999998,0.0,0.0,0.007269000000000006,0.0,0.007434000000000002,0.0,0.0,0.0,0.0,0.0,0.0,0.20830000000000018,0.0942919999999998,0.09427699999999979,0.0
9,1.0000930029320452,0.01068399999999999,0.0,0.0,0.010213,0.0,0.010245,0.0,0.0,0.0,0.0,0.0,0.0,0.2208220000000007,0.12892700000000012,0.12895500000000007,0.0
10,1.0001390072101841,0.01217299999999999,0.0,0.0,0.014063999999999998,0.0,0.013196999999999981,0.0,0.0,0.0,0.0,0.0,0.0,0.23544100000000015,0.16536600000000068,0.16535400000000067,0.0
11,1.000215017774733,0.013805,0.0,0.0,0.018714,0.0,0.017963999999999997,0.0,0.0,0.0,0.0,0.0,0.0,0.25118499999999994,0.20523300000000083,0.20520300000000083,0.0
12,1.000302036481286,0.014566999999999991,0.0,0.0,0.024875000000000043,0.0,0.02523900000000004,0.0,0.0,0.0,0.0,0.0,0.0,0.2630979999999993,0.25268400000000096,0.252466000000001,0.0
13,1.000398065476799,0.015106,0.0,0.0,0.031326000000000076,0.0,0.035001000000000046,0.0,6.7e-05,0.0,0.0,0.0,0.0,0.2734119999999996,0.29499799999999987,0.294404,0.0
14,1.000516112448532,0.017237,0.0,0.0,0.0398,0.0,0.044828999999999966,0.0,0.000268,0.0,0.0,0.0,0.0,0.2791239999999992,0.34688599999999814,0.346075999999998,0.0
15,1.0006741939943091,0.01847600000000001,0.0,0.0,0.05096799999999991,0.0,0.055417999999999815,0.0,0.000364,0.0,0.0,0.0,0.0,0.2882409999999981,0.39069699999999535,0.3893779999999956,0.0
16,1.0008763301815096,0.019815000000000006,0.0,0.0,0.061729999999999875,0.0,0.06838199999999976,0.0,0.0011330000000000001,0.0,0.0,0.0,0.0,0.30777799999999866,0.4277439999999921,0.42610099999999246,0.0
17,1.001094521221501,0.021355999999999997,0.0,0.0,0.07120899999999977,0.0,0.07594399999999968,0.0,0.0016730000000000002,0.0,0.0,0.0,0.0,0.31397599999999765,0.4641709999999896,0.4630099999999896,0.0
18,1.0013538047025157,0.02158600000000002,0.0,0.0,0.08478799999999974,0.0,0.08595699999999967,0.0,0.0021700000000000005,0.0,0.0,0.0,0.0,0.32235399999999764,0.5049309999999936,0.5025309999999931,0.0
19,1.0016472013673146,0.022129000000000013,0.0,0.0,0.09976099999999928,0.0,0.09731699999999953,0.0,0.003121,0.0,0.0,0.0,0.0,0.32852399999999593,0.5434220000000038,0.5400470000000032,0.0
20,1.0019967762406177,0.024279000000000026,0.0,0.0,0.10975199999999911,0.0,0.11071299999999933,0.0,0.002827,0.0,0.0,0.0,0.0,0.3407339999999963,0.5792160000000077,0.5758980000000073,0.0
21,1.0023645090575148,0.026140000000000024,0.0,0.0,0.11955699999999925,0.0,0.12442999999999897,0.0,0.0032549999999999996,0.0,0.0,0.0,0.0,0.349719999999996,0.6069770000000128,0.603604000000013,0.0
22,1.0027784855997939,0.026489000000000054,0.0,0.0,0.1325259999999997,0.0,0.14238600000000087,6.7e-05,0.005007000000000002,0.0,0.0,0.0,0.0,0.3576639999999932,0.6365310000000189,0.632173000000018,0.0
23,1.0033159748681162,0.025118000000000057,0.0,0.0,0.1423820000000006,0.0,0.15587600000000018,0.000115,0.0071500000000000044,0.0,0.0,0.0,0.0,0.37068999999999375,0.6640130000000153,0.6597270000000148,0.0
24,1.0038597721265237,0.02571600000000004,0.0,0.0,0.15749700000000136,0.0,0.17901400000000173,0.000134,0.01007599999999999,0.0,0.0,0.0,0.0,0.37425899999999274,0.6917330000000111,0.6865550000000086,0.0
25,1.0045152925577507,0.02760800000000005,0.0,0.0,0.1753000000000024,0.0,0.19024000000000277,0.000134,0.015032999999999973,0.0,0.0,0.0,0.0,0.3837419999999934,0.7271890000000334,0.7218200000000319,0.0
26,1.0052013765026124,0.029841999999999994,0.0,0.0,0.1853500000000023,0.0,0.2122640000000047,6.7e-05,0.019060000000000004,0.0,0.0,0.0,0.0,0.40137899999999066,0.7500390000000303,0.7436750000000301,0.0
27,1.005994480388707,0.028762000000000034,0.0,3.9e-05,0.2022520000000042,0.0,0.22796800000000464,0.00015499999999999997,0.02301000000000004,0.0,0.0,0.0,0.0,0.41057799999998984,0.7700910000000367,0.762773000000035,0.0
28,1.0068012879620263,0.027448000000000042,0.0,6.7e-05,0.21915300000000534,0.0,0.24425000000000704,0.000213,0.027249000000000054,0.0,0.0,0.0,0.0,0.4198659999999857,0.7920410000000463,0.7830900000000439,0.0
29,1.0076671370697399,0.026906,0.0,0.0,0.241000000000007,0.0,0.2619630000000057,0.000189,0.0317410000000001,0.0,0.0,0.0,0.0,0.43041099999998456,0.8128420000000482,0.804151000000049,0.0
30,1.0086052751744148,0.026631000000000033,0.0,1.2e-05,0.2543770000000058,0.0,0.28060100000000293,0.000448,0.03776899999999999,0.0,0.0,0.0,0.0,0.44374999999998666,0.8299130000000459,0.8207890000000453,0.0
31,1.009572527633365,0.02572200000000003,0.0,0.00011099999999999999,0.2704610000000041,0.0,0.29835100000000087,0.000507,0.04616199999999985,0.0,0.0,0.0,0.0,0.4514459999999863,0.849183000000047,0.8402990000000465,0.0
32,1.0106204639171081,0.026625000000000065,0.0,0.0005250000000000001,0.2901470000000016,0.0,0.31971399999999833,0.000614,0.052292999999999874,0.0,0.0,0.0,0.0,0.4558399999999863,0.8668040000000579,0.856967000000057,0.0
33,1.0116320950015574,0.030049000000000034,0.0,0.000682,0.3043229999999982,0.0,0.33267599999999625,0.0008010000000000003,0.06150099999999983,0.0,0.0,0.0,0.0,0.4599989999999846,0.8818390000000541,0.8727060000000558,4.2e-05
34,1.0126639597385185,0.031551000000000044,0.0,0.001169,0.32278399999999735,0.0,0.34970699999999305,0.000999,0.06772799999999972,0.0,0.0,0.0,0.0,0.47311499999998463,0.8972980000000497,0.887611000000048,6.7e-05
35,1.0137890293978558,0.03077900000000005,0.0,0.001817,0.3370059999999952,0.0,0.36299099999999107,0.001512,0.0782769999999996,0.0,0.0,0.0,0.0,0.47919099999998266,0.9082470000000551,0.8963680000000548,0.0
36,1.014861618191021,0.03153000000000009,0.0,0.0029890000000000008,0.35711099999999235,0.0,0.3832639999999884,0.0018079999999999997,0.08631399999999946,0.0,0.0,0.0,0.0,0.4841189999999809,0.9195170000000558,0.9069930000000527,0.0
37,1.0159870997256566,0.03133300000000005,0.0,0.004507000000000002,0.3729099999999907,0.0,0.39462599999998593,0.0024119999999999996,0.09484999999999937,1.1e-05,0.0,0.0,0.0,0.49200599999997874,0.9300770000000601,0.9163920000000577,0.0
38,1.0171178933677165,0.031842000000000065,0.0,0.0060320000000000035,0.3826249999999897,0.0,0.4063269999999872,0.0033409999999999994,0.10754599999999932,8.499999999999999e-05,7.3e-05,0.0,3e-06,0.49567999999998186,0.9377090000000582,0.9246290000000571,0.0
39,1.0183343663682498,0.03243800000000003,0.0,0.009631999999999996,0.3967939999999882,0.0,0.4242189999999844,0.004308,0.11629299999999893,6.7e-05,0.00011300000000000001,0.0,0.0,0.4965689999999796,0.9463330000000681,0.9331400000000675,0.0
40,1.0196622743820678,0.03105100000000005,0.0,0.011892999999999996,0.41231099999998694,0.0,0.44305299999998327,0.006479000000000005,0.13010599999999975,0.000267,0.000175,0.0,0.000102,0.49388599999998106,0.9551820000000579,0.941044000000059,0.0
41,1.0208848494491127,0.029645000000000088,0.0,0.014801999999999973,0.4286129999999827,0.0,0.45611399999997987,0.007850000000000005,0.1427240000000004,0.000203,6.6e-05,0.0,0.00011300000000000001,0.5015289999999799,0.9624160000000685,0.9484090000000684,0.0
42,1.0222650857656435,0.02908000000000006,0.0,0.02015500000000002,0.4468819999999829,0.0,0.4738379999999768,0.009206000000000006,0.15246600000000118,0.00026900000000000003,6.7e-05,0.0,6.7e-05,0.5051569999999782,0.9691480000000624,0.9550150000000638,0.0
43,1.0234693140367435,0.029585000000000097,0.0,0.025071000000000034,0.46545799999998,6.7e-05,0.4902949999999762,0.01068199999999999,0.169183000000002,0.0006660000000000001,0.000133,0.0,0.000305,0.51222799999998,0.9729320000000627,0.9595480000000625,0.0
44,1.0247005476215956,0.029064000000000048,0.0,0.0321660000000001,0.4832409999999777,6.7e-05,0.5026769999999773,0.01334699999999999,0.18434500000000298,0.000776,0.000142,0.0,0.0006010000000000001,0.5162699999999832,0.9756860000000669,0.9624780000000684,3.6e-05
45,1.0258676815454053,0.02762200000000005,0.0,0.03858900000000002,0.4987909999999793,0.0,0.5166409999999789,0.013874999999999981,0.19137400000000257,0.00117,0.0005520000000000002,0.0,0.0008060000000000001,0.5250239999999868,0.9776770000000623,0.9643030000000604,6.7e-05
46,1.027094619292599,0.031432000000000064,0.0,0.05114399999999988,0.5092769999999796,1.3e-05,0.5269789999999811,0.014664999999999977,0.20576000000000422,0.001314,0.0013850000000000004,0.0,0.001057,0.5317239999999854,0.9807900000000618,0.9676530000000617,0.000134
47,1.0283219973627191,0.03381200000000006,0.0,0.06239299999999983,0.523825999999983,0.0,0.5411699999999839,0.017326999999999995,0.2151500000000046,0.0013420000000000003,0.0017300000000000002,0.0,0.0016380000000000003,0.5297619999999836,0.9844590000000607,0.9718880000000606,6.7e-05
48,1.0294140753239815,0.03405600000000007,0.0,0.07710299999999966,0.5349789999999885,0.0,0.548666999999984,0.020384000000000017,0.2264080000000043,0.0017150000000000002,0.002137,0.0,0.002722,0.5409209999999887,0.9858710000000596,0.9737740000000606,0.0004
49,1.030676136980391,0.03353400000000003,0.0,0.09006299999999959,0.5477759999999855,0.0,0.5670759999999883,0.02371200000000007,0.24222400000000524,0.0018470000000000001,0.0032159999999999997,0.0,0.003233,0.5393809999999885,0.9884240000000593,0.9758970000000616,0.0005099999999999999
50,1.0318026659981716,0.03344200000000005,0.0,0.10479599999999914,0.5576119999999906,0.0,0.5747079999999931,0.02694700000000007,0.25990700000000355,0.002186000000000001,0.0045,0.0,0.004518000000000003,0.5464909999999897,0.9894070000000623,0.9793750000000628,0.000334
51,1.03294383974683,0.03277000000000003,0.0,0.117081999999999,0.5746309999999927,0.000102,0.5870349999999912,0.02754700000000009,0.27706200000000164,0.0021699999999999996,0.005783000000000003,0.0,0.006058000000000002,0.5535359999999903,0.9915550000000587,0.9829450000000615,0.0003250000000000001
52,1.033942696439926,0.03277000000000006,0.0,0.12983399999999928,0.5919619999999984,0.000134,0.5992950000000002,0.031112000000000084,0.2922579999999982,0.003499000000000001,0.0059240000000000065,0.0,0.007370000000000006,0.5635119999999949,0.9941150000000613,0.9857910000000638,0.000268
53,1.035102780145396,0.031152000000000075,0.000123,0.14568100000000034,0.6026309999999988,0.000193,0.6177280000000028,0.034325000000000015,0.3087889999999972,0.003744,0.0071430000000000105,0.0,0.008009000000000006,0.5750609999999954,0.9956600000000689,0.9875840000000711,0.000295
54,1.0361223563839106,0.032572000000000094,6.7e-05,0.15803300000000092,0.6117429999999966,0.000127,0.6268130000000014,0.03614800000000001,0.32213699999999557,0.003972,0.009698,0.0,0.00978,0.577758999999994,0.9961970000000661,0.9883700000000666,0.000277
55,1.0371263589473154,0.03487800000000006,0.000133,0.1793880000000024,0.6233720000000077,0.00035200000000000005,0.6466630000000103,0.04228999999999996,0.3426509999999932,0.005302000000000003,0.011128999999999984,0.0,0.010385999999999996,0.585212,0.9968890000000586,0.989523000000061,0.000268
56,1.0381800793280667,0.03733300000000005,0.000201,0.20006600000000305,0.6416480000000083,0.000459,0.6586050000000101,0.04518200000000003,0.36189999999999056,0.006858000000000008,0.013795999999999989,0.0,0.012556999999999994,0.590032999999997,0.9970320000000643,0.9909840000000667,0.000335
57,1.039355299177932,0.038328999999999995,0.00024599999999999996,0.2193450000000039,0.6531110000000059,0.000353,0.6684400000000099,0.04939899999999989,0.3751409999999923,0.008716000000000003,0.01490799999999998,0.0,0.015326999999999978,0.590249999999995,0.9985970000000577,0.9928790000000617,0.00047700000000000005
58,1.0403551589758018,0.03809500000000002,0.000252,0.23719300000000504,0.6631130000000095,0.00037799999999999997,0.6769120000000145,0.0524689999999999,0.3861639999999871,0.011047999999999994,0.017715,0.0,0.01712899999999999,0.5980180000000007,0.9985930000000591,0.9919690000000605,0.00033400000000000004
59,1.0413965544899981,0.038830999999999956,0.000268,0.25789600000000446,0.6683640000000142,0.00025100000000000003,0.6904400000000152,0.058100999999999924,0.3989179999999892,0.012957999999999987,0.02080500000000003,0.0,0.01947900000000001,0.5992500000000034,0.9989390000000563,0.9922380000000574,0.000535
60,1.042455654785973,0.039854999999999995,0.0006,0.28052500000000163,0.6779940000000155,0.000113,0.6962210000000181,0.06655299999999968,0.4108879999999845,0.013683999999999998,0.02537100000000003,0.0,0.021937000000000026,0.5997029999999995,0.9991800000000647,0.9924910000000683,0.000619
61,1.0435012378077901,0.04132800000000003,0.000506,0.2984739999999992,0.6903480000000177,0.0002,0.7021580000000185,0.07296599999999986,0.4204929999999852,0.017495999999999987,0.02798600000000008,0.0,0.02627500000000005,0.6068050000000044,0.9992620000000564,0.9929900000000589,0.0012300000000000002
62,1.044491520482528,0.04112099999999995,0.0007129999999999999,0.32184099999999544,0.7025640000000156,0.000343,0.7103220000000173,0.0748139999999996,0.433652999999985,0.021067000000000013,0.030888000000000065,0.0,0.03038000000000008,0.6043100000000005,0.9993280000000637,0.993230000000065,0.0013680000000000003
63,1.045580925138458,0.04205399999999997,0.001273,0.3400529999999942,0.710008000000016,0.000529,0.724719000000019,0.07856699999999962,0.4489239999999842,0.024169000000000038,0.03507500000000007,0.0,0.032509000000000066,0.6016010000000008,0.9999950000000583,0.9945130000000624,0.0014800000000000004
64,1.0463692931560742,0.039679999999999986,0.0010209999999999998,0.3571229999999927,0.7192420000000203,0.0006330000000000001,0.7304900000000246,0.08111899999999966,0.464597999999982,0.025769000000000052,0.04013699999999999,0.0,0.03824799999999999,0.6052710000000004,0.9998800000000636,0.994609000000066,0.001833
65,1.0474156624492963,0.03831000000000002,0.0011459999999999999,0.37227299999999225,0.7326710000000177,0.00074,0.737156000000025,0.08901799999999967,0.48205999999998156,0.027272000000000057,0.04346000000000003,0.0,0.040336999999999984,0.6035420000000031,0.9998570000000584,0.9955860000000608,0.0020719999999999996
66,1.0484693626057808,0.04095199999999998,0.001759,0.38572499999998905,0.733839000000023,0.000654,0.742477000000028,0.09193799999999942,0.49339899999997977,0.03232000000000003,0.04665699999999998,0.0,0.045461999999999975,0.6093259999999993,1.0000390000000594,0.9953450000000612,0.0016489999999999999
67,1.0495325105395252,0.043107999999999966,0.0021060000000000002,0.40530899999998776,0.7434480000000209,0.00041900000000000005,0.7483070000000253,0.09437299999999955,0.5068669999999807,0.036981000000000035,0.0516619999999999,0.0,0.05079399999999998,0.611513000000006,1.0002850000000605,0.9957210000000629,0.001508
68,1.0504602972789063,0.044190999999999966,0.001966,0.4250069999999865,0.7502860000000261,0.00056,0.7553610000000299,0.10327099999999947,0.5233529999999826,0.03989599999999999,0.057442999999999814,0.0,0.05719799999999988,0.6065649999999976,1.0004090000000603,0.9961400000000632,0.001693
69,1.0516851339855968,0.0470799999999999,0.0023630000000000005,0.449370999999983,0.7532220000000237,0.0011520000000000002,0.7700690000000266,0.10646699999999931,0.540770999999991,0.0440359999999999,0.06521099999999978,0.0,0.06625999999999986,0.6082530000000029,1.0002990000000564,0.9957330000000593,0.0023309999999999993
70,1.052794661802011,0.04716399999999992,0.003066,0.45814499999998387,0.7577290000000217,0.0013479999999999998,0.7759700000000251,0.11824799999999928,0.5557859999999882,0.04963599999999998,0.07219099999999978,0.0,0.07462599999999982,0.6096950000000003,1.0004940000000535,0.9958890000000581,0.0023949999999999996
71,1.0537569161229547,0.04720300000000001,0.004297000000000001,0.4669239999999825,0.7653950000000286,0.0016839999999999997,0.7829460000000334,0.12328899999999914,0.5659979999999989,0.05160699999999987,0.07820899999999961,0.0,0.08215299999999967,0.6153710000000046,1.0002870000000565,0.99605700000006,0.0017130000000000003
72,1.0546336418772286,0.04637399999999999,0.006047000000000001,0.47320799999998087,0.7679360000000238,0.0021720000000000003,0.7915600000000267,0.1344399999999998,0.5704079999999953,0.053392999999999906,0.08093399999999969,0.0,0.0837889999999996,0.6195390000000021,1.0003450000000527,0.9957770000000563,0.001647
73,1.055391923465794,0.046618999999999924,0.006680000000000003,0.4853909999999818,0.7699690000000253,0.001732,0.7997440000000244,0.13947900000000016,0.579383999999998,0.05843899999999984,0.08714299999999955,0.0,0.08917099999999957,0.6148490000000034,1.000504000000051,0.9961700000000527,0.0019899999999999996
74,1.0567048310186375,0.04584799999999989,0.007063000000000009,0.49549699999998037,0.7805410000000287,0.0016949999999999997,0.8057520000000324,0.14288100000000037,0.5963250000000025,0.06309499999999982,0.09516899999999942,0.0,0.09668799999999948,0.6136970000000072,1.0003800000000556,0.9962960000000581,0.001925
75,1.0579221549840296,0.04800000000000005,0.009049999999999997,0.5094969999999832,0.7796330000000238,0.0019900000000000004,0.8083960000000249,0.15017200000000083,0.6030550000000018,0.06775799999999987,0.10126399999999952,0.0,0.1039169999999995,0.6181510000000061,1.000482000000047,0.9965320000000497,0.001973
76,1.0588139833607306,0.04874799999999993,0.011000999999999995,0.5246679999999873,0.783936000000031,0.002075,0.8183900000000363,0.15627400000000127,0.612893000000001,0.06843999999999976,0.10614799999999938,0.0,0.11322699999999944,0.6178860000000058,1.000745000000054,0.9972030000000567,0.0020410000000000007
77,1.059661034547476,0.05289799999999989,0.013320999999999973,0.5403929999999901,0.7799410000000273,0.0027779999999999997,0.8211260000000331,0.1652330000000018,0.6195480000000031,0.07166599999999987,0.1148229999999993,0.0,0.11686599999999933,0.6284910000000069,1.0007110000000496,0.9971350000000512,0.001424
78,1.0605341952399958,0.051328,0.015223999999999979,0.5584899999999937,0.7786400000000251,0.0035960000000000007,0.8296810000000315,0.17156100000000182,0.6309060000000066,0.07688399999999966,0.12296599999999926,0.0,0.12566299999999922,0.6349860000000104,1.0007260000000529,0.9973780000000567,0.0018459999999999998
79,1.0614091359511244,0.054114999999999976,0.01763499999999998,0.5758799999999918,0.7778040000000197,0.0028780000000000003,0.834815000000026,0.18102400000000232,0.6459670000000054,0.08393599999999973,0.13194900000000015,0.0,0.1358180000000005,0.6387990000000028,1.0007220000000436,0.9975450000000474,0.0022010000000000007
80,1.061930287836923,0.05343799999999999,0.019020000000000023,0.584039999999996,0.7781500000000213,0.0045610000000000026,0.8409740000000269,0.18715500000000296,0.6592040000000066,0.09047699999999974,0.1392190000000006,0.0,0.1362740000000001,0.6368530000000038,1.0006830000000442,0.9974390000000474,0.0020570000000000007
81,1.0621203733584934,0.05520200000000005,0.02237500000000002,0.6000690000000014,0.7797690000000241,0.004794000000000001,0.8448640000000304,0.19177400000000294,0.6721720000000089,0.09681599999999951,0.14896300000000093,0.0,0.14489100000000024,0.6352440000000047,1.000746000000047,0.997445000000049,0.003369
82,1.0629371439256556,0.057993999999999914,0.024458000000000042,0.6102270000000051,0.7772690000000232,0.004560000000000005,0.8466680000000327,0.19935900000000348,0.6828410000000129,0.09945699999999957,0.15469700000000142,0.0,0.15185200000000124,0.6369970000000076,1.0006080000000506,0.997506000000053,0.003834000000000001
83,1.0636503747492834,0.05901799999999995,0.024658000000000044,0.6200550000000034,0.7795310000000247,0.005536000000000003,0.849186000000035,0.20358400000000335,0.6954720000000171,0.10867399999999926,0.16265600000000147,0.0,0.15918800000000133,0.6399130000000093,1.0006350000000508,0.9972560000000548,0.004696000000000002
84,1.0644587490341468,0.05782899999999989,0.02820400000000005,0.6347100000000072,0.7795740000000256,0.006269000000000005,0.8491010000000373,0.21336500000000408,0.6983100000000176,0.11853199999999937,0.16856400000000174,0.0,0.1679310000000016,0.6366460000000067,1.0006590000000504,0.9973420000000537,0.00632
85,1.0649175307550345,0.057959999999999914,0.029664000000000048,0.64281500000001,0.7797080000000259,0.006226000000000001,0.8530930000000289,0.2178460000000034,0.7099540000000136,0.1267759999999995,0.1792370000000022,0.0,0.17235400000000192,0.6372730000000075,1.0007000000000437,0.9976580000000469,0.006881000000000005
86,1.0663626238443156,0.05935399999999994,0.03432300000000005,0.6532210000000109,0.7806110000000256,0.006886000000000005,0.8664710000000292,0.22734600000000446,0.7188490000000175,0.1303879999999997,0.18879900000000255,0.0,0.18336900000000228,0.6379590000000069,1.000681000000042,0.997303000000046,0.006979000000000002
87,1.067468441885287,0.0624629999999999,0.03818900000000001,0.6697880000000086,0.7851240000000254,0.006990000000000011,0.8697170000000295,0.23051700000000452,0.72251600000002,0.1392890000000005,0.2001080000000031,0.0,0.19267300000000226,0.6372370000000079,1.0006160000000415,0.9973500000000468,0.007004000000000005
88,1.0680011086378325,0.06131799999999989,0.03940799999999998,0.6805290000000166,0.780360000000029,0.008249000000000003,0.8697640000000411,0.23422300000000487,0.7302260000000226,0.14649800000000085,0.20423400000000302,0.0,0.19861500000000293,0.6371840000000124,1.0006730000000497,0.9974340000000528,0.007238000000000006
89,1.0687828854494084,0.06320899999999988,0.043386000000000036,0.6834800000000182,0.7750780000000209,0.00871,0.8741600000000316,0.24234800000000448,0.7334850000000197,0.15014000000000088,0.20579900000000317,0.0,0.20226600000000314,0.6396630000000134,1.000633000000045,0.9974510000000484,0.00856
90,1.0698473932033632,0.06300499999999987,0.04479499999999995,0.6932230000000162,0.7722560000000281,0.010641999999999997,0.8737050000000349,0.24518300000000487,0.7414650000000254,0.1565150000000015,0.21368900000000407,0.0,0.21100000000000388,0.6411200000000068,1.0006420000000442,0.9975020000000487,0.008274000000000002
91,1.0708027669255407,0.0674059999999999,0.05043199999999994,0.7055690000000218,0.7741610000000296,0.012008999999999988,0.8801030000000395,0.2519750000000047,0.7503410000000272,0.16458400000000162,0.21893500000000427,0.0,0.22239600000000406,0.6489830000000092,1.0005900000000492,0.9972270000000532,0.008761999999999997
92,1.072038473318625,0.06844399999999981,0.05054799999999997,0.7114900000000152,0.7755590000000245,0.011484999999999983,0.8853480000000322,0.2586410000000035,0.7565170000000244,0.17246100000000272,0.22356500000000423,0.0,0.23185900000000464,0.648311000000008,1.0005940000000424,0.9975190000000452,0.007431000000000004
93,1.0723804535916588,0.06713599999999985,0.05249499999999992,0.714760000000017,0.7745470000000233,0.012426999999999992,0.8833990000000264,0.25759600000000304,0.7621680000000212,0.18465000000000248,0.22921600000000392,0.0,0.23543200000000414,0.650159000000007,1.0006210000000355,0.9973990000000394,0.008485999999999995
94,1.0730378228097486,0.06104699999999985,0.059970999999999955,0.7256160000000227,0.7736300000000249,0.012595999999999986,0.8894390000000344,0.26573200000000097,0.7712560000000261,0.19276300000000257,0.2432610000000036,0.0,0.24685900000000371,0.6476860000000134,1.0006220000000452,0.9974270000000485,0.008458
95,1.073847966366018,0.05988899999999986,0.05987199999999993,0.7377210000000176,0.7658640000000202,0.013682999999999989,0.8888970000000319,0.2721300000000016,0.7764780000000231,0.20072700000000243,0.2491990000000042,0.0,0.2543210000000032,0.6438610000000081,1.000552000000042,0.9971890000000451,0.009161000000000004
96,1.0745996599425185,0.05943099999999994,0.06594299999999975,0.7426970000000199,0.7647640000000208,0.015266999999999989,0.8941230000000319,0.27845999999999926,0.7856640000000202,0.20741800000000324,0.2582980000000028,0.0,0.25800600000000323,0.6398910000000068,1.0005260000000409,0.9972820000000454,0.010323999999999996
97,1.0755861424303896,0.058482999999999875,0.07313699999999983,0.7563990000000206,0.7649130000000212,0.015270999999999983,0.90018600000003,0.2894999999999969,0.7845360000000206,0.21525600000000267,0.2619920000000013,0.0,0.2635190000000014,0.6396670000000074,1.0005850000000402,0.997251000000043,0.010212999999999998
98,1.0761099528817961,0.05791799999999988,0.08066699999999977,0.7600950000000253,0.761936000000022,0.017262999999999994,0.9022590000000372,0.3008889999999972,0.7897300000000285,0.22035100000000407,0.2621680000000021,0.0,0.2657810000000018,0.6397480000000084,1.000554000000042,0.9969710000000455,0.011550999999999994
99,1.0767104222355484,0.05780799999999991,0.08905899999999983,0.7681490000000187,0.7627700000000175,0.019675000000000012,0.9014990000000281,0.31330599999999587,0.7940830000000194,0.22292200000000292,0.26913000000000165,0.0,0.27369500000000047,0.6417860000000051,1.000551000000039,0.9974680000000419,0.01134099999999999
100,1.0775944014922454,0.0589139999999999,0.0986169999999997,0.7760270000000166,0.7598660000000199,0.02278100000000001,0.9022370000000279,0.3180349999999939,0.8030890000000217,0.23504100000000394,0.2781049999999994,0.0,0.2826989999999996,0.6445510000000062,1.0004970000000342,0.9972010000000388,0.012433999999999997
101,1.0785631588592233,0.05729999999999991,0.10351299999999954,0.7816370000000268,0.7660220000000234,0.022361000000000023,0.9032800000000331,0.32424599999999487,0.8052410000000292,0.24409800000000495,0.2851789999999982,0.0,0.2922119999999969,0.639355000000009,1.0005680000000368,0.9970170000000409,0.013294999999999982
102,1.0795327871390767,0.05785999999999986,0.10664699999999945,0.7846940000000204,0.7611790000000207,0.02286500000000005,0.9021320000000304,0.32710299999999415,0.8074970000000228,0.2546530000000039,0.2991329999999967,0.0,0.2991029999999975,0.6402700000000079,1.000517000000035,0.9971730000000377,0.014273999999999974
103,1.080369425049147,0.06037799999999991,0.10796999999999966,0.7867480000000227,0.757832000000016,0.022075000000000008,0.9049800000000284,0.3268209999999945,0.8103010000000216,0.2615690000000023,0.30692099999999695,0.0,0.3039419999999973,0.6414240000000035,1.0005330000000385,0.9971360000000425,0.01488599999999997
104,1.081376329353334,0.06364299999999994,0.11384399999999945,0.7960460000000278,0.7646700000000228,0.023193000000000033,0.9077260000000305,0.3340739999999933,0.8215550000000259,0.27527599999999947,0.31746999999999426,0.0,0.3184919999999953,0.6352510000000097,1.000570000000041,0.9973650000000447,0.014262999999999975
105,1.0822295352772378,0.06155499999999988,0.12032999999999944,0.8011860000000274,0.7662520000000226,0.02404900000000004,0.912152000000035,0.34222599999999365,0.8321380000000316,0.283985999999999,0.3277629999999942,0.0,0.3363499999999938,0.6281430000000097,1.0005110000000417,0.9971350000000442,0.015577999999999982
106,1.0833150115011658,0.0607499999999999,0.1240289999999993,0.8082480000000274,0.7756860000000239,0.024120000000000016,0.9183060000000349,0.34778999999999255,0.8371050000000319,0.2971669999999974,0.33765199999999307,0.0,0.3432549999999932,0.6233700000000064,1.0005490000000412,0.9974810000000431,0.015534999999999974
107,1.0839834168633062,0.06596499999999991,0.12404799999999958,0.813243000000028,0.7751580000000234,0.02434800000000003,0.919304000000031,0.35141199999999334,0.8431150000000294,0.2973479999999967,0.34516399999999314,0.0,0.34748299999999305,0.622536000000007,1.0005660000000376,0.9973140000000401,0.01579799999999999
108,1.0845156527210258,0.0648569999999999,0.13062299999999968,0.8230780000000286,0.7743010000000277,0.02529600000000003,0.9200900000000334,0.3571609999999919,0.8466540000000308,0.3027769999999959,0.35170299999999155,0.0,0.35290999999999173,0.6155630000000037,1.0005070000000404,0.9972490000000445,0.01801400000000001
109,1.0853040956005977,0.0666229999999999,0.1350520000000001,0.8338640000000245,0.7714190000000164,0.02594400000000003,0.9229270000000283,0.3609749999999926,0.8510820000000255,0.3149209999999948,0.3646129999999918,0.0,0.3633649999999934,0.6082800000000008,1.0004930000000332,0.9971720000000385,0.018291
110,1.0862602485088575,0.06768999999999994,0.14514800000000064,0.8379780000000322,0.7652250000000257,0.028154000000000026,0.9243800000000392,0.3719989999999894,0.8543680000000372,0.32837899999999304,0.37311799999999046,0.0,0.3745159999999906,0.6127710000000074,1.000499000000048,0.9970000000000507,0.019119000000000025
111,1.0880319389742266,0.06793599999999993,0.15161400000000116,0.841176000000022,0.7690480000000187,0.027340000000000014,0.9284910000000297,0.38173499999998806,0.8569720000000268,0.33942199999999223,0.38172499999998927,0.0,0.38438699999999043,0.6100390000000041,1.000476000000038,0.9971990000000426,0.018581000000000025
112,1.0889088927170807,0.07382899999999964,0.1588990000000012,0.8440450000000326,0.7708400000000191,0.02886100000000004,0.9331500000000374,0.38317999999999186,0.8616730000000348,0.3469109999999938,0.3893789999999912,0.0,0.39436399999998956,0.610374000000003,1.000503000000044,0.9974320000000475,0.018015999999999994
113,1.0895328375126556,0.07436099999999987,0.16672400000000176,0.8513510000000281,0.7723630000000237,0.02739400000000005,0.9359050000000336,0.38646099999998834,0.8606250000000317,0.3567109999999914,0.3863209999999903,0.0,0.39945399999998965,0.6049770000000044,1.0004830000000382,0.9972030000000417,0.017021999999999995
114,1.09074875615936,0.07391599999999988,0.17605300000000135,0.8533710000000275,0.7758790000000185,0.02609100000000001,0.9373430000000285,0.38831099999998886,0.8649770000000305,0.36957699999999105,0.3923199999999894,0.0,0.4013799999999897,0.6031560000000025,1.0004760000000348,0.9971680000000395,0.017865999999999996
115,1.0915919049479077,0.07223299999999977,0.184973000000002,0.8573190000000295,0.7781000000000197,0.027137000000000026,0.9369920000000311,0.39457999999998866,0.8656530000000281,0.37652499999999206,0.4043799999999905,0.0,0.4082159999999905,0.6070200000000063,1.0005450000000344,0.9971420000000384,0.018710000000000004
116,1.0926431079524097,0.07636499999999986,0.19044500000000236,0.8596250000000265,0.7794990000000227,0.026582000000000047,0.9428320000000328,0.3952879999999869,0.8717920000000308,0.3809379999999914,0.4079539999999914,0.0,0.41731399999999064,0.6000050000000018,1.0004980000000383,0.9969570000000425,0.019681000000000018
117,1.0927851515564853,0.07819799999999977,0.1953590000000021,0.8580920000000227,0.7776380000000189,0.02659200000000002,0.9451850000000254,0.39859599999999146,0.8787270000000251,0.38385899999999257,0.4146589999999916,0.0,0.42127499999999174,0.6031860000000007,1.0004230000000287,0.9971650000000329,0.019651000000000002
118,1.0932856471559296,0.07681599999999973,0.20460300000000203,0.8618310000000273,0.7732280000000182,0.027225000000000044,0.9441490000000311,0.40348899999999155,0.8850720000000291,0.39371099999999143,0.420618999999991,0.0,0.4297739999999902,0.6040950000000023,1.0004970000000333,0.9973780000000356,0.01971900000000001
119,1.094676306499148,0.07388799999999984,0.2110790000000017,0.8651840000000257,0.778979000000017,0.025604000000000016,0.9465210000000288,0.40580099999999003,0.888188000000027,0.4034389999999905,0.4260829999999903,0.0,0.4407059999999889,0.5973850000000029,1.000469000000035,0.9972460000000375,0.02066200000000001
120,1.0950189401831203,0.07199399999999986,0.22449500000000241,0.8683990000000291,0.7874590000000203,0.02635600000000001,0.9486000000000308,0.4201599999999906,0.8913140000000305,0.40829499999999014,0.4422749999999905,0.0,0.45223199999998953,0.5921880000000025,1.0005150000000338,0.9972080000000375,0.020237000000000005
121,1.0961260043316805,0.07099799999999985,0.23105600000000262,0.8762390000000218,0.7867420000000176,0.027379000000000018,0.9476850000000236,0.4229129999999904,0.8970430000000235,0.41647299999999066,0.4502209999999909,0.0,0.4596429999999892,0.5956510000000024,1.0004710000000274,0.9970290000000315,0.020602999999999996
122,1.0970884029635142,0.06814699999999987,0.23804700000000242,0.8805290000000254,0.7927380000000179,0.029383000000000027,0.948559000000026,0.4300419999999929,0.9010000000000264,0.4220889999999917,0.4553569999999906,0.0,0.46902999999998984,0.5897180000000052,1.0004780000000297,0.997021000000034,0.02109500000000002
123,1.0980702970841982,0.07078599999999988,0.24787100000000284,0.8830350000000275,0.7983350000000171,0.03122800000000002,0.9495600000000308,0.4396639999999902,0.904284000000028,0.43419599999998987,0.46520499999998893,0.0,0.47786599999998747,0.5902170000000008,1.0004620000000355,0.9971700000000376,0.02170100000000002
124,1.0988652999793258,0.07291199999999995,0.2585380000000018,0.8892020000000262,0.7970640000000182,0.03235500000000002,0.951624000000026,0.44505399999998896,0.9066460000000252,0.4376239999999909,0.47685599999998896,0.0,0.48380499999998894,0.5952950000000018,1.0005000000000306,0.9971890000000331,0.024935000000000006
125,1.1004388750889296,0.07061799999999983,0.26771700000000004,0.8982100000000236,0.8033890000000135,0.02979200000000004,0.9538380000000225,0.455650999999989,0.9149830000000211,0.44810299999999115,0.49273199999998984,0.0,0.4987559999999892,0.5908050000000004,1.0004200000000276,0.9971610000000312,0.02663500000000005
126,1.1014743880704185,0.0751529999999998,0.27114099999999997,0.9026570000000241,0.8045870000000154,0.03164500000000002,0.9544350000000272,0.4566969999999884,0.9170620000000251,0.45346299999999,0.4999649999999888,0.0,0.49949999999998773,0.5951870000000007,1.0004480000000302,0.9971990000000334,0.02549300000000004
127,1.1020174149437698,0.07685299999999981,0.28405699999999867,0.9061370000000268,0.81157100000002,0.02957800000000001,0.9559040000000285,0.4652419999999884,0.9177300000000294,0.4583169999999898,0.509512999999989,0.0,0.5047809999999894,0.5902320000000031,1.0004640000000318,0.9970410000000349,0.025175000000000017
128,1.1040473310221297,0.08346799999999978,0.29239499999999785,0.9101960000000233,0.8122180000000131,0.032147000000000016,0.9565390000000247,0.47296499999998826,0.9217950000000245,0.46528599999998993,0.5162139999999884,0.0,0.5125769999999884,0.5886040000000003,1.0004530000000276,0.9971900000000317,0.024884000000000024
129,1.1049438174549495,0.08255099999999968,0.29633499999999763,0.9119580000000289,0.8125460000000201,0.031843000000000024,0.958204000000027,0.47478699999998586,0.9219520000000286,0.46968199999998816,0.5214829999999911,0.0,0.5197039999999918,0.5896440000000042,1.000446000000032,0.9972770000000353,0.025237000000000044
130,1.1063371516087954,0.08629899999999978,0.30125299999999816,0.915095000000026,0.8128310000000186,0.03362400000000005,0.9588030000000258,0.47857199999998734,0.9245190000000267,0.4853579999999884,0.5254099999999905,0.0,0.5316259999999922,0.5872980000000037,1.00042400000003,0.9970780000000328,0.027808000000000038
131,1.1080729945997017,0.08700699999999995,0.3112619999999977,0.9171990000000249,0.8173820000000187,0.033019000000000034,0.9589190000000226,0.4839699999999889,0.9233310000000232,0.48864599999998976,0.5246239999999965,0.0,0.5404809999999991,0.5845280000000044,1.000381000000027,0.997088000000029,0.028290000000000037
132,1.109299631404753,0.08986499999999986,0.31415999999999644,0.9200000000000246,0.8187810000000181,0.033174,0.958917000000026,0.48471499999998807,0.9263130000000245,0.4987529999999899,0.5274779999999922,0.0,0.5410509999999957,0.5883620000000015,1.000399000000029,0.997247000000033,0.029768000000000055
133,1.1102869080767346,0.0873119999999998,0.3222469999999962,0.9242840000000264,0.8198340000000185,0.03477700000000005,0.9583720000000263,0.4876069999999867,0.9326660000000265,0.5102289999999905,0.5379589999999919,0.0,0.5557219999999927,0.5852359999999992,1.0004440000000288,0.9969510000000322,0.03285300000000005
134,1.111299489736932,0.08598799999999975,0.3307799999999957,0.9327740000000291,0.8219820000000178,0.03384900000000002,0.9597480000000297,0.4945629999999857,0.9318290000000274,0.5152239999999902,0.5475949999999936,0.0,0.5621999999999935,0.5817600000000013,1.0003850000000323,0.9970680000000347,0.034195
135,1.1122363152068153,0.08715899999999985,0.3426389999999948,0.9319730000000287,0.824745000000017,0.03310900000000002,0.9592180000000312,0.5007949999999847,0.9332770000000296,0.5244539999999871,0.5477979999999895,0.0,0.5642599999999928,0.5795569999999995,1.0003920000000355,0.9971020000000386,0.03519999999999998
136,1.1139769650401519,0.08691399999999998,0.3435789999999954,0.9350980000000296,0.8288190000000196,0.03436500000000002,0.9621780000000315,0.5036869999999858,0.9347660000000307,0.5312009999999906,0.5579849999999972,0.0,0.569701999999996,0.5649069999999965,1.0003920000000344,0.9971120000000361,0.03362200000000007
137,1.1154295910026026,0.08811999999999996,0.3493619999999954,0.9396750000000278,0.8300910000000193,0.03435000000000009,0.9645740000000284,0.5099999999999892,0.9353970000000268,0.553365999999998,0.565636000000001,0.0,0.5814660000000021,0.566337999999998,1.0003560000000324,0.9974200000000364,0.03567900000000002
138,1.1165349817273211,0.09139899999999983,0.3533539999999959,0.9428820000000264,0.8274180000000171,0.033944,0.9670330000000246,0.5169369999999879,0.940177000000027,0.5633739999999997,0.5723769999999981,0.0,0.5912540000000015,0.5615799999999989,1.0003470000000272,0.99690200000003,0.03769999999999997
139,1.1176515167090773,0.09129999999999985,0.357289999999995,0.9424600000000212,0.8259260000000165,0.037926,0.9662110000000201,0.5192999999999899,0.9418270000000205,0.5686840000000022,0.5783230000000016,0.0,0.5970710000000026,0.5538809999999974,1.0003390000000225,0.9972530000000257,0.04134999999999999
140,1.11929222913563,0.09047199999999998,0.3611079999999936,0.9456210000000215,0.8264010000000128,0.03775399999999998,0.967604000000022,0.5202269999999921,0.9456820000000208,0.5819179999999968,0.5851869999999993,0.0,0.6035390000000023,0.5508629999999956,1.0003810000000233,0.9972120000000257,0.04363699999999998
141,1.1202290767314416,0.08816099999999999,0.3667689999999942,0.9462160000000253,0.829910000000015,0.03898699999999999,0.9665370000000257,0.5275619999999931,0.9502550000000259,0.5919680000000024,0.5943250000000018,0.0,0.6084190000000038,0.5440079999999962,1.0003500000000296,0.9971030000000323,0.04571299999999997
142,1.1216159203284668,0.08560099999999989,0.37298699999999596,0.9483330000000211,0.8304340000000139,0.038936999999999965,0.9651180000000209,0.5362449999999954,0.9550360000000208,0.6000620000000012,0.6001720000000024,0.0,0.6192220000000042,0.5453129999999953,1.000360000000024,0.9969110000000279,0.04926900000000001
143,1.1231525341393436,0.08584699999999984,0.3865629999999953,0.9478880000000262,0.8334060000000156,0.03541200000000002,0.9663230000000276,0.5459199999999986,0.9544240000000273,0.6076090000000008,0.6052389999999996,0.0,0.6228160000000021,0.5442399999999946,1.0003650000000293,0.9969120000000327,0.049501999999999935
144,1.1233962582392838,0.0872439999999997,0.3895559999999947,0.9504540000000194,0.8354020000000152,0.03626499999999999,0.97053600000002,0.5460749999999996,0.9561920000000211,0.6144270000000037,0.6102420000000037,0.0,0.6241240000000036,0.5429209999999967,1.0003580000000236,0.9971430000000251,0.04802299999999996
145,1.1244185488343075,0.08650999999999998,0.4007509999999947,0.9570600000000186,0.8365500000000115,0.037277000000000025,0.9699610000000201,0.5529699999999981,0.9570680000000197,0.614212000000001,0.6165119999999992,0.0,0.631696,0.5441239999999945,1.0003510000000226,0.9971360000000267,0.04654799999999999
146,1.1249346569482463,0.08686899999999988,0.41013099999999236,0.9597450000000209,0.8380200000000142,0.03608500000000002,0.9677640000000206,0.5597959999999971,0.9583100000000209,0.6260630000000033,0.6264240000000046,0.0,0.6381870000000051,0.5410669999999931,1.0003380000000228,0.9969420000000261,0.04924299999999997
147,1.1267424269419861,0.09006099999999986,0.4121859999999929,0.9607800000000253,0.8364290000000177,0.03554700000000001,0.9675640000000246,0.5665599999999986,0.963331000000025,0.6328240000000017,0.6338690000000023,0.0,0.6501450000000036,0.5401869999999942,1.000333000000027,0.9971260000000295,0.04910499999999993
148,1.128194797930344,0.08808900000000001,0.4170089999999944,0.9592640000000184,0.8430170000000135,0.034703000000000005,0.970525000000019,0.5726050000000034,0.9633220000000193,0.6389230000000048,0.6380340000000062,0.0,0.6508790000000056,0.5295979999999942,1.0003240000000206,0.9970090000000247,0.051284999999999976
149,1.1298780645688786,0.08477499999999974,0.4239219999999919,0.9623700000000197,0.8448900000000132,0.03677699999999999,0.9713490000000193,0.5797839999999994,0.9656370000000197,0.6390190000000034,0.6445530000000024,0.0,0.656014000000005,0.5253169999999896,1.0002980000000214,0.9970160000000252,0.05442699999999996
150,1.1300283383514904,0.08467599999999989,0.4305279999999936,0.9627550000000228,0.8391540000000139,0.04054599999999997,0.968863000000021,0.5827810000000038,0.9654940000000222,0.6419700000000093,0.651864000000008,0.0,0.6594900000000081,0.5278269999999946,1.0002690000000243,0.9969000000000252,0.05603899999999996
151,1.1308430887834682,0.08328899999999989,0.4359599999999937,0.9645730000000248,0.8456930000000172,0.0399,0.9707080000000253,0.5867980000000017,0.966893000000026,0.653073000000005,0.6618510000000059,0.0,0.6634900000000047,0.5273199999999938,1.000322000000027,0.9972320000000291,0.055210999999999975
152,1.1327779613084048,0.086215,0.44615899999999203,0.9660440000000224,0.8430900000000153,0.03825799999999999,0.9718790000000211,0.5927660000000038,0.9666090000000219,0.659261000000008,0.6656920000000085,0.0,0.6725300000000082,0.5247019999999925,1.0002670000000238,0.9968360000000257,0.05461299999999994
153,1.133713635904471,0.08544599999999986,0.4541459999999921,0.9662640000000222,0.8441060000000187,0.03662099999999998,0.9726640000000224,0.6003170000000037,0.9680320000000243,0.6652190000000089,0.6729990000000108,0.0,0.6796200000000124,0.5241989999999915,1.000320000000024,0.9972620000000267,0.05625799999999997
154,1.1354300783492564,0.08698299999999994,0.46152799999999156,0.9691010000000239,0.8457640000000164,0.03585900000000001,0.9729010000000237,0.610100000000002,0.9690300000000254,0.6800510000000091,0.6788830000000105,0.0,0.6918350000000089,0.5192699999999916,1.0003070000000254,0.996929000000028,0.05663899999999997
155,1.136177191340838,0.08602500000000002,0.46642899999999327,0.969254000000022,0.8469050000000155,0.03696600000000004,0.9735870000000213,0.6145970000000065,0.9701680000000217,0.6839290000000069,0.6834890000000075,0.0,0.6919750000000062,0.5167949999999923,1.0002930000000236,0.996848000000026,0.059645
156,1.1371043119289987,0.0834859999999998,0.47738199999999326,0.9706680000000253,0.8492730000000199,0.037943,0.9724730000000252,0.6241970000000024,0.9710200000000262,0.6908210000000083,0.6844080000000065,0.0,0.6953250000000073,0.5178929999999905,1.0002690000000283,0.9968640000000318,0.06159699999999996
157,1.1383801429670137,0.08129199999999984,0.48720699999999334,0.969136000000017,0.8537750000000133,0.03634899999999998,0.9749710000000164,0.6321100000000079,0.9714740000000169,0.6978000000000082,0.6906280000000083,0.0,0.6996620000000076,0.5060779999999873,1.0003040000000176,0.9968990000000203,0.062532
158,1.1396061783810092,0.0825599999999999,0.49876299999999246,0.9698400000000191,0.8569760000000132,0.03690800000000002,0.9776790000000193,0.6433360000000099,0.9708520000000194,0.6959580000000101,0.6918750000000073,0.0,0.697650000000007,0.49949299999998714,1.000266000000021,0.9969660000000239,0.06757799999999999
159,1.1415913723437705,0.08323899999999991,0.5028939999999904,0.9709110000000212,0.8590850000000146,0.035828999999999986,0.9792120000000205,0.6457390000000063,0.9706090000000213,0.701012000000008,0.6981480000000073,0.0,0.7019730000000077,0.4967489999999871,1.0002750000000222,0.996925000000024,0.06754299999999983
160,1.1431587772980238,0.08188699999999996,0.5095339999999939,0.9717830000000172,0.8603330000000113,0.037018999999999996,0.9798050000000174,0.6515030000000087,0.970329000000017,0.7037770000000092,0.7062570000000074,0.0,0.7099030000000086,0.49996899999998823,1.0002940000000193,0.9970700000000223,0.0687969999999999
161,1.144541999418576,0.0866559999999999,0.5162569999999967,0.9744470000000184,0.8622130000000118,0.03575800000000002,0.9805450000000177,0.6549650000000076,0.9694750000000183,0.7073210000000106,0.712107000000009,0.0,0.7169850000000078,0.49670799999998794,1.0002330000000195,0.9967780000000224,0.06913499999999993
162,1.1453202879782025,0.09094699999999985,0.517301999999995,0.9757670000000204,0.860086000000015,0.035610000000000024,0.9803160000000204,0.6550960000000108,0.971747000000021,0.7190840000000105,0.7214110000000092,0.0,0.7183730000000098,0.4946269999999875,1.0002570000000197,0.9970290000000219,0.07238599999999985
163,1.147535337415174,0.09417099999999975,0.5208669999999983,0.9761100000000141,0.8692800000000092,0.03220300000000004,0.979996000000014,0.650886000000007,0.9739760000000138,0.725699000000008,0.7254630000000064,0.0,0.7264940000000051,0.4920919999999882,1.0002340000000154,0.9968900000000178,0.07495499999999992
164,1.148129760719972,0.09461499999999982,0.5258789999999982,0.9771320000000152,0.8750820000000115,0.03206600000000004,0.9805330000000153,0.6516360000000085,0.9755470000000159,0.7351550000000092,0.7329600000000098,0.0,0.7413550000000081,0.48838699999998875,1.0002500000000152,0.9967110000000193,0.07391499999999991
165,1.1501676910452672,0.09661099999999985,0.5307079999999986,0.9773400000000168,0.8715670000000134,0.033378000000000047,0.9811380000000162,0.65440100000001,0.9761370000000169,0.7385790000000105,0.7292660000000099,0.0,0.7395660000000105,0.49317899999998877,1.000234000000017,0.9970650000000203,0.0775739999999999
166,1.1520758192447305,0.09886499999999981,0.5268909999999988,0.9788960000000189,0.872272000000015,0.033371999999999985,0.9822260000000188,0.6539950000000111,0.9758400000000184,0.7433120000000094,0.734429000000009,0.0,0.7456110000000099,0.4920349999999887,1.000253000000021,0.997008000000023,0.07685699999999986
167,1.1535919510228794,0.10083199999999992,0.5351089999999984,0.9801840000000126,0.875473000000008,0.03234200000000001,0.9831700000000121,0.6642620000000045,0.9746960000000123,0.7510500000000061,0.7364650000000043,0.0,0.7498140000000036,0.4894739999999878,1.0002560000000136,0.9969240000000162,0.07566599999999994
168,1.155814922712513,0.10307299999999996,0.5442600000000022,0.9818860000000148,0.8748560000000107,0.03495100000000001,0.9826020000000142,0.6711870000000131,0.9757150000000148,0.7534170000000099,0.7392590000000083,0.0,0.7547820000000082,0.48643199999998915,1.0002290000000151,0.9970810000000165,0.07658599999999995
169,1.1585946576016524,0.1035669999999999,0.5454740000000003,0.9832740000000142,0.8719840000000111,0.03641200000000003,0.9830950000000136,0.6717150000000087,0.9749490000000138,0.750503000000007,0.7400940000000067,0.0,0.7542450000000067,0.4868289999999898,1.0001700000000144,0.9969390000000176,0.07597499999999986
170,1.1603452941293042,0.10318899999999977,0.5514430000000007,0.983286000000017,0.8783310000000105,0.03572100000000001,0.9846530000000168,0.6795060000000098,0.9759680000000176,0.7545920000000075,0.7486870000000103,0.0,0.7584250000000082,0.48775299999998795,1.0002270000000175,0.9968500000000184,0.07591499999999995
171,1.161690134325219,0.10131099999999997,0.5572899999999996,0.9839060000000193,0.8807570000000119,0.034134000000000025,0.9851770000000176,0.6858680000000097,0.9753510000000175,0.7622530000000085,0.7568570000000083,0.0,0.7624290000000086,0.47795399999998794,1.0002210000000191,0.9969840000000225,0.07744300000000007
172,1.162658983897267,0.09859399999999996,0.5599180000000039,0.9853900000000165,0.8811370000000109,0.03471600000000002,0.9857850000000168,0.6893260000000111,0.976762000000017,0.7637310000000115,0.754232000000011,0.0,0.7675020000000101,0.4759549999999888,1.000214000000017,0.9968830000000193,0.07601499999999997
173,1.1644250628938253,0.0978049999999999,0.5629350000000005,0.9866800000000164,0.8780120000000139,0.035653000000000046,0.9886630000000172,0.6892770000000086,0.9779870000000169,0.7670040000000068,0.7548460000000063,0.0,0.7702280000000081,0.4797669999999894,1.0001660000000183,0.9969250000000196,0.07665
174,1.1650538524278085,0.0977239999999998,0.5766670000000037,0.9878280000000205,0.8806570000000127,0.03565099999999999,0.9883710000000204,0.6965260000000105,0.9774720000000208,0.7689730000000087,0.7557630000000082,0.0,0.769205000000009,0.4734139999999906,1.0002280000000208,0.996924000000022,0.07931999999999997
175,1.167526096702683,0.09813899999999987,0.5845700000000023,0.9877320000000147,0.8863800000000102,0.03583800000000001,0.9896180000000142,0.7021100000000088,0.9799260000000144,0.7768160000000073,0.7662100000000065,0.0,0.7774370000000067,0.46485699999998975,1.0001750000000154,0.9967570000000173,0.07678799999999994
176,1.1701903912553737,0.09700099999999984,0.599326000000005,0.9882030000000167,0.8873820000000118,0.038584999999999973,0.9882790000000166,0.7123520000000083,0.9817970000000167,0.7794030000000086,0.7647940000000089,0.0,0.7817510000000084,0.4663589999999925,1.0001930000000165,0.9969820000000179,0.07786899999999994
177,1.1708316555897993,0.09940900000000005,0.6087870000000062,0.9903640000000177,0.8895950000000125,0.03744200000000001,0.9893160000000176,0.7143490000000107,0.980937000000018,0.7802560000000094,0.7758150000000095,0.0,0.7906180000000085,0.46646399999999144,1.0001970000000187,0.9971800000000206,0.07595699999999989
178,1.1733231853529156,0.09838099999999987,0.6196870000000064,0.9913670000000174,0.8918950000000123,0.03767100000000003,0.9892020000000169,0.7182800000000109,0.9822090000000173,0.7889770000000113,0.7827800000000105,0.0,0.79244100000001,0.4701199999999917,1.0002100000000174,0.9968430000000185,0.07679699999999991
179,1.1749646644892437,0.09415799999999999,0.6312280000000042,0.9904550000000173,0.8911410000000116,0.040197999999999984,0.9888040000000179,0.7270970000000087,0.981935000000018,0.7894680000000079,0.7824910000000087,0.0,0.7884080000000081,0.47041999999999123,1.000183000000018,0.9967690000000197,0.07580600000000001
180,1.176454519683836,0.09225099999999992,0.6331500000000037,0.9918890000000191,0.8896450000000117,0.04175799999999999,0.9878460000000189,0.7291300000000076,0.9793860000000192,0.787760000000008,0.7783720000000067,0.0,0.7856060000000075,0.46771099999999405,1.0001960000000198,0.996883000000021,0.07218099999999991
181,1.1772450971210857,0.09550699999999983,0.6372800000000041,0.9927590000000107,0.8932480000000071,0.03797999999999999,0.9894420000000106,0.7331230000000059,0.9815330000000111,0.7921050000000068,0.7847970000000071,0.0,0.7950130000000076,0.4660619999999926,1.0001440000000108,0.9966950000000128,0.07450599999999995
182,1.1790050785412918,0.09677099999999986,0.6394740000000037,0.992389000000013,0.8880210000000084,0.04284800000000002,0.9892960000000124,0.7376000000000076,0.9811650000000133,0.7951510000000065,0.784348000000006,0.0,0.7968750000000047,0.46333499999999284,1.000156000000013,0.9968320000000155,0.07362499999999988
183,1.1811685528604294,0.0963389999999999,0.6466880000000044,0.9915980000000133,0.8886710000000096,0.044146000000000005,0.9887940000000135,0.7439540000000079,0.9811660000000131,0.791985000000007,0.7822500000000076,0.0,0.7981280000000067,0.4616689999999925,1.0001180000000136,0.9967850000000155,0.07491999999999994
184,1.1834978172466857,0.09924199999999986,0.6480690000000021,0.9923080000000122,0.890578000000008,0.04572800000000001,0.9891090000000123,0.7448680000000069,0.9815100000000118,0.7947220000000077,0.7884770000000069,0.0,0.8010090000000064,0.46024899999999286,1.0001220000000126,0.996963000000014,0.072032
185,1.1849014456579545,0.09715499999999978,0.656460000000005,0.9929700000000127,0.893618000000008,0.04235500000000003,0.9903060000000127,0.7536300000000079,0.9806280000000127,0.8016030000000061,0.797209000000005,0.0,0.8063700000000056,0.455582999999993,1.0001930000000132,0.9969710000000137,0.07536899999999998
186,1.187334048325905,0.0992519999999999,0.6609079999999995,0.9929810000000124,0.8940130000000095,0.04149000000000001,0.9909340000000126,0.7592820000000051,0.9811480000000123,0.8036240000000072,0.8062010000000064,0.0,0.8114050000000064,0.4531879999999931,1.0001820000000128,0.9967170000000137,0.07585899999999991
187,1.1889179519463853,0.10152699999999995,0.6689570000000047,0.9931310000000134,0.8977590000000091,0.040950000000000014,0.9922020000000131,0.7595370000000099,0.981635000000013,0.8024530000000067,0.8081880000000067,0.0,0.8124410000000065,0.44524699999999384,1.0001620000000135,0.9968360000000144,0.07170999999999994
188,1.190223383857638,0.101927,0.6764760000000082,0.9932390000000153,0.8973780000000129,0.04010999999999999,0.9917140000000153,0.7633290000000114,0.9824480000000149,0.8070840000000097,0.8105970000000094,0.0,0.8157910000000095,0.43869999999999304,1.0001570000000153,0.9966870000000158,0.07276699999999996
189,1.1924514820322363,0.10587299999999998,0.680876,0.9922110000000102,0.894807000000007,0.042632000000000024,0.9912290000000104,0.7652390000000048,0.9836890000000104,0.8043430000000061,0.8093680000000057,0.0,0.8155000000000061,0.43448199999999343,1.0001290000000107,0.9968410000000123,0.07314499999999997
190,1.1928950739835644,0.1095169999999999,0.6858960000000066,0.9935030000000149,0.8905620000000108,0.044434999999999975,0.9911430000000141,0.7672520000000104,0.9819290000000146,0.8025020000000077,0.8075850000000081,0.0,0.812073000000007,0.4438629999999939,1.0001300000000144,0.9967810000000151,0.07569799999999996
191,1.1950971582901522,0.10745199999999995,0.693978000000004,0.9943870000000115,0.8915700000000097,0.045017,0.989792000000011,0.7700320000000072,0.9812460000000116,0.8024830000000073,0.8099320000000064,0.0,0.8168950000000069,0.4446559999999941,1.0001430000000122,0.9968530000000144,0.07616999999999999
192,1.1987087419025173,0.10557799999999994,0.6995200000000048,0.9948130000000149,0.8894430000000118,0.04801500000000002,0.9888950000000152,0.7727740000000076,0.9821340000000155,0.7982610000000073,0.8124980000000063,0.0,0.8154870000000064,0.44545499999999494,1.0001490000000155,0.9968900000000158,0.07637699999999996
193,1.2003797418887463,0.10715399999999979,0.701648000000002,0.9950700000000137,0.886284000000011,0.04927799999999999,0.9879280000000129,0.7730680000000061,0.9825270000000135,0.8003170000000086,0.8129970000000079,0.0,0.8202250000000086,0.45139199999999424,1.0001360000000137,0.996873000000015,0.07929299999999992
194,1.201859810110511,0.1046239999999999,0.7113540000000038,0.9956440000000136,0.887804000000008,0.04880500000000003,0.9883810000000135,0.7819880000000061,0.9833200000000133,0.8085570000000056,0.8162430000000054,0.0,0.8250180000000062,0.4504769999999922,1.000157000000014,0.9967980000000161,0.08028199999999999
195,1.203327280938671,0.10358799999999993,0.7105060000000043,0.9962080000000093,0.8892220000000071,0.04888199999999997,0.9890050000000092,0.7787430000000057,0.9835420000000096,0.8138740000000058,0.8205480000000049,0.0,0.822731000000005,0.44728899999999383,1.0001370000000094,0.9967210000000111,0.07748499999999997
196,1.2055065066444621,0.10301999999999993,0.719226000000006,0.9971130000000148,0.8904880000000106,0.04867799999999999,0.9894880000000141,0.7870010000000097,0.9856070000000148,0.8199810000000085,0.8237300000000088,0.0,0.8324000000000084,0.4439349999999939,1.000153000000015,0.996843000000015,0.07855699999999999
197,1.2074329060420972,0.10011200000000008,0.7222580000000033,0.9973990000000117,0.889811000000007,0.049134999999999984,0.9886690000000115,0.787530000000005,0.9854160000000113,0.8228620000000044,0.8246540000000039,0.0,0.8355310000000048,0.43846999999999375,1.0001670000000116,0.9968260000000123,0.07330799999999989
198,1.2091716094268106,0.10003799999999996,0.7273960000000043,0.99744700000001,0.8913870000000061,0.051282,0.9876960000000093,0.787796000000006,0.9879720000000096,0.8218410000000048,0.828527000000005,0.0,0.8369030000000043,0.4413319999999943,1.0001200000000103,0.9968820000000121,0.07220199999999993
199,1.212766476621647,0.09746099999999996,0.7324140000000058,0.998002000000012,0.8964480000000089,0.04926700000000001,0.9883740000000111,0.7926590000000082,0.9893880000000116,0.8248570000000058,0.8343600000000072,0.0,0.8462500000000062,0.4409159999999944,1.0001360000000121,0.9967490000000137,0.07153099999999994
200,1.2143406475083152,0.09822599999999986,0.7382960000000006,0.9979050000000107,0.8994550000000051,0.04734800000000002,0.9891660000000094,0.7963400000000046,0.98980100000001,0.8284840000000049,0.8375960000000038,0.0,0.8502120000000046,0.43526999999999366,1.000107000000011,0.9968880000000119,0.07031499999999996
