,PopRatio,Diff_KC,Fibroblast,ILC3,M1,M2,Neutrophil,Prol_KC,Th0,Th1,Th17,Th2,Th22,Treg,iDC,pDC,preDiff_KC
0,1.0,0.000321,0.0,0.0,0.0,0.0,0.0,0.0,0.0,0.0,0.0,0.0,0.0,0.168423,0.0,0.0,0.0
1,0.9999999999999998,0.001361,0.0,0.0,0.0,0.0,0.0,0.0,0.0,0.0,0.0,0.0,0.0,0.13012400000000005,0.0,0.0,0.0
2,1.0000019999999998,0.0025920000000000014,0.0,0.0,0.0,0.0,0.0,0.0,0.0,0.0,0.0,0.0,0.0,0.12429399999999999,0.0006140000000000001,0.0006140000000000002,0.0
3,1.0000060000079996,0.003872,0.0,0.0,7.3e-05,0.0,6.2e-05,0.0,0.0,0.0,0.0,0.0,0.0,0.13400400000000004,0.003049000000000001,0.0030660000000000006,0.0
4,1.0000160000679998,0.005621000000000001,0.0,0.0,0.000245,0.0,0.00040500000000000003,0.0,0.0,0.0,0.0,0.0,0.0,0.14833900000000003,0.009872000000000006,0.009901000000000007,0.0
5,1.0000180000999999,0.006366,0.0,0.0,0.00046,0.0,0.0007090000000000001,0.0,0.0,0.0,0.0,0.0,0.0,0.16205500000000012,0.022133000000000003,0.022137000000000004,0.0
6,1.0000320003520005,0.00863,0.0,0.0,0.0010449999999999997,0.0,0.0021550000000000002,0.0,0.0,0.0,0.0,0.0,0.0,0.17448000000000002,0.036563,0.036550000000000006,0.0
7,1.000038000544001,0.009555999999999997,0.0,0.0,0.0024100000000000007,0.0,0.004401999999999998,0.0,0.0,0.0,0.0,0.0,0.0,0.19232900000000025,0.06302999999999993,0.06293499999999994,0.0
8,1.0000640015320164,0.009637999999999997,0.0,0.0,0.0038490000000000017,0.0,0.007276000000000003,0.0,0.0,0.0,0.0,0.0,0.0,0.20829200000000014,0.09533399999999997,0.09527800000000002,0.0
9,1.0001000038360732,0.010738999999999995,0.0,0.0,0.007791000000000007,0.0,0.012013999999999988,0.0,0.0,0.0,0.0,0.0,0.0,0.22946600000000025,0.12805099999999997,0.12799099999999994,0.0
10,1.000132007036201,0.011952999999999997,0.0,0.0,0.014429999999999986,0.0,0.01581599999999998,0.0,0.0,0.0,0.0,0.0,0.0,0.24224000000000057,0.16960000000000047,0.16955600000000046,0.0
11,1.0002090172007485,0.013622000000000002,0.0,0.0,0.019318000000000012,0.0,0.021344000000000005,0.0,0.000133,0.0,0.0,0.0,0.0,0.25361499999999987,0.21326600000000073,0.2132200000000008,0.0
12,1.0002840328770433,0.016138999999999997,0.0,0.0,0.028942000000000037,0.0,0.028103000000000048,0.0,0.000246,0.0,0.0,0.0,0.0,0.266485999999999,0.2541420000000007,0.2541000000000008,0.0
13,1.0004030666769608,0.017378000000000008,0.0,0.0,0.03780399999999997,0.0,0.036494000000000026,0.0,0.00040799999999999994,0.0,0.0,0.0,0.0,0.27978499999999995,0.3018959999999997,0.3018339999999997,0.0
14,1.000533119075636,0.019515000000000022,0.0,0.0,0.04368399999999998,0.0,0.04549400000000003,0.0,0.000371,0.0,0.0,0.0,0.0,0.29125999999999985,0.3399269999999984,0.3398649999999985,0.0
15,1.0006852001097521,0.018664000000000004,0.0,0.0,0.052205999999999926,0.0,0.05238299999999997,0.0,0.000739,0.0,0.0,0.0,0.0,0.3064529999999974,0.38095599999999524,0.3805989999999954,0.0
16,1.0008643227605831,0.01932200000000001,0.0,0.0,0.06298599999999983,0.0,0.0628769999999999,0.0,0.001337,0.0,0.0,0.0,0.0,0.31283999999999845,0.4203529999999954,0.41988399999999515,0.0
17,1.0010624938965003,0.02049400000000001,0.0,0.0,0.0762329999999997,0.0,0.07827199999999965,0.0,0.001131,0.0,0.0,0.0,0.0,0.3307649999999991,0.4554269999999934,0.4548579999999938,0.0
18,1.0013197669574427,0.020190000000000024,0.0,0.0,0.09408599999999938,0.0,0.09169499999999932,0.0,0.0020020000000000003,0.0,0.0,0.0,0.0,0.3385629999999965,0.5045679999999921,0.5035559999999922,0.0
19,1.0016221655270892,0.021741000000000038,0.0,0.0,0.11020799999999936,0.0,0.1072539999999993,0.0,0.002247,0.0,0.0,0.0,0.0,0.35174099999999886,0.5417320000000005,0.5404640000000005,0.0
20,1.0019677251742196,0.02075999999999998,0.0,0.0,0.12617799999999915,0.0,0.12398599999999924,0.0,0.003041000000000002,0.0,0.0,0.0,0.0,0.36466699999999447,0.5799530000000036,0.5782200000000028,0.0
21,1.0023975693283602,0.023602000000000026,0.0,0.0,0.14810100000000095,0.0,0.1421330000000002,0.0,0.0038710000000000007,0.0,0.0,0.0,0.0,0.3723609999999921,0.6224520000000093,0.6200550000000092,0.0
22,1.0028777177641055,0.024371000000000025,0.0,0.0,0.16617000000000115,0.0,0.16321300000000163,4.1e-05,0.005492000000000001,0.0,0.0,0.0,0.0,0.3813389999999951,0.6558780000000135,0.6526230000000138,0.0
23,1.0034122515877042,0.02803700000000004,0.0,0.0,0.1804370000000019,0.0,0.17994400000000232,0.000222,0.007098000000000006,0.0,0.0,0.0,0.0,0.39319799999999155,0.685203000000013,0.680678000000013,0.0
24,1.0040363740082294,0.02848800000000006,0.0,0.0,0.20007000000000374,0.0,0.19695400000000343,0.000201,0.009980999999999995,0.0,0.0,0.0,0.0,0.4042089999999954,0.7175150000000201,0.7129570000000182,0.0
25,1.0047070703061085,0.029352000000000045,0.0,0.0,0.21923300000000415,0.0,0.21267100000000488,0.000381,0.012820999999999987,0.0,0.0,0.0,0.0,0.41310799999998965,0.7444130000000307,0.7391260000000304,0.0
26,1.005525906568464,0.029207000000000042,0.0,0.0,0.23619500000000623,0.0,0.228583000000006,0.000695,0.01591099999999997,0.0,0.0,0.0,0.0,0.4209189999999921,0.7673650000000265,0.7612560000000245,0.0
27,1.0063001615165583,0.030136000000000097,0.0,0.0,0.25391100000000594,0.0,0.2412370000000073,0.001279,0.02090000000000002,0.0,0.0,0.0,0.0,0.4328129999999914,0.7902240000000355,0.7835400000000358,0.0
28,1.0071514914532413,0.03032900000000007,0.0,0.000136,0.2710470000000025,0.0,0.25537600000000643,0.0015869999999999992,0.025747000000000037,0.0,0.0,0.0,0.0,0.44156099999998843,0.8129670000000353,0.8060580000000354,0.0
29,1.008091163794815,0.03074600000000005,0.0,0.000245,0.2879970000000011,0.0,0.27348200000000406,0.001885,0.034868,0.0,0.0,0.0,0.0,0.44697499999998747,0.8359820000000455,0.8282250000000441,0.0
30,1.0090881659558726,0.03238800000000008,0.0,0.000335,0.3133479999999974,0.0,0.292137000000001,0.0024009999999999995,0.043232999999999994,0.0,0.0,0.0,0.0,0.4511019999999882,0.85476800000004,0.8472680000000405,0.0
31,1.0101194540615348,0.03131900000000006,0.0,0.000682,0.3309999999999958,0.0,0.3081059999999989,0.002462999999999999,0.04988400000000004,0.0,0.0,0.0,0.0,0.44846699999998585,0.8723620000000467,0.8646450000000476,0.0
32,1.0111336139934637,0.03158700000000006,0.0,0.0015580000000000001,0.35047599999999346,0.0,0.31442699999999946,0.0026209999999999996,0.0586899999999998,0.0,0.0,0.0,0.0,0.4555069999999834,0.8900480000000525,0.8830090000000519,0.0
33,1.0122721504428798,0.03283700000000006,0.0,0.0022709999999999996,0.37349899999999026,0.0,0.33466099999999566,0.0038220000000000007,0.06805399999999961,0.0,0.0,0.0,0.0,0.4561709999999859,0.9043150000000565,0.8967690000000555,0.0
34,1.0134747297576698,0.03416300000000007,0.0,0.0025590000000000005,0.38860499999998904,0.0,0.3525469999999934,0.0048800000000000015,0.07631499999999959,0.0,4.9e-05,0.0,0.0,0.46288599999998514,0.9123540000000585,0.9043750000000591,0.0
35,1.0145996867077645,0.035101000000000014,0.0,0.0042130000000000015,0.4088179999999869,0.0,0.37392699999999063,0.006301,0.08619699999999958,0.0,6e-06,0.0,0.0,0.4693989999999807,0.9275480000000575,0.9192750000000589,0.0
36,1.0157725639456678,0.036387000000000065,0.0,0.006658000000000004,0.42308199999998536,0.0,0.3826359999999911,0.007081000000000003,0.09655399999999932,0.0,6.7e-05,0.0,6.7e-05,0.47622199999998166,0.9340410000000502,0.9262370000000518,0.0
37,1.0169010872642683,0.03656400000000004,0.0,0.009327000000000002,0.4430489999999825,6.7e-05,0.3989859999999868,0.007661,0.10633899999999925,2e-06,0.000134,0.0,0.00014700000000000002,0.47868899999997816,0.9422390000000685,0.9345210000000681,0.0
38,1.0181010305473175,0.03634400000000004,0.0,0.012227999999999994,0.46523599999998005,0.000134,0.41306599999998583,0.008825000000000006,0.11685099999999894,6.6e-05,0.000189,0.0,6.599999999999999e-05,0.48219999999998037,0.9489910000000532,0.9404510000000523,0.0
39,1.0192321407923126,0.035843000000000035,0.0,0.016784999999999987,0.48788299999998097,6.7e-05,0.42870399999998526,0.009127999999999997,0.12487299999999908,0.000134,0.00020800000000000001,0.0,0.000134,0.48351199999998157,0.9555900000000559,0.9463380000000564,0.0
40,1.0205520464146995,0.03521400000000005,0.0,0.022626000000000035,0.507970999999979,0.000133,0.4377379999999841,0.01098299999999999,0.13757699999999967,0.0005899999999999999,0.000334,0.0,0.000494,0.48560299999998163,0.9605080000000658,0.9522260000000681,6.7e-05
41,1.0218328392330183,0.03614700000000006,0.0,0.030041000000000075,0.5160109999999821,0.0,0.45057399999998043,0.013528999999999987,0.15205000000000082,0.000934,0.0005629999999999999,0.0,0.000346,0.4895859999999815,0.9655030000000565,0.9575140000000582,0.0
42,1.0229016763829157,0.03782200000000003,0.0,0.03793400000000004,0.5264959999999808,0.0,0.45955099999998017,0.014606999999999981,0.16365700000000172,0.001269,0.001437,0.0,0.00147,0.49167699999997794,0.9709050000000649,0.963739000000064,1.5e-05
43,1.0240135705052118,0.03760900000000002,6.7e-05,0.04444699999999993,0.5411159999999944,0.0,0.48056399999997673,0.016616999999999996,0.18015700000000298,0.0015490000000000002,0.0016690000000000001,0.0,0.0018380000000000002,0.49387099999997836,0.9745670000000628,0.967113000000063,0.0
44,1.0251358893785507,0.03881900000000004,0.000133,0.05439599999999997,0.5455809999999882,0.0,0.48732399999997655,0.020882000000000026,0.195086000000003,0.001834,0.0018380000000000004,0.0,0.0021849999999999994,0.49572899999997716,0.9789690000000676,0.9716820000000688,0.0
45,1.026425510327459,0.04150099999999996,0.000134,0.06969999999999967,0.5544449999999915,0.0,0.5067609999999763,0.022398000000000026,0.20987600000000498,0.00228,0.0021609999999999997,0.0,0.0025609999999999995,0.497989999999978,0.9821360000000603,0.9747800000000622,6.7e-05
46,1.0275730540480683,0.043407999999999995,0.000134,0.08082699999999952,0.5686379999999956,0.0,0.5247909999999824,0.02556300000000005,0.2249340000000047,0.0024020000000000005,0.002578000000000001,0.0,0.0032960000000000016,0.5005599999999801,0.984535000000058,0.9774830000000583,0.0
47,1.0286386473051763,0.04336899999999998,6.7e-05,0.09207299999999943,0.582169999999994,0.0,0.5407239999999851,0.02802500000000007,0.23957900000000523,0.003147999999999998,0.0030410000000000016,0.0,0.003992000000000002,0.5097539999999807,0.9846680000000592,0.9775530000000612,4.8e-05
48,1.0297392906578542,0.045213999999999976,0.000201,0.1000999999999992,0.5970490000000029,6.699999999999999e-05,0.5558989999999882,0.0298910000000001,0.2552990000000049,0.004213000000000002,0.004211000000000001,0.0,0.00365,0.5115479999999837,0.9860500000000546,0.9782280000000562,6.6e-05
49,1.0309039257956447,0.04676599999999994,0.00026600000000000007,0.11493099999999944,0.6097149999999986,6.699999999999999e-05,0.572213999999991,0.03396700000000007,0.2739550000000015,0.004308000000000003,0.005632000000000005,0.0,0.005153000000000003,0.5226779999999828,0.9885250000000553,0.9801680000000568,0.0
50,1.0320008075727476,0.049535999999999934,0.000211,0.1310849999999994,0.6223249999999981,4.1e-05,0.5863399999999922,0.03927300000000001,0.28771000000000124,0.006304000000000006,0.007997000000000004,0.0,0.007081000000000004,0.5242739999999857,0.9898560000000568,0.9818920000000596,0.0
51,1.033053448396531,0.05288299999999988,0.000401,0.15593200000000076,0.6307430000000046,0.00015900000000000002,0.6020409999999975,0.04229400000000002,0.3025819999999986,0.008314000000000007,0.009946999999999994,0.0,0.008411000000000005,0.5256539999999862,0.9919160000000523,0.9844530000000549,6.3e-05
52,1.0340637746691161,0.05353099999999996,0.000432,0.1707670000000016,0.6343140000000043,0.000422,0.6153490000000021,0.047977999999999965,0.3176259999999949,0.008916000000000002,0.01162299999999999,0.0,0.012206999999999994,0.5220499999999838,0.9935070000000624,0.9857500000000654,7.4e-05
53,1.0349644442169177,0.0536699999999999,0.000534,0.19410800000000294,0.6452110000000116,0.000201,0.6315910000000066,0.05206699999999991,0.3284629999999944,0.008563,0.01318799999999999,0.0,0.011482999999999998,0.5242899999999842,0.9942800000000602,0.9868270000000631,0.000134
54,1.035933170936767,0.05497500000000002,0.0007319999999999999,0.21085100000000298,0.6529060000000061,0.00019999999999999998,0.6364200000000071,0.053154,0.34120599999999307,0.010352999999999998,0.01590399999999999,0.0,0.012236999999999996,0.5308209999999867,0.9947700000000553,0.988126000000057,0.000134
55,1.0370095055014277,0.05699999999999991,0.0006120000000000001,0.22671700000000464,0.6593650000000117,0.000125,0.65425600000001,0.057620999999999915,0.3519899999999915,0.011688999999999979,0.017950000000000008,0.0,0.012742999999999985,0.5348589999999899,0.9957930000000532,0.9902200000000559,0.000268
56,1.0381636970811057,0.057695999999999865,0.000655,0.24548500000000617,0.6680780000000033,0.000136,0.6581520000000073,0.060476999999999885,0.36309399999999076,0.010549999999999993,0.019323999999999994,0.0,0.014490999999999981,0.5377569999999843,0.9966690000000563,0.9910780000000592,6.7e-05
57,1.0390575560243493,0.057867999999999975,0.0009329999999999999,0.2672660000000014,0.6804300000000089,0.000134,0.67007900000001,0.06376899999999991,0.3824689999999878,0.012457999999999992,0.023082000000000026,0.0,0.018131999999999992,0.5343939999999903,0.9973190000000586,0.991848000000061,0.000196
58,1.0399127003930186,0.05933999999999992,0.001252,0.2899189999999999,0.6916970000000133,0.00024599999999999996,0.683540000000013,0.07149499999999974,0.39859099999998965,0.014715999999999979,0.026189000000000066,0.0,0.022586999999999986,0.5438469999999914,0.9973130000000499,0.9921960000000529,0.00046699999999999997
59,1.040904777109245,0.058789999999999856,0.001593,0.30591299999999855,0.6955560000000162,0.000544,0.6873820000000146,0.07412599999999972,0.4160749999999857,0.01557199999999997,0.02884200000000005,0.0,0.025770000000000046,0.5485819999999905,0.9972190000000545,0.992582000000056,0.00042600000000000005
60,1.0419050866001034,0.05948999999999984,0.001305,0.3253229999999956,0.702217000000013,0.000282,0.7001070000000139,0.0811579999999999,0.42667199999998534,0.017846000000000008,0.03433900000000005,0.0,0.031704000000000086,0.5493409999999911,0.9980440000000534,0.9933470000000557,0.00044600000000000005
61,1.0428553040391384,0.0615919999999999,0.0016930000000000003,0.3419119999999934,0.714973000000017,0.000335,0.7016070000000196,0.08274199999999964,0.4453539999999864,0.02136499999999999,0.03945000000000005,0.0,0.03446900000000005,0.5537719999999956,0.997889000000053,0.9932490000000567,0.000628
62,1.043868959394719,0.06389999999999982,0.002480999999999999,0.36807799999999236,0.7239930000000196,0.0004890000000000001,0.7141040000000192,0.08990299999999972,0.46397599999998307,0.024411000000000026,0.04583300000000002,0.0,0.03985300000000009,0.5506489999999914,0.9986970000000527,0.9941870000000542,0.000418
63,1.04487524907163,0.06460099999999981,0.0028899999999999998,0.3894309999999901,0.7318730000000186,0.0006959999999999999,0.7189710000000178,0.09575399999999971,0.4797919999999832,0.02731200000000009,0.05038299999999982,0.0,0.04456899999999993,0.549418999999991,0.9987980000000541,0.9948940000000583,0.000604
64,1.0459243038217538,0.06610299999999991,0.003128,0.4120959999999889,0.7332320000000162,0.0008620000000000002,0.7256600000000151,0.10297599999999932,0.49867699999998066,0.03216600000000008,0.060223999999999875,0.0,0.05293699999999991,0.5603239999999894,0.999153000000054,0.9952400000000583,0.0010249999999999999
65,1.046870865316769,0.06845699999999981,0.0024950000000000007,0.4298739999999871,0.7435660000000219,0.001127,0.7397660000000181,0.10933799999999935,0.5116029999999823,0.03262500000000006,0.06776999999999986,0.0,0.05522999999999996,0.5607619999999953,0.9992840000000554,0.9952580000000575,0.001137
66,1.047711502621677,0.07076599999999976,0.0027240000000000007,0.441938999999985,0.7483790000000268,0.0011149999999999999,0.7483100000000255,0.11214699999999925,0.5252129999999843,0.03410600000000008,0.0716839999999997,0.0,0.0594629999999998,0.5616129999999944,0.9993270000000577,0.9955550000000604,0.001645
67,1.0488105519879876,0.07109999999999968,0.0036130000000000008,0.45821599999998375,0.7493370000000216,0.0014370000000000001,0.7587470000000264,0.11789199999999941,0.5350069999999864,0.03829099999999999,0.07737299999999955,0.0,0.06626399999999975,0.5693849999999943,0.999890000000051,0.9962860000000539,0.0018000000000000008
68,1.049992561480132,0.07389199999999987,0.0055170000000000045,0.47456899999998226,0.7520580000000254,0.0013639999999999998,0.7621480000000233,0.12228199999999938,0.53821899999999,0.04038499999999996,0.08309099999999943,0.0,0.06965899999999965,0.5691399999999956,0.9998270000000549,0.996045000000059,0.001733
69,1.0509690545623658,0.07645699999999975,0.006800000000000004,0.48806099999998015,0.7582200000000233,0.001996,0.7705040000000267,0.13211799999999976,0.5510589999999921,0.045305999999999944,0.08869799999999946,0.0,0.07420299999999964,0.5718109999999967,0.9998220000000566,0.9959210000000588,0.0022900000000000004
70,1.0520189726479325,0.07689399999999975,0.006312000000000007,0.5010229999999801,0.764144000000022,0.0022040000000000007,0.7752860000000228,0.1320379999999999,0.5633679999999952,0.04896399999999993,0.09643499999999953,0.0,0.08312199999999965,0.5726429999999925,0.9996830000000461,0.9953840000000487,0.001678
71,1.0525470861722501,0.07539599999999973,0.006407000000000002,0.5174289999999853,0.7655790000000233,0.002583,0.7870500000000299,0.1378459999999998,0.5783360000000023,0.05535599999999991,0.1088779999999994,0.0,0.09059799999999965,0.5724869999999972,0.9995640000000524,0.995726000000056,0.0018160000000000001
72,1.0531196717871831,0.07451599999999982,0.007637000000000006,0.5366679999999864,0.7738470000000233,0.0028239999999999993,0.786711000000028,0.14468000000000036,0.5932079999999981,0.06180499999999982,0.11357599999999897,0.0,0.09908599999999952,0.571380999999995,1.0000170000000472,0.9958930000000509,0.001864
73,1.0538526430787962,0.07698099999999979,0.008054000000000004,0.5551839999999943,0.7783550000000272,0.0038579999999999995,0.7954330000000317,0.1563430000000007,0.6098150000000032,0.07033799999999991,0.12381099999999935,0.0,0.10408199999999947,0.576766999999997,1.0003340000000522,0.9960830000000567,0.002057
74,1.0550013424598064,0.08054199999999967,0.009265999999999995,0.5641809999999933,0.7869050000000266,0.0062600000000000025,0.8034480000000292,0.16183400000000162,0.6189910000000064,0.07364699999999975,0.1327329999999996,0.0,0.11142099999999926,0.577270999999999,1.0005230000000498,0.9962500000000518,0.0025650000000000004
75,1.056158678932537,0.07895899999999975,0.011747,0.5772049999999975,0.7925220000000258,0.006299000000000003,0.8135250000000268,0.16590600000000136,0.6328070000000079,0.07882599999999972,0.1394220000000002,0.0,0.11921199999999911,0.5735039999999941,1.0003790000000452,0.9962980000000496,0.0033290000000000004
76,1.0569180570227372,0.0825269999999998,0.012360999999999992,0.5822219999999992,0.7912240000000225,0.0071440000000000045,0.8194000000000268,0.17479000000000183,0.6487580000000078,0.08596899999999953,0.14539500000000022,0.0,0.12365499999999932,0.5704739999999925,1.000288000000047,0.9965100000000504,0.0039050000000000005
77,1.0573545641803368,0.08269099999999961,0.012247999999999988,0.589198000000004,0.7924920000000284,0.0085,0.8202310000000355,0.17987400000000267,0.6572650000000104,0.09526299999999965,0.14898500000000062,0.0,0.12661899999999934,0.5739429999999989,1.0005440000000503,0.9966020000000522,0.0034029999999999998
78,1.0584129760991339,0.0855109999999999,0.013460999999999983,0.6033680000000023,0.7909660000000226,0.009730999999999998,0.8258420000000276,0.18419400000000202,0.6682820000000119,0.10423299999999942,0.15955700000000134,0.0,0.13709000000000002,0.5749689999999982,1.0006490000000436,0.9964100000000466,0.0030230000000000005
79,1.059329561736482,0.08481399999999975,0.01676799999999999,0.6221910000000013,0.7954980000000283,0.010745999999999999,0.8382870000000322,0.19217200000000312,0.6765290000000119,0.11236799999999939,0.1702710000000017,0.0,0.1467960000000006,0.5651949999999977,1.0006680000000505,0.9971620000000544,0.003176
80,1.0599609221553306,0.08793299999999984,0.017913999999999985,0.6352390000000101,0.7951270000000252,0.011081999999999991,0.8446600000000292,0.1990400000000034,0.6813240000000118,0.11889099999999918,0.1779900000000018,0.0,0.15876300000000138,0.5709569999999992,1.000679000000044,0.9970010000000464,0.003095999999999999
81,1.06032130886891,0.08504299999999972,0.021087999999999996,0.6483950000000088,0.7940270000000221,0.011312000000000001,0.8491190000000308,0.20164000000000262,0.6894340000000146,0.12959899999999966,0.19046400000000197,0.0,0.1678370000000015,0.5668219999999952,1.000670000000044,0.9973820000000466,0.002374
82,1.06110594663752,0.08895899999999977,0.024777000000000035,0.6536430000000136,0.795245000000027,0.011362999999999991,0.8540210000000337,0.2079630000000035,0.6983710000000183,0.13637900000000017,0.19314800000000276,0.0,0.17319000000000212,0.5687929999999959,1.0005940000000488,0.9973830000000509,0.0023439999999999997
83,1.0615473667113726,0.09085299999999971,0.026374000000000043,0.6594960000000112,0.7973470000000247,0.012162999999999998,0.8578580000000319,0.21091400000000363,0.7027190000000162,0.14193800000000023,0.19541900000000242,0.0,0.18179700000000207,0.5732139999999989,1.0006380000000465,0.9977130000000497,0.0023430000000000005
84,1.0621535102578141,0.0903149999999995,0.029719000000000037,0.6702790000000157,0.7982850000000313,0.012517999999999984,0.8606780000000435,0.21854500000000346,0.7138350000000232,0.15305900000000106,0.2016790000000033,0.0,0.19120100000000273,0.5674899999999965,1.0007060000000538,0.9975390000000575,0.0035330000000000014
85,1.0629692441537493,0.0902129999999996,0.03146300000000007,0.6812980000000198,0.8047770000000287,0.014297999999999988,0.8696400000000323,0.22934900000000438,0.7240160000000184,0.16101800000000163,0.21188500000000318,0.0,0.19893500000000294,0.5685049999999963,1.0006370000000446,0.9973090000000479,0.0035710000000000004
86,1.064287326016547,0.0909079999999995,0.03543200000000002,0.688635000000013,0.8041800000000272,0.015338999999999972,0.8699200000000314,0.23983500000000457,0.7281910000000209,0.16599900000000162,0.21876100000000337,0.0,0.2046200000000031,0.5691389999999958,1.000628000000045,0.9973080000000469,0.004581000000000002
87,1.064663019442679,0.09107899999999973,0.039513999999999994,0.6892520000000155,0.8025610000000265,0.017394000000000007,0.8785260000000313,0.24933600000000472,0.7336150000000223,0.1656200000000017,0.21989500000000364,0.0,0.20440900000000334,0.5700239999999946,1.0006200000000471,0.9974900000000512,0.0052610000000000035
88,1.0649249265455119,0.09119499999999979,0.04234499999999999,0.6958280000000129,0.8037320000000204,0.019337000000000014,0.8811700000000271,0.2550960000000037,0.7418080000000147,0.1695330000000023,0.22618400000000388,0.0,0.21103600000000328,0.5700389999999974,1.0005540000000372,0.9972730000000395,0.006911000000000002
89,1.0661165775383556,0.09366299999999977,0.04478299999999997,0.7063400000000173,0.8024440000000259,0.021483000000000013,0.884152000000033,0.26464800000000194,0.7515570000000262,0.17469900000000227,0.22988300000000436,0.0,0.21563800000000355,0.5640239999999971,1.0005210000000382,0.9971850000000414,0.007935000000000001
90,1.0666325779619246,0.09472799999999984,0.048936999999999974,0.7140050000000128,0.7982150000000205,0.02166800000000001,0.8872660000000293,0.2716669999999996,0.7542100000000141,0.18572800000000228,0.23299300000000375,0.0,0.2213460000000033,0.5618129999999963,1.0005960000000391,0.9971760000000438,0.009095999999999995
91,1.0673493550543567,0.09900899999999972,0.053761999999999956,0.7195450000000173,0.8041360000000244,0.021926000000000022,0.8920810000000315,0.27500900000000117,0.7680490000000252,0.18940200000000254,0.23948100000000475,0.0,0.2313280000000049,0.5515889999999914,1.0005720000000413,0.9973410000000447,0.00954199999999999
92,1.0678979726228983,0.1009159999999997,0.0572149999999998,0.725249000000023,0.8060750000000294,0.022250000000000027,0.8921200000000347,0.28052300000000047,0.7767660000000308,0.19014000000000267,0.24554600000000437,0.0,0.24141700000000396,0.5508219999999893,1.0005450000000466,0.9972900000000505,0.01002699999999999
93,1.0690982899441763,0.10352899999999964,0.06051899999999996,0.7358000000000191,0.8072520000000278,0.021146000000000026,0.8992560000000315,0.2927389999999983,0.7837240000000264,0.20167700000000321,0.25697400000000337,0.0,0.25074700000000477,0.5401869999999899,1.0005550000000396,0.9970810000000425,0.010297999999999991
94,1.0697760982600433,0.10307599999999975,0.0659539999999999,0.7421190000000201,0.8056950000000287,0.022904000000000032,0.9002030000000341,0.2984539999999978,0.7890760000000272,0.21237200000000336,0.2631440000000009,0.0,0.25727300000000225,0.540710999999992,1.0004630000000418,0.9971990000000442,0.010401999999999991
95,1.0703302422789867,0.10213299999999967,0.06998999999999993,0.7521690000000201,0.80401400000002,0.022933000000000016,0.9036610000000308,0.3012679999999978,0.7952330000000216,0.22245900000000346,0.27130000000000054,0.0,0.2622460000000023,0.5431719999999892,1.0005420000000427,0.9971600000000475,0.01221399999999999
96,1.0712657109107837,0.10290399999999959,0.07568999999999985,0.759103000000025,0.8032960000000264,0.02478100000000003,0.9065720000000326,0.3132899999999947,0.8067330000000283,0.22940200000000394,0.2807149999999987,0.0,0.26957500000000084,0.5451939999999936,1.0005540000000432,0.9973270000000461,0.011551999999999991
97,1.07220735347072,0.10211399999999955,0.08559199999999978,0.7585530000000197,0.8026510000000182,0.026849000000000043,0.9109640000000281,0.3255789999999965,0.8150280000000167,0.23405000000000403,0.28769299999999903,0.0,0.2783309999999994,0.5482329999999939,1.0005320000000386,0.9970950000000426,0.01504599999999999
98,1.0719435904618069,0.10276799999999969,0.09453299999999978,0.7649550000000233,0.8104030000000236,0.027301000000000054,0.9143710000000318,0.3319839999999935,0.8190710000000253,0.25383200000000306,0.29759799999999625,0.0,0.28910899999999723,0.5504159999999929,1.0004740000000405,0.9971650000000436,0.016866000000000003
99,1.0724441881185955,0.10305399999999958,0.1019729999999996,0.7682300000000193,0.8066720000000211,0.027023000000000037,0.9129460000000332,0.337593999999995,0.824954000000026,0.2724980000000008,0.30756099999999603,0.0,0.30084299999999686,0.5461919999999943,1.0005040000000405,0.9971330000000445,0.01680499999999999
100,1.0730190182034702,0.10283899999999972,0.10914899999999945,0.7766670000000274,0.8068480000000244,0.027618000000000045,0.9172770000000319,0.343857999999994,0.8313880000000273,0.28567499999999946,0.31778299999999604,0.0,0.30994199999999766,0.5489019999999938,1.0005430000000388,0.9974690000000423,0.016324999999999982
101,1.0739428875781853,0.10117499999999965,0.11334899999999945,0.7885590000000278,0.8071640000000252,0.028627000000000038,0.9244880000000346,0.34627999999999254,0.8367790000000311,0.2933429999999979,0.3384229999999932,0.0,0.3231479999999954,0.5504269999999912,1.0005330000000414,0.9973460000000453,0.016367999999999976
102,1.0743917957052378,0.10280499999999938,0.12119499999999964,0.7920310000000227,0.8065400000000236,0.030107000000000064,0.9297330000000349,0.35156599999999294,0.8362660000000302,0.29681599999999786,0.34182399999999435,0.0,0.3322579999999953,0.5470079999999929,1.0005200000000423,0.997273000000045,0.01876900000000001
103,1.07523304448132,0.1018519999999996,0.12307599999999938,0.8049960000000276,0.804084000000024,0.028405000000000045,0.9301970000000344,0.353885999999991,0.8402330000000303,0.3063539999999967,0.34827799999999237,0.0,0.3407519999999933,0.552374999999998,1.000504000000042,0.9971580000000448,0.016602999999999982
104,1.0761082841795733,0.10367299999999968,0.12955499999999984,0.8150510000000238,0.8000440000000216,0.028693000000000052,0.9342060000000337,0.36213999999999125,0.8488410000000326,0.322421999999995,0.36152599999999196,0.0,0.35561099999999235,0.5542039999999953,1.0004970000000377,0.9971890000000417,0.017174000000000012
105,1.077526594898162,0.10540499999999976,0.13610800000000042,0.8158460000000259,0.7973710000000219,0.028572000000000024,0.9323280000000327,0.36864799999999187,0.8567520000000283,0.3302509999999949,0.3682139999999927,0.0,0.35894099999999257,0.5612709999999956,1.0004700000000413,0.9973920000000447,0.01658099999999998
106,1.0786601528760384,0.10634999999999949,0.1400810000000008,0.8201970000000275,0.7964600000000217,0.030964000000000037,0.9358440000000283,0.379719999999989,0.8592980000000238,0.33373799999999404,0.3803459999999907,0.0,0.36443899999999246,0.5681039999999986,1.0004810000000344,0.9973520000000378,0.017206
107,1.0792340000774052,0.11039299999999967,0.14969500000000063,0.8254740000000282,0.800447000000026,0.03061500000000005,0.935886000000032,0.38505299999999015,0.864601000000028,0.34265599999999347,0.38998799999999056,0.0,0.37565699999999125,0.5711689999999994,1.0005580000000378,0.9971840000000409,0.016531999999999988
108,1.0796505844014757,0.11043999999999969,0.16237100000000118,0.8315050000000251,0.8026120000000209,0.03178300000000003,0.9374380000000296,0.38823199999998903,0.8693190000000287,0.3457489999999922,0.39784899999998946,0.0,0.38467399999998997,0.5687279999999968,1.0004800000000365,0.9971240000000406,0.016010999999999977
109,1.080439808978712,0.10821999999999983,0.1737190000000018,0.8421750000000237,0.8080320000000194,0.03278700000000003,0.93847700000003,0.4003809999999885,0.873566000000028,0.35477299999999323,0.4098969999999909,0.0,0.3969239999999913,0.5687339999999996,1.0004660000000347,0.9970980000000386,0.014720000000000004
110,1.0812555410345281,0.11043999999999986,0.17961600000000214,0.8462210000000262,0.8076900000000213,0.034692999999999995,0.9404680000000288,0.4091079999999881,0.8754280000000288,0.3608329999999914,0.42125499999998905,0.0,0.4093649999999895,0.5663759999999948,1.0004230000000347,0.9970980000000399,0.015006999999999982
111,1.082572510283545,0.10717299999999964,0.19485200000000122,0.8495320000000199,0.8046170000000145,0.035322,0.9436700000000212,0.4241949999999895,0.8769690000000185,0.3650169999999936,0.41967099999999136,0.0,0.41417499999999097,0.5646869999999975,1.000489000000028,0.9970160000000315,0.014679999999999986
112,1.0832242189347656,0.10831299999999978,0.20744100000000207,0.8509800000000258,0.8073830000000203,0.03398299999999999,0.9466740000000304,0.43590699999998805,0.8841770000000284,0.37956899999999183,0.4302869999999893,0.0,0.4227549999999887,0.5669949999999981,1.0004630000000325,0.9973250000000365,0.015561999999999979
113,1.0836932550215996,0.10895599999999966,0.20656100000000213,0.855957000000028,0.805037000000026,0.03447200000000006,0.9485370000000277,0.4365929999999876,0.8881930000000281,0.3915129999999906,0.4403229999999902,0.0,0.43227699999998814,0.564265999999996,1.000484000000035,0.9970360000000379,0.018615
114,1.0843889860913603,0.10945899999999972,0.21150900000000186,0.8568350000000263,0.8066880000000193,0.032437000000000035,0.9523280000000303,0.43871499999998786,0.8890880000000259,0.39883399999999164,0.4461139999999886,0.0,0.43631399999998904,0.565789999999997,1.0004580000000323,0.9970360000000354,0.019036000000000008
115,1.0852890289498507,0.10724699999999969,0.2193280000000027,0.8622450000000245,0.8128700000000214,0.032013000000000014,0.9530060000000299,0.4466609999999887,0.893319000000027,0.4094719999999895,0.45309499999998887,0.0,0.4473009999999886,0.5651759999999997,1.0004370000000333,0.9971200000000356,0.021202000000000033
116,1.0868268835039077,0.10887399999999972,0.2270080000000018,0.8617860000000254,0.8147620000000199,0.034661,0.955703000000028,0.45109999999998873,0.8960430000000253,0.40978799999999144,0.45985999999999,0.0,0.4515939999999914,0.5636180000000001,1.0004440000000305,0.9970960000000324,0.02077300000000004
117,1.0878169827948119,0.1091999999999996,0.23337900000000272,0.8629860000000288,0.8199280000000239,0.03335000000000004,0.9550400000000283,0.4555019999999866,0.8971640000000294,0.4140879999999884,0.47024399999998695,0.0,0.45690499999998757,0.5709349999999981,1.0004660000000312,0.9969970000000329,0.022171000000000017
118,1.088575191231853,0.10753399999999971,0.24328100000000266,0.8667720000000323,0.8280810000000293,0.032468000000000025,0.9570390000000348,0.46348999999998675,0.9015450000000346,0.42207499999999054,0.4801119999999866,0.0,0.469854999999987,0.5662599999999974,1.0004470000000374,0.9970750000000406,0.02099300000000001
119,1.0887754890670798,0.10819099999999972,0.2506970000000023,0.8664400000000253,0.8252460000000239,0.03190300000000004,0.9599320000000259,0.45726099999998915,0.9007500000000249,0.427181999999991,0.4877109999999903,0.0,0.47266799999999076,0.566011999999999,1.000441000000029,0.9971800000000303,0.019821000000000016
120,1.0897619196602055,0.10634599999999968,0.2636029999999997,0.8724780000000246,0.8231800000000215,0.032802000000000026,0.958760000000025,0.46601499999998935,0.9040890000000265,0.4348999999999915,0.4920879999999879,0.0,0.47905899999998813,0.5699949999999979,1.0004100000000282,0.9971100000000316,0.022061000000000025
121,1.0906021261002936,0.10447399999999982,0.2759579999999997,0.8756750000000223,0.822334000000019,0.03326100000000001,0.9614690000000266,0.47510699999998546,0.9089980000000272,0.44325499999999024,0.5000159999999885,0.0,0.48371399999998843,0.5728339999999961,1.0004320000000302,0.9970600000000338,0.022911000000000015
122,1.0919272076835373,0.10385699999999981,0.28821899999999817,0.8804010000000244,0.8250810000000196,0.031952000000000015,0.9632400000000262,0.486297999999987,0.9147490000000259,0.45653999999999,0.5122959999999915,0.0,0.49454899999999,0.5726730000000018,1.0004290000000273,0.9971460000000316,0.024925000000000034
123,1.093477744318476,0.10532799999999957,0.303697999999998,0.8866990000000254,0.8311250000000182,0.03208900000000001,0.9642030000000265,0.49854099999998874,0.9155620000000251,0.4625849999999897,0.5208999999999948,0.0,0.5046199999999909,0.575034000000001,1.0003870000000303,0.9969670000000338,0.02788900000000001
124,1.0942213091846453,0.10343899999999963,0.30727599999999666,0.8918340000000283,0.8277220000000195,0.03170300000000003,0.9663980000000305,0.4992969999999859,0.9219730000000295,0.4731489999999883,0.525249999999993,0.0,0.5100129999999896,0.5749529999999992,1.0004320000000326,0.9969990000000366,0.02804500000000006
125,1.0956689639767316,0.10543999999999962,0.31726999999999717,0.8949890000000228,0.8334560000000165,0.03222700000000001,0.9675350000000263,0.5085909999999887,0.9258010000000254,0.47973899999998987,0.5351789999999956,0.0,0.5223629999999941,0.5697009999999981,1.0003530000000302,0.9969610000000335,0.028127000000000024
126,1.0971798914780875,0.10729599999999992,0.32003099999999574,0.8920850000000237,0.8369420000000146,0.030747000000000028,0.9669710000000242,0.5124989999999883,0.9294000000000225,0.488037999999989,0.5463759999999978,0.0,0.529510999999996,0.5684969999999996,1.0003990000000262,0.9968290000000292,0.02969900000000002
127,1.097913904825514,0.10653499999999955,0.32713699999999796,0.8939250000000244,0.8358410000000165,0.029292000000000044,0.969177000000026,0.5149939999999934,0.9299310000000245,0.4985259999999899,0.5517449999999976,0.0,0.5345429999999943,0.5613710000000007,1.0004080000000266,0.9968760000000281,0.030143000000000048
128,1.0994290260142008,0.1067879999999998,0.3326379999999954,0.8965110000000209,0.8393410000000178,0.030801000000000026,0.9712610000000216,0.5147929999999903,0.929738000000022,0.5025309999999893,0.5528849999999947,0.0,0.536648999999995,0.5586789999999967,1.0003750000000242,0.9970740000000274,0.031220000000000057
129,1.1006614859523884,0.10624299999999981,0.3422729999999959,0.8978970000000245,0.8408280000000145,0.02989100000000004,0.9721830000000247,0.5191469999999915,0.9360430000000246,0.5054279999999898,0.5597249999999995,0.0,0.5452379999999964,0.5547890000000008,1.000335000000027,0.9970550000000297,0.031411000000000015
130,1.1014528615608175,0.10717599999999974,0.347964999999996,0.8995340000000214,0.836682000000015,0.03227600000000001,0.9721930000000231,0.5214549999999921,0.9420130000000221,0.5104559999999904,0.5618019999999994,0.0,0.5475119999999958,0.5627199999999983,1.000446000000024,0.9972120000000271,0.03064500000000005
131,1.102164400109412,0.10507399999999988,0.3616429999999954,0.8977030000000219,0.8379150000000184,0.031212000000000028,0.9751340000000231,0.5306479999999931,0.9414760000000229,0.5205859999999937,0.5682670000000005,0.0,0.5499159999999984,0.553334999999995,1.0004030000000241,0.9969600000000252,0.03186900000000003
132,1.103371270127557,0.10169899999999965,0.36974699999999416,0.9013600000000213,0.8363280000000164,0.03385300000000002,0.9740570000000213,0.5329279999999957,0.9403820000000194,0.526462999999995,0.570129,0.0,0.5545109999999976,0.5603689999999992,1.000361000000023,0.9971690000000275,0.032579000000000025
133,1.1042385199459013,0.10102899999999979,0.37731299999999507,0.9034970000000224,0.8364000000000165,0.03464100000000001,0.9729980000000255,0.5352679999999962,0.944098000000025,0.5284149999999951,0.5741279999999978,0.0,0.5623209999999983,0.5570109999999966,1.0004110000000246,0.9971550000000273,0.03460600000000003
134,1.1054156382081903,0.10771199999999972,0.38878899999999506,0.9119360000000225,0.838779000000016,0.03216500000000003,0.974921000000026,0.5445869999999969,0.9468800000000246,0.5361559999999967,0.5889930000000023,0.0,0.5779639999999999,0.555035999999996,1.0004060000000268,0.9970480000000287,0.03616599999999997
135,1.1069134763979915,0.10795699999999979,0.400209999999996,0.9124910000000229,0.8449860000000166,0.02856500000000006,0.9745370000000275,0.5537959999999966,0.9481120000000263,0.5463819999999981,0.5935840000000027,0.0,0.581845000000001,0.5568759999999978,1.0003720000000293,0.9973190000000316,0.03696799999999999
136,1.108574953526097,0.1098319999999999,0.4093929999999931,0.9166690000000218,0.8431030000000174,0.031564000000000016,0.9769980000000229,0.561064999999998,0.9513510000000226,0.553190999999998,0.6058960000000034,0.0,0.589495000000002,0.5574209999999958,1.0003720000000254,0.9968580000000279,0.03812199999999998
137,1.1093797789423847,0.11082999999999975,0.41623599999999383,0.9194610000000211,0.84637100000002,0.032338000000000026,0.9776320000000248,0.5687079999999984,0.9561510000000234,0.561271000000001,0.6207280000000053,0.0,0.5939620000000018,0.5555549999999977,1.0003690000000272,0.9972960000000298,0.036037000000000007
138,1.1101496885089992,0.1133139999999998,0.42335199999999457,0.9229090000000196,0.8479250000000161,0.032816,0.9811170000000221,0.5727460000000013,0.9580640000000209,0.5652790000000016,0.6304220000000031,0.0,0.6042520000000023,0.5587829999999976,1.0003550000000223,0.9972380000000244,0.03616299999999999
139,1.111778278102066,0.11126799999999971,0.4309179999999924,0.9233250000000214,0.8491700000000185,0.03412200000000003,0.9817800000000252,0.580659000000003,0.9599990000000235,0.5745279999999995,0.6285820000000026,0.0,0.6094040000000017,0.5667450000000003,1.0003700000000266,0.9971990000000288,0.03716099999999999
140,1.113862862373536,0.11040499999999977,0.4461219999999927,0.9287940000000192,0.8504170000000117,0.03440900000000002,0.9834640000000191,0.5914040000000012,0.9619380000000181,0.5850170000000029,0.6374200000000076,0.0,0.6157360000000055,0.5616889999999982,1.0003240000000204,0.9968620000000236,0.037839
141,1.11457684846834,0.10994299999999987,0.45109799999999484,0.9310780000000202,0.8559250000000151,0.03602200000000002,0.9841180000000217,0.5905460000000047,0.960649000000021,0.5905810000000021,0.6417130000000084,0.0,0.6239650000000054,0.5590929999999991,1.0003290000000247,0.996948000000027,0.038257999999999986
142,1.1160246837945262,0.11444899999999976,0.45770799999999384,0.9304560000000198,0.8544350000000182,0.03579499999999997,0.9844200000000225,0.5883970000000022,0.9630130000000192,0.5946310000000046,0.6487760000000098,0.0,0.6269370000000065,0.560286999999997,1.0003440000000223,0.997092000000025,0.038164000000000003
143,1.1177255054126531,0.11417399999999966,0.4587179999999922,0.9312850000000261,0.8539830000000194,0.035731000000000006,0.9841260000000269,0.590048,0.9642760000000264,0.6033980000000051,0.651253000000009,0.0,0.6349750000000057,0.5570919999999961,1.000360000000027,0.9971490000000309,0.039181999999999974
144,1.11919307900129,0.11695499999999984,0.46763099999999314,0.9336020000000207,0.860700000000019,0.03291300000000001,0.9838160000000223,0.5957250000000047,0.9665760000000216,0.6163990000000055,0.6588410000000112,0.0,0.6401260000000075,0.5607910000000031,1.0003320000000238,0.9972000000000268,0.041902
145,1.1210587738640108,0.1148069999999999,0.4798669999999931,0.9349440000000183,0.8654820000000147,0.031809000000000025,0.9835920000000187,0.6072240000000029,0.96764400000002,0.6219250000000041,0.668185000000008,0.0,0.6493180000000058,0.5567509999999961,1.0002990000000194,0.996959000000023,0.043115999999999974
146,1.1225890190903565,0.11407199999999978,0.4959569999999943,0.9344280000000166,0.8686590000000124,0.029669000000000032,0.9808940000000184,0.6187140000000071,0.968882000000017,0.6256870000000049,0.6747140000000058,0.0,0.6553490000000047,0.5550740000000007,1.00027200000002,0.9969860000000218,0.04444799999999998
147,1.1240259330348135,0.1126589999999997,0.5055869999999937,0.9370450000000219,0.8738990000000166,0.02680600000000003,0.9832760000000241,0.6250600000000079,0.9707810000000235,0.6251870000000072,0.6812630000000092,0.0,0.6633170000000073,0.5580279999999994,1.0003460000000242,0.9970450000000265,0.046432999999999995
148,1.1263998758054083,0.11776999999999962,0.5109589999999941,0.9380310000000216,0.8737700000000188,0.025188000000000033,0.9836430000000234,0.6273380000000073,0.9712280000000234,0.630604000000008,0.6824800000000091,0.0,0.6721700000000083,0.5608060000000017,1.000309000000024,0.9971720000000246,0.048138000000000014
149,1.1260439334446797,0.12093399999999954,0.5161599999999943,0.9417470000000212,0.8766730000000196,0.02324900000000004,0.984786000000023,0.6328740000000076,0.9726970000000227,0.6403150000000091,0.6962980000000084,0.0,0.6853120000000092,0.555199999999995,1.000302000000025,0.9969780000000266,0.04880299999999997
150,1.1275494541837219,0.1192479999999997,0.5199429999999973,0.9465970000000264,0.882020000000022,0.020910000000000015,0.9856000000000268,0.6304820000000085,0.9715150000000274,0.6504840000000106,0.7071270000000134,0.0,0.6939470000000126,0.5490649999999996,1.000292000000027,0.996857000000029,0.05114799999999992
151,1.1294189311787879,0.11429999999999979,0.5258799999999931,0.9464190000000243,0.8858550000000185,0.021137000000000013,0.986966000000025,0.6354299999999999,0.9708190000000254,0.6591860000000036,0.7110660000000085,0.0,0.6995050000000067,0.5468759999999966,1.0002990000000254,0.9967060000000276,0.05188099999999994
152,1.1304523495008432,0.11659899999999977,0.5270799999999967,0.9476510000000159,0.8860250000000122,0.02149200000000001,0.9884250000000165,0.6382200000000018,0.9704190000000168,0.6660600000000053,0.7151460000000067,0.0,0.7016100000000061,0.5416299999999947,1.0002610000000172,0.9972180000000197,0.04877099999999994
153,1.1314674957107138,0.11475999999999967,0.5307449999999999,0.9477840000000203,0.887910000000017,0.021524000000000015,0.9868110000000214,0.6433780000000104,0.9698530000000222,0.6698410000000096,0.718405000000011,0.0,0.7061610000000097,0.5376759999999977,1.0002760000000224,0.9968790000000256,0.048003
154,1.1332359794065343,0.11251899999999987,0.5405779999999972,0.9502070000000207,0.8863460000000165,0.023016000000000016,0.987994000000022,0.6501250000000071,0.9709390000000224,0.6698980000000052,0.7189860000000121,0.0,0.7077410000000092,0.5416639999999983,1.0002550000000237,0.9970260000000246,0.04727200000000001
155,1.1338751244989462,0.11359299999999999,0.5483369999999982,0.9515240000000198,0.8865610000000175,0.022338999999999998,0.9903620000000201,0.655430000000008,0.9731590000000209,0.6808790000000072,0.7260290000000085,0.0,0.7142590000000083,0.5408309999999987,1.0002160000000204,0.9968820000000227,0.04988599999999998
156,1.1361258666210974,0.11062399999999978,0.5581170000000012,0.9508850000000209,0.8903400000000161,0.022160000000000044,0.9901040000000225,0.6591540000000098,0.9740240000000215,0.6874800000000075,0.729619000000007,0.0,0.7169050000000061,0.5423609999999999,1.000258000000023,0.9971230000000237,0.050570999999999984
157,1.1373381129208069,0.10548999999999971,0.5575020000000003,0.9526920000000173,0.8928630000000132,0.022291999999999996,0.9889650000000183,0.6589560000000093,0.977009000000018,0.6961320000000065,0.7378990000000082,0.0,0.723993000000008,0.5367239999999985,1.0002290000000187,0.9969710000000203,0.04914399999999995
158,1.1378954085961586,0.10686599999999985,0.5547470000000027,0.9526150000000189,0.8937350000000136,0.02121800000000003,0.9901820000000192,0.6571450000000052,0.9773720000000184,0.6952870000000076,0.7412100000000087,0.0,0.7302490000000081,0.533111999999998,1.000225000000019,0.9967690000000209,0.048827999999999996
159,1.1403623658420161,0.10692000000000002,0.5603049999999966,0.955755000000017,0.8991180000000147,0.020726000000000012,0.9896420000000178,0.6556640000000077,0.9786040000000176,0.70082400000001,0.7459620000000109,0.0,0.739265000000009,0.5284859999999936,1.0002760000000184,0.9969890000000212,0.05192899999999997
160,1.1415050089326093,0.10586399999999982,0.5674320000000016,0.957635000000016,0.9052750000000118,0.018535000000000024,0.9906320000000166,0.6605370000000057,0.9792640000000161,0.7015550000000071,0.7585540000000077,0.0,0.7416610000000073,0.5245519999999975,1.0002200000000172,0.9969380000000204,0.052459999999999986
161,1.1428063246428122,0.1054639999999999,0.5759790000000027,0.9600950000000176,0.9054050000000148,0.018544999999999992,0.9905370000000177,0.6671570000000107,0.9791100000000175,0.7103120000000087,0.7648140000000093,0.0,0.7462070000000077,0.5224659999999983,1.0002480000000173,0.9972700000000198,0.05351200000000001
162,1.1439262748409822,0.10386999999999985,0.5763870000000015,0.9630630000000158,0.904750000000011,0.018688000000000014,0.9923870000000158,0.6638720000000089,0.9799730000000163,0.7160090000000086,0.7661280000000081,0.0,0.7479650000000075,0.5214329999999937,1.0002420000000163,0.9969170000000181,0.05672999999999991
163,1.1454671435332098,0.10627199999999985,0.5813109999999976,0.9648170000000199,0.9058180000000142,0.01949800000000001,0.9924080000000208,0.667013000000005,0.9813780000000211,0.7245000000000085,0.7720970000000105,0.0,0.7564910000000106,0.5221189999999961,1.0002410000000213,0.9968280000000237,0.05890099999999998
164,1.1473835100643637,0.10417899999999995,0.5889990000000035,0.9645630000000144,0.9070740000000098,0.01946100000000002,0.9928000000000142,0.6762900000000096,0.9827000000000149,0.7283390000000064,0.7780500000000085,0.0,0.7659490000000072,0.5283129999999968,1.0002360000000148,0.9969190000000165,0.06308999999999995
165,1.1495210855436289,0.10531999999999993,0.5875280000000005,0.9660630000000153,0.9062980000000116,0.019706000000000026,0.9923340000000163,0.6743770000000094,0.9841350000000164,0.7355280000000095,0.7837530000000086,0.0,0.7748800000000092,0.5254249999999931,1.0001980000000175,0.996981000000019,0.060199
166,1.1505453088308666,0.10102599999999998,0.5932810000000005,0.9659980000000207,0.9097110000000151,0.01783100000000001,0.9929090000000206,0.6769760000000089,0.9844530000000205,0.7504890000000097,0.7926670000000108,0.0,0.7785400000000097,0.5212729999999959,1.000201000000021,0.9969480000000221,0.06394000000000004
167,1.1508617087908188,0.0981959999999998,0.6034550000000015,0.9670600000000183,0.9146090000000141,0.01689299999999999,0.9933520000000194,0.6870480000000097,0.9863100000000183,0.7584070000000105,0.7944510000000088,0.0,0.7863960000000093,0.5205939999999932,1.0002040000000199,0.9967920000000225,0.061270999999999964
168,1.1517398162746484,0.09907899999999989,0.612078000000004,0.9683580000000166,0.913414000000012,0.018119000000000007,0.9928660000000168,0.6971910000000097,0.9859720000000173,0.7597060000000089,0.7977540000000085,0.0,0.7852490000000072,0.5259479999999954,1.0001800000000174,0.9967950000000195,0.06337899999999995
169,1.1537841544485556,0.10089999999999988,0.6168830000000027,0.9690690000000178,0.9164210000000148,0.018537000000000012,0.9926540000000184,0.703579000000007,0.9866910000000179,0.7625160000000072,0.7990030000000096,0.0,0.79365800000001,0.5236719999999945,1.0002220000000186,0.9970100000000209,0.06404099999999997
170,1.1545018081926441,0.10126799999999984,0.6220470000000049,0.9689790000000216,0.9125770000000168,0.01968100000000001,0.9936570000000217,0.7080390000000095,0.9868450000000213,0.7647740000000084,0.8000730000000117,0.0,0.789415000000011,0.5237559999999961,1.0002060000000221,0.9970000000000232,0.06338500000000008
171,1.156179299319973,0.0983909999999998,0.629946000000007,0.969855000000018,0.9166280000000142,0.019450000000000012,0.9933190000000189,0.7150300000000115,0.988065000000019,0.7633220000000104,0.80354000000001,0.0,0.7950920000000101,0.5193169999999984,1.0001600000000195,0.9969550000000207,0.06599799999999993
172,1.1578511345868112,0.10078399999999982,0.6391110000000035,0.9694630000000167,0.9146130000000129,0.019524999999999997,0.9925410000000175,0.720741000000009,0.9905740000000177,0.7684750000000098,0.80176900000001,0.0,0.7960820000000098,0.5173389999999962,1.000166000000018,0.9970360000000192,0.07024499999999995
173,1.1593135005698152,0.10420599999999985,0.6412960000000082,0.9689810000000165,0.9170800000000116,0.018966999999999998,0.9921140000000158,0.7239910000000116,0.9914950000000162,0.7727880000000095,0.8068650000000104,0.0,0.8018450000000085,0.5134479999999947,1.0001890000000166,0.9967660000000187,0.071794
174,1.161132463452227,0.10192499999999988,0.6439030000000062,0.9695240000000174,0.9208510000000133,0.020478000000000007,0.9917910000000175,0.7271310000000131,0.9915430000000175,0.7723290000000127,0.8073870000000112,0.0,0.8026590000000107,0.5098489999999948,1.0001870000000177,0.9968020000000188,0.07390999999999992
175,1.162066013952862,0.09860800000000003,0.659379000000006,0.9723660000000142,0.9215370000000119,0.020211000000000003,0.9928780000000144,0.73868600000001,0.9924510000000147,0.7844020000000076,0.8139030000000084,0.0,0.8119950000000076,0.5033999999999932,1.0001550000000148,0.9968600000000164,0.07840899999999987
176,1.1646620694280463,0.09976399999999991,0.6598250000000084,0.9744990000000168,0.9238760000000135,0.020077000000000032,0.9924550000000176,0.7411800000000128,0.9932210000000173,0.7886100000000099,0.8241550000000113,0.0,0.8146680000000089,0.49722199999999295,1.0001790000000172,0.9968880000000183,0.08036599999999999
177,1.1664207091529017,0.09473599999999985,0.666162000000005,0.9742050000000118,0.9255850000000095,0.016943999999999983,0.9940280000000123,0.7426700000000062,0.993623000000012,0.7917840000000074,0.8307710000000061,0.0,0.8194870000000053,0.49694299999999336,1.000152000000012,0.9967970000000151,0.08342999999999995
178,1.169082481211201,0.0955269999999998,0.6690600000000058,0.974028000000013,0.9298870000000109,0.017324000000000003,0.9947120000000136,0.7419410000000092,0.9926390000000138,0.7955270000000073,0.831645000000007,0.0,0.8199060000000075,0.49140199999999323,1.000162000000014,0.9967790000000151,0.0842179999999999
179,1.1715667814837907,0.09442699999999994,0.6715460000000051,0.9759410000000133,0.9306000000000101,0.017002000000000003,0.994562000000013,0.7442060000000095,0.9946960000000135,0.8037310000000084,0.8354550000000088,0.0,0.8217440000000081,0.4944399999999923,1.0001430000000135,0.9970550000000145,0.08908999999999992
180,1.1731179359024904,0.09662899999999996,0.6762960000000042,0.9754550000000108,0.930116000000008,0.01615999999999999,0.9950680000000102,0.7450570000000059,0.9946230000000106,0.8078910000000064,0.836284000000005,0.0,0.8250720000000048,0.4943989999999939,1.0002200000000105,0.9971200000000123,0.0920379999999999
181,1.175364456749755,0.09752599999999993,0.6833840000000041,0.9748220000000125,0.9315560000000106,0.01583099999999999,0.9951070000000133,0.7552330000000069,0.9952070000000134,0.8057720000000077,0.8374890000000067,0.0,0.8288380000000074,0.49827699999999314,1.0001590000000131,0.996985000000014,0.092931
182,1.1770910671367352,0.09695399999999989,0.6935900000000043,0.9771680000000131,0.9295580000000108,0.017332000000000018,0.9954370000000134,0.7598880000000073,0.9955720000000137,0.8089100000000075,0.8386750000000074,0.0,0.8314390000000071,0.496831999999993,1.0000860000000138,0.9966060000000155,0.09223099999999994
183,1.1788084430037031,0.09609399999999993,0.7001650000000044,0.9786240000000112,0.9304970000000093,0.017451000000000015,0.9960050000000114,0.765168000000007,0.9970050000000112,0.8166760000000062,0.8411450000000052,0.0,0.8368780000000055,0.49516399999999294,1.0001320000000113,0.9968110000000141,0.09433199999999997
184,1.1799966819142633,0.09593899999999987,0.7025160000000052,0.9807410000000132,0.9293190000000099,0.018533,0.9952640000000134,0.7680510000000078,0.9980230000000139,0.8193480000000066,0.8423880000000068,0.0,0.8401160000000074,0.5046079999999938,1.000112000000014,0.9968180000000143,0.09599599999999991
185,1.1822764355037383,0.09673199999999986,0.7030110000000072,0.9830690000000137,0.9276380000000128,0.01927300000000001,0.9955060000000144,0.7679130000000098,0.9979960000000148,0.8205410000000078,0.8492650000000079,0.0,0.8428690000000081,0.5065149999999934,1.0001330000000148,0.9966860000000152,0.09433099999999991
186,1.1843572420302397,0.09688199999999997,0.7048120000000055,0.9838290000000135,0.9276340000000111,0.01988100000000002,0.9950730000000139,0.7672070000000081,0.9976950000000144,0.8230410000000088,0.8463190000000077,0.0,0.8387040000000077,0.5101689999999957,1.0001220000000144,0.9969490000000156,0.09751699999999987
187,1.1863481465541097,0.09630699999999982,0.7085690000000041,0.983554000000012,0.9303350000000095,0.018953000000000015,0.9954810000000124,0.7682150000000064,0.9982390000000129,0.829662000000006,0.8531400000000064,0.0,0.8425210000000054,0.4992399999999924,1.000120000000013,0.9968890000000133,0.09910899999999997
188,1.1868345492942118,0.09364299999999995,0.7110060000000041,0.9832000000000128,0.9361600000000098,0.017186999999999984,0.995183000000013,0.7704580000000067,0.9986790000000132,0.8359800000000064,0.8568790000000052,0.0,0.8450120000000056,0.4964829999999936,1.0001480000000134,0.9967900000000154,0.10238999999999991
189,1.1875347816783097,0.09224799999999986,0.7130680000000043,0.9845530000000134,0.9383150000000111,0.017771000000000012,0.9947350000000136,0.7732240000000073,0.9984490000000132,0.8394690000000066,0.8607610000000071,0.0,0.8531550000000073,0.4941309999999935,1.0001640000000134,0.9969120000000156,0.10500499999999992
190,1.1887531923643266,0.09301199999999989,0.7174920000000053,0.9864610000000126,0.9375990000000091,0.018423000000000005,0.9953070000000128,0.7789130000000085,0.9988520000000133,0.8467870000000062,0.8703980000000066,0.0,0.8602010000000063,0.49107999999999347,1.0001170000000135,0.9968990000000149,0.10849199999999991
191,1.1913006904555787,0.09542300000000006,0.7238240000000036,0.9878120000000071,0.9423840000000054,0.01641099999999999,0.996151000000007,0.7861690000000053,0.9988590000000072,0.852538000000004,0.8811110000000038,0.0,0.8654930000000034,0.4835759999999931,1.0001050000000071,0.9968140000000092,0.10894699999999996
192,1.1944600198866744,0.09579399999999991,0.728376000000004,0.9876340000000091,0.9427670000000054,0.016009999999999993,0.996451000000009,0.7880990000000059,0.9989230000000098,0.8514510000000043,0.8845990000000045,0.0,0.8668930000000052,0.48219399999999285,1.0001230000000099,0.9968210000000115,0.10973599999999993
193,1.1973625577350087,0.09444599999999988,0.7370820000000061,0.987810000000011,0.9425180000000081,0.015464999999999987,0.9970770000000111,0.7942860000000074,0.9988510000000115,0.8523560000000069,0.8844380000000073,0.0,0.8701620000000064,0.49021099999999324,1.000117000000012,0.996974000000012,0.11128299999999992
194,1.1987814323659376,0.09709699999999993,0.7427450000000041,0.98603900000001,0.9432640000000085,0.015273999999999987,0.9973780000000099,0.7974160000000061,0.99959400000001,0.8555370000000068,0.8848190000000077,0.0,0.8738840000000071,0.49371099999999407,1.00012700000001,0.9968330000000105,0.109817
195,1.1997008977245733,0.09599299999999994,0.7416180000000037,0.9880150000000112,0.9438130000000087,0.016132999999999977,0.9979480000000116,0.7972430000000056,0.9996350000000118,0.8592130000000068,0.8884910000000055,0.0,0.876158000000007,0.49475799999999315,1.0001020000000114,0.9967940000000128,0.10851499999999989
196,1.2018459629297178,0.09462799999999989,0.7459780000000042,0.9881180000000083,0.9425160000000067,0.015828999999999992,0.9983620000000082,0.7993510000000059,0.9997910000000084,0.8641110000000053,0.8892610000000045,0.0,0.880552000000004,0.49787399999999304,1.0001260000000085,0.9968700000000096,0.10856899999999992
197,1.2047388061624997,0.09554099999999999,0.7498760000000033,0.9870680000000108,0.9467290000000076,0.015002999999999983,0.9985920000000105,0.7989750000000049,0.9997350000000107,0.8646010000000071,0.8918220000000058,0.0,0.8822600000000075,0.495604999999993,1.0001110000000106,0.9965110000000115,0.11178299999999991
198,1.2050255339983775,0.09196799999999986,0.7583560000000025,0.9878550000000099,0.9466270000000077,0.015065000000000002,0.9987820000000104,0.8062580000000051,0.9998870000000104,0.869883000000004,0.8925580000000056,0.0,0.8841810000000052,0.49954599999999394,1.0000870000000102,0.9969310000000126,0.11649899999999994
199,1.207056002023176,0.09140899999999993,0.7543840000000019,0.9876810000000085,0.9482030000000056,0.014526999999999991,0.9986450000000088,0.8031340000000031,0.9999790000000088,0.8666060000000038,0.8943230000000049,0.0,0.8840220000000044,0.4983049999999953,1.000113000000009,0.9967950000000099,0.116822
200,1.208489984553589,0.09355400000000003,0.7537530000000027,0.9857510000000099,0.9482660000000085,0.014824999999999991,0.9983030000000103,0.8034540000000034,1.0001050000000105,0.8674630000000065,0.8900970000000067,0.0,0.8789310000000065,0.5016399999999942,1.0001050000000105,0.9967070000000112,0.11616399999999998
