,PopRatio,Diff_KC,Fibroblast,ILC3,M1,M2,Neutrophil,Prol_KC,Th0,Th1,Th17,Th2,Th22,Treg,iDC,pDC,preDiff_KC
0,1.0,0.00021999999999999998,0.0,0.0,0.0,0.0,0.0,0.0,0.0,0.0,0.0,0.0,0.0,0.16618999999999998,0.0,0.0,0.0
1,1.000005,0.0015840000000000001,0.0,0.0,4.6e-05,0.0,0.0,0.0,0.0,0.0,0.0,0.0,0.0,0.127921,6.500000000000001e-05,6.6e-05,0.0
2,1.0000050000000003,0.0023750000000000004,0.0,0.0,0.000134,0.0,0.0,0.0,0.0,0.0,0.0,0.0,0.0,0.12431999999999999,0.0008080000000000001,0.0008000000000000001,0.0
3,1.0000080000150002,0.0030069999999999993,0.0,0.0,0.000134,0.0,0.0,0.0,0.0,0.0,0.0,0.0,0.0,0.13173600000000008,0.0040999999999999995,0.0041010000000000005,0.0
4,1.0000110000390006,0.00387,0.0,0.0,0.00036100000000000005,0.0,9.2e-05,0.0,0.0,0.0,0.0,0.0,0.0,0.14602399999999996,0.012247000000000001,0.012266999999999995,0.0
5,1.000013000061001,0.005303,0.0,0.0,0.000587,0.0,0.0007130000000000001,0.0,0.0,0.0,0.0,0.0,0.0,0.16106700000000002,0.026167999999999997,0.026151000000000004,0.0
6,1.000014000074001,0.005700000000000001,0.0,0.0,0.002235000000000001,0.0,0.0025140000000000006,0.0,0.0,0.0,0.0,0.0,0.0,0.17911100000000027,0.04338399999999993,0.04336499999999993,0.0
7,1.0000170001160027,0.006793,0.0,0.0,0.004365,0.0,0.004033,0.0,0.0,0.0,0.0,0.0,0.0,0.19171900000000033,0.07184800000000004,0.071865,0.0
8,1.0000400005070076,0.007336,0.0,0.0,0.006845000000000003,0.0,0.007512000000000004,0.0,0.0,0.0,0.0,0.0,0.0,0.20787600000000012,0.09778900000000001,0.09796900000000001,0.0
9,1.0000760019470274,0.008568,0.0,0.0,0.008987000000000007,0.0,0.009348999999999998,0.0,0.0,0.0,0.0,0.0,0.0,0.2220060000000003,0.12913000000000005,0.12911,0.0
10,1.0001360065071445,0.009070999999999997,0.0,0.0,0.014223999999999978,0.0,0.014924999999999996,0.0,0.0,0.0,0.0,0.0,0.0,0.2361900000000003,0.16802400000000056,0.16801000000000052,0.0
11,1.0001830128994555,0.010406000000000002,0.0,0.0,0.01907999999999999,0.0,0.020559999999999988,0.0,0.0,0.0,0.0,0.0,0.0,0.25018100000000026,0.20411700000000052,0.2041260000000005,0.0
12,1.0002590268084435,0.011659999999999993,0.0,0.0,0.026462000000000048,0.0,0.02790400000000004,0.0,0.000106,0.0,0.0,0.0,0.0,0.26493399999999984,0.24790100000000215,0.24769900000000217,0.0
13,1.0003400477896216,0.012292999999999983,0.0,0.0,0.03591500000000002,0.0,0.03449700000000006,0.0,0.000267,0.0,0.0,0.0,0.0,0.27739399999999836,0.29837099999999805,0.2982349999999981,0.0
14,1.0004740933560288,0.012749000000000002,0.0,0.0,0.04473699999999998,0.0,0.04497599999999993,0.0,0.000138,0.0,0.0,0.0,0.0,0.2987969999999984,0.35086199999999684,0.35061799999999677,0.0
15,1.0006171611513823,0.014824000000000004,0.0,0.0,0.052457999999999894,0.0,0.054808999999999865,0.0,0.00041999999999999996,0.0,0.0,0.0,0.0,0.3090050000000002,0.39269299999999585,0.39218099999999606,0.0
16,1.00079827285756,0.017863999999999998,0.0,0.0,0.06653499999999977,0.0,0.06623999999999994,0.0,0.000268,0.0,0.0,0.0,0.0,0.31934300000000043,0.4370279999999922,0.43638499999999225,0.0
17,1.0010234524689683,0.02025500000000003,0.0,0.0,0.07905299999999964,0.0,0.07555299999999981,0.0,0.00039000000000000005,0.0,0.0,0.0,0.0,0.33216799999999685,0.47858699999999216,0.47765099999999266,0.0
18,1.0013047400591215,0.021115000000000033,0.0,0.0,0.09150999999999963,0.0,0.08582099999999956,0.0,0.0008579999999999999,0.0,0.0,0.0,0.0,0.33771399999999696,0.5163559999999969,0.5158899999999971,0.0
19,1.0016451836707587,0.023083000000000017,0.0,0.0,0.10568899999999923,0.0,0.10348899999999936,0.0,0.0013930000000000001,0.0,0.0,0.0,0.0,0.3508519999999964,0.5518940000000024,0.5512880000000021,0.0
20,1.002034823647232,0.024530000000000045,0.0,0.0,0.11857499999999935,0.0,0.11847699999999922,0.0,0.0027810000000000005,0.0,0.0,0.0,0.0,0.357967999999996,0.5867960000000086,0.5854780000000079,0.0
21,1.002468704725899,0.02601400000000005,0.0,0.0,0.1336459999999996,0.0,0.13261799999999987,0.0,0.0041140000000000005,0.0,0.0,0.0,0.0,0.3730709999999933,0.6221190000000176,0.6198900000000177,0.0
22,1.0029107934247175,0.027148000000000005,0.0,0.0,0.14733100000000118,0.0,0.14645000000000075,0.0,0.005632000000000004,0.0,0.0,0.0,0.0,0.38257099999999256,0.6599150000000249,0.6569590000000239,0.0
23,1.0034503594316206,0.0315080000000001,0.0,0.0,0.1620300000000017,0.0,0.1630540000000022,8e-06,0.007574000000000009,0.0,0.0,0.0,0.0,0.39748099999999137,0.6909580000000197,0.6874150000000192,0.0
24,1.003975163969638,0.03025600000000008,0.0,0.0,0.17777900000000224,0.0,0.18009900000000242,6.7e-05,0.010294999999999995,0.0,0.0,0.0,0.0,0.4052719999999912,0.7176430000000201,0.7125220000000198,0.0
25,1.0047020419883925,0.031839000000000055,0.0,0.0,0.1939840000000034,0.0,0.1991850000000041,2.3e-05,0.01441799999999997,0.0,0.0,0.0,0.0,0.40909899999998617,0.7470910000000309,0.7419800000000311,0.0
26,1.0054897283893631,0.033696000000000045,0.0,0.0,0.21458500000000424,0.0,0.21482600000000457,3.9e-05,0.018022000000000007,0.0,0.0,0.0,0.0,0.41605799999999427,0.7767390000000316,0.7708400000000313,0.0
27,1.0062719993980997,0.03345200000000007,0.0,0.0,0.2367570000000061,0.0,0.22979900000000617,6.7e-05,0.024139000000000046,0.0,0.0,0.0,0.0,0.4319519999999892,0.7996840000000396,0.7927080000000385,0.0
28,1.0071162616056406,0.035585000000000026,0.0,2.5e-05,0.25025700000000556,0.0,0.24873400000000664,0.000171,0.029143000000000065,0.0,0.0,0.0,0.0,0.4423329999999912,0.8171490000000424,0.80945400000004,0.0
29,1.0080891359144097,0.036959,0.0,0.0,0.26471300000000386,0.0,0.2649050000000054,0.000416,0.03496900000000009,0.0,0.0,0.0,0.0,0.4473849999999854,0.8375780000000446,0.828890000000044,0.0
30,1.0090054889390137,0.03894399999999998,0.0,4.7e-05,0.2805790000000006,0.0,0.2821780000000022,0.0007350000000000001,0.040519000000000034,0.0,0.0,0.0,0.0,0.45233299999998794,0.8558760000000398,0.84660500000004,0.0
31,1.0100225664719158,0.03902299999999994,0.0,0.00031800000000000003,0.29049100000000166,0.0,0.30690499999999715,0.00043000000000000004,0.04475700000000003,0.0,0.0,0.0,0.0,0.4682219999999801,0.8710990000000576,0.8591560000000573,0.0
32,1.011100260550412,0.03958899999999999,0.0,0.0009649999999999998,0.3117299999999975,0.0,0.32556999999999614,0.0004940000000000001,0.052100999999999974,0.0,0.0,0.0,0.0,0.4828939999999815,0.8861720000000486,0.8749590000000478,0.0
33,1.0121780934282176,0.043633000000000005,0.0,0.0020120000000000003,0.32425599999999927,0.0,0.3441489999999946,0.001,0.060967999999999814,0.0,0.0,0.0,0.0,0.48801599999998235,0.8985380000000559,0.8860620000000551,0.0
34,1.0132611239882456,0.04307299999999997,0.0,0.0024900000000000005,0.3376849999999953,0.0,0.35190799999999267,0.001559,0.07129499999999978,0.0,0.0,0.0,0.0,0.4941469999999847,0.905275000000058,0.8937140000000557,0.0
35,1.0144304273253908,0.041305999999999954,0.0,0.0036859999999999996,0.34860999999999476,0.0,0.37475999999999193,0.0026120000000000006,0.08586999999999938,0.0,0.0,0.0,0.0,0.5012239999999809,0.9160890000000642,0.903248000000063,0.0
36,1.015596007886457,0.042947999999999924,0.0,0.005462000000000006,0.3582539999999945,0.0,0.3866129999999895,0.002866000000000002,0.0995009999999994,0.0,0.0,0.0,0.0,0.5042079999999795,0.9259210000000522,0.9119250000000513,6.7e-05
37,1.01671113230318,0.04613399999999994,0.0,0.0076840000000000085,0.3721789999999923,0.0,0.41109799999998564,0.004358,0.10984799999999911,0.0,9.9e-05,0.0,0.0,0.5111039999999836,0.9371020000000497,0.9242830000000496,0.000134
38,1.0177390272579934,0.04681299999999995,0.0,0.012274999999999989,0.38745899999998695,0.0,0.4340469999999829,0.006546000000000006,0.12287299999999897,0.0,0.000133,0.0,0.000112,0.5149059999999854,0.9453550000000526,0.9306910000000518,0.000468
39,1.018890090097884,0.04415099999999995,0.0,0.018327999999999994,0.4042569999999888,0.0,0.4572319999999828,0.007028000000000009,0.13760499999999984,0.000185,6.7e-05,0.0,0.000201,0.5265909999999863,0.9504260000000585,0.9373900000000605,0.0006670000000000001
40,1.0200159636475106,0.04507899999999997,0.0,0.022644000000000043,0.41762499999998454,0.0,0.4716409999999801,0.008915000000000008,0.14647600000000058,0.00026700000000000004,0.00028500000000000004,0.0,0.00027700000000000007,0.5342419999999883,0.9571010000000534,0.944230000000054,0.0007180000000000002
41,1.0212359027400884,0.04639000000000007,0.0,0.030503000000000058,0.4361709999999838,0.0,0.4862799999999766,0.011795999999999997,0.16474900000000128,0.00042500000000000003,0.000366,0.0,0.00046699999999999997,0.537499999999987,0.9614950000000662,0.947899000000065,0.0010409999999999998
42,1.0223674321203964,0.04759200000000002,0.0,0.037368999999999986,0.46407299999998014,0.0,0.5057819999999769,0.014534999999999985,0.18125500000000289,0.000473,0.0007170000000000001,0.0,0.000616,0.5424079999999916,0.9669600000000603,0.9534640000000584,0.0014479999999999999
43,1.0235298638907817,0.05043899999999995,0.0,0.043012999999999905,0.4809529999999809,0.0,0.5256619999999826,0.01630599999999998,0.19087300000000318,0.000402,0.000777,0.0,0.0008560000000000002,0.5479319999999919,0.9713240000000586,0.957904000000059,0.000997
44,1.0245984290687455,0.048073999999999985,0.0,0.051214,0.4935289999999808,0.0,0.5377399999999843,0.016811999999999966,0.20932800000000357,0.0006510000000000001,0.0011499999999999998,0.0,0.0012360000000000001,0.5581349999999946,0.9763970000000594,0.9621230000000578,0.001002
45,1.0259785631527654,0.045401999999999956,0.0,0.06278999999999985,0.5071059999999795,0.0,0.5493679999999882,0.019642999999999994,0.22191000000000471,0.001286,0.001922,0.0,0.0016560000000000004,0.5593929999999906,0.9781580000000621,0.9656820000000612,0.001276
46,1.0270609705369562,0.0432829999999999,6.7e-05,0.07708399999999976,0.522571999999984,6.7e-05,0.567403999999991,0.021686000000000018,0.23397700000000554,0.00151,0.0019890000000000003,0.0,0.002143,0.5566939999999941,0.9812240000000539,0.9691330000000536,0.001219
47,1.0280181913615551,0.04874599999999989,0.000134,0.0898129999999995,0.5348879999999857,6.6e-05,0.5787989999999944,0.02439100000000006,0.25170000000000575,0.0015240000000000004,0.0034460000000000003,0.0,0.0024920000000000003,0.5597319999999948,0.9827410000000588,0.9712590000000608,0.001537
48,1.029008172879899,0.04657199999999998,0.00010200000000000001,0.1034539999999996,0.5481609999999907,6.699999999999999e-05,0.5940319999999955,0.027675000000000068,0.26376900000000375,0.0021270000000000004,0.004679000000000004,0.0,0.0032780000000000014,0.5587439999999937,0.9860360000000574,0.9745450000000588,0.0017440000000000003
49,1.0300670222898531,0.048042999999999926,0.000134,0.11925099999999918,0.5622319999999905,0.000201,0.6057150000000019,0.03403300000000011,0.27919200000000016,0.0035329999999999997,0.006282000000000004,0.0,0.0043390000000000034,0.5640959999999927,0.9876590000000662,0.977461000000065,0.002337
50,1.0312454189634217,0.05183099999999997,0.0,0.13509499999999955,0.5720949999999918,0.00026500000000000004,0.6198500000000009,0.036644000000000045,0.29993399999999765,0.00404,0.009063000000000009,0.0,0.005926000000000004,0.5606249999999906,0.9886580000000573,0.9792090000000595,0.001998
51,1.0323189454446227,0.050067999999999925,0.000147,0.15145600000000098,0.5853859999999993,0.000133,0.6327480000000041,0.03928100000000001,0.31670899999999513,0.004905999999999998,0.010698999999999997,0.0,0.006759000000000006,0.5586559999999933,0.9918020000000528,0.9822330000000552,0.001539
52,1.0334534639657225,0.05143199999999983,9.9e-05,0.16778100000000218,0.5999230000000028,0.0,0.6443660000000035,0.04385799999999999,0.33240399999999437,0.007600000000000008,0.010298999999999996,0.0,0.009097000000000004,0.5658549999999953,0.9927340000000617,0.9833190000000629,0.0012040000000000002
53,1.0345840620553641,0.05113599999999999,0.000134,0.18651300000000257,0.6131880000000044,0.0,0.6597380000000104,0.04705999999999995,0.34448899999999316,0.007966000000000008,0.010192999999999994,0.0,0.011219999999999994,0.565659999999995,0.9939290000000652,0.9854560000000667,0.001735
54,1.0357231391077555,0.05248699999999976,0.000407,0.20622700000000374,0.6208850000000024,0.0,0.674784000000018,0.05143599999999991,0.3622339999999902,0.008783999999999995,0.01226399999999999,0.0,0.013318999999999982,0.5674639999999936,0.995917000000066,0.9886330000000689,0.001522
55,1.0367474692924021,0.05239199999999997,0.000883,0.23095000000000576,0.6338760000000069,0.0,0.6819250000000103,0.05637399999999991,0.3766759999999899,0.010466999999999988,0.014083999999999977,0.0,0.015589999999999972,0.5690099999999921,0.9963900000000608,0.9893970000000644,0.0012699999999999999
56,1.03772304866107,0.05290999999999981,0.000537,0.2498990000000052,0.6439910000000101,6.599999999999999e-05,0.6899780000000152,0.06183099999999978,0.38814499999998914,0.011841999999999998,0.01645499999999998,0.0,0.016929999999999976,0.5744289999999953,0.9974280000000594,0.9907910000000616,0.0010710000000000001
57,1.0387669980480851,0.052992999999999985,0.000267,0.26883500000000327,0.6587630000000068,6.7e-05,0.6977790000000126,0.06498499999999977,0.40584299999998796,0.013918999999999987,0.018778000000000003,0.0,0.019736000000000024,0.5729689999999964,0.998329000000058,0.9919420000000599,0.000999
58,1.0397527879292934,0.05236499999999993,0.000378,0.2897939999999995,0.6714050000000114,0.00010899999999999999,0.7091000000000188,0.06913599999999973,0.42063899999998733,0.016491999999999982,0.02042499999999999,0.0,0.02185099999999999,0.5747819999999968,0.9986180000000624,0.9922220000000666,0.001304
59,1.0407571891224983,0.053835999999999926,0.000778,0.31059399999999776,0.6796230000000146,0.000126,0.7118180000000193,0.07273799999999993,0.43742499999998624,0.01771499999999999,0.024493000000000032,0.0,0.02655400000000005,0.5775269999999971,0.9993860000000573,0.9930960000000602,0.0011359999999999999
60,1.0418666362861626,0.05634599999999998,0.0008230000000000001,0.3259399999999946,0.6838170000000139,0.00035200000000000005,0.7262360000000245,0.07556599999999984,0.44774099999998435,0.02089500000000002,0.02797500000000004,0.0,0.029204000000000067,0.5808699999999981,0.9991590000000526,0.9931700000000551,0.0008330000000000002
61,1.0427022133285189,0.05493699999999992,0.0008590000000000001,0.339731999999995,0.6903030000000123,0.0009620000000000001,0.7367900000000217,0.08075299999999969,0.45594999999998287,0.02262200000000005,0.03011500000000004,0.0,0.03223000000000006,0.5752159999999955,0.999155000000053,0.9934590000000574,0.000802
62,1.0436396026183572,0.05738799999999985,0.0010860000000000002,0.3565189999999931,0.6997420000000143,0.0011600000000000002,0.7396730000000251,0.08620299999999971,0.4701359999999832,0.02502700000000003,0.03508200000000002,0.0,0.038890000000000036,0.5822979999999987,0.9995530000000534,0.9943810000000564,0.001279
63,1.0446216674844766,0.05766199999999995,0.0015240000000000002,0.37278499999999126,0.7067210000000088,0.0010600000000000002,0.7531730000000199,0.0922839999999994,0.4763549999999843,0.025891000000000042,0.03826600000000003,0.0,0.04092499999999997,0.5827869999999936,0.9997380000000481,0.994032000000051,0.0013290000000000003
64,1.045598388743625,0.05803699999999984,0.0022850000000000006,0.3932049999999888,0.7142720000000167,0.0013640000000000004,0.759820000000023,0.09851599999999962,0.49117999999997997,0.02732600000000006,0.04383700000000001,0.0,0.04620999999999999,0.5833939999999982,1.0000630000000492,0.9949320000000531,0.001986000000000001
65,1.0465394272935453,0.05431399999999989,0.0028550000000000008,0.41537099999998656,0.7212810000000116,0.0011710000000000002,0.7696090000000205,0.10684599999999944,0.5043029999999806,0.03148800000000007,0.050733999999999946,0.0,0.053657999999999983,0.5830059999999972,0.9999120000000532,0.9952100000000564,0.002698
66,1.047338983416053,0.052653999999999965,0.002793000000000001,0.4319479999999867,0.7242440000000174,0.0010859999999999995,0.7727630000000215,0.1055389999999995,0.5287919999999836,0.035642000000000035,0.06006099999999979,0.0,0.06120799999999984,0.5869489999999996,1.00023900000005,0.9958300000000543,0.0023699999999999993
67,1.0482857778571126,0.054164999999999956,0.0025080000000000007,0.4458459999999826,0.728400000000019,0.0014709999999999997,0.7813600000000273,0.11369499999999927,0.537603999999986,0.03759600000000003,0.06110099999999994,0.0,0.06465599999999981,0.5911859999999969,1.000070000000054,0.9958780000000566,0.0021520000000000003
68,1.049081426762562,0.0593429999999999,0.0034030000000000015,0.46240499999998247,0.7322650000000238,0.001645,0.7913480000000332,0.11675099999999954,0.549933999999994,0.040094000000000025,0.06518399999999977,0.0,0.0696519999999997,0.5902200000000007,0.999953000000051,0.9962790000000521,0.0023380000000000015
69,1.049794802132815,0.06278699999999987,0.004294000000000002,0.4784239999999825,0.7405130000000215,0.0016020000000000003,0.7970670000000296,0.1226809999999992,0.5543509999999925,0.04490100000000003,0.07167599999999973,0.0,0.07831699999999969,0.589600999999997,1.0000680000000488,0.9962130000000521,0.0030019999999999995
70,1.0508529952934156,0.061617999999999944,0.004424,0.48737199999998176,0.7425040000000204,0.0019470000000000002,0.8054240000000322,0.1275499999999996,0.5700909999999931,0.04992599999999996,0.08283599999999974,0.0,0.08566599999999966,0.590853999999998,0.9999320000000469,0.9960980000000496,0.003262
71,1.051556015947315,0.0636159999999999,0.006450999999999999,0.4929809999999827,0.7445190000000252,0.001968,0.8127690000000306,0.138307,0.581281999999999,0.05123599999999991,0.08599999999999962,0.0,0.0906049999999995,0.5886210000000006,0.9999990000000523,0.996077000000055,0.0030090000000000013
72,1.052607571963318,0.06543599999999984,0.005871000000000001,0.5125089999999832,0.7483660000000217,0.0028339999999999997,0.8205950000000322,0.1425160000000003,0.5916110000000009,0.05576599999999985,0.0905489999999995,0.0,0.0952019999999994,0.5930509999999974,1.0001920000000535,0.9968230000000555,0.002570000000000001
73,1.0534001854650612,0.06867999999999988,0.008030000000000002,0.5267469999999916,0.752336000000022,0.0035070000000000014,0.8203710000000306,0.15595700000000146,0.604105000000003,0.06372099999999985,0.10108299999999935,0.0,0.1035329999999996,0.593514000000002,0.9997800000000499,0.9962930000000514,0.0025300000000000014
74,1.0539247787574748,0.07087499999999983,0.008927000000000004,0.5467219999999904,0.756376000000025,0.003381000000000001,0.8271000000000293,0.16171300000000152,0.6178130000000025,0.06983599999999976,0.11455399999999946,0.0,0.11343999999999939,0.598324000000001,0.9998350000000457,0.9960760000000497,0.0028480000000000007
75,1.0545539718504409,0.07289899999999976,0.010786999999999988,0.5534839999999962,0.7619290000000248,0.0033640000000000002,0.8368250000000327,0.16737300000000227,0.6234450000000056,0.07635899999999972,0.11683099999999934,0.0,0.11947299999999944,0.6007210000000053,0.9997950000000491,0.9964390000000517,0.003321
76,1.055418706107409,0.072866,0.012269999999999988,0.5648139999999947,0.7659950000000227,0.00459,0.8439910000000328,0.17297100000000226,0.6302750000000071,0.07877799999999971,0.1246499999999993,0.0,0.12793099999999957,0.5939689999999976,1.0000700000000475,0.99679400000005,0.0029749999999999993
77,1.0559210854115657,0.07557499999999973,0.013957999999999991,0.5837300000000001,0.7653960000000222,0.006268000000000002,0.8516340000000284,0.17974200000000198,0.6402360000000058,0.08580799999999966,0.13434899999999997,0.0,0.14271400000000012,0.595504000000002,0.9998770000000494,0.9964560000000532,0.003452
78,1.0563983617422235,0.07852299999999975,0.014417999999999983,0.5922800000000029,0.7684300000000204,0.0064110000000000035,0.8538780000000328,0.1854980000000029,0.652577000000013,0.09180799999999958,0.14082800000000026,0.0,0.15016200000000107,0.590785000000004,0.999855000000046,0.9959610000000486,0.0034019999999999988
79,1.0571219946200652,0.0804219999999998,0.016448999999999984,0.6051190000000022,0.7741980000000213,0.007051000000000007,0.8594580000000294,0.19280700000000278,0.6662530000000065,0.09824599999999965,0.14906400000000092,0.0,0.15743500000000096,0.5957519999999986,1.0000900000000412,0.9957090000000446,0.004887999999999999
80,1.0579613494838376,0.08333899999999972,0.01759900000000001,0.6226840000000039,0.7772770000000271,0.0070210000000000055,0.8649940000000366,0.19799400000000303,0.6739160000000124,0.11182799999999934,0.1586210000000015,0.0,0.16920900000000155,0.5951129999999984,1.0003060000000532,0.9957920000000571,0.004268
81,1.0589494853843102,0.08461399999999963,0.02188000000000002,0.6278260000000062,0.7767470000000236,0.008021000000000006,0.8696130000000344,0.20770700000000328,0.6878110000000096,0.1196149999999994,0.16687900000000186,0.0,0.17006300000000163,0.5906740000000018,1.000522000000043,0.9962260000000447,0.0038270000000000005
82,1.0594471916424861,0.0835999999999998,0.02338500000000003,0.637849000000005,0.7745360000000272,0.009285,0.8735600000000354,0.21015100000000372,0.6968660000000159,0.12848399999999946,0.17750900000000192,0.0,0.17939200000000202,0.5932849999999964,1.0005060000000434,0.996376000000049,0.0034890000000000008
83,1.0605924540566969,0.08467299999999983,0.025080000000000026,0.6471430000000069,0.7701920000000186,0.011002,0.8796720000000321,0.2211820000000039,0.7021550000000131,0.12891799999999978,0.18027400000000235,0.0,0.18090400000000179,0.6046600000000053,1.000424000000042,0.9966980000000439,0.0036400000000000013
84,1.0610591147365263,0.08536299999999968,0.02647900000000007,0.6592150000000092,0.7726930000000249,0.011930999999999988,0.8785200000000315,0.2286920000000041,0.7049260000000176,0.13745200000000005,0.18772100000000255,0.0,0.18712700000000257,0.6089770000000071,1.0005800000000395,0.996770000000043,0.0029490000000000002
85,1.0620416554768142,0.08650299999999975,0.030730000000000066,0.6683790000000147,0.7684420000000272,0.013467999999999985,0.8809390000000356,0.23267200000000426,0.7073380000000202,0.14518700000000082,0.1918210000000026,0.0,0.18382200000000293,0.6110770000000072,1.0006140000000474,0.9972860000000512,0.003084
86,1.0628445589684046,0.08546899999999971,0.03152000000000006,0.6730970000000103,0.7668500000000179,0.014942999999999982,0.8827640000000306,0.2352530000000043,0.7202700000000137,0.14743000000000098,0.1954740000000024,0.0,0.19191800000000264,0.6101290000000027,1.0005720000000473,0.9974520000000514,0.004200999999999999
87,1.0636300010975321,0.08871999999999967,0.03469300000000004,0.6882250000000146,0.7652500000000185,0.01472599999999998,0.88632700000003,0.2469470000000037,0.7300610000000171,0.15772400000000097,0.2073200000000027,0.0,0.2055330000000026,0.6106380000000033,1.0006140000000425,0.9976540000000461,0.004681000000000002
88,1.0644319781184042,0.08799299999999972,0.03733500000000002,0.6944390000000139,0.763167000000024,0.014423999999999984,0.8884250000000328,0.25779600000000436,0.7418050000000184,0.16724400000000167,0.212160000000003,0.0,0.21662200000000342,0.6154930000000046,1.0006660000000431,0.9973420000000474,0.004901000000000001
89,1.0649248101243187,0.0847249999999998,0.04318799999999999,0.7005560000000135,0.7614020000000168,0.01472399999999999,0.889743000000031,0.2620360000000032,0.749336000000018,0.17283100000000176,0.21821100000000346,0.0,0.22130900000000345,0.6148110000000048,1.0006170000000436,0.9971460000000477,0.005821000000000003
90,1.0654902851985406,0.08572699999999994,0.043595999999999954,0.7105570000000184,0.7638540000000225,0.015035999999999976,0.895886000000038,0.26748800000000283,0.7629980000000273,0.18075700000000214,0.22647200000000375,0.0,0.23114200000000407,0.6109880000000044,1.0006060000000434,0.9971910000000475,0.006564000000000006
91,1.0664758637123948,0.08792899999999981,0.04724099999999997,0.7214890000000094,0.7620150000000097,0.017286999999999997,0.8978510000000245,0.2710640000000038,0.7690020000000102,0.18750500000000206,0.23311400000000373,0.0,0.24142800000000436,0.6127250000000022,1.0005510000000313,0.9973290000000357,0.007913000000000005
92,1.0672501251894828,0.08220199999999965,0.05044499999999993,0.7274230000000184,0.7585680000000219,0.017328000000000017,0.900600000000029,0.27656400000000225,0.7790250000000232,0.19951000000000269,0.2439570000000038,0.0,0.25187200000000354,0.6133620000000053,1.000557000000037,0.9976480000000394,0.007612999999999998
93,1.0680228142801595,0.08441799999999973,0.059319999999999845,0.7382640000000229,0.7575150000000228,0.017287000000000007,0.9023650000000344,0.28813800000000095,0.7865590000000284,0.20724600000000323,0.2545230000000026,0.0,0.2645130000000013,0.6108840000000024,1.0005840000000457,0.9972420000000471,0.007890000000000001
94,1.0690427760678456,0.08666799999999977,0.06854599999999988,0.7485460000000225,0.7590870000000226,0.017398,0.9063520000000335,0.30393399999999715,0.7922820000000261,0.21425100000000338,0.2621240000000021,0.0,0.27540200000000037,0.6080140000000063,1.0005800000000409,0.9974360000000453,0.008747999999999995
95,1.0699129768876074,0.08880999999999986,0.07645299999999995,0.7582890000000211,0.7634500000000192,0.018152999999999992,0.9097680000000313,0.3157419999999943,0.792798000000023,0.22171100000000393,0.26725400000000116,0.0,0.2815209999999981,0.6129600000000031,1.0005450000000384,0.9972170000000414,0.010313999999999988
96,1.0701430081776793,0.08826099999999992,0.07880199999999969,0.7630430000000217,0.768455000000017,0.017245,0.9116670000000362,0.3223099999999958,0.7985640000000268,0.2322320000000036,0.2780820000000015,0.0,0.28514399999999995,0.6142260000000036,1.0005360000000456,0.9975540000000491,0.010190999999999992
97,1.071216361614929,0.08794099999999971,0.0862669999999997,0.768351000000019,0.772406000000016,0.017498000000000014,0.9143910000000307,0.33034999999999476,0.8011640000000221,0.24202000000000334,0.2886789999999989,0.0,0.29659099999999866,0.6143340000000048,1.0005170000000363,0.9973370000000407,0.011066999999999987
98,1.0724482604308245,0.08399599999999992,0.09423299999999972,0.7753920000000235,0.7721500000000204,0.018346999999999995,0.914902000000038,0.33844099999999244,0.8153160000000327,0.2462350000000043,0.2962499999999968,0.0,0.30642599999999587,0.6186580000000025,1.000570000000045,0.9973260000000471,0.01222699999999998
99,1.0734038118309162,0.08646399999999958,0.09901699999999974,0.7831050000000276,0.7736400000000242,0.019967000000000006,0.9126330000000351,0.34189399999999304,0.8208900000000289,0.25537900000000296,0.30304499999999757,0.0,0.3121769999999951,0.6181840000000055,1.00050000000004,0.9972150000000436,0.011877999999999988
100,1.0745888496392209,0.08896199999999989,0.10543699999999975,0.7861720000000226,0.7763590000000198,0.018788999999999986,0.9183460000000288,0.350265999999991,0.829922000000028,0.2650750000000016,0.31503999999999477,0.0,0.32156699999999383,0.6177430000000067,1.0005260000000347,0.9972740000000383,0.013308999999999986
101,1.0751884702173564,0.08825599999999971,0.11414599999999953,0.7989610000000232,0.7808440000000169,0.018466000000000007,0.9290650000000307,0.3657439999999911,0.8387600000000257,0.27678,0.3236669999999959,0.0,0.3350399999999951,0.6132410000000031,1.0005830000000377,0.9970510000000415,0.013786999999999987
102,1.0761206586210756,0.09061199999999975,0.1152559999999996,0.8087550000000251,0.7818490000000171,0.018878,0.9318600000000326,0.37140799999999025,0.8375260000000282,0.2871099999999985,0.33637699999999426,0.0,0.34636299999999326,0.6116800000000027,1.0005340000000391,0.9972390000000425,0.014897999999999974
103,1.0767448086031175,0.09259699999999983,0.12326699999999945,0.8138540000000235,0.7820990000000201,0.020621,0.9336370000000321,0.37503999999998877,0.8461300000000272,0.29615099999999783,0.3410429999999918,0.0,0.35990799999999146,0.6056440000000018,1.0005500000000391,0.997044000000042,0.015443999999999982
104,1.0777429510407344,0.0917129999999996,0.13186999999999988,0.818146000000027,0.7784420000000228,0.022392000000000013,0.9338510000000355,0.37575199999998893,0.8452160000000308,0.29983599999999605,0.3429289999999928,0.0,0.3626329999999914,0.6041660000000075,1.0005440000000405,0.9971900000000431,0.01483099999999997
105,1.0787808175026297,0.09172399999999988,0.14032500000000017,0.824843000000028,0.7847050000000224,0.022663000000000003,0.9383830000000344,0.378613999999992,0.850674000000032,0.3109379999999969,0.35699699999999274,0.0,0.37336399999999226,0.6025040000000051,1.000575000000038,0.9971910000000411,0.017391999999999987
106,1.0797290658412553,0.08840299999999984,0.1501260000000008,0.8292020000000231,0.7921590000000152,0.023477999999999995,0.9430120000000297,0.39124699999998935,0.859895000000027,0.3162579999999945,0.3646649999999934,0.0,0.3782769999999925,0.5984340000000008,1.000499000000037,0.9972930000000402,0.018960000000000008
107,1.079950410299793,0.08912999999999957,0.15479000000000093,0.8288360000000277,0.7929410000000259,0.024599000000000017,0.9431950000000376,0.3903039999999869,0.8656240000000335,0.32046199999999503,0.367195999999992,0.0,0.38649599999999046,0.5881950000000019,1.0005230000000458,0.9971460000000479,0.018325000000000008
108,1.0801599206794399,0.08994499999999957,0.16392600000000143,0.8445550000000316,0.7925220000000223,0.02636900000000004,0.9445940000000379,0.40039599999998804,0.8693510000000372,0.3371079999999937,0.37445699999999177,0.0,0.4039839999999888,0.5859109999999993,1.0005190000000426,0.9975040000000452,0.01780300000000001
109,1.0815922127343058,0.08950999999999994,0.17000500000000146,0.852717000000023,0.7990710000000156,0.024686000000000034,0.9472720000000278,0.4054299999999885,0.8763360000000239,0.35194499999999174,0.3889159999999912,0.0,0.41505999999998994,0.5801939999999991,1.000512000000032,0.9970430000000362,0.01778700000000001
110,1.0825050765618878,0.08798899999999978,0.17671700000000196,0.8595010000000249,0.8060300000000163,0.023238000000000026,0.9499840000000295,0.4093779999999885,0.8786390000000288,0.3646929999999927,0.3976199999999912,0.0,0.42630699999998983,0.5792720000000037,1.0004750000000346,0.9972170000000392,0.019374000000000006
111,1.0836785120649182,0.08483399999999974,0.18309900000000148,0.8635460000000291,0.8042560000000227,0.025041000000000025,0.9504890000000338,0.4140539999999884,0.8859820000000306,0.3786619999999903,0.40465999999998997,0.0,0.4354409999999886,0.5787020000000006,1.0005260000000384,0.9974060000000433,0.019429999999999992
112,1.084872725785255,0.08698899999999979,0.1947870000000026,0.8635940000000302,0.8023700000000257,0.02679700000000003,0.9533590000000375,0.4271699999999857,0.8928920000000338,0.3897829999999898,0.413834999999989,0.0,0.43681999999998805,0.5877939999999992,1.0004600000000399,0.997176000000042,0.021727000000000017
113,1.0862884846924472,0.08545299999999982,0.20299900000000196,0.87070300000003,0.8007600000000253,0.030298000000000058,0.9558470000000369,0.43501799999998647,0.8937040000000337,0.3964469999999893,0.4219799999999881,0.0,0.4371919999999883,0.5970460000000037,1.000458000000041,0.9971850000000451,0.02396900000000005
114,1.0873334942147652,0.08176099999999964,0.20989000000000277,0.8719630000000305,0.8018300000000275,0.031822000000000045,0.9552630000000344,0.4362109999999864,0.8966430000000329,0.3991289999999896,0.4242799999999893,0.0,0.4402309999999881,0.5926350000000045,1.000460000000038,0.9973320000000417,0.025373000000000027
115,1.0889231757833477,0.08092199999999969,0.2164100000000028,0.8717940000000245,0.804845000000021,0.030487000000000045,0.9557940000000286,0.4435639999999861,0.8990590000000268,0.39872199999999164,0.42563299999999105,0.0,0.4410049999999899,0.5866879999999993,1.0005020000000344,0.9971560000000368,0.026293000000000007
116,1.0901678149733054,0.08219499999999985,0.2277940000000032,0.8751990000000225,0.8057220000000151,0.029807000000000045,0.9560650000000267,0.44907799999998627,0.9002680000000239,0.4105579999999914,0.43700299999998915,0.0,0.4512059999999891,0.590580999999997,1.000493000000029,0.9971120000000361,0.026156000000000033
117,1.0907357924049377,0.08106499999999985,0.2416300000000025,0.8761290000000261,0.8070610000000232,0.030675000000000032,0.9585950000000311,0.4652689999999887,0.9046210000000308,0.4159309999999891,0.4501409999999889,0.0,0.45840399999998926,0.583599999999999,1.0005260000000347,0.9972060000000379,0.027805000000000038
118,1.0913673284287766,0.08339699999999961,0.24999200000000357,0.8820760000000281,0.8106060000000201,0.030241000000000046,0.9579370000000316,0.4733639999999844,0.908211000000029,0.42557899999998816,0.46160299999998716,0.0,0.4711779999999878,0.5933669999999996,1.0004670000000355,0.9969610000000376,0.029357000000000046
119,1.0923037215966065,0.08391699999999976,0.26479900000000134,0.8848980000000272,0.8129350000000208,0.030372000000000045,0.9564080000000289,0.482293999999983,0.9117400000000291,0.4324859999999872,0.46645199999998677,0.0,0.4780579999999861,0.5919120000000041,1.0004480000000333,0.9972680000000365,0.028999000000000046
120,1.0934692096675855,0.08084399999999982,0.2712299999999989,0.8848740000000306,0.8153280000000204,0.030199000000000017,0.9560080000000337,0.48958699999998195,0.9179080000000324,0.44287099999998614,0.4742809999999849,0.0,0.48811599999998506,0.5814040000000016,1.0004620000000377,0.9971490000000418,0.029666000000000074
121,1.0946348478451318,0.08321799999999976,0.27351600000000004,0.8900040000000297,0.8217730000000212,0.03063500000000005,0.9564380000000325,0.4937909999999848,0.9234180000000322,0.4522699999999882,0.48701599999998757,0.0,0.5018199999999878,0.5796740000000025,1.000518000000035,0.9972640000000366,0.029737000000000048
122,1.0957776466263205,0.08568399999999975,0.28812299999999785,0.8924170000000322,0.8217330000000247,0.030117000000000064,0.9575620000000372,0.5015369999999864,0.9262600000000365,0.4679719999999897,0.4990109999999885,0.0,0.5118759999999907,0.5729270000000017,1.0004400000000417,0.9973750000000425,0.032211000000000045
123,1.097304064888115,0.0872319999999997,0.30404499999999723,0.8954720000000282,0.8273350000000229,0.028086000000000014,0.9577860000000296,0.5102539999999901,0.9292340000000285,0.4769029999999883,0.50798499999999,0.0,0.5250829999999906,0.5794679999999991,1.000419000000032,0.9969580000000351,0.032926
124,1.0990619460000999,0.08335899999999975,0.3199879999999977,0.9005490000000288,0.8266230000000173,0.02968300000000003,0.9611090000000312,0.522448999999991,0.9304030000000294,0.480264999999988,0.5090229999999875,0.0,0.5310569999999933,0.5811470000000003,1.0003840000000335,0.997105000000037,0.030784000000000044
125,1.1001511163886217,0.08434099999999974,0.32770499999999547,0.9018750000000297,0.8370190000000238,0.03042000000000004,0.9634970000000295,0.5226799999999918,0.9308860000000286,0.48753199999998675,0.5166699999999913,0.0,0.5305289999999918,0.5794029999999987,1.0004250000000345,0.9974670000000376,0.031275000000000046
126,1.1008981189966862,0.08313699999999995,0.33563199999999704,0.903756000000026,0.8408270000000189,0.02830700000000002,0.9650970000000287,0.523396999999989,0.9319240000000286,0.49636999999998827,0.5266779999999908,0.0,0.540138999999993,0.5754049999999992,1.0004530000000331,0.9973780000000368,0.030884000000000043
127,1.1024702015106487,0.08374399999999982,0.34587699999999505,0.9089730000000261,0.8443540000000185,0.02964300000000004,0.9650130000000302,0.5344779999999923,0.9368510000000279,0.5062609999999905,0.541064999999993,0.0,0.5511619999999948,0.5772959999999997,1.0004140000000323,0.9971840000000344,0.034036000000000045
128,1.1039287695872821,0.08317399999999982,0.35517499999999524,0.9078260000000241,0.8469110000000162,0.030058000000000022,0.9628690000000238,0.5400049999999934,0.9392950000000233,0.5025819999999884,0.5476209999999971,0.0,0.5593869999999974,0.5764949999999996,1.0003780000000277,0.9971440000000297,0.03241400000000004
129,1.1052512762532771,0.0805019999999998,0.3649699999999955,0.9123100000000256,0.8510650000000181,0.02962100000000002,0.9626180000000263,0.5480829999999943,0.9391590000000255,0.5086609999999896,0.5603529999999979,0.0,0.5699429999999965,0.5694579999999977,1.000338000000028,0.9969620000000313,0.03787200000000001
130,1.1066339455998997,0.0784839999999998,0.3730929999999928,0.911900000000024,0.8536390000000202,0.027627000000000033,0.965619000000028,0.5504539999999949,0.9412580000000271,0.5163569999999906,0.5688000000000001,0.0,0.5674069999999998,0.5665539999999978,1.0004220000000292,0.9971730000000314,0.038874000000000034
131,1.1076310227849167,0.08178099999999984,0.37885799999999414,0.9149210000000252,0.8617400000000208,0.027738000000000002,0.9672260000000257,0.5509989999999957,0.9463400000000259,0.5331979999999933,0.581419,0.0,0.5786640000000006,0.5618709999999977,1.000374000000029,0.9970440000000319,0.036639000000000005
132,1.1082900632435047,0.0806199999999999,0.3811799999999938,0.9153700000000241,0.8600790000000194,0.030311000000000043,0.9681820000000252,0.5570830000000007,0.9466030000000248,0.5357179999999986,0.5836870000000034,0.0,0.5827250000000022,0.5662540000000005,1.000364000000027,0.9968890000000306,0.03956299999999998
133,1.109234326377417,0.08012599999999992,0.39390099999999395,0.9183960000000221,0.8609690000000173,0.029316000000000043,0.967832000000023,0.5655269999999996,0.9479140000000232,0.5421529999999951,0.5901279999999979,0.0,0.588369999999998,0.5721960000000003,1.0003310000000247,0.9969640000000275,0.03752900000000001
134,1.1110290675175223,0.08113199999999994,0.4056349999999926,0.9183510000000202,0.8648860000000185,0.028869000000000023,0.9684190000000233,0.5743890000000003,0.9511200000000216,0.5536689999999972,0.5978290000000016,0.0,0.5907550000000014,0.5646329999999954,1.0003590000000253,0.997341000000028,0.04031400000000003
135,1.1121700943698896,0.08231999999999992,0.42104899999999384,0.9169300000000206,0.8639670000000155,0.029079000000000035,0.969117000000022,0.5825619999999999,0.9551150000000213,0.5579929999999971,0.6027050000000009,0.0,0.5936670000000003,0.5653139999999995,1.000315000000025,0.9969870000000278,0.042714999999999975
136,1.1133756867522127,0.08176399999999984,0.4282199999999924,0.9211930000000229,0.8625370000000188,0.02913100000000001,0.9699990000000246,0.5844950000000007,0.9548780000000241,0.5596869999999989,0.6079930000000034,0.0,0.6033500000000048,0.5669670000000001,1.0003310000000267,0.9970640000000298,0.04231899999999999
137,1.1145001961958616,0.08253399999999979,0.4346059999999928,0.9222790000000212,0.8629240000000163,0.029004000000000016,0.9696120000000211,0.5859000000000009,0.9560800000000215,0.5639849999999983,0.6116340000000053,0.0,0.6084230000000042,0.5683950000000018,1.000322000000024,0.9968700000000258,0.041406000000000005
138,1.1150763927973217,0.08041399999999993,0.4379819999999934,0.9245690000000203,0.8667930000000171,0.027785000000000015,0.9702440000000189,0.5907670000000007,0.9547940000000202,0.5662009999999965,0.6196290000000044,0.0,0.6104600000000022,0.5633419999999992,1.0002640000000214,0.9968690000000234,0.04054499999999999
139,1.1159639936060115,0.07907199999999982,0.43947299999999384,0.9282100000000183,0.8657990000000139,0.029019000000000017,0.9711870000000169,0.5936920000000007,0.9537970000000184,0.5645559999999977,0.6204900000000031,0.0,0.6175720000000054,0.5645799999999993,1.0003640000000178,0.9969370000000214,0.04070099999999997
140,1.116989564516155,0.07615999999999978,0.44581199999999366,0.9303080000000226,0.8660870000000173,0.02800500000000003,0.9732900000000236,0.5947230000000057,0.9537120000000233,0.5727809999999988,0.6244200000000032,0.0,0.6256630000000043,0.5652480000000002,1.0003250000000254,0.9970540000000278,0.042842000000000054
141,1.1188973826923763,0.07539199999999988,0.44983699999999244,0.9327320000000201,0.8687440000000153,0.029384000000000018,0.9758830000000202,0.5984790000000033,0.9535490000000211,0.5799100000000003,0.6346780000000052,0.0,0.6323830000000045,0.5595389999999983,1.000290000000023,0.9969150000000265,0.04658699999999997
142,1.1201718068112876,0.07371299999999995,0.4586599999999925,0.934159000000021,0.8679920000000161,0.03139100000000002,0.9752070000000223,0.6066080000000009,0.9553850000000219,0.5874120000000028,0.6427520000000067,0.0,0.6351020000000067,0.5612069999999968,1.000309000000024,0.9969330000000264,0.04691699999999999
143,1.1210332189307517,0.07232299999999987,0.46284399999999387,0.9345300000000185,0.865807000000011,0.03399300000000002,0.9729120000000162,0.6071530000000023,0.9561130000000166,0.5946520000000005,0.6489320000000036,0.0,0.6435950000000032,0.5606089999999958,1.0003320000000175,0.9968370000000225,0.051011000000000015
144,1.1225690344407049,0.07237199999999994,0.4580139999999947,0.9358510000000179,0.863095000000013,0.03507,0.9730140000000193,0.6007200000000048,0.9566150000000188,0.5929980000000049,0.6490220000000048,0.0,0.6474980000000053,0.5540049999999979,1.0002760000000215,0.9969900000000222,0.05330499999999995
145,1.123773551014683,0.07265499999999979,0.4643189999999918,0.9370310000000224,0.8643690000000168,0.035089000000000016,0.9735230000000239,0.6083829999999995,0.9586600000000237,0.6006499999999994,0.6462350000000019,0.0,0.6495320000000031,0.5581339999999959,1.0002710000000263,0.9970910000000278,0.05176799999999999
146,1.1254580875676827,0.07178899999999987,0.4728559999999931,0.9415130000000212,0.8657330000000151,0.03548700000000004,0.9726370000000217,0.6147410000000039,0.9594500000000217,0.6096980000000013,0.6494830000000033,0.0,0.6547360000000045,0.5515459999999961,1.000271000000023,0.9969390000000259,0.05458099999999999
147,1.125957790958588,0.07236399999999987,0.483202999999992,0.9443370000000159,0.8720350000000113,0.03448300000000002,0.9723900000000177,0.6180910000000043,0.9571490000000165,0.6183310000000026,0.6572120000000055,0.0,0.656070000000003,0.5491099999999979,1.0002570000000186,0.9967790000000222,0.05395699999999998
148,1.1266626405357476,0.070681,0.48691999999999314,0.9476500000000172,0.8709270000000139,0.03751700000000001,0.971121000000017,0.6166220000000062,0.9570460000000172,0.6234860000000045,0.6536670000000063,0.0,0.6699790000000085,0.5484469999999999,1.0002980000000192,0.9972030000000213,0.054354999999999945
149,1.1278636629105803,0.072524,0.49080599999999425,0.9509100000000142,0.8709140000000103,0.037327999999999965,0.9726530000000146,0.6159650000000028,0.9571270000000139,0.6336570000000021,0.6614980000000051,0.0,0.6684820000000055,0.5455099999999955,1.0002930000000154,0.9969080000000201,0.05868999999999997
150,1.12892272689007,0.07091999999999996,0.4997229999999931,0.9513450000000184,0.8755830000000134,0.03547900000000001,0.970974000000018,0.6240710000000075,0.9606880000000192,0.6452320000000057,0.6667320000000082,0.0,0.6762980000000091,0.5413629999999927,1.00027900000002,0.9971170000000232,0.06059599999999999
151,1.1303575876759688,0.07275499999999992,0.5103809999999944,0.9511200000000184,0.8716030000000141,0.03823999999999997,0.970979000000018,0.6316870000000051,0.9610930000000196,0.6462770000000065,0.6676990000000077,0.0,0.6811180000000077,0.5412899999999943,1.0002860000000193,0.9969150000000214,0.06147400000000001
152,1.1315715917251534,0.07359799999999994,0.518752999999994,0.9522100000000214,0.873789000000013,0.03888299999999997,0.9708540000000193,0.6309840000000063,0.9643140000000204,0.6507870000000073,0.6693680000000073,0.0,0.6834100000000072,0.541193999999996,1.000270000000021,0.9971220000000244,0.06219999999999999
153,1.1318714581969844,0.07453799999999984,0.5256739999999974,0.9543720000000172,0.8729150000000119,0.04039800000000004,0.9743410000000157,0.6356490000000058,0.9658450000000169,0.6693320000000087,0.6798790000000091,0.0,0.690135000000008,0.5433609999999973,1.0002350000000186,0.9969700000000192,0.06431199999999991
154,1.1340537063684097,0.0739959999999999,0.5331429999999968,0.9564190000000174,0.874483000000014,0.04159899999999998,0.9760860000000171,0.6462120000000026,0.967509000000018,0.6710410000000082,0.6854380000000078,0.0,0.695762000000009,0.5435299999999943,1.0002860000000202,0.9968000000000214,0.06328699999999997
155,1.1364091359165591,0.07634799999999978,0.5446199999999981,0.9560620000000164,0.8756920000000122,0.04199199999999995,0.9757300000000163,0.6527540000000083,0.9677890000000178,0.6791810000000087,0.6895540000000083,0.0,0.6968860000000086,0.545883999999997,1.000251000000019,0.9967820000000214,0.06632699999999998
156,1.1384376262241913,0.07798199999999982,0.5501579999999965,0.9553860000000212,0.8784930000000157,0.043797000000000016,0.977063000000021,0.6574990000000078,0.9693080000000225,0.6799400000000108,0.6922270000000084,0.0,0.70046800000001,0.549891999999997,1.0002450000000225,0.9968180000000243,0.06776799999999997
157,1.1389237390906135,0.07644799999999992,0.5595139999999997,0.9581970000000173,0.8812180000000148,0.043305999999999976,0.9780460000000154,0.6628700000000094,0.9692610000000178,0.6874550000000088,0.7009820000000103,0.0,0.7147690000000094,0.5480309999999957,1.0002560000000171,0.9970100000000195,0.065929
158,1.14029044757754,0.07456999999999982,0.559302999999996,0.9581400000000194,0.8811900000000148,0.04390900000000002,0.9788500000000196,0.6638670000000053,0.9684330000000196,0.6887960000000094,0.7039310000000114,0.0,0.7177140000000113,0.5538759999999937,1.0002630000000208,0.9967690000000238,0.06998099999999992
159,1.142212977272178,0.07835199999999987,0.5597950000000012,0.962720000000022,0.8792830000000147,0.04434500000000005,0.9807310000000218,0.6648800000000091,0.9709580000000215,0.6970700000000081,0.711551000000009,0.0,0.7232580000000078,0.5565999999999999,1.0002070000000223,0.9969190000000238,0.06977999999999993
160,1.1435904861227926,0.07672699999999995,0.5685650000000024,0.9661280000000152,0.8854130000000106,0.04189900000000002,0.9818580000000152,0.6690210000000084,0.9720240000000155,0.7052050000000083,0.7199860000000078,0.0,0.7328590000000079,0.5528550000000002,1.0002690000000152,0.996955000000018,0.06951099999999996
161,1.1448827433721287,0.07417099999999992,0.5716980000000049,0.9661280000000184,0.8878230000000156,0.04137900000000002,0.9823780000000184,0.6682580000000128,0.97290800000002,0.7051960000000095,0.7186020000000103,0.0,0.73498700000001,0.5492000000000004,1.000227000000019,0.9970960000000221,0.06905999999999994
162,1.146437494137649,0.07318699999999989,0.5868660000000009,0.9666040000000191,0.8922600000000138,0.040281999999999964,0.9840070000000206,0.6793250000000102,0.9730750000000196,0.7090990000000084,0.7212240000000091,0.0,0.7384020000000068,0.5478250000000011,1.0002020000000214,0.9969400000000237,0.07113999999999995
163,1.1478693945678502,0.0731839999999998,0.5859810000000006,0.9651570000000171,0.8864900000000105,0.043832999999999955,0.9847480000000174,0.6795560000000053,0.9749530000000172,0.7071710000000061,0.7287830000000067,0.0,0.734322000000006,0.5446919999999981,1.0002220000000186,0.9968330000000203,0.072884
164,1.1496359655661101,0.07386399999999992,0.5954980000000045,0.9639590000000164,0.8852040000000132,0.04477900000000001,0.9835050000000151,0.6884070000000119,0.9771060000000162,0.71155600000001,0.73209900000001,0.0,0.7398010000000105,0.547321,1.000244000000016,0.9970290000000179,0.07425099999999993
165,1.1507695066281765,0.07177299999999988,0.5984340000000024,0.9662650000000131,0.88593200000001,0.044126,0.9844020000000139,0.693324000000007,0.9776180000000136,0.712985000000008,0.7342610000000079,0.0,0.7396650000000063,0.5471089999999984,1.0002110000000153,0.9969490000000165,0.07910100000000002
166,1.1525888732181715,0.07045799999999987,0.6039750000000006,0.9665300000000163,0.8871910000000127,0.046084,0.9842490000000171,0.6946200000000087,0.9791950000000171,0.7150420000000078,0.7345950000000084,0.0,0.7424880000000077,0.5418039999999981,1.0002050000000178,0.9968910000000198,0.07800399999999995
167,1.1542405330735126,0.07169799999999996,0.6073700000000041,0.9671970000000142,0.8886570000000138,0.045623999999999984,0.9853490000000152,0.6978590000000103,0.9798250000000155,0.7259460000000073,0.7426190000000069,0.0,0.7466190000000051,0.534663999999999,1.000222000000016,0.9972590000000169,0.07958499999999999
168,1.155317439490888,0.07233199999999992,0.6160360000000018,0.9677160000000111,0.8880610000000096,0.04747899999999997,0.9845120000000103,0.703500000000006,0.9804290000000113,0.7311660000000072,0.7446570000000061,0.0,0.751555000000007,0.5304879999999977,1.0002050000000107,0.996967000000013,0.08197699999999992
169,1.156602152483613,0.07050199999999993,0.6196160000000025,0.9660000000000148,0.8914190000000116,0.045353999999999985,0.9846410000000152,0.7020630000000078,0.9827910000000147,0.7333950000000073,0.7488380000000077,0.0,0.7582570000000078,0.5314629999999984,1.000253000000016,0.996950000000019,0.08230399999999999
170,1.158895694552007,0.07279700000000003,0.6238700000000044,0.9669170000000152,0.89297200000001,0.045207,0.9842820000000134,0.7040110000000086,0.9825940000000148,0.7406260000000074,0.7514480000000081,0.0,0.7616690000000068,0.5351169999999981,1.0002490000000144,0.9970830000000163,0.08016299999999997
171,1.1598911859536436,0.07560700000000005,0.6274460000000054,0.9693020000000158,0.8937980000000134,0.04645999999999996,0.9837270000000156,0.703283000000009,0.9831550000000152,0.746033000000008,0.7499730000000061,0.0,0.7622960000000089,0.535249999999992,1.000263000000016,0.997110000000018,0.08005899999999995
172,1.1620021879120968,0.0770819999999999,0.6334770000000052,0.9699170000000141,0.8970950000000104,0.04648900000000001,0.982970000000014,0.7095610000000084,0.9840250000000139,0.7471770000000066,0.7519100000000065,0.0,0.7660050000000065,0.5366369999999989,1.0002380000000155,0.9969150000000179,0.07844099999999991
173,1.1635674048592306,0.08011899999999986,0.6403540000000019,0.9711270000000156,0.8969520000000112,0.045031999999999975,0.9843160000000155,0.71742400000001,0.9838360000000155,0.7511410000000085,0.7620450000000082,0.0,0.7742730000000067,0.5340819999999906,1.0002130000000158,0.996646000000019,0.08305400000000002
174,1.164485459541682,0.07874699999999989,0.6466150000000033,0.9712490000000188,0.8978650000000139,0.04590599999999996,0.9836260000000197,0.7224160000000088,0.9852110000000195,0.7577220000000094,0.7627240000000092,0.0,0.7821160000000094,0.5314029999999955,1.0002000000000204,0.9967780000000216,0.08483999999999987
175,1.1663463073060525,0.07843299999999989,0.6547280000000026,0.9724320000000166,0.8978570000000128,0.04499499999999999,0.9845990000000165,0.7286010000000087,0.9845440000000171,0.7623600000000085,0.7686280000000077,0.0,0.7864730000000076,0.5334049999999981,1.0001890000000175,0.9969710000000194,0.08658600000000002
176,1.1679873565604515,0.07810899999999982,0.6593110000000028,0.9725740000000166,0.899829000000012,0.04530399999999998,0.985671000000017,0.7341780000000065,0.9858980000000173,0.7706290000000066,0.774228000000007,0.0,0.7951430000000046,0.5270749999999993,1.0001750000000176,0.9967820000000199,0.08579100000000002
177,1.1694555166676674,0.08019799999999985,0.6598500000000035,0.9726990000000147,0.9007380000000114,0.045229999999999985,0.9876180000000145,0.7339760000000085,0.9859900000000145,0.7737530000000091,0.7765820000000085,0.0,0.7944160000000077,0.5262939999999988,1.000205000000015,0.9969040000000172,0.08893699999999997
178,1.1712155472202685,0.07792599999999991,0.6656870000000041,0.9743720000000108,0.9016110000000077,0.04474699999999997,0.9884180000000119,0.7387210000000071,0.9849700000000117,0.7725960000000046,0.7848350000000064,0.0,0.7954900000000055,0.5228119999999965,1.0001930000000119,0.9969790000000142,0.09406899999999992
179,1.1727709214669906,0.07598899999999982,0.6703360000000043,0.9751460000000144,0.9029140000000102,0.043293,0.988716000000015,0.7405890000000076,0.9851900000000156,0.7796910000000057,0.7885370000000052,0.0,0.7974610000000047,0.5164399999999953,1.0001910000000154,0.9968880000000172,0.09584499999999985
180,1.1755714984274706,0.0720749999999999,0.6691590000000056,0.974205000000018,0.9016930000000132,0.044666999999999984,0.9900870000000184,0.7389640000000107,0.9865350000000187,0.7834320000000083,0.7910020000000083,0.0,0.8016170000000085,0.5163779999999911,1.000192000000018,0.9966560000000193,0.09982799999999996
181,1.1776216951207483,0.07173400000000006,0.6654230000000041,0.9730760000000125,0.9017630000000102,0.04711099999999998,0.9893050000000138,0.7341910000000065,0.9868620000000139,0.7829590000000064,0.7898240000000043,0.0,0.7994220000000061,0.522901999999998,1.0001760000000144,0.9969720000000154,0.10073899999999994
182,1.1792279711129094,0.0671349999999999,0.6733990000000063,0.9742660000000148,0.9011920000000117,0.04791899999999998,0.9898240000000155,0.7385000000000103,0.9858890000000151,0.7814320000000072,0.7906440000000073,0.0,0.8018290000000062,0.5267469999999972,1.0001720000000152,0.9970680000000169,0.10597199999999987
183,1.1806418654502913,0.07048999999999993,0.6736480000000081,0.9749540000000188,0.9008010000000145,0.05017299999999992,0.9897280000000188,0.7374570000000121,0.9868490000000186,0.781515000000011,0.7872960000000097,0.0,0.7984730000000094,0.5225619999999976,1.000191000000019,0.9970840000000198,0.11036399999999984
184,1.1830952392467187,0.07197999999999992,0.6844570000000086,0.9755690000000183,0.9015070000000134,0.049531999999999944,0.9895070000000197,0.7466930000000134,0.9858930000000196,0.78957500000001,0.7883710000000095,0.0,0.8012000000000096,0.514964999999993,1.00017700000002,0.9968960000000208,0.1092569999999999
185,1.1851135997248954,0.07134099999999986,0.691076000000005,0.9771180000000164,0.902811000000011,0.04971600000000004,0.9901510000000161,0.7505450000000079,0.9873140000000167,0.7977390000000095,0.7943360000000079,0.0,0.8073690000000071,0.5123279999999961,1.000180000000017,0.9968220000000189,0.10981499999999995
186,1.18681423774052,0.07124899999999995,0.6994400000000047,0.9784510000000114,0.9023320000000081,0.051146,0.9905700000000113,0.756118000000008,0.9854930000000116,0.8017040000000075,0.7976720000000055,0.0,0.8087590000000064,0.507435999999995,1.0001310000000119,0.9967610000000134,0.11224500000000004
187,1.1891249650614137,0.07028899999999993,0.7034390000000061,0.9809000000000144,0.9044380000000096,0.04914499999999999,0.9899270000000142,0.7610750000000095,0.9855780000000144,0.8094560000000077,0.8030080000000073,0.0,0.8135470000000066,0.5040369999999934,1.0001580000000148,0.996960000000016,0.11147599999999995
188,1.1917897941081323,0.07098699999999993,0.7084970000000053,0.9818230000000128,0.9072420000000083,0.04722299999999998,0.9895780000000124,0.7654550000000061,0.9873770000000128,0.816557000000007,0.8090460000000061,0.0,0.8188850000000057,0.5003889999999935,1.0001490000000137,0.9966310000000158,0.11087599999999996
189,1.193587013117662,0.070091,0.7108320000000034,0.9836360000000165,0.9056760000000127,0.046425999999999974,0.9905480000000157,0.7680700000000084,0.9877570000000161,0.8205440000000092,0.814050000000009,0.0,0.8219630000000084,0.4985209999999919,1.0001470000000168,0.996796000000017,0.11370599999999997
190,1.1955433022321804,0.06862099999999986,0.7131460000000028,0.9846600000000143,0.9033780000000097,0.04568600000000001,0.9903690000000145,0.7715170000000066,0.9883450000000142,0.826235000000007,0.8170530000000062,0.0,0.831102000000005,0.49601699999999205,1.0001600000000144,0.9968640000000157,0.11728299999999992
191,1.1975279041139015,0.0667349999999999,0.7191980000000073,0.9852270000000145,0.9033260000000118,0.04530799999999997,0.9898870000000146,0.7780130000000104,0.9871020000000148,0.8277490000000094,0.8214770000000089,0.0,0.832766000000008,0.49298499999999257,1.000136000000015,0.9969510000000172,0.12319999999999998
192,1.1993637143909246,0.06464499999999995,0.7270440000000078,0.9855280000000121,0.9074800000000094,0.04465899999999993,0.9897110000000117,0.7862240000000092,0.9884790000000117,0.8346190000000085,0.8286250000000083,0.0,0.8402410000000077,0.48993099999999407,1.0000990000000118,0.9967190000000135,0.127727
193,1.2006362392919063,0.06623399999999995,0.7324720000000052,0.9852300000000106,0.9098150000000074,0.04202899999999997,0.9891650000000105,0.7903900000000066,0.9879580000000109,0.833060000000004,0.8300830000000038,0.0,0.8429440000000034,0.4902689999999937,1.0001190000000113,0.9969300000000132,0.1310140000000002
194,1.2025056299164958,0.06309699999999992,0.7366090000000056,0.9854590000000119,0.9087690000000078,0.04243599999999996,0.989064000000012,0.7927750000000089,0.9864840000000125,0.8310110000000065,0.830594000000007,0.0,0.8432600000000077,0.4931129999999932,1.0001310000000125,0.9967470000000136,0.1324520000000002
195,1.20410135488741,0.06049199999999998,0.7454670000000034,0.9868670000000113,0.9131600000000077,0.04099800000000003,0.989577000000011,0.8022040000000065,0.9864330000000114,0.834136000000005,0.836361000000005,0.0,0.8461180000000056,0.49228799999999345,1.0001320000000118,0.9969010000000132,0.13557800000000017
196,1.2061483271907314,0.05932199999999995,0.7507380000000043,0.9894020000000116,0.9132310000000085,0.038874999999999986,0.9889690000000112,0.8080950000000078,0.9873450000000116,0.8405270000000066,0.8450010000000071,0.0,0.850185000000006,0.4928219999999938,1.0001010000000117,0.9967000000000136,0.1415080000000002
197,1.2077802458774332,0.05975199999999993,0.7564740000000061,0.9889650000000133,0.917294000000008,0.03565900000000001,0.9897580000000127,0.8124620000000081,0.9876640000000136,0.8484860000000075,0.8507280000000069,0.0,0.860357000000008,0.4802539999999926,1.0001470000000134,0.9968220000000146,0.1494050000000002
198,1.2092476988761895,0.05941599999999993,0.7645050000000052,0.9886320000000116,0.9195660000000095,0.03501300000000002,0.9913610000000124,0.8209530000000077,0.9879540000000124,0.8527930000000071,0.8534550000000067,0.0,0.8647390000000058,0.4768609999999943,1.0001220000000128,0.9968280000000143,0.15034600000000017
199,1.2105633603725814,0.05994499999999998,0.7693090000000057,0.9893510000000124,0.9186190000000076,0.03587700000000002,0.9909950000000123,0.8238790000000076,0.987353000000013,0.8526580000000066,0.8564260000000072,0.0,0.8638870000000062,0.4824649999999934,1.0000990000000132,0.9970600000000144,0.14618600000000034
200,1.2128622201939425,0.057790999999999954,0.7766910000000076,0.9895120000000129,0.9231380000000087,0.033360000000000056,0.9923760000000135,0.8283960000000093,0.9861170000000132,0.8604900000000085,0.8562800000000079,0.0,0.8663200000000081,0.47319999999999474,1.0000850000000139,0.9967670000000147,0.14583900000000008
