,PopRatio,Diff_KC,Fibroblast,ILC3,M1,M2,Neutrophil,Prol_KC,Th0,Th1,Th17,Th2,Th22,Treg,iDC,pDC,preDiff_KC
0,1.0,0.000503,0.0,0.0,0.0,0.0,0.0,0.0,0.0,0.0,0.0,0.0,0.0,0.13140700000000002,0.0,0.0,0.0
1,1.0000029999999998,0.0017830000000000003,0.0,0.0,0.0,0.0,0.0,0.0,0.0,0.0,0.0,0.0,0.0,0.118925,0.000265,0.000263,0.0
2,1.0000100000209997,0.0025870000000000008,0.0,0.0,0.0,0.0,4.9e-05,0.0,0.0,0.0,0.0,0.0,0.0,0.12607299999999994,0.0017809999999999994,0.0017679999999999998,0.0
3,1.000017000091,0.003026,0.0,0.0,0.000102,0.0,0.000235,0.0,0.0,0.0,0.0,0.0,0.0,0.13460400000000003,0.008216,0.008195000000000001,0.0
4,1.000017000091001,0.003968,0.0,0.0,0.000606,0.0,0.0005740000000000001,0.0,0.0,0.0,0.0,0.0,0.0,0.15013800000000008,0.020223000000000005,0.020196000000000006,0.0
5,1.0000260002440025,0.004816999999999999,0.0,0.0,0.0019669999999999996,0.0,0.0015640000000000003,0.0,0.0,0.0,0.0,0.0,0.0,0.161938,0.036982000000000036,0.03704800000000003,0.0
6,1.0000390005820072,0.006045,0.0,0.0,0.002866999999999999,0.0,0.003155,0.0,0.0,0.0,0.0,0.0,0.0,0.1764940000000002,0.05624699999999993,0.05635199999999993,0.0
7,1.0000560012450184,0.007925,0.0,0.0,0.005087000000000002,0.0,0.005038999999999998,0.0,0.0,0.0,0.0,0.0,0.0,0.19627300000000025,0.08706399999999981,0.08720799999999977,0.0
8,1.000096003485071,0.008969,0.0,0.0,0.008602000000000005,0.0,0.00833,0.0,0.0,0.0,0.0,0.0,0.0,0.21118800000000065,0.11825299999999987,0.11824999999999986,0.0
9,1.000138007517221,0.009095999999999996,0.0,0.0,0.012261999999999997,0.0,0.011825999999999991,0.0,0.0,0.0,0.0,0.0,0.0,0.22567200000000023,0.15630900000000078,0.15625200000000078,0.0
10,1.0001900146936116,0.009210999999999997,0.0,0.0,0.015864999999999994,0.0,0.016145000000000007,0.0,1.9e-05,0.0,0.0,0.0,0.0,0.24113200000000007,0.19923400000000113,0.19924900000000118,0.0
11,1.0002460253344359,0.010046,0.0,0.0,0.023269000000000022,0.0,0.020955000000000026,0.0,0.0,0.0,0.0,0.0,0.0,0.2557859999999995,0.24109500000000186,0.24114500000000183,0.0
12,1.000328045508519,0.010377999999999993,0.0,0.0,0.030776000000000043,0.0,0.02936600000000003,0.0,0.000129,0.0,0.0,0.0,0.0,0.27098199999999956,0.286750999999999,0.2867319999999991,0.0
13,1.0004330799533052,0.011640999999999995,0.0,0.0,0.040184,0.0,0.03880099999999995,0.0,0.000147,0.0,0.0,0.0,0.0,0.28566199999999853,0.3271179999999958,0.32711299999999577,0.0
14,1.0005581340883096,0.013783999999999986,0.0,0.0,0.0520919999999999,0.0,0.046060999999999866,0.0,0.000134,0.0,0.0,0.0,0.0,0.2915579999999991,0.37486899999999707,0.3746789999999971,0.0
15,1.0007302300873808,0.013617000000000002,0.0,0.0,0.06173699999999984,0.0,0.055047000000000026,0.0,0.000324,0.0,0.0,0.0,0.0,0.3073769999999978,0.4163039999999965,0.41568499999999653,0.0
16,1.0009153651799534,0.014018999999999995,0.0,0.0,0.0752289999999995,0.0,0.06787699999999977,0.0,0.000431,0.0,0.0,0.0,0.0,0.3184539999999969,0.46127099999999327,0.460342999999993,0.0
17,1.0011275592373854,0.016241000000000002,0.0,0.0,0.08715499999999964,0.0,0.07815799999999958,0.0,0.001063,0.0,0.0,0.0,0.0,0.33011599999999836,0.5028839999999926,0.5014099999999927,0.0
18,1.0014298997602922,0.01681800000000001,0.0,0.0,0.10014199999999941,0.0,0.09018999999999952,0.0,0.0024510000000000005,0.0,0.0,0.0,0.0,0.3374779999999992,0.5354410000000027,0.5339870000000029,0.0
19,1.0017653787767318,0.017206000000000003,0.0,0.0,0.10800799999999945,0.0,0.10479499999999925,0.0,0.003875,0.0,0.0,0.0,0.0,0.35000699999999446,0.5661900000000027,0.5637260000000022,0.0
20,1.0021390372630476,0.019652000000000003,0.0,0.0,0.12274999999999914,0.0,0.12155099999999917,0.0,0.004247999999999999,0.0,0.0,0.0,0.0,0.3580949999999992,0.596299000000002,0.5933010000000016,0.0
21,1.0025519185464309,0.02039600000000002,0.0,0.0,0.14314599999999997,0.0,0.1366999999999999,6.7e-05,0.006659000000000002,0.0,0.0,0.0,0.0,0.3670449999999946,0.6247430000000105,0.62182500000001,0.0
22,1.0030562021614964,0.02456500000000001,0.0,0.0,0.15917800000000065,0.0,0.15477300000000113,6.7e-05,0.008442,0.0,0.0,0.0,0.0,0.38047299999999334,0.6592410000000141,0.6556840000000134,0.0
23,1.003696152018515,0.027477000000000047,0.0,0.0,0.17526200000000222,0.0,0.17275500000000213,0.00016599999999999997,0.010778999999999993,0.0,0.0,0.0,0.0,0.3929459999999945,0.6821470000000217,0.6778010000000215,0.0
24,1.0043003771020607,0.028093000000000066,0.0,0.0,0.18973300000000304,0.0,0.1912970000000041,0.00024400000000000002,0.013164999999999984,0.0,0.0,0.0,0.0,0.39563399999999443,0.7078350000000178,0.7033810000000175,0.0
25,1.0049350949404243,0.02622900000000005,0.0,0.0,0.2036990000000045,0.0,0.2036240000000038,0.0005300000000000001,0.016539999999999982,0.0,0.0,0.0,0.0,0.41137799999999436,0.734159000000025,0.7295930000000248,0.0
26,1.0056134261295453,0.025813000000000058,0.0,0.0,0.22165600000000468,0.0,0.2221980000000055,0.0007860000000000001,0.018786999999999998,0.0,0.0,0.0,0.0,0.41973099999999347,0.7597750000000227,0.7535550000000235,0.0
27,1.006450096500125,0.025053000000000027,0.0,0.0,0.23603200000000563,0.0,0.2384910000000069,0.000998,0.023636000000000035,0.0,0.0,0.0,0.0,0.4279179999999911,0.7820850000000272,0.7754610000000278,0.0
28,1.007318662933445,0.02800400000000004,0.0,6.7e-05,0.25526700000000496,0.0,0.2532530000000064,0.0013340000000000003,0.028052000000000066,0.0,0.0,0.0,0.0,0.4348339999999889,0.8025790000000379,0.7961530000000369,0.0
29,1.008175891115655,0.029664000000000076,0.0,0.000118,0.2758810000000016,0.0,0.2613870000000046,0.0012720000000000006,0.0332910000000001,0.0,0.0,0.0,0.0,0.44083299999998254,0.8226970000000415,0.8147020000000421,0.0
30,1.0090983720560869,0.032513000000000035,0.0,0.00032900000000000003,0.2901100000000022,0.0,0.2790730000000029,0.000983,0.04131099999999997,0.0,0.0,0.0,0.0,0.4502439999999869,0.8427790000000456,0.8331070000000445,0.0
31,1.0101326978875078,0.03344800000000007,0.0,0.000643,0.30570699999999856,0.0,0.3035469999999988,0.000881,0.049995999999999895,0.0,0.0,0.0,0.0,0.4646199999999851,0.8589120000000511,0.8498340000000489,0.0
32,1.0111882865568576,0.032835000000000066,0.0,0.0004470000000000001,0.32592099999999447,0.0,0.32316899999999593,0.000981,0.05858599999999979,0.000134,0.0,0.0,0.0,0.47371899999998085,0.8782640000000497,0.8684970000000503,0.0
33,1.0123562090278981,0.03297500000000009,0.0,0.0014160000000000002,0.3463539999999946,0.0,0.34150099999999556,0.0013250000000000004,0.06707799999999982,6.6e-05,6.7e-05,0.0,0.0,0.4750229999999851,0.8956540000000439,0.8856670000000435,7e-06
34,1.013500171544153,0.033499000000000036,0.0,0.0031309999999999997,0.36051999999999446,0.0,0.35867899999999264,0.0021869999999999997,0.07923399999999965,0.00014,6.6e-05,0.0,0.0,0.4711919999999852,0.9083150000000522,0.8969800000000496,0.0
35,1.0147204257507532,0.03435400000000001,0.0,0.004718000000000002,0.37301999999999297,0.0,0.37393899999999153,0.0034640000000000005,0.08982899999999937,0.000333,0.0,0.0,0.0,0.4787269999999837,0.915195000000053,0.9018060000000505,0.0
36,1.015855897907226,0.034998000000000036,0.0,0.007660000000000006,0.3878079999999893,0.0,0.38502399999998854,0.003749000000000001,0.09789899999999943,0.00047900000000000004,0.000109,0.0,0.0,0.4894069999999816,0.9224250000000501,0.9094950000000486,0.0
37,1.017060703002206,0.036705000000000015,0.0,0.011568999999999986,0.3951829999999882,0.0,0.398396999999989,0.004921000000000001,0.10910399999999928,0.000735,0.00031,0.0,6.7e-05,0.5009849999999813,0.9293880000000527,0.9167380000000525,0.0
38,1.0181764185934594,0.03604700000000001,0.0,0.015199999999999977,0.4157149999999871,0.0,0.4107309999999845,0.005551000000000006,0.12216099999999894,0.000791,0.000335,0.0,0.000133,0.5034239999999782,0.9360480000000572,0.9227240000000574,0.0
39,1.0193177943587706,0.035734000000000016,0.0,0.019936000000000013,0.43618899999998306,0.0,0.4270749999999834,0.006557000000000004,0.1369849999999999,0.0008880000000000002,0.000642,0.0,0.00048300000000000003,0.5062889999999787,0.9452400000000577,0.9319360000000585,0.0
40,1.0204675848308704,0.036023000000000006,0.0,0.024862,0.4556299999999831,0.0,0.4414589999999827,0.007868000000000007,0.14640200000000078,0.0015069999999999999,0.001073,0.0,0.000507,0.5177359999999871,0.9524600000000478,0.9394850000000468,0.0
41,1.0216105085259326,0.037891000000000015,0.0,0.03379400000000004,0.47241899999998216,0.0,0.45535499999998297,0.00896900000000001,0.16393300000000133,0.0022579999999999996,0.0017740000000000004,0.0,0.00042600000000000005,0.5225349999999848,0.9586130000000616,0.9475770000000617,0.0
42,1.0227240639802917,0.039465,0.0,0.04092699999999998,0.4882049999999785,0.0,0.46842399999997847,0.010742999999999985,0.1807080000000026,0.0023340000000000006,0.0022840000000000004,0.0,0.000375,0.5209109999999856,0.9632690000000546,0.9527030000000544,5.1e-05
43,1.0239339465480384,0.037620000000000015,0.0,0.049136999999999945,0.5038229999999813,0.0,0.4840759999999766,0.01180599999999998,0.19033000000000266,0.002648,0.0027939999999999996,0.0,0.0005470000000000001,0.5220569999999825,0.9656880000000567,0.9549640000000569,3.3e-05
44,1.0251073748508424,0.03888400000000003,0.0,0.058606999999999874,0.5194329999999803,0.0,0.5032319999999749,0.01293499999999999,0.20477100000000317,0.003439,0.003013000000000002,0.0,0.0008460000000000001,0.5259929999999823,0.9698390000000575,0.9598830000000583,7.4e-05
45,1.0261991142051183,0.04082199999999999,0.0,0.06974199999999982,0.5436729999999882,0.0,0.5093189999999767,0.01480799999999997,0.2207470000000042,0.004601000000000001,0.0035400000000000015,0.0,0.0013530000000000003,0.529951999999985,0.9754870000000601,0.9658370000000601,6.7e-05
46,1.0272899638635815,0.04204999999999998,6.7e-05,0.08564599999999936,0.5585239999999927,0.0,0.5275489999999837,0.018690999999999996,0.23879200000000542,0.005959000000000006,0.004860000000000004,0.0,0.0019790000000000007,0.5279939999999874,0.9792420000000569,0.9699340000000592,6.6e-05
47,1.0285576396790488,0.043521000000000004,0.000201,0.09970699999999948,0.5720489999999959,0.0,0.5400199999999856,0.020317000000000023,0.25176500000000546,0.0057659999999999986,0.005029000000000001,0.0,0.0026290000000000003,0.5257349999999864,0.9832200000000615,0.9754330000000643,0.0
48,1.0296540821230107,0.044128999999999925,0.000152,0.11713399999999906,0.5825869999999884,0.0,0.5550919999999843,0.023996000000000028,0.2684470000000032,0.006479000000000004,0.0062690000000000055,0.0,0.0034559999999999994,0.5275949999999829,0.9849530000000574,0.9776810000000573,6.699999999999999e-05
49,1.030789790575653,0.04415099999999997,0.000133,0.1304229999999998,0.5841139999999946,0.0,0.5698409999999899,0.02654500000000007,0.28646600000000016,0.006496000000000008,0.007434000000000005,0.0,0.004479000000000003,0.5229889999999826,0.9864160000000607,0.9791000000000634,0.000267
50,1.0317855335134138,0.04639299999999996,6.7e-05,0.14296400000000023,0.5978679999999964,0.0,0.5783379999999934,0.02662500000000007,0.3045649999999972,0.007689000000000005,0.008092000000000002,0.0,0.005449000000000005,0.5250379999999838,0.9875610000000592,0.9801690000000606,0.000303
51,1.0326842187131684,0.049050999999999914,6.7e-05,0.16287300000000146,0.6089710000000016,6.7e-05,0.5905689999999949,0.03070100000000008,0.3204739999999958,0.009311,0.009881999999999998,0.0,0.006886000000000009,0.5259569999999852,0.988983000000055,0.9820280000000573,0.000603
52,1.03366010529991,0.04946799999999998,0.000134,0.18757100000000293,0.6204409999999984,0.00023,0.5996249999999941,0.030774000000000055,0.3355389999999934,0.010297000000000002,0.010880999999999997,0.0,0.007594000000000005,0.52432699999998,0.9912960000000602,0.9843800000000639,0.000801
53,1.0347981650759082,0.0489049999999999,6.7e-05,0.20673300000000447,0.6244920000000102,0.000134,0.6029870000000002,0.03392400000000005,0.3523589999999901,0.011366,0.012920999999999985,0.0,0.009070000000000003,0.5228929999999846,0.9919930000000615,0.9850090000000633,0.000601
54,1.0357926061126108,0.04884099999999984,0.0,0.22070300000000437,0.6336600000000083,1.9e-05,0.6053349999999998,0.03927200000000002,0.3603169999999911,0.013135999999999984,0.013965999999999987,0.0,0.011207000000000002,0.5251119999999858,0.9924880000000551,0.9857320000000578,0.0009350000000000001
55,1.0367631437845963,0.048134999999999956,4.8e-05,0.24387100000000594,0.6372410000000075,9e-06,0.6145579999999993,0.04154200000000004,0.3747259999999899,0.015451999999999987,0.018451000000000016,0.0,0.015290999999999983,0.5308229999999862,0.9941300000000624,0.9872390000000656,0.0008480000000000002
56,1.0377055614823616,0.04945400000000004,9.8e-05,0.2615360000000048,0.6477740000000067,0.0,0.6199530000000024,0.045979999999999945,0.39125999999998823,0.018138999999999975,0.019404000000000008,0.0,0.01766999999999997,0.5317299999999866,0.9946330000000603,0.9888530000000638,0.0014030000000000002
57,1.0389092999337448,0.04693999999999997,0.000335,0.27730900000000164,0.6532060000000094,0.00020400000000000003,0.6365980000000029,0.05099399999999994,0.41430999999998647,0.02050100000000003,0.024553000000000054,0.0,0.021142000000000005,0.5333539999999852,0.9960770000000623,0.9898750000000632,0.0014009999999999997
58,1.040168458005331,0.04593599999999997,0.000335,0.2987709999999983,0.6601120000000129,0.000213,0.6453380000000056,0.05503299999999986,0.4338359999999837,0.021637000000000024,0.02756700000000006,0.0,0.024910000000000036,0.5344339999999872,0.9969870000000631,0.9906930000000644,0.001402
59,1.0412283896641041,0.047058999999999955,0.00021700000000000002,0.32464699999999436,0.6641880000000122,0.000144,0.6616830000000101,0.06098199999999981,0.4480709999999823,0.024999000000000028,0.031779000000000085,0.0,0.027439000000000074,0.5349819999999849,0.9976350000000561,0.9909390000000581,0.0016040000000000004
60,1.0418572916115205,0.0479369999999999,0.000133,0.34736799999999407,0.6720740000000079,0.000213,0.681387000000012,0.06448299999999979,0.458602999999984,0.02868700000000007,0.033366000000000035,0.0,0.03251800000000007,0.538318999999987,0.9979170000000531,0.9914010000000559,0.0019360000000000002
61,1.0429116511906866,0.048191999999999936,0.000341,0.37395499999999204,0.6844410000000118,0.00039600000000000003,0.6928730000000148,0.06916499999999982,0.4700189999999816,0.0324100000000001,0.03825200000000002,0.0,0.039998999999999986,0.541101999999989,0.9983090000000533,0.9930240000000562,0.0021729999999999996
62,1.0437647529214167,0.04995399999999997,0.000531,0.3924379999999882,0.6999050000000147,0.0004000000000000001,0.6939560000000138,0.07438099999999968,0.4869329999999789,0.03699800000000004,0.04049399999999997,0.0,0.043786999999999916,0.5469379999999904,0.9991800000000559,0.9945380000000585,0.0024420000000000006
63,1.0447323228474328,0.050033999999999954,0.00046900000000000007,0.4186279999999865,0.7040830000000117,0.000647,0.6986770000000144,0.08125699999999961,0.5015099999999758,0.04049500000000006,0.04631,0.0,0.046936999999999944,0.5482289999999894,0.9994690000000549,0.9954760000000578,0.002825
64,1.045624524251202,0.05147799999999999,0.000968,0.4389089999999854,0.7151260000000204,0.0010040000000000001,0.7073830000000187,0.08783099999999966,0.5147469999999816,0.045724000000000015,0.05357499999999987,0.0,0.050774999999999924,0.5508959999999905,0.999884000000058,0.9959930000000597,0.0043159999999999995
65,1.0465676775721375,0.053900999999999935,0.0014060000000000001,0.4596509999999819,0.7220230000000157,0.001022,0.7172380000000171,0.09315399999999951,0.5267369999999856,0.047960000000000017,0.05898599999999984,0.0,0.056187999999999884,0.5605499999999912,1.0001630000000532,0.995944000000056,0.004507
66,1.0477126226114577,0.05283299999999989,0.0018500000000000003,0.48425799999997904,0.731314000000022,0.00134,0.7308610000000217,0.09909499999999923,0.5368129999999876,0.054101999999999935,0.0664389999999998,0.0,0.06255399999999989,0.5603799999999945,1.000345000000059,0.996413000000063,0.004324000000000001
67,1.04877605092347,0.05520499999999986,0.0023800000000000006,0.5056389999999785,0.7376890000000209,0.0012829999999999999,0.7385140000000203,0.10303999999999948,0.5502809999999869,0.06317599999999986,0.0739539999999998,0.0,0.07368599999999992,0.5590289999999896,1.0003330000000534,0.9962450000000562,0.003863
68,1.0497283395777648,0.05726199999999987,0.003519999999999999,0.5282259999999881,0.7438250000000208,0.0012989999999999998,0.7417810000000236,0.10278299999999978,0.558444999999993,0.06616699999999988,0.07916499999999968,0.0,0.07963499999999957,0.5565119999999923,1.000452000000052,0.9963060000000552,0.0036380000000000006
69,1.050699338291928,0.06116999999999983,0.0043770000000000015,0.5467569999999906,0.7459910000000236,0.001377,0.7569640000000305,0.10717999999999926,0.5756869999999946,0.07213999999999962,0.08724899999999941,0.0,0.08445499999999959,0.5570679999999935,1.0004790000000576,0.9963540000000616,0.0037150000000000004
70,1.0514831599983545,0.0625919999999999,0.004747000000000003,0.5668159999999922,0.7479960000000213,0.0015450000000000001,0.7589530000000214,0.11160099999999941,0.5828549999999967,0.08194299999999956,0.09274499999999938,0.0,0.09340599999999945,0.5573399999999927,1.0003860000000508,0.9961170000000523,0.004069
71,1.0524126711118458,0.06388999999999996,0.006204000000000004,0.5868669999999958,0.755271000000017,0.0015940000000000001,0.766670000000023,0.11822999999999921,0.5992649999999955,0.08653599999999953,0.09730399999999943,0.0,0.1013299999999994,0.5551809999999928,1.0001880000000494,0.995837000000053,0.004562000000000001
72,1.0533872052453481,0.06633099999999985,0.007156000000000005,0.6054359999999982,0.759797000000022,0.001914,0.7684680000000259,0.12163699999999944,0.618980000000002,0.09577399999999966,0.10812399999999932,0.0,0.1167679999999994,0.55255099999999,1.000130000000053,0.9963190000000571,0.003753000000000002
73,1.0542952250163264,0.06937699999999972,0.008492000000000001,0.6180790000000042,0.7624870000000222,0.002301,0.7826250000000302,0.12952499999999972,0.633136000000008,0.10235499999999949,0.1132399999999993,0.0,0.12751599999999932,0.5540479999999909,1.0001470000000467,0.9965870000000515,0.004572
74,1.0550690777115377,0.07007799999999989,0.009361,0.634305000000007,0.7697590000000238,0.0030160000000000005,0.7926100000000287,0.1378600000000004,0.645774000000009,0.10707199999999964,0.12362499999999922,0.0,0.1356569999999999,0.5556039999999923,1.0004420000000525,0.9973090000000547,0.005817000000000004
75,1.056162129276102,0.06978799999999986,0.010593999999999996,0.6497330000000084,0.7722170000000237,0.0027880000000000005,0.7983060000000268,0.14292300000000013,0.6533300000000092,0.11424199999999929,0.12612699999999913,0.0,0.1454230000000004,0.5536549999999927,1.0003930000000443,0.9967160000000487,0.006590000000000004
76,1.0571095067061094,0.07608799999999985,0.012389999999999991,0.6658540000000036,0.7758190000000162,0.003677000000000001,0.8048020000000214,0.14913300000000063,0.6686560000000034,0.11836799999999927,0.137439,0.0,0.15037500000000062,0.5502149999999876,1.0006210000000435,0.9970720000000487,0.006290000000000002
77,1.0582342712212907,0.07939899999999986,0.013010999999999988,0.6767630000000132,0.7783140000000269,0.0038760000000000005,0.8107050000000279,0.15770300000000131,0.67789600000001,0.13170500000000004,0.1428580000000003,0.0,0.15824200000000094,0.5556389999999961,1.0006430000000508,0.9973010000000521,0.006944000000000003
78,1.0587453983743442,0.07724599999999979,0.014528999999999966,0.685348000000017,0.7797340000000301,0.0032180000000000012,0.8124840000000335,0.17053000000000149,0.6868860000000148,0.14497500000000055,0.15061800000000067,0.0,0.16580400000000145,0.5579749999999943,1.000632000000049,0.9976410000000543,0.008578000000000004
79,1.0599746017819083,0.07605099999999983,0.015716999999999978,0.7002790000000231,0.7822210000000279,0.004176,0.818576000000035,0.17894000000000235,0.6905180000000187,0.1520680000000011,0.16273200000000146,0.0,0.17681300000000258,0.5605649999999989,1.0006140000000525,0.9972180000000542,0.007912000000000002
80,1.0609815776536566,0.0749909999999997,0.016744999999999993,0.7191410000000148,0.7874450000000236,0.004707000000000001,0.8213090000000276,0.18576900000000274,0.6976040000000129,0.16190900000000158,0.17037300000000175,0.0,0.1960800000000029,0.559205999999994,1.0006230000000504,0.9973540000000535,0.009136999999999998
81,1.0615736053740412,0.07366599999999986,0.019553,0.719801000000018,0.7849190000000272,0.005467000000000005,0.8277310000000311,0.19215000000000285,0.7081850000000167,0.17021300000000128,0.17985400000000157,0.0,0.2045980000000024,0.5591099999999956,1.0006120000000476,0.9971920000000506,0.009077000000000003
82,1.0623666008573058,0.07333499999999991,0.021390000000000027,0.7277830000000227,0.7851770000000308,0.006257000000000003,0.8327710000000363,0.19755900000000312,0.7171730000000223,0.18103700000000286,0.1913790000000027,0.0,0.2162930000000038,0.5585839999999967,1.0005460000000495,0.9976460000000525,0.009799999999999998
83,1.062813857196319,0.07604599999999981,0.023112000000000042,0.7471810000000197,0.7913510000000246,0.006625000000000001,0.8417340000000295,0.2037960000000032,0.7273100000000137,0.19147200000000186,0.20283700000000296,0.0,0.22537200000000412,0.5621279999999956,1.0004510000000433,0.997029000000049,0.009732999999999995
84,1.0633813997961077,0.07559899999999974,0.026413000000000002,0.7576240000000175,0.790948000000022,0.006602000000000003,0.8460590000000251,0.20998800000000334,0.7358750000000158,0.19932200000000264,0.2161550000000033,0.0,0.23209200000000363,0.5547599999999934,1.0005030000000414,0.9971040000000454,0.010504999999999987
85,1.0645011404101368,0.07581399999999981,0.02789000000000003,0.7660620000000261,0.7919520000000281,0.008138000000000005,0.845183000000033,0.21566300000000366,0.7418830000000239,0.21003400000000327,0.22670500000000351,0.0,0.24416400000000416,0.5452379999999951,1.0004890000000473,0.9974260000000509,0.01026199999999999
86,1.0652409687027722,0.07852299999999984,0.029730000000000027,0.777526000000018,0.7951870000000204,0.008160000000000006,0.8493900000000294,0.22208400000000386,0.751710000000019,0.21750000000000397,0.23551600000000492,0.0,0.2539050000000044,0.5496399999999898,1.00055400000004,0.997192000000044,0.010061999999999998
87,1.0661773155143037,0.08008099999999985,0.032763000000000035,0.7857870000000242,0.7995540000000249,0.008047000000000004,0.8569430000000304,0.2329160000000043,0.7602060000000223,0.22611000000000372,0.24744300000000494,0.0,0.2615350000000026,0.5522579999999933,1.000642000000044,0.9972570000000481,0.010416999999999992
88,1.0668106248397662,0.07918099999999965,0.03676,0.8013950000000319,0.79917600000003,0.008117000000000001,0.861684000000037,0.2330950000000047,0.7664770000000303,0.2336910000000037,0.2600720000000018,0.0,0.27219200000000027,0.551791999999993,1.0006510000000497,0.9973840000000529,0.010554999999999986
89,1.0676299353996956,0.0827039999999998,0.039122000000000025,0.806284000000032,0.7953090000000304,0.009830999999999998,0.8646480000000341,0.24194500000000557,0.7723460000000284,0.24224000000000445,0.26604400000000145,0.0,0.2751609999999989,0.5617639999999958,1.0006570000000476,0.9974950000000488,0.010619999999999994
90,1.0686708745867612,0.08412799999999966,0.045395999999999964,0.8152540000000301,0.7916450000000234,0.009804999999999993,0.8708960000000289,0.24950200000000522,0.7806320000000291,0.25138600000000455,0.2814780000000001,0.0,0.28709899999999833,0.5602399999999943,1.0006650000000448,0.9973450000000479,0.011510999999999995
91,1.0695664207797124,0.08879399999999973,0.048306000000000036,0.8185400000000245,0.7935570000000218,0.010334999999999993,0.8746760000000304,0.2508880000000048,0.7882060000000226,0.26292300000000157,0.29186099999999715,0.0,0.2950479999999975,0.5565529999999936,1.0006240000000453,0.9972790000000485,0.012199999999999989
92,1.07038891735734,0.0896439999999999,0.05102299999999988,0.8274070000000324,0.7974690000000272,0.011383999999999983,0.8804910000000354,0.25617700000000515,0.7948960000000266,0.27079400000000114,0.29705499999999696,0.0,0.3051829999999954,0.5623099999999955,1.0006700000000464,0.9974430000000503,0.013967999999999987
93,1.071768648671863,0.09263599999999979,0.053395999999999916,0.8306090000000281,0.7986860000000257,0.01165899999999999,0.8850730000000316,0.2633850000000028,0.8013820000000278,0.27333800000000036,0.29726099999999683,0.0,0.3065489999999966,0.5574529999999954,1.0006150000000393,0.9971420000000436,0.013455999999999989
94,1.0723334707497543,0.09350399999999953,0.0594089999999999,0.829987000000027,0.7937400000000249,0.014130999999999984,0.8918520000000318,0.278202000000001,0.8036620000000287,0.2782349999999995,0.3070859999999956,0.0,0.30884399999999584,0.5603459999999969,1.00063000000004,0.997413000000044,0.013141999999999985
95,1.072806369810398,0.0944519999999997,0.0665269999999999,0.8349860000000293,0.7994620000000249,0.015120999999999976,0.8963810000000321,0.29061499999999846,0.8092920000000287,0.28556099999999773,0.31339299999999587,0.0,0.32128399999999435,0.5620829999999978,1.0005860000000408,0.9972220000000452,0.012761999999999989
96,1.0737085999674518,0.0961189999999997,0.07208599999999979,0.8440580000000288,0.8023170000000234,0.015935999999999992,0.8975860000000329,0.29494500000000057,0.8129780000000281,0.29264099999999865,0.3281759999999936,0.0,0.3343749999999938,0.563513999999996,1.000631000000043,0.9974670000000466,0.012801999999999989
97,1.0746051466484703,0.09980399999999959,0.07626499999999983,0.8453570000000298,0.7995300000000293,0.015241999999999988,0.8999540000000352,0.2959279999999971,0.8191010000000296,0.2954419999999977,0.3312609999999936,0.0,0.34019099999999297,0.5618689999999958,1.0006050000000428,0.9974210000000461,0.013070999999999982
98,1.0753122368350105,0.09482699999999972,0.08299599999999967,0.8499610000000294,0.7953310000000252,0.015872999999999988,0.9036510000000311,0.3087919999999963,0.830849000000028,0.3046769999999977,0.3384899999999942,0.0,0.3505459999999937,0.5616289999999939,1.0005770000000411,0.9969570000000443,0.01375499999999998
99,1.0767370255488602,0.0951969999999998,0.08947999999999962,0.8525740000000336,0.7937040000000265,0.01774700000000001,0.907441000000037,0.3181879999999957,0.8371850000000309,0.3161899999999968,0.3492379999999928,0.0,0.36193599999999165,0.5562119999999954,1.0006570000000454,0.9973360000000477,0.015398999999999984
100,1.0783036779210815,0.09736199999999978,0.09812099999999972,0.8599250000000287,0.7970890000000201,0.017966000000000006,0.9085270000000306,0.3224919999999969,0.8403490000000281,0.32301499999999544,0.36414799999999264,0.0,0.3668959999999925,0.5525089999999908,1.0005710000000387,0.9971950000000415,0.016725
101,1.0788794920851328,0.10068799999999986,0.10361899999999945,0.8638360000000281,0.8038440000000263,0.016859999999999986,0.9099400000000315,0.33651499999999346,0.8445410000000272,0.33870899999999127,0.3731729999999905,0.0,0.37825199999999115,0.5519959999999928,1.000628000000038,0.997351000000041,0.017220999999999983
102,1.079766331027668,0.0964619999999998,0.11244499999999968,0.8672120000000344,0.8016090000000266,0.016857000000000004,0.9143390000000338,0.34261799999999315,0.8478320000000349,0.3476399999999924,0.3793909999999901,0.0,0.37904999999999067,0.5528039999999939,1.0005740000000443,0.9973070000000478,0.018667
103,1.0809616323561624,0.09609099999999954,0.12029799999999945,0.8741870000000286,0.8012530000000232,0.017566000000000002,0.9167550000000328,0.3501339999999918,0.8503860000000288,0.3494699999999923,0.39316599999998914,0.0,0.3908319999999895,0.5496129999999951,1.0005400000000368,0.9972660000000417,0.019205999999999984
104,1.0820328653338664,0.09340299999999961,0.12471699999999951,0.8814920000000347,0.8044440000000275,0.01787900000000001,0.9225990000000378,0.3550239999999912,0.8573630000000347,0.3634079999999905,0.40462099999998835,0.0,0.39780599999998895,0.5485009999999954,1.0005460000000448,0.9972970000000482,0.018857000000000006
105,1.08300344881412,0.09069899999999956,0.12842099999999954,0.8851210000000306,0.8048880000000246,0.019175000000000005,0.9271220000000333,0.3557299999999918,0.8616190000000311,0.37354399999999105,0.4167179999999871,0.0,0.4132559999999876,0.5393319999999913,1.0005270000000412,0.9973870000000444,0.017090999999999995
106,1.0837063180524447,0.08915599999999974,0.1351630000000001,0.8878260000000315,0.8052250000000286,0.018872000000000024,0.9279850000000339,0.3590309999999904,0.8679960000000326,0.3741759999999908,0.4274619999999865,0.0,0.4215369999999884,0.5387999999999931,1.0005520000000423,0.9972450000000477,0.01686499999999998
107,1.0840834478511725,0.08952199999999977,0.1445590000000006,0.8931670000000271,0.8136640000000196,0.016903999999999995,0.9300060000000282,0.367335999999992,0.8727470000000246,0.38376999999999173,0.43919599999999,0.0,0.43253799999999004,0.5338189999999915,1.0005000000000341,0.9971280000000373,0.017319999999999995
108,1.0853485732348516,0.08650999999999975,0.15255000000000096,0.8983690000000369,0.8058380000000261,0.018945000000000004,0.9343260000000361,0.368423999999989,0.878379000000036,0.3969909999999892,0.4513729999999857,0.0,0.4382879999999864,0.5303509999999877,1.000499000000042,0.9971630000000448,0.018931000000000003
109,1.0859845874988125,0.08652799999999967,0.15484600000000137,0.9025470000000306,0.8102740000000254,0.021229000000000022,0.9355000000000326,0.3783569999999897,0.879889000000032,0.40481099999998854,0.452405999999987,0.0,0.44230999999998816,0.5290969999999873,1.0004290000000404,0.9970670000000436,0.021999
110,1.0868642350147302,0.08448299999999977,0.1628080000000017,0.9070150000000283,0.8069180000000171,0.02124200000000002,0.9334430000000293,0.38716299999999015,0.880144000000027,0.4119649999999908,0.4597019999999889,0.0,0.4525279999999894,0.5273589999999889,1.0005390000000318,0.9974250000000355,0.022609000000000008
111,1.0864077520360587,0.0878929999999999,0.1691410000000013,0.9080500000000253,0.80989800000002,0.02030600000000001,0.9352410000000275,0.38719899999998897,0.8835960000000261,0.4192109999999899,0.4681109999999879,0.0,0.45286999999998856,0.5284389999999914,1.0005060000000314,0.9972290000000371,0.021002000000000007
112,1.087072633580339,0.09194499999999968,0.17501800000000145,0.9151160000000281,0.8139970000000166,0.019689000000000016,0.9399280000000272,0.39391399999999155,0.8878910000000249,0.42937799999998877,0.48554399999998665,0.0,0.4665169999999881,0.5368039999999911,1.000486000000033,0.997225000000037,0.020965000000000022
113,1.087190037424801,0.09134799999999982,0.17631500000000203,0.91816400000002,0.8156600000000115,0.021782000000000013,0.9405810000000199,0.39699499999998916,0.8892050000000195,0.4378949999999911,0.4925969999999869,0.0,0.46856699999998747,0.5319829999999932,1.0004830000000273,0.9973740000000306,0.020501000000000023
114,1.0880837076355931,0.09391899999999975,0.18565000000000248,0.9208410000000327,0.8201110000000226,0.023821000000000026,0.940406000000032,0.4085449999999886,0.8937670000000325,0.4448939999999884,0.4943039999999871,0.0,0.4778099999999883,0.531433999999991,1.000508000000037,0.997135000000041,0.022314000000000046
115,1.0887550552832437,0.09482599999999976,0.19193000000000152,0.9216930000000286,0.8199270000000202,0.02313800000000002,0.9420330000000285,0.4143609999999894,0.8956120000000248,0.4571289999999892,0.5006039999999877,0.0,0.4833859999999883,0.5334489999999907,1.0004480000000344,0.9971640000000371,0.024013000000000024
116,1.0893527818086306,0.09489699999999976,0.199916000000002,0.926026000000025,0.8202660000000195,0.022351000000000017,0.9450810000000232,0.417144999999991,0.8992090000000249,0.4605439999999898,0.49957799999998803,0.0,0.48736799999998937,0.5350089999999954,1.0004560000000298,0.9971240000000324,0.022481000000000032
117,1.0898593308522024,0.09229699999999981,0.20366800000000196,0.9322050000000243,0.8203270000000179,0.023250000000000028,0.945730000000025,0.423488999999989,0.9061080000000242,0.4711009999999894,0.5126929999999921,0.0,0.5015329999999891,0.5343229999999931,1.0004290000000307,0.997131000000035,0.023312000000000017
118,1.0903879126276987,0.09819499999999969,0.20374700000000273,0.932168000000028,0.8204500000000224,0.023253000000000006,0.9454020000000283,0.42085099999998776,0.9067530000000268,0.4787679999999873,0.5131949999999915,0.0,0.5054809999999903,0.5351369999999936,1.0004430000000333,0.9970300000000363,0.020436000000000013
119,1.0915088314019155,0.09902599999999974,0.213349000000002,0.9311970000000295,0.828711000000024,0.021540000000000017,0.9476440000000285,0.4290169999999904,0.9107680000000288,0.4897539999999891,0.5210889999999921,0.0,0.5170739999999916,0.5309539999999913,1.0004260000000347,0.9972640000000368,0.023059000000000007
120,1.092578510056726,0.0987209999999997,0.22617000000000248,0.9342860000000294,0.8305550000000176,0.021858000000000006,0.948276000000029,0.4411989999999892,0.9163150000000284,0.5000829999999887,0.5243479999999934,0.0,0.5313409999999975,0.528854999999991,1.000432000000032,0.9970630000000349,0.023189000000000015
121,1.0937858093103727,0.09929099999999978,0.23151600000000247,0.9379660000000309,0.8289520000000206,0.023872000000000025,0.950991000000028,0.4461689999999899,0.9191350000000276,0.5110599999999903,0.537247999999997,0.0,0.5329869999999951,0.5299299999999906,1.0003990000000336,0.9970670000000352,0.023901000000000033
122,1.0946323995268152,0.1024919999999997,0.23931100000000283,0.9408850000000247,0.830055000000018,0.02441300000000001,0.9561940000000269,0.44752999999998805,0.9186660000000244,0.5183709999999947,0.5452189999999989,0.0,0.5378599999999981,0.5324019999999932,1.0004180000000285,0.9971170000000323,0.023793000000000026
123,1.0956438398640083,0.10295999999999969,0.24777200000000263,0.939352000000026,0.8310520000000181,0.023986000000000014,0.957287000000026,0.45803199999998867,0.9216160000000261,0.5260799999999944,0.5497069999999968,0.0,0.5397229999999944,0.5374649999999928,1.0003790000000277,0.9969340000000312,0.023522000000000032
124,1.0964622858124167,0.10184399999999987,0.25496900000000217,0.9415030000000205,0.8352610000000109,0.023325000000000026,0.9574690000000188,0.4660039999999891,0.9265690000000215,0.5361639999999942,0.5626379999999994,0.0,0.5453999999999962,0.5431279999999953,1.0004430000000235,0.9971910000000254,0.02392000000000002
125,1.098312017688608,0.1028879999999998,0.2565550000000014,0.9452230000000271,0.8359340000000194,0.023991000000000012,0.9568410000000261,0.4641839999999884,0.9323530000000275,0.5472089999999981,0.5757660000000016,0.0,0.5524569999999984,0.543969999999996,1.0003950000000295,0.997339000000032,0.023429000000000033
126,1.099814508528838,0.10353299999999979,0.2586130000000005,0.9483880000000272,0.8388250000000226,0.02301100000000001,0.9570870000000264,0.4644649999999863,0.9370700000000268,0.5526449999999989,0.5887860000000037,0.0,0.5597760000000016,0.5429939999999962,1.00038300000003,0.9970000000000325,0.02485500000000005
127,1.1011727794469035,0.10628599999999949,0.26765200000000017,0.9526830000000293,0.8356670000000224,0.023776000000000012,0.9565080000000274,0.46884199999998727,0.9393360000000286,0.5615710000000022,0.5920320000000041,0.0,0.5673440000000034,0.5455119999999943,1.0004280000000314,0.9971340000000335,0.024107000000000038
128,1.1029181383023594,0.11030399999999958,0.27613299999999946,0.9506680000000264,0.8369090000000211,0.025566000000000016,0.9561640000000242,0.4728859999999882,0.940658000000026,0.5705760000000022,0.5932880000000048,0.0,0.5695140000000009,0.5545869999999975,1.0004230000000292,0.9970870000000307,0.02464700000000001
129,1.1046739839785684,0.11008799999999973,0.28497099999999914,0.9515520000000252,0.8369220000000154,0.027159000000000023,0.959602000000024,0.4745229999999876,0.9401770000000238,0.5749049999999962,0.5930220000000023,0.0,0.5717249999999973,0.552364999999997,1.000431000000026,0.99718100000003,0.026166000000000043
130,1.105808484160143,0.10697799999999978,0.29700599999999777,0.9527380000000244,0.8347450000000181,0.029389000000000037,0.9613310000000245,0.480578999999989,0.9416080000000264,0.5794820000000019,0.5902610000000025,0.0,0.5766040000000026,0.5532569999999967,1.0004030000000275,0.9972680000000294,0.027877000000000044
131,1.1066522160335868,0.10727199999999967,0.3058579999999983,0.9553050000000276,0.8376370000000201,0.03109300000000004,0.9655250000000266,0.4820859999999872,0.9433420000000279,0.5824800000000019,0.5996140000000039,0.0,0.5800920000000004,0.5518719999999968,1.0003570000000273,0.9971430000000311,0.02798800000000003
132,1.1069997048294509,0.10612799999999985,0.3142969999999955,0.957402000000026,0.8393510000000185,0.03149200000000004,0.966841000000025,0.48537199999998876,0.9466980000000255,0.5957200000000034,0.6142760000000045,0.0,0.593895000000004,0.5451009999999951,1.0004220000000266,0.99730600000003,0.026583000000000048
133,1.1075310646877983,0.10268499999999975,0.32125399999999554,0.9607260000000206,0.8405380000000147,0.031228000000000027,0.9686660000000201,0.4951269999999882,0.9479780000000199,0.6053980000000033,0.6148530000000042,0.0,0.6019600000000036,0.5438959999999957,1.0003510000000229,0.997042000000026,0.028228000000000027
134,1.1082133038236708,0.09935499999999957,0.33191099999999657,0.9636070000000235,0.8454230000000144,0.033105000000000016,0.9691530000000218,0.5034259999999887,0.9483020000000231,0.6092460000000032,0.6210090000000057,0.0,0.6079110000000056,0.5463259999999965,1.000363000000025,0.9971470000000283,0.028769000000000048
135,1.1074630434170099,0.09995099999999969,0.333891999999996,0.9651320000000279,0.8491010000000221,0.03322900000000001,0.9714990000000273,0.5018049999999891,0.9495080000000267,0.6142320000000033,0.6262180000000045,0.0,0.616325000000004,0.544023999999991,1.0003220000000295,0.9972820000000318,0.030652000000000044
136,1.108397742225686,0.09933399999999985,0.33767899999999496,0.9661190000000248,0.8471910000000185,0.03616500000000001,0.972345000000024,0.5037669999999881,0.9509370000000248,0.6198480000000084,0.6299300000000091,0.0,0.6203000000000078,0.5362439999999932,1.0003180000000265,0.9971040000000286,0.034466000000000024
137,1.1095970285828027,0.1011939999999997,0.34192299999999537,0.965733000000021,0.8463810000000136,0.035393999999999946,0.9738060000000193,0.5085659999999901,0.9528250000000205,0.6296510000000037,0.6394270000000047,0.0,0.630336000000004,0.5394109999999938,1.000395000000021,0.9971200000000233,0.035859999999999975
138,1.1110106551972396,0.09968399999999994,0.3547989999999961,0.9677000000000264,0.8477880000000161,0.03541800000000001,0.9749990000000254,0.5229219999999949,0.9562270000000261,0.6399760000000076,0.652889000000008,0.0,0.6404580000000055,0.5318769999999935,1.0003730000000275,0.9970880000000313,0.03649700000000003
139,1.1120250079254645,0.09911799999999972,0.3596529999999957,0.9678930000000209,0.8490310000000166,0.034698999999999994,0.9755860000000207,0.5290079999999934,0.9574210000000192,0.6413000000000068,0.6583310000000054,0.0,0.6497190000000067,0.5330289999999946,1.0003630000000232,0.9970440000000269,0.03552100000000004
140,1.1132871563094848,0.10075999999999961,0.37271999999999583,0.9695930000000267,0.8484350000000175,0.03514000000000003,0.9791950000000256,0.5329669999999972,0.9595770000000259,0.6491760000000018,0.6683650000000042,0.0,0.6578140000000033,0.5388089999999981,1.000321000000028,0.9969560000000293,0.03497300000000003
141,1.114098742646465,0.0987519999999998,0.378688999999994,0.972274000000025,0.8532260000000184,0.03498800000000001,0.9792840000000235,0.5375869999999959,0.9621000000000243,0.6548680000000066,0.6811080000000077,0.0,0.6660790000000074,0.5372079999999969,1.0003310000000245,0.9970460000000265,0.032207000000000034
142,1.1140497223018153,0.10338799999999986,0.3864259999999946,0.9724120000000214,0.8583150000000149,0.034496000000000034,0.9783340000000208,0.5355059999999957,0.9639730000000211,0.6588520000000089,0.6836410000000094,0.0,0.6733700000000046,0.5321659999999939,1.0002920000000226,0.996804000000027,0.03272100000000003
143,1.1148808033946769,0.10520399999999984,0.3986779999999951,0.9748680000000232,0.8578350000000142,0.033445000000000016,0.9808740000000231,0.5410979999999999,0.966955000000023,0.6658310000000062,0.6917950000000074,0.0,0.6821930000000075,0.5288179999999966,1.0003200000000256,0.9970600000000277,0.032086000000000024
144,1.115626658652175,0.10854999999999976,0.4034669999999954,0.9764370000000214,0.8589500000000158,0.032961000000000025,0.9801280000000222,0.5451309999999985,0.9673630000000211,0.6686520000000081,0.6966570000000092,0.0,0.6885620000000084,0.5238269999999919,1.0003090000000237,0.9970990000000273,0.03241700000000002
145,1.1160985687288105,0.10630599999999998,0.407514999999995,0.9758410000000213,0.8568320000000175,0.03162400000000001,0.9810290000000217,0.5490469999999986,0.9692390000000212,0.6724910000000083,0.7019250000000083,0.0,0.691524000000009,0.5172349999999892,1.0003080000000228,0.9968750000000269,0.03253500000000001
146,1.1169590807253258,0.10641399999999965,0.41769799999999396,0.976074000000026,0.8548450000000187,0.03235500000000004,0.9813130000000253,0.5543599999999991,0.9700290000000252,0.6783750000000122,0.7070050000000112,0.0,0.6960680000000119,0.5164409999999874,1.0002430000000273,0.9969750000000296,0.03350700000000004
147,1.1176515953554034,0.10561399999999989,0.4264139999999946,0.9750780000000202,0.8546940000000133,0.03570300000000002,0.9813340000000208,0.5629260000000036,0.9699080000000204,0.6841100000000068,0.7154000000000058,0.0,0.7000700000000052,0.5141049999999918,1.0002720000000214,0.9969160000000249,0.034426999999999944
148,1.1192621313043334,0.10395299999999981,0.4255359999999926,0.9770780000000259,0.8563740000000183,0.038534,0.9810830000000261,0.5632050000000026,0.9707990000000253,0.6850280000000116,0.716520000000011,0.0,0.7055580000000119,0.5109589999999892,1.000262000000027,0.9971660000000289,0.03449299999999998
149,1.1207417958419463,0.10512699999999998,0.43383699999999586,0.9777130000000205,0.8600830000000128,0.03714900000000001,0.9829370000000205,0.5703340000000026,0.9710750000000195,0.6848930000000093,0.7183040000000084,0.0,0.7078300000000074,0.5108919999999914,1.0002780000000218,0.9971180000000233,0.03410099999999998
150,1.1210197398073398,0.10485699999999991,0.4408519999999952,0.9800100000000191,0.8543580000000139,0.03684599999999994,0.9824040000000183,0.5753679999999991,0.9748560000000187,0.6967610000000058,0.7258090000000059,0.0,0.7151040000000058,0.5149309999999884,1.0002140000000193,0.9968330000000211,0.03825899999999999
151,1.1217921224080873,0.10511699999999992,0.44168599999999364,0.9805200000000204,0.8504920000000132,0.03472599999999997,0.9836050000000202,0.5740150000000023,0.9773780000000197,0.7044970000000091,0.7296830000000085,0.0,0.7226630000000107,0.5210939999999927,1.0002710000000208,0.9969130000000221,0.038148000000000015
152,1.1207185673469655,0.10164499999999993,0.4506179999999939,0.9812200000000203,0.8523950000000159,0.03525400000000001,0.9856010000000203,0.5800570000000017,0.9790420000000206,0.7076640000000097,0.7399070000000114,0.0,0.727364000000009,0.5241759999999913,1.0003190000000217,0.9968350000000239,0.042363999999999964
153,1.1217092825605235,0.10263199999999995,0.4606789999999939,0.9836790000000228,0.8598020000000157,0.035833,0.9848620000000233,0.5904390000000035,0.9766370000000235,0.7129870000000085,0.7432030000000088,0.0,0.7307240000000076,0.5217949999999905,1.0002840000000242,0.9971490000000267,0.041940000000000026
154,1.1230463600253617,0.09933199999999984,0.46867299999999473,0.9846690000000198,0.8558530000000133,0.038733000000000004,0.9840450000000194,0.5943960000000065,0.9770290000000207,0.7188530000000104,0.7475310000000087,0.0,0.7329870000000084,0.519574999999994,1.0002720000000205,0.9971390000000231,0.04129899999999997
155,1.1244321992336552,0.0961759999999999,0.47141399999999334,0.9852840000000178,0.8573130000000151,0.03929399999999999,0.983523000000017,0.5999530000000022,0.9773050000000177,0.7238800000000067,0.7505680000000081,0.0,0.7364190000000062,0.5131509999999895,1.0002580000000185,0.9968860000000208,0.041205
156,1.1259794179398208,0.09435399999999981,0.48161299999999285,0.9837460000000177,0.8585150000000125,0.03997200000000002,0.984485000000017,0.6098180000000055,0.9792690000000178,0.724221000000008,0.7529100000000083,0.0,0.738323000000007,0.5192009999999889,1.000262000000018,0.9968480000000212,0.04573099999999999
157,1.1271222870490485,0.09292999999999986,0.488447999999995,0.9835260000000134,0.8590900000000103,0.03934100000000005,0.9831590000000134,0.6107369999999976,0.979532000000015,0.7315010000000074,0.7537810000000066,0.0,0.7425690000000078,0.5192359999999905,1.0002670000000142,0.9969520000000177,0.04876099999999996
158,1.1289606234992406,0.09415499999999971,0.4949869999999949,0.9861550000000213,0.8591070000000146,0.040848000000000044,0.9825090000000205,0.6158760000000052,0.9797420000000204,0.7316800000000125,0.7604810000000126,0.0,0.7459640000000113,0.524618999999991,1.0001970000000215,0.9967760000000239,0.05260899999999996
159,1.1302758626256404,0.09400699999999987,0.49825199999999453,0.9865390000000185,0.8601070000000116,0.04235699999999996,0.981179000000018,0.6132820000000012,0.9813740000000191,0.7380910000000064,0.7622580000000063,0.0,0.7496720000000058,0.5244369999999942,1.00020500000002,0.9967580000000225,0.05240300000000002
160,1.1311416539364343,0.09488299999999988,0.5035839999999954,0.9870860000000172,0.8604070000000147,0.04195400000000003,0.9807910000000172,0.6149000000000037,0.983658000000018,0.7421400000000107,0.7679350000000102,0.0,0.754153000000009,0.5270919999999949,1.000202000000018,0.9969740000000206,0.05285599999999992
161,1.1320228132848698,0.09219099999999991,0.515640999999994,0.9869810000000149,0.8589840000000136,0.0413,0.9807330000000152,0.6233470000000024,0.9850640000000148,0.7481780000000098,0.7751600000000085,0.0,0.7598650000000086,0.5244469999999923,1.000221000000015,0.9971080000000164,0.05391199999999993
162,1.1327303275431888,0.09519000000000001,0.518757999999999,0.9865920000000155,0.8598780000000122,0.040343000000000004,0.9812410000000148,0.6237710000000084,0.986241000000015,0.7510370000000096,0.7767930000000103,0.0,0.7624680000000096,0.5244739999999969,1.0002220000000153,0.9972720000000176,0.053759999999999974
163,1.1346661636729756,0.09420799999999993,0.5231439999999968,0.9866400000000176,0.8588140000000102,0.04082199999999996,0.9829390000000168,0.6281710000000028,0.9869990000000173,0.7545380000000065,0.7799640000000063,0.0,0.7713570000000071,0.517567999999993,1.000171000000019,0.9969850000000208,0.052011999999999996
164,1.1362728509607578,0.09527099999999991,0.5319649999999985,0.9876330000000154,0.8594700000000121,0.04234500000000003,0.9851330000000146,0.6326320000000037,0.9870890000000155,0.7590580000000077,0.7804810000000073,0.0,0.7704570000000076,0.5121549999999914,1.0002070000000158,0.9968910000000182,0.05383599999999997
165,1.137814773219529,0.09506199999999997,0.5291429999999963,0.9887280000000179,0.8591990000000109,0.044413000000000036,0.9871480000000179,0.6300280000000051,0.9880240000000177,0.7586670000000113,0.785008000000009,0.0,0.7696950000000092,0.5110319999999896,1.0002400000000182,0.9970490000000193,0.056967
166,1.1389798955473256,0.09576499999999982,0.5361239999999969,0.9903910000000149,0.8634540000000116,0.042995,0.988380000000015,0.6401740000000026,0.9895360000000156,0.7656410000000089,0.792491000000008,0.0,0.7765990000000091,0.5086179999999916,1.0001970000000167,0.9969270000000182,0.06283100000000003
167,1.1401165974831005,0.10041399999999992,0.5410189999999959,0.9896900000000151,0.8642450000000114,0.04085700000000005,0.9877390000000149,0.6393530000000001,0.9903250000000157,0.770306000000008,0.7967310000000074,0.0,0.7775030000000076,0.5130049999999946,1.000197000000015,0.9967680000000176,0.060219999999999996
168,1.1416420734905484,0.10409199999999982,0.5451630000000022,0.9897280000000144,0.8652650000000122,0.04334299999999999,0.9869670000000137,0.6412000000000079,0.9898280000000139,0.7744410000000099,0.8020470000000077,0.0,0.7845120000000084,0.5109169999999923,1.0001920000000144,0.9971300000000171,0.06239
169,1.142535979234107,0.10488199999999982,0.5446919999999997,0.990141000000014,0.8693870000000098,0.041623,0.9881950000000133,0.639976000000007,0.9901180000000136,0.7797010000000065,0.805718000000007,0.0,0.7860510000000057,0.5134759999999948,1.0001850000000136,0.996805000000016,0.06372699999999996
170,1.1441698056844256,0.10254499999999991,0.5555380000000006,0.9902800000000187,0.874271000000013,0.041546000000000013,0.9890420000000187,0.6477060000000074,0.989391000000019,0.7825540000000101,0.8047710000000103,0.0,0.7864780000000102,0.5124219999999924,1.0001720000000194,0.9968460000000205,0.06469200000000003
171,1.1459981890339301,0.10225999999999996,0.5599960000000033,0.990718000000013,0.8726850000000094,0.03891599999999997,0.9900260000000135,0.6513760000000086,0.9903870000000131,0.7889210000000062,0.8074050000000071,0.0,0.7850090000000063,0.5104379999999952,1.0001670000000136,0.9967820000000154,0.06258100000000001
172,1.1472633710346383,0.10424799999999997,0.567184000000002,0.9912660000000157,0.8704580000000113,0.04060700000000004,0.9906720000000165,0.6567110000000064,0.9899740000000162,0.7917600000000092,0.8050920000000085,0.0,0.783419000000008,0.5096949999999927,1.0001800000000167,0.9967450000000182,0.06235399999999997
173,1.1474549640176193,0.10531499999999991,0.5728790000000026,0.9908320000000175,0.8714230000000125,0.04051499999999998,0.9898490000000175,0.66150400000001,0.9908760000000173,0.7962620000000094,0.8071430000000097,0.0,0.7869580000000079,0.5155599999999948,1.0001700000000184,0.9969430000000201,0.06507299999999999
174,1.148448660016479,0.10571599999999985,0.5713680000000021,0.9900280000000136,0.8769960000000103,0.037402000000000026,0.990132000000014,0.6609510000000054,0.9917670000000148,0.8000320000000087,0.810412000000007,0.0,0.788370000000005,0.5203489999999937,1.0001890000000144,0.9969430000000159,0.06664499999999997
175,1.151423142045936,0.10299199999999983,0.5771960000000043,0.9900020000000145,0.8782910000000103,0.037343,0.9906750000000142,0.6652160000000075,0.9921660000000143,0.8043300000000092,0.8092510000000096,0.0,0.7926470000000085,0.5214059999999948,1.0001680000000148,0.9968960000000167,0.06683299999999998
176,1.1543270312101919,0.10181599999999975,0.5838330000000007,0.990022000000015,0.8791120000000122,0.03812500000000002,0.9901230000000151,0.6721250000000067,0.9918130000000157,0.8095790000000085,0.8096660000000081,0.0,0.7954100000000073,0.5249319999999966,1.000172000000017,0.9967880000000165,0.06801699999999995
177,1.1566887843160654,0.10315799999999996,0.5885210000000038,0.9899170000000141,0.88198200000001,0.037189000000000014,0.9903250000000141,0.674485000000008,0.9923910000000145,0.8118530000000078,0.813145000000007,0.0,0.803321000000007,0.5241679999999957,1.000153000000015,0.9968710000000157,0.06598100000000001
178,1.160402912002518,0.10093499999999984,0.6001610000000016,0.9905060000000123,0.8797450000000101,0.03830599999999999,0.9896810000000124,0.6835380000000064,0.9937900000000125,0.816661000000006,0.8210590000000068,0.0,0.8070810000000058,0.5312149999999974,1.0001830000000127,0.9968940000000144,0.06845499999999989
179,1.1613289135263103,0.10117399999999992,0.6062190000000022,0.9910380000000136,0.8804750000000097,0.03866600000000002,0.9895680000000139,0.6876460000000072,0.994300000000014,0.8202110000000066,0.8240990000000072,0.0,0.8106990000000073,0.5327599999999991,1.0001610000000138,0.9967470000000158,0.07094899999999994
180,1.162563406161404,0.09991199999999996,0.6121850000000022,0.9902390000000132,0.8809370000000092,0.041140999999999976,0.9892720000000138,0.6898360000000073,0.994667000000013,0.818053000000009,0.8241480000000071,0.0,0.8105370000000066,0.5286859999999982,1.0001570000000137,0.9966500000000149,0.07217999999999998
181,1.1648350550570588,0.09673099999999978,0.6143750000000042,0.9909980000000168,0.8829840000000114,0.042921000000000015,0.9907190000000166,0.6904230000000064,0.9943260000000163,0.8176280000000078,0.8271160000000073,0.0,0.8102020000000053,0.5281889999999966,1.000162000000017,0.9970410000000189,0.07272199999999997
182,1.1669049669499143,0.09939099999999983,0.6163390000000013,0.9907520000000131,0.8847560000000104,0.04234700000000004,0.9914980000000134,0.6904460000000049,0.9944620000000127,0.819051000000007,0.8313600000000073,0.0,0.8098110000000083,0.5287609999999976,1.0001780000000131,0.9969610000000149,0.07604200000000001
183,1.1685491360483604,0.10112199999999995,0.6148140000000029,0.9905500000000137,0.8874670000000099,0.041646999999999955,0.9920640000000133,0.6887150000000067,0.9946210000000136,0.8227880000000068,0.8330990000000055,0.0,0.8130440000000058,0.5314009999999942,1.0001540000000138,0.9966830000000156,0.07931400000000004
184,1.1702283411568764,0.10030299999999995,0.6206440000000029,0.9923530000000144,0.8850950000000085,0.04194399999999998,0.9926750000000142,0.6933380000000057,0.9947630000000143,0.824611000000005,0.8370300000000064,0.0,0.8169250000000061,0.5286049999999903,1.0001680000000142,0.9966770000000152,0.07926099999999991
185,1.1717145311501616,0.09836699999999977,0.6253390000000056,0.9930730000000105,0.8901140000000083,0.041163999999999985,0.992073000000012,0.7009440000000053,0.9940920000000111,0.827493000000004,0.8391860000000052,0.0,0.816624000000004,0.5218429999999978,1.0001650000000117,0.9968090000000143,0.07655999999999996
186,1.172395297292773,0.09888099999999986,0.6401440000000034,0.9938540000000122,0.8928280000000064,0.04032200000000001,0.9920050000000121,0.7109170000000059,0.9942470000000123,0.8283490000000047,0.8395280000000039,0.0,0.8177500000000058,0.5246209999999962,1.0001880000000127,0.9968890000000138,0.07985200000000003
187,1.1740061684312664,0.1012669999999998,0.6425460000000042,0.9946250000000129,0.89410100000001,0.038763,0.9926590000000124,0.711675000000007,0.9952320000000129,0.8289850000000069,0.8433440000000073,0.0,0.8207200000000072,0.5240119999999979,1.000191000000013,0.996759000000014,0.08012799999999996
188,1.174682395984297,0.10172899999999988,0.6518680000000018,0.9947040000000129,0.8991800000000075,0.03719400000000004,0.9924970000000125,0.7228750000000056,0.9951490000000128,0.8277760000000048,0.8472250000000061,0.0,0.8202840000000072,0.5239249999999978,1.000122000000013,0.9969020000000143,0.07962399999999993
189,1.1759346074184311,0.10093699999999985,0.656981000000003,0.9951320000000146,0.9002610000000094,0.037573,0.9944020000000147,0.7253700000000057,0.9963390000000145,0.8293430000000057,0.8529720000000057,0.0,0.821718000000005,0.5288779999999983,1.0001850000000148,0.9969880000000164,0.07913499999999993
190,1.1777631857329833,0.09907599999999983,0.6626730000000034,0.9950350000000127,0.9022060000000074,0.03806699999999998,0.994950000000012,0.7312830000000069,0.9958260000000123,0.828404000000007,0.8548850000000071,0.0,0.8224530000000069,0.5212119999999969,1.0001490000000122,0.996932000000014,0.07798899999999999
191,1.179035169973589,0.10038300000000003,0.6669440000000048,0.9946740000000115,0.9020440000000078,0.03854399999999998,0.9946570000000111,0.732454000000008,0.9951290000000114,0.8286710000000076,0.8596530000000069,0.0,0.8247950000000048,0.5222039999999993,1.0001310000000116,0.9968760000000128,0.07934899999999999
192,1.1801976986511957,0.10373399999999978,0.6709220000000056,0.9945040000000133,0.9035210000000093,0.03956500000000003,0.9940420000000133,0.7348360000000088,0.9952180000000134,0.8310180000000074,0.8599470000000076,0.0,0.8239380000000067,0.525941999999996,1.0001520000000137,0.9968610000000158,0.07838900000000001
193,1.1822618644261527,0.10437099999999994,0.6770220000000042,0.995061000000011,0.9090750000000066,0.03945399999999996,0.9952510000000111,0.7375530000000068,0.994012000000011,0.8353850000000045,0.8653730000000049,0.0,0.826070000000004,0.5258180000000012,1.0001470000000112,0.9967720000000113,0.08031199999999995
194,1.1845542701812863,0.09832199999999988,0.6765500000000038,0.9949800000000099,0.910046000000007,0.03861499999999999,0.9953710000000094,0.7355600000000059,0.9931390000000097,0.8386380000000049,0.8680180000000062,0.0,0.8289930000000036,0.5193049999999972,1.0001320000000096,0.9966870000000114,0.08029499999999996
195,1.1856061543732175,0.09555299999999993,0.6812880000000033,0.9957360000000116,0.9115820000000074,0.036384000000000014,0.9963190000000116,0.7390760000000056,0.9933130000000117,0.8395110000000056,0.8709810000000046,0.0,0.8323390000000055,0.5186819999999963,1.0001170000000126,0.9964970000000144,0.08431599999999997
196,1.1862795786689164,0.09636999999999996,0.6834710000000028,0.9962610000000091,0.9078660000000073,0.03899599999999996,0.9957080000000091,0.7417480000000054,0.9925900000000095,0.8398230000000054,0.8735810000000057,0.0,0.8360790000000037,0.5177539999999973,1.0001040000000097,0.9966810000000101,0.087627
197,1.1875334761835799,0.09758999999999994,0.6824370000000047,0.9969720000000126,0.9084330000000089,0.04021900000000005,0.9955350000000126,0.7412200000000081,0.9931470000000127,0.8434470000000076,0.876005000000009,0.0,0.8356520000000072,0.513025999999995,1.000132000000013,0.9966790000000134,0.08530399999999999
198,1.1899655447428172,0.09462999999999987,0.6910720000000032,0.9969930000000125,0.9112470000000089,0.03994699999999999,0.9962090000000121,0.7486660000000047,0.9937500000000125,0.8456480000000075,0.8778750000000073,0.0,0.8404800000000069,0.5068189999999937,1.0001630000000128,0.9967570000000144,0.08535899999999993
199,1.191450621742671,0.09278599999999977,0.6981090000000016,0.996376000000009,0.916805000000007,0.03647700000000001,0.9963850000000093,0.7530520000000035,0.99402900000001,0.8508000000000056,0.8799530000000061,0.0,0.8473180000000049,0.5011299999999946,1.0001510000000091,0.9966710000000116,0.0840539999999999
200,1.1936083388186562,0.09271399999999988,0.7017370000000025,0.9972320000000122,0.9175970000000097,0.03680300000000005,0.9961890000000128,0.7566760000000049,0.9929900000000129,0.8537090000000084,0.8820150000000078,0.0,0.8491520000000071,0.499473999999993,1.0000870000000128,0.9967620000000148,0.08705399999999998
