,PopRatio,Diff_KC,Fibroblast,ILC3,M1,M2,Neutrophil,Prol_KC,Th0,Th1,Th17,Th2,Th22,Treg,iDC,pDC,preDiff_KC
0,1.0,0.000106,0.0,0.0,0.0,0.0,0.0,0.0,0.0,0.0,0.0,0.0,0.0,0.16779500000000006,0.0,0.0,0.0
1,0.9999990000000003,0.000825,0.0,0.0,0.0,0.0,0.0,0.0,0.0,0.0,0.0,0.0,0.0,0.12098399999999998,0.0,0.0,0.0
2,0.9999980000010006,0.00159,0.0,0.0,8e-06,0.0,6.6e-05,0.0,0.0,0.0,0.0,0.0,0.0,0.11427200000000005,0.000931,0.0009289999999999999,0.0
3,1.0000039999890007,0.0023610000000000003,0.0,0.0,6.7e-05,0.0,0.000134,0.0,0.0,0.0,0.0,0.0,0.0,0.12428099999999997,0.0035240000000000015,0.0035080000000000003,0.0
4,1.0000090000090012,0.003206,0.0,0.0,5e-06,0.0,0.0005510000000000001,0.0,0.0,0.0,0.0,0.0,0.0,0.13799700000000006,0.009524999999999995,0.009543999999999997,0.0
5,1.0000120000360013,0.004638,0.0,0.0,0.000633,0.0,0.001146,0.0,0.0,0.0,0.0,0.0,0.0,0.14797900000000017,0.023628000000000014,0.023594000000000014,0.0
6,1.0000079999880007,0.005607,0.0,0.0,0.0018449999999999999,0.0,0.0020519999999999996,0.0,0.0,0.0,0.0,0.0,0.0,0.16760600000000014,0.04103399999999999,0.041052999999999985,0.0
7,1.0000200000840012,0.005895000000000002,0.0,0.0,0.004428,0.0,0.0034590000000000003,0.0,0.0,0.0,0.0,0.0,0.0,0.17945200000000003,0.06599000000000002,0.06609000000000002,0.0
8,1.0000490006640042,0.005752,0.0,0.0,0.005687000000000003,0.0,0.0066400000000000035,0.0,0.0,0.0,0.0,0.0,0.0,0.19246500000000014,0.09592200000000001,0.09586,0.0
9,1.000084002379031,0.006704000000000001,0.0,0.0,0.00843299999999999,0.0,0.009841999999999998,0.0,0.0,0.0,0.0,0.0,0.0,0.20568500000000015,0.12875799999999982,0.12873699999999985,0.0
10,1.0001300062431437,0.006413999999999999,0.0,0.0,0.012099999999999982,0.0,0.014263999999999992,0.0,0.0,0.0,0.0,0.0,0.0,0.22925700000000046,0.1677540000000007,0.1677070000000007,0.0
11,1.000174011963421,0.007975,0.0,0.0,0.01964900000000002,0.0,0.01919300000000002,0.0,0.0,0.0,0.0,0.0,0.0,0.2482140000000006,0.21169000000000113,0.21177700000000116,0.0
12,1.0002300217080977,0.008381999999999997,0.0,0.0,0.02728500000000001,0.0,0.026868000000000034,0.0,0.0,0.0,0.0,0.0,0.0,0.26454899999999937,0.26373899999999967,0.26365299999999975,0.0
13,1.0003160414899688,0.009576999999999997,0.0,0.0,0.035069000000000024,0.0,0.032504000000000026,0.0,4.2000000000000004e-05,0.0,0.0,0.0,0.0,0.28289399999999926,0.3101899999999969,0.31012099999999687,0.0
14,1.000437079730998,0.008837999999999995,0.0,0.0,0.04552899999999995,0.0,0.042268999999999966,0.0,6.7e-05,0.0,0.0,0.0,0.0,0.2904449999999984,0.3563579999999957,0.35621199999999564,0.0
15,1.0005771409221695,0.010514999999999998,0.0,0.0,0.05764599999999988,0.0,0.05280999999999992,0.0,0.000249,0.0,0.0,0.0,0.0,0.30600799999999817,0.40120499999999654,0.4010399999999968,0.0
16,1.000759245961825,0.011298999999999993,0.0,0.0,0.06986799999999971,0.0,0.06397000000000003,0.0,0.000399,0.0,0.0,0.0,0.0,0.32208499999999757,0.448260999999994,0.4479029999999941,0.0
17,1.0010134388103136,0.011221999999999989,0.0,0.0,0.0822589999999997,0.0,0.0767399999999997,0.0,0.000862,0.0,0.0,0.0,0.0,0.33389799999999664,0.48805399999999255,0.4876789999999926,0.0
18,1.0012927215597578,0.011621999999999988,0.0,0.0,0.09912299999999946,0.0,0.09048699999999957,0.0,0.0016480000000000002,0.0,0.0,0.0,0.0,0.33907499999999696,0.5309219999999988,0.5302179999999989,0.0
19,1.0015911067908057,0.01243799999999999,0.0,0.0,0.11476699999999929,0.0,0.10385099999999918,0.0,0.0016670000000000003,0.0,0.0,0.0,0.0,0.3448879999999977,0.5751230000000053,0.5740740000000057,0.0
20,1.0019506779981706,0.012335999999999977,0.0,0.0,0.12569999999999937,0.0,0.11869999999999918,0.0,0.0030670000000000007,0.0,0.0,0.0,0.0,0.3611889999999956,0.6118030000000046,0.6104520000000054,0.0
21,1.0023875284938057,0.014603999999999982,0.0,0.0,0.1394579999999997,0.0,0.13511299999999998,0.0,0.004610000000000003,0.0,0.0,0.0,0.0,0.3695019999999927,0.6455650000000107,0.643944000000011,0.0
22,1.0028967413583194,0.016551999999999994,0.0,0.0,0.15464800000000092,0.0,0.14987100000000053,6.6e-05,0.006491000000000006,0.0,0.0,0.0,0.0,0.3848459999999947,0.6759720000000168,0.6737790000000168,0.0
23,1.0034754127781174,0.01910800000000002,0.0,0.0,0.17475600000000197,0.0,0.16585800000000142,0.000104,0.009370999999999997,0.0,0.0,0.0,0.0,0.3931749999999943,0.7097320000000185,0.7068510000000177,0.0
24,1.0041296787472929,0.018847,0.0,0.0,0.194896000000003,0.0,0.1810060000000024,0.00026700000000000004,0.011208999999999997,0.0,0.0,0.0,0.0,0.40646599999999167,0.7359820000000244,0.7320140000000243,0.0
25,1.0048044538914518,0.019711000000000013,0.0,0.0,0.21618800000000468,0.0,0.19818800000000347,6.7e-05,0.01447199999999998,0.0,0.0,0.0,0.0,0.41142099999999354,0.7630560000000278,0.7582020000000279,0.0
26,1.0055158554448378,0.020746999999999995,0.0,0.0,0.2324990000000053,0.0,0.21705000000000574,0.00028,0.01972200000000002,0.0,0.0,0.0,0.0,0.4199999999999938,0.7904820000000297,0.7848270000000286,0.0
27,1.0062890971377085,0.020565000000000028,0.0,0.0,0.2560390000000043,0.0,0.23240500000000627,0.000469,0.024187000000000052,0.0,0.0,0.0,0.0,0.43298299999998996,0.8111080000000367,0.8056720000000361,0.0
28,1.0072430592018413,0.021776000000000018,0.0,5e-06,0.27397700000000413,0.0,0.2547190000000061,0.00046100000000000004,0.03232000000000009,0.0,0.0,0.0,0.0,0.43550899999998804,0.8281730000000453,0.8215930000000439,0.0
29,1.0081616648718872,0.021348000000000023,0.0,0.00018,0.2936540000000005,0.0,0.2744150000000036,0.0004,0.03714199999999996,0.0,0.0,0.0,0.0,0.44286699999998935,0.8464150000000503,0.8392330000000495,0.0
30,1.0091244592618955,0.021649,0.0,0.00028599999999999996,0.3095609999999981,0.0,0.29456000000000154,0.0008230000000000001,0.043522999999999985,0.0,0.0,0.0,0.0,0.4467089999999887,0.8619850000000446,0.8540700000000424,0.0
31,1.0101366110945897,0.024243000000000035,0.0,0.000603,0.33152799999999677,0.0,0.3100070000000009,0.000878,0.05113699999999987,0.0,0.0,0.0,0.0,0.4553079999999896,0.8728150000000461,0.8632150000000458,0.0
32,1.0112255383614073,0.024414000000000036,0.0,0.001109,0.34521299999999283,0.0,0.3199039999999966,0.0013100000000000002,0.05745699999999978,0.0,0.0,0.0,0.0,0.46081799999998635,0.8858790000000538,0.8766520000000547,0.0
33,1.0122569884105983,0.024682000000000034,0.0,0.0025479999999999995,0.35847199999999346,0.0,0.34209799999999574,0.001609,0.06344499999999977,0.0,0.0,0.0,0.0,0.46480199999998206,0.8965700000000555,0.8858690000000544,0.0
34,1.0133137847065588,0.02323700000000003,0.0,0.004020000000000003,0.37253599999999043,0.0,0.3537449999999935,0.0024829999999999995,0.07781999999999956,0.0,0.0,0.0,0.0,0.46911799999998116,0.9115710000000659,0.9012140000000659,0.0
35,1.0144152567906035,0.023170000000000003,0.0,0.004314000000000002,0.38428199999998996,0.0,0.3716109999999917,0.003057000000000002,0.08607399999999968,0.0,6.7e-05,0.0,0.0,0.480328999999983,0.9209140000000554,0.9100420000000573,0.0
36,1.0155585027850689,0.02477400000000004,0.0,0.0065960000000000055,0.403036999999988,0.0,0.38700699999998905,0.004691000000000003,0.0992529999999995,2.4e-05,0.0,0.0,0.0,0.4869919999999809,0.9327630000000664,0.9229630000000649,0.000134
37,1.0167609240524398,0.027143000000000035,0.0,0.008032000000000006,0.40947099999998654,0.0,0.4059839999999875,0.0055050000000000055,0.1111779999999993,0.00020200000000000003,0.0,0.0,6.7e-05,0.4964419999999794,0.9371980000000637,0.9270810000000634,6.7e-05
38,1.0179068136139149,0.029757000000000058,0.0,0.01222699999999999,0.4307839999999869,0.0,0.4184259999999852,0.007716000000000007,0.12706399999999882,0.000133,0.000112,0.0,3.1e-05,0.4959249999999795,0.9428530000000621,0.932628000000063,0.0
39,1.0190458513384153,0.031243000000000055,0.0,0.01659299999999998,0.4415529999999838,0.0,0.43392199999998404,0.009001000000000002,0.13867000000000018,0.00013900000000000002,0.00021500000000000002,0.0,0.000191,0.5026699999999826,0.949848000000057,0.9395700000000567,0.0
40,1.0202310016635834,0.034078000000000046,0.0,0.02514500000000004,0.45926399999998124,0.0,0.4516059999999828,0.009398,0.1475590000000006,0.000191,0.000402,0.0,0.00021,0.5032549999999789,0.9558050000000614,0.9445720000000621,0.0
41,1.0214093684705743,0.03586600000000005,6.7e-05,0.03328900000000004,0.4783339999999783,0.0,0.4687569999999786,0.009514000000000002,0.1586680000000016,0.000249,0.000494,0.0,0.000465,0.5116939999999817,0.9607220000000561,0.9508140000000568,0.0
42,1.022636081122168,0.035904,0.0,0.04115299999999998,0.4991869999999788,0.0,0.48423499999997677,0.010865999999999995,0.17592700000000192,0.00044899999999999996,0.0007860000000000002,0.0,0.0005480000000000001,0.5135229999999819,0.9698830000000613,0.960505000000061,0.0001
43,1.0237742750805234,0.03600100000000006,0.0,0.05190099999999991,0.5092869999999796,0.0,0.5005569999999777,0.014245999999999983,0.18864500000000356,0.000657,0.001341,0.0,0.000777,0.5200049999999857,0.9722770000000618,0.9622030000000621,0.000468
44,1.0250304461161117,0.03840100000000004,0.0,0.05892599999999986,0.520338999999982,0.0,0.5122499999999792,0.016238999999999993,0.19821600000000347,0.000566,0.001542,0.0,0.001552,0.5281739999999889,0.9738800000000641,0.9628530000000651,0.000667
45,1.0261682299113681,0.041355999999999955,6.7e-05,0.0709499999999999,0.532412999999986,0.0,0.5262009999999818,0.017710999999999994,0.21258200000000477,0.0006410000000000001,0.001557,0.0,0.0016759999999999998,0.5345369999999884,0.9774080000000583,0.9652290000000586,0.0007360000000000001
46,1.0271123046829504,0.04111299999999997,0.0,0.08278699999999957,0.5520019999999932,0.0,0.5370179999999882,0.01815300000000002,0.22975000000000526,0.0012630000000000002,0.0021279999999999997,0.0,0.003162,0.541807999999992,0.981264000000062,0.9685690000000604,0.0006680000000000001
47,1.0282431553304712,0.04141899999999992,6.3e-05,0.09616699999999961,0.5602079999999908,0.0,0.5509999999999882,0.02043900000000001,0.24687300000000578,0.0014820000000000002,0.0026720000000000008,0.0,0.0037520000000000014,0.544479999999989,0.9829300000000639,0.9694450000000647,0.000534
48,1.0293649686130033,0.03869500000000001,6.7e-05,0.10713399999999922,0.5750209999999922,0.0,0.5513589999999883,0.022839000000000047,0.256127000000003,0.002137,0.002678,0.0,0.004248999999999999,0.5448069999999915,0.985091000000051,0.9735250000000525,0.0004680000000000001
49,1.0303675700924866,0.03888199999999998,0.0,0.1288179999999996,0.5875319999999993,0.0,0.572662999999995,0.025760000000000047,0.26499500000000364,0.003182999999999999,0.002863000000000001,0.0,0.004136,0.5466489999999906,0.9860940000000601,0.9749130000000642,0.00033400000000000004
50,1.0315504320630147,0.039422999999999986,0.0,0.14238100000000012,0.6030659999999982,0.0,0.588326999999992,0.028914000000000068,0.283416000000001,0.0042060000000000005,0.004721000000000003,0.0,0.006083000000000002,0.5481139999999873,0.9870730000000589,0.9772850000000596,0.000263
51,1.0324973953597094,0.04067000000000011,0.0,0.1568150000000013,0.6120499999999983,9.7e-05,0.6061579999999985,0.03409600000000004,0.300450999999999,0.004639,0.005842000000000002,0.0,0.007255000000000008,0.5563779999999885,0.9898270000000524,0.9802750000000549,0.0004
52,1.0334163180416338,0.041706,0.0,0.178291000000002,0.6221800000000007,0.000333,0.6173910000000034,0.03763499999999997,0.30871499999999674,0.0050750000000000005,0.007146000000000008,0.0,0.007857000000000008,0.5638499999999936,0.9913830000000586,0.9822850000000597,0.000734
53,1.0345303408325448,0.046002999999999995,4.4e-05,0.195664000000002,0.6416870000000073,0.000267,0.6291820000000046,0.043996000000000035,0.32062299999999494,0.006552000000000003,0.008576000000000004,0.0,0.009486000000000001,0.5658969999999978,0.9928360000000566,0.9835060000000581,0.0016010000000000002
54,1.0358028131518273,0.04511699999999997,0.000293,0.2113440000000046,0.6451810000000133,0.000201,0.6441250000000098,0.045965,0.3422719999999949,0.008731999999999993,0.010133999999999995,0.0,0.010920999999999998,0.5700409999999962,0.9929900000000573,0.9846940000000591,0.0014690000000000003
55,1.0367816468103155,0.04398599999999996,0.000362,0.22552100000000533,0.6526070000000129,0.000534,0.6604610000000118,0.0498279999999999,0.356473999999992,0.01031099999999999,0.013496999999999978,0.0,0.012365999999999981,0.5724879999999952,0.9927670000000627,0.9848970000000642,0.0016670000000000003
56,1.0378982606439968,0.04595899999999996,0.0007340000000000001,0.24643100000000587,0.6704520000000121,0.0006010000000000002,0.6697770000000081,0.05200799999999986,0.3703919999999908,0.010680000000000002,0.01593899999999997,0.0,0.013337999999999984,0.5748549999999943,0.9944910000000542,0.9865630000000551,0.00127
57,1.0389984328003368,0.04729799999999996,0.0008579999999999999,0.26472500000000276,0.6786880000000185,0.000973,0.6782940000000152,0.058665999999999906,0.38086799999998844,0.011429999999999978,0.017548999999999995,0.0,0.01624499999999999,0.5836140000000005,0.9940280000000592,0.9858240000000618,0.001401
58,1.0398192415623109,0.04923899999999992,0.0014690000000000003,0.27720100000000153,0.6766340000000152,0.001335,0.6895160000000179,0.06461799999999981,0.3960189999999874,0.014105999999999973,0.021845000000000024,0.0,0.019290000000000012,0.5902869999999996,0.9941040000000605,0.9870780000000626,0.001735
59,1.0406874906290788,0.04700599999999992,0.0018800000000000002,0.29504399999999803,0.6795860000000179,0.0012330000000000002,0.6985820000000175,0.07212499999999986,0.41041799999998707,0.015073999999999978,0.024000000000000028,0.0,0.02232300000000001,0.5854239999999977,0.9945480000000525,0.9883800000000555,0.002418
60,1.0418634674935454,0.0466469999999999,0.001697,0.3108139999999953,0.6873970000000186,0.001044,0.7047660000000202,0.07504899999999974,0.4236269999999846,0.01678399999999998,0.028313000000000057,0.0,0.026619000000000028,0.5832439999999991,0.9951230000000577,0.9889930000000594,0.002533000000000001
61,1.0428844936917492,0.04890299999999992,0.001871,0.3235709999999945,0.6962830000000138,0.0011879999999999998,0.7111110000000163,0.08145099999999966,0.4323009999999856,0.019391999999999993,0.031085000000000102,0.0,0.027293000000000046,0.5859269999999961,0.9952560000000533,0.9890740000000554,0.0030110000000000007
62,1.0438627193468883,0.04917799999999996,0.0018170000000000003,0.33746399999999593,0.7064520000000161,0.0014180000000000002,0.7090910000000221,0.08099099999999963,0.445326999999983,0.02023200000000001,0.03419200000000004,0.0,0.02909000000000004,0.5892819999999972,0.9951170000000574,0.9897090000000612,0.003439
63,1.044974433143053,0.04943499999999991,0.002477,0.3516049999999932,0.7139580000000175,0.0018,0.7145030000000138,0.08764899999999973,0.4566519999999848,0.023621000000000024,0.03851399999999999,0.0,0.03180800000000006,0.5970889999999975,0.9959920000000523,0.9905150000000552,0.004262000000000002
64,1.0459567091102613,0.05004899999999994,0.0032810000000000014,0.3661579999999899,0.721553000000016,0.0021529999999999995,0.7210650000000175,0.09100999999999954,0.4693199999999811,0.024260000000000028,0.04084700000000002,0.0,0.03568700000000007,0.5971849999999989,0.9967740000000518,0.9914940000000536,0.0035390000000000026
65,1.046989068382208,0.05167499999999994,0.003968000000000001,0.3859609999999893,0.7358880000000235,0.0023380000000000007,0.7297030000000154,0.09540199999999954,0.47955399999998294,0.028378000000000052,0.04681200000000001,0.0,0.040073000000000046,0.5984480000000019,0.9970890000000484,0.9920730000000493,0.0044020000000000005
66,1.0479763790737437,0.050387000000000015,0.0037689999999999998,0.4036379999999885,0.7371990000000209,0.0021720000000000008,0.7376850000000198,0.10467599999999946,0.491855999999981,0.030077000000000048,0.051183999999999875,0.0,0.046737999999999974,0.5902719999999985,0.9975580000000492,0.9922960000000525,0.0051610000000000015
67,1.048895454358243,0.052432999999999994,0.00405,0.41788599999998594,0.7386960000000223,0.0022250000000000004,0.7533050000000254,0.10740799999999913,0.5039719999999819,0.03293300000000005,0.05654899999999996,0.0,0.053710999999999925,0.5964960000000032,0.9977330000000508,0.9927610000000537,0.0047409999999999996
68,1.0497565975263239,0.05216700000000001,0.004348000000000003,0.4368359999999886,0.7473920000000146,0.0018149999999999998,0.7693370000000194,0.1167629999999994,0.5215179999999876,0.0357030000000001,0.061950999999999874,0.0,0.055956999999999917,0.6021019999999982,0.9988650000000434,0.994167000000047,0.004642000000000002
69,1.0507360204318605,0.050976999999999856,0.00506,0.4470369999999843,0.7542510000000235,0.0021410000000000005,0.7742570000000286,0.12038399999999924,0.5342019999999905,0.04024299999999998,0.06914199999999984,0.0,0.06244999999999989,0.603211999999999,0.9991530000000535,0.9947310000000561,0.004290000000000001
70,1.0518613587097991,0.05063499999999989,0.0055610000000000034,0.45245299999998434,0.7548170000000243,0.002132,0.7819620000000296,0.12419399999999936,0.5445949999999874,0.04323699999999999,0.0722459999999998,0.0,0.06611999999999986,0.602303000000002,0.9994130000000557,0.9949580000000585,0.0037510000000000004
71,1.0525787281564976,0.04915799999999998,0.006914000000000006,0.46716699999998235,0.7540980000000257,0.002207,0.7851310000000302,0.13554100000000013,0.5610619999999946,0.05079599999999995,0.07910599999999965,0.0,0.07569099999999958,0.5974130000000047,0.9997290000000573,0.9950700000000594,0.004334000000000002
72,1.0535176283820733,0.05271499999999989,0.007855000000000004,0.4791899999999804,0.7600740000000236,0.0019340000000000002,0.7873220000000303,0.13860000000000033,0.5785799999999983,0.05581299999999982,0.0855049999999997,0.0,0.0828399999999996,0.5979000000000044,0.999962000000054,0.9956750000000577,0.004424000000000001
73,1.0544384027893356,0.05194199999999986,0.009171999999999994,0.49299499999998164,0.7599360000000241,0.0019600000000000004,0.7945700000000329,0.14877300000000077,0.5966110000000032,0.06075299999999991,0.08995099999999966,0.0,0.08955499999999963,0.5994750000000024,1.0002900000000539,0.996457000000054,0.003974
74,1.055465425793709,0.053163999999999906,0.009593999999999997,0.5047129999999815,0.7627680000000249,0.002164000000000001,0.8042950000000282,0.1504640000000012,0.601689000000001,0.06450999999999979,0.09417499999999956,0.0,0.0937599999999996,0.5967329999999966,1.0002260000000478,0.996397000000052,0.0038160000000000017
75,1.0563404066317423,0.053786999999999904,0.010974999999999992,0.5224149999999871,0.7648700000000237,0.0024420000000000006,0.8131260000000278,0.15900600000000162,0.6136880000000083,0.06688899999999985,0.10202999999999941,0.0,0.09931899999999952,0.6004710000000049,1.0001230000000443,0.9968100000000478,0.0033380000000000007
76,1.0571199858518832,0.05292999999999993,0.012591999999999987,0.532207999999991,0.7682990000000245,0.002333,0.8226740000000292,0.16861700000000196,0.6229080000000062,0.06947699999999969,0.1098109999999994,0.0,0.10396599999999943,0.6004810000000006,0.9999640000000511,0.9966570000000551,0.003940000000000001
77,1.0580090237600381,0.05381399999999998,0.014476999999999988,0.5425029999999914,0.7671790000000254,0.0024850000000000002,0.8283750000000373,0.17615300000000175,0.6369450000000071,0.0771869999999998,0.11234199999999962,0.0,0.10959999999999938,0.6009169999999989,0.9999680000000514,0.996840000000055,0.0038889999999999997
78,1.0590331764950915,0.05541099999999995,0.01902500000000002,0.551551999999991,0.7729700000000159,0.002483999999999999,0.8321560000000251,0.18498100000000248,0.6496220000000046,0.08357799999999949,0.11813099999999938,0.0,0.11585699999999943,0.6052399999999998,1.0000130000000453,0.9966320000000491,0.003800000000000001
79,1.0598073297471573,0.05770799999999996,0.02203300000000005,0.5629139999999928,0.7705630000000224,0.002860000000000001,0.8356810000000312,0.19355400000000292,0.6605760000000104,0.09201799999999981,0.13126099999999977,0.0,0.1282239999999996,0.6090410000000022,1.0002350000000448,0.9969810000000492,0.0036969999999999998
80,1.0610854573868802,0.05676799999999989,0.024037000000000038,0.5723939999999975,0.7796560000000209,0.0025930000000000007,0.8409930000000284,0.19760100000000336,0.6784830000000108,0.09999699999999959,0.14033100000000015,0.0,0.1326969999999998,0.6090690000000017,1.0003280000000432,0.9972420000000456,0.003498
81,1.0619884411111626,0.05758599999999985,0.028297000000000037,0.5736259999999949,0.774788000000019,0.002849000000000001,0.8499130000000339,0.20633100000000384,0.6833930000000118,0.1050849999999996,0.14448800000000067,0.0,0.13471300000000017,0.6127609999999996,1.0003480000000462,0.9972690000000514,0.004707000000000001
82,1.0631831781074608,0.05525199999999992,0.029651000000000042,0.5820390000000005,0.7747760000000199,0.003937000000000001,0.8519810000000301,0.21316100000000304,0.6883450000000126,0.1124869999999993,0.154311000000001,0.0,0.13937500000000028,0.608555000000004,1.0004200000000414,0.9972770000000436,0.0052590000000000015
83,1.063678621468503,0.05569599999999991,0.03138700000000008,0.5922070000000015,0.7816800000000229,0.004804000000000004,0.8520180000000294,0.22021000000000343,0.7006230000000149,0.12028899999999942,0.1619270000000015,0.0,0.14792100000000102,0.6097770000000039,1.000398000000039,0.9971380000000426,0.006886000000000004
84,1.064882705668047,0.0539929999999999,0.035818000000000044,0.6018610000000072,0.7869180000000265,0.004540000000000005,0.8594830000000337,0.22956200000000387,0.7080080000000185,0.12726699999999933,0.17003800000000202,0.0,0.15311000000000133,0.6149730000000044,1.0003970000000404,0.9967120000000429,0.008544000000000005
85,1.0651883270046165,0.05389299999999996,0.040772999999999976,0.6080560000000055,0.7856920000000248,0.005704000000000001,0.8644660000000347,0.2397240000000046,0.7148490000000172,0.13263699999999984,0.1749030000000018,0.0,0.15344400000000089,0.6070500000000068,1.0006100000000469,0.9970620000000497,0.010178000000000003
86,1.0658753734755841,0.05774399999999984,0.04494199999999998,0.6211670000000049,0.78927300000002,0.004911000000000002,0.8664150000000297,0.24609700000000398,0.7232550000000127,0.14033500000000002,0.18259200000000173,0.0,0.16338300000000164,0.5956910000000023,1.0005390000000416,0.9972090000000426,0.01225199999999999
87,1.0667643135371065,0.06079399999999994,0.04703999999999998,0.6323820000000068,0.7928570000000232,0.005627000000000001,0.8722900000000332,0.2538070000000035,0.7226440000000204,0.1423720000000002,0.18641600000000216,0.0,0.17024400000000148,0.590874000000002,1.0005700000000435,0.9969620000000449,0.012274999999999996
88,1.0672688930574556,0.061934999999999886,0.051452999999999895,0.6392490000000098,0.7971940000000255,0.0062910000000000075,0.879419000000035,0.26369800000000354,0.7305060000000178,0.14767900000000062,0.1944050000000034,0.0,0.18198000000000233,0.5918580000000021,1.0006340000000462,0.9970320000000503,0.012074999999999995
89,1.0678580254864734,0.06205399999999993,0.05483700000000002,0.6454060000000063,0.8072150000000267,0.0058519999999999996,0.8845830000000344,0.269023000000003,0.7393960000000226,0.15549100000000068,0.20080700000000293,0.0,0.18857700000000238,0.5935949999999961,1.00059700000004,0.9971530000000438,0.013297999999999989
90,1.0682531329559461,0.06281699999999993,0.06108899999999989,0.6569460000000115,0.7981490000000233,0.007350000000000004,0.8892580000000335,0.2790310000000023,0.7503010000000209,0.15963800000000153,0.21052600000000332,0.0,0.1939200000000029,0.598800000000004,1.0005880000000373,0.9972710000000403,0.014810999999999986
91,1.0691429878157384,0.06125299999999988,0.06655899999999991,0.6587190000000123,0.7975730000000261,0.007251000000000002,0.8910650000000325,0.28391200000000016,0.7568530000000235,0.16724900000000148,0.21726800000000324,0.0,0.19794300000000273,0.6011250000000009,1.0006010000000396,0.9973320000000431,0.015381999999999988
92,1.0702196148045109,0.061304999999999894,0.07395999999999997,0.6708350000000104,0.7974460000000206,0.008735000000000008,0.8994520000000296,0.2991929999999973,0.7597020000000181,0.17512800000000187,0.2239540000000036,0.0,0.20990700000000315,0.6003170000000025,1.0005580000000398,0.9972570000000427,0.015341999999999993
93,1.0711806720186476,0.05809299999999996,0.0808039999999998,0.6847150000000072,0.7956950000000218,0.009811999999999996,0.9041610000000304,0.30530799999999814,0.7668510000000165,0.18115500000000184,0.23266100000000384,0.0,0.22175600000000342,0.6046589999999957,1.0005120000000387,0.9974670000000403,0.01496299999999998
94,1.0718598005647488,0.056242999999999814,0.08573999999999984,0.6947490000000097,0.7967050000000179,0.008923000000000002,0.9069620000000315,0.31377799999999556,0.7783350000000206,0.1901220000000026,0.24268600000000423,0.0,0.23269700000000373,0.6077919999999999,1.0004790000000385,0.9973260000000427,0.01518299999999997
95,1.0727054979474353,0.05830499999999999,0.0915779999999997,0.7050220000000104,0.8004900000000207,0.007844000000000004,0.9123250000000249,0.3196689999999955,0.7827710000000182,0.20143100000000316,0.2501040000000046,0.0,0.2419960000000042,0.6121830000000005,1.0005470000000358,0.9971280000000388,0.016012999999999986
96,1.0741761771851595,0.057185999999999945,0.09950399999999979,0.7102300000000121,0.8006060000000188,0.009462000000000003,0.9154100000000304,0.32788399999999573,0.7911870000000184,0.20382600000000256,0.2550170000000026,0.0,0.24630800000000377,0.610201000000003,1.0005120000000352,0.9970960000000397,0.017002999999999997
97,1.074908765338037,0.059410999999999936,0.10793199999999947,0.7205380000000188,0.8061180000000238,0.010360999999999992,0.9189740000000346,0.3340379999999961,0.8035150000000263,0.21005400000000315,0.2594170000000024,0.0,0.2522580000000034,0.6138100000000024,1.0005870000000416,0.9973240000000458,0.017149999999999995
98,1.0761212624253835,0.06036499999999998,0.1132849999999995,0.729787000000021,0.809280000000026,0.011019999999999992,0.921298000000034,0.33835699999999325,0.8086180000000267,0.21730600000000347,0.2656400000000027,0.0,0.2638920000000026,0.6046550000000053,1.0005270000000395,0.997148000000043,0.015188999999999977
99,1.0768659383390236,0.05907499999999988,0.1179159999999993,0.7397830000000168,0.8098420000000194,0.012605999999999987,0.9225830000000326,0.33973799999999393,0.813206000000026,0.22530400000000383,0.2762910000000009,0.0,0.2722290000000004,0.606793000000001,1.0005560000000402,0.9973700000000446,0.014524999999999982
100,1.0782281737510655,0.05957999999999981,0.12727000000000005,0.7491670000000175,0.8110650000000206,0.012142999999999985,0.9247510000000301,0.3522029999999926,0.8219230000000226,0.24151800000000376,0.289355999999999,0.0,0.28475899999999893,0.6084150000000033,1.0004910000000404,0.997325000000043,0.014425999999999982
101,1.079050861847681,0.05989899999999999,0.1342380000000002,0.7571970000000207,0.8079880000000272,0.011769999999999989,0.9240330000000309,0.3533609999999919,0.8332360000000295,0.2520010000000036,0.3023299999999966,0.0,0.2940959999999974,0.5990920000000024,1.000513000000039,0.997627000000042,0.013490999999999984
102,1.0799184187406483,0.06438699999999992,0.14070300000000038,0.7599150000000233,0.8086740000000244,0.012495999999999995,0.9288050000000344,0.363828999999992,0.8373520000000308,0.2531290000000035,0.3137379999999957,0.0,0.3000959999999971,0.5963670000000031,1.0004790000000425,0.9973500000000439,0.014539999999999971
103,1.0811408863907082,0.06676499999999991,0.14810300000000082,0.7702990000000146,0.8104620000000158,0.012191999999999982,0.9314950000000247,0.37304199999999177,0.8421010000000202,0.2654910000000022,0.32710799999999585,0.0,0.3166649999999974,0.5945409999999995,1.0005160000000313,0.9970530000000343,0.01478099999999998
104,1.0821485096968575,0.06691099999999996,0.1582930000000007,0.7753730000000225,0.8108110000000217,0.011138999999999994,0.9327830000000319,0.38337899999999037,0.8428000000000271,0.27530900000000225,0.33571799999999435,0.0,0.32352699999999496,0.5972870000000009,1.0004860000000366,0.9970200000000402,0.016673999999999998
105,1.083111621870527,0.0695839999999999,0.17058900000000143,0.7847140000000182,0.8125970000000202,0.01155499999999998,0.9326610000000335,0.3896229999999892,0.8535960000000268,0.28535299999999836,0.35182199999999275,0.0,0.3397609999999931,0.5989130000000041,1.0004750000000406,0.9971760000000442,0.017448000000000005
106,1.0832686730557426,0.07046099999999997,0.18015200000000206,0.7912980000000222,0.8152120000000219,0.012422999999999984,0.9340370000000355,0.40351399999998977,0.859418000000033,0.2962779999999977,0.3585479999999931,0.0,0.3512019999999932,0.6018090000000023,1.0004880000000413,0.9972720000000435,0.017203999999999997
107,1.0841515370243273,0.07319199999999979,0.18720800000000237,0.7985610000000217,0.8170090000000227,0.011828999999999985,0.9381490000000315,0.4079859999999862,0.8650560000000269,0.3043949999999948,0.3665749999999911,0.0,0.35594599999999205,0.6010060000000061,1.0005410000000412,0.9972190000000444,0.01970800000000001
108,1.0848811710087896,0.0763939999999999,0.19508900000000237,0.8048280000000256,0.8239410000000256,0.012939999999999988,0.9398940000000297,0.4165909999999881,0.8719470000000272,0.3171439999999953,0.3755119999999917,0.0,0.3629349999999923,0.5946109999999987,1.0004600000000365,0.9969240000000382,0.020273000000000017
109,1.0867298085242272,0.07736099999999978,0.20475000000000254,0.8115270000000263,0.8230780000000257,0.013588999999999981,0.9428560000000372,0.42660099999998763,0.8736840000000337,0.32459599999999583,0.3864369999999909,0.0,0.3726929999999917,0.5972289999999976,1.000462000000045,0.9971020000000481,0.02017700000000001
110,1.0868406549647451,0.07571199999999986,0.20746900000000285,0.8219480000000209,0.8199400000000208,0.012910999999999992,0.9434460000000273,0.4337149999999872,0.8778190000000239,0.33550799999999364,0.39840499999999074,0.0,0.38966899999999083,0.6053349999999992,1.0004430000000322,0.9971790000000382,0.02281300000000003
111,1.0881187795750182,0.07372699999999983,0.21622700000000275,0.8267140000000209,0.8182470000000174,0.012647999999999986,0.9456630000000255,0.43430299999998656,0.8819340000000213,0.3412839999999935,0.4014549999999905,0.0,0.3950749999999924,0.6056980000000038,1.0004470000000318,0.9969940000000362,0.024169000000000017
112,1.0890676191508424,0.07009699999999988,0.22466300000000267,0.8296290000000248,0.8202540000000245,0.012260999999999992,0.9460470000000315,0.43736899999998763,0.8881770000000281,0.3492529999999943,0.4065989999999909,0.0,0.40182699999999105,0.6040339999999987,1.000470000000038,0.9973440000000402,0.026224000000000015
113,1.0900042173033528,0.06977699999999994,0.22815600000000286,0.8338220000000319,0.8209600000000296,0.01202499999999999,0.9491690000000383,0.43967199999998474,0.8954790000000367,0.357814999999991,0.4118599999999885,0.0,0.4099599999999879,0.6022270000000075,1.0004690000000416,0.9973460000000435,0.026706000000000032
114,1.090723620086818,0.06682199999999984,0.23880100000000257,0.8375700000000242,0.8240580000000192,0.01145599999999999,0.9506600000000291,0.45212499999998645,0.9026030000000252,0.36519999999999303,0.4225859999999915,0.0,0.417607999999991,0.5954919999999978,1.0004500000000351,0.997196000000039,0.02871600000000005
115,1.0911620909821311,0.06577299999999985,0.24861200000000347,0.8437380000000264,0.8303660000000213,0.010632999999999991,0.9523080000000326,0.45781099999998515,0.9076280000000309,0.3759839999999909,0.43236899999998846,0.0,0.43074099999998844,0.5857450000000034,1.0005160000000373,0.9971260000000393,0.03057500000000004
116,1.0923427283646137,0.07049999999999987,0.2557420000000019,0.8464520000000233,0.8363420000000201,0.010686999999999986,0.9523760000000255,0.4718909999999897,0.9090710000000252,0.38600299999999355,0.44211199999999157,0.0,0.4362879999999922,0.5820239999999973,1.0004660000000298,0.9971230000000328,0.030896000000000038
117,1.0930298119407877,0.07189199999999976,0.26244400000000107,0.850662000000024,0.8417770000000221,0.010235999999999999,0.9522840000000251,0.47605999999998766,0.9172090000000269,0.4002619999999922,0.45479499999999073,0.0,0.4572879999999903,0.5784140000000002,1.000481000000029,0.9969390000000319,0.029835000000000066
118,1.094575356094903,0.07470999999999986,0.26659500000000147,0.853906000000032,0.843478000000029,0.010978999999999996,0.9534230000000367,0.47747999999998775,0.9204960000000368,0.40845499999999074,0.4664499999999885,0.0,0.4608249999999882,0.5849010000000038,1.0004350000000406,0.9975190000000435,0.029948000000000058
119,1.096364986802161,0.07427099999999996,0.2698289999999996,0.8604290000000221,0.8405420000000201,0.011519999999999989,0.9553400000000244,0.482507999999986,0.9221000000000225,0.4157539999999912,0.4784479999999889,0.0,0.47051699999998825,0.5870360000000022,1.0004180000000282,0.9971650000000323,0.03144900000000005
120,1.097156562322663,0.07783199999999993,0.2791439999999991,0.8689020000000252,0.8443150000000235,0.011203999999999988,0.9552510000000287,0.4888239999999868,0.9232430000000291,0.4303759999999902,0.4929019999999885,0.0,0.479203999999989,0.5802300000000048,1.0004690000000318,0.997153000000034,0.030702000000000056
121,1.0981845980215936,0.07691999999999982,0.282841999999999,0.8725040000000213,0.8475090000000193,0.010470999999999992,0.9581630000000249,0.4904219999999872,0.9297990000000227,0.44409499999999075,0.5055239999999892,0.0,0.4907809999999896,0.5694309999999981,1.0004370000000289,0.9969700000000304,0.03017500000000005
122,1.0996451835369934,0.07539199999999997,0.29252499999999815,0.8762450000000251,0.8539120000000215,0.010644999999999993,0.9602200000000312,0.49568999999998703,0.9294800000000285,0.44729399999999186,0.5112599999999939,0.0,0.49623599999998974,0.5679000000000021,1.0004230000000347,0.9971930000000362,0.03142200000000005
123,1.1003973408425696,0.07526799999999988,0.3009179999999975,0.883056000000028,0.8541600000000223,0.010806999999999987,0.9625340000000319,0.5040839999999861,0.932979000000031,0.4626809999999885,0.5236889999999921,0.0,0.50749199999999,0.5733449999999992,1.0004930000000356,0.997180000000038,0.03314300000000002
124,1.101020165737525,0.0755269999999998,0.3106739999999975,0.8843200000000215,0.8581020000000166,0.010697999999999996,0.9638360000000236,0.514496999999988,0.9374030000000235,0.4783349999999901,0.5363449999999982,0.0,0.5224329999999945,0.573864,1.0003940000000238,0.996877000000028,0.032041000000000076
125,1.1021013675403053,0.07623799999999974,0.315701999999998,0.8844880000000243,0.8542070000000205,0.010503999999999996,0.9661740000000264,0.5189879999999891,0.9374090000000248,0.48172899999998753,0.5440089999999967,0.0,0.5275859999999946,0.5774729999999998,1.00043900000003,0.9972930000000341,0.03198300000000005
126,1.1036641472795097,0.0755259999999998,0.32197099999999584,0.8880890000000256,0.8569730000000229,0.010445999999999993,0.9672890000000319,0.5255309999999936,0.9452320000000314,0.4972269999999877,0.557147999999997,0.0,0.5385819999999972,0.5788369999999982,1.000453000000034,0.9972630000000351,0.030585000000000064
127,1.1054741564810844,0.0741359999999999,0.3318219999999955,0.8924120000000243,0.8598640000000183,0.011435999999999993,0.9663710000000246,0.5322159999999933,0.950205000000025,0.5161509999999937,0.5671599999999979,0.0,0.5492789999999934,0.5806969999999995,1.0004090000000279,0.9970300000000306,0.031621000000000045
128,1.1073822048752007,0.07337599999999987,0.33851599999999676,0.8960390000000212,0.8670380000000174,0.012309999999999995,0.9680760000000229,0.5387819999999954,0.9525910000000225,0.5291589999999924,0.5871909999999972,0.0,0.5585309999999971,0.5798310000000001,1.0003950000000261,0.9968870000000304,0.030870000000000068
129,1.1088007614796749,0.07345999999999998,0.3474139999999952,0.8983800000000223,0.8677200000000207,0.012721,0.9721330000000237,0.5394919999999955,0.9583390000000237,0.5402129999999972,0.5943030000000005,0.0,0.5665590000000005,0.577712,1.000387000000027,0.997273000000029,0.03349800000000005
130,1.1098153141764582,0.07180199999999999,0.351775999999996,0.8987710000000243,0.8678820000000195,0.013729999999999984,0.9731130000000264,0.5450629999999973,0.9640620000000261,0.5495369999999928,0.60716,0.0,0.5763009999999966,0.5823110000000009,1.0003630000000283,0.997217000000031,0.034583000000000065
131,1.1113868126613617,0.06976299999999981,0.35559999999999503,0.9009930000000229,0.8679040000000195,0.014648999999999985,0.9764780000000252,0.5487530000000004,0.9653930000000257,0.556492999999999,0.6137530000000044,0.0,0.5853280000000008,0.5895450000000036,1.0004070000000276,0.9969170000000304,0.035983000000000036
132,1.1125393207861218,0.0722219999999998,0.3659319999999943,0.9048640000000211,0.8655030000000181,0.015517999999999995,0.977679000000026,0.552938999999996,0.9677550000000239,0.5674719999999999,0.6170720000000034,0.0,0.5967100000000014,0.5868980000000024,1.0003790000000274,0.9969430000000307,0.03705800000000002
133,1.1135539566467083,0.07470599999999983,0.37910099999999514,0.90966100000002,0.8690690000000154,0.016567,0.978210000000024,0.5598339999999952,0.9702260000000238,0.5740999999999966,0.6247469999999984,0.0,0.6034959999999986,0.5849679999999988,1.000348000000026,0.9971640000000294,0.036946
134,1.1157031157830635,0.07176099999999985,0.38646899999999407,0.9141190000000199,0.8713400000000152,0.01651399999999999,0.9786130000000229,0.5652679999999972,0.9711220000000229,0.5843399999999999,0.6367680000000029,0.0,0.6170590000000027,0.5850229999999998,1.0003720000000256,0.9971940000000282,0.036570000000000005
135,1.1167831163991693,0.07039999999999998,0.3961039999999935,0.9136940000000187,0.8717700000000143,0.015937999999999987,0.979186000000022,0.5739509999999998,0.9723730000000225,0.5896400000000016,0.6416710000000038,0.0,0.6255110000000036,0.5857750000000037,1.000398000000023,0.9971430000000255,0.03584500000000002
136,1.1181522924998992,0.07058699999999996,0.414665999999993,0.9152440000000263,0.8776860000000253,0.014914999999999979,0.9788260000000277,0.5850250000000021,0.9731520000000278,0.5983730000000052,0.649790000000009,0.0,0.6427820000000053,0.5853660000000047,1.0003150000000285,0.99709000000003,0.04079799999999998
137,1.118018114224831,0.07010599999999996,0.4320499999999947,0.9204340000000143,0.8790250000000123,0.014666999999999993,0.9800300000000153,0.5911070000000028,0.9726210000000158,0.6035250000000029,0.6589550000000071,0.0,0.6524110000000066,0.5799130000000012,1.000309000000016,0.9968280000000194,0.04223399999999996
138,1.1196560107621891,0.0686709999999999,0.43603399999999287,0.9211350000000222,0.8791890000000195,0.014379999999999987,0.981567000000024,0.5973900000000002,0.9735010000000236,0.6095190000000039,0.6663080000000059,0.0,0.6593970000000058,0.5842779999999977,1.000312000000027,0.9969540000000301,0.04114699999999999
139,1.1207286412205284,0.07055499999999987,0.4427339999999925,0.9187500000000177,0.8793890000000169,0.013384999999999996,0.9803060000000211,0.5990960000000044,0.9729680000000209,0.6155080000000022,0.6670930000000045,0.0,0.6673790000000038,0.5825780000000023,1.0003430000000235,0.9969550000000259,0.043229999999999984
140,1.1225049961168885,0.07442799999999987,0.4596389999999924,0.9219300000000242,0.8829470000000204,0.013500999999999996,0.9811280000000251,0.607880000000004,0.974981000000025,0.6327520000000086,0.6789860000000072,0.0,0.6760260000000077,0.5798609999999996,1.000339000000026,0.9970540000000276,0.04465200000000005
141,1.1245344851498968,0.07376499999999996,0.47094399999999104,0.9218360000000212,0.8852580000000185,0.015096000000000002,0.9817130000000244,0.6121169999999998,0.9765530000000234,0.6382240000000041,0.6900820000000061,0.0,0.679929000000006,0.5745199999999996,1.000337000000025,0.9968150000000281,0.04690899999999999
142,1.1256309062729435,0.07279799999999988,0.4769059999999929,0.9228090000000194,0.8902380000000164,0.015951999999999987,0.9833990000000213,0.6147750000000006,0.9780660000000219,0.6428020000000053,0.6933550000000053,0.0,0.6827810000000065,0.5769449999999982,1.0002470000000232,0.9968560000000267,0.04504000000000003
143,1.1269591507423697,0.07253499999999985,0.48768299999999276,0.9242930000000193,0.8900700000000173,0.017249999999999998,0.9831740000000213,0.6251060000000044,0.9775600000000207,0.6498840000000059,0.6986370000000088,0.0,0.6858200000000088,0.5713539999999965,1.0003340000000216,0.9968210000000257,0.04562200000000001
144,1.1275823591527534,0.07435299999999978,0.5035809999999935,0.92679300000002,0.8962600000000164,0.017172000000000003,0.9839760000000207,0.6339640000000053,0.9763330000000209,0.6554170000000069,0.7040490000000075,0.0,0.6978770000000081,0.5633879999999992,1.0002980000000223,0.9969060000000239,0.047422
145,1.1291902915969292,0.07763899999999985,0.5105539999999962,0.9290880000000205,0.8969230000000163,0.017918000000000017,0.9839010000000221,0.6375150000000079,0.9797770000000239,0.6594710000000082,0.7107560000000106,0.0,0.7009700000000098,0.5705520000000027,1.0002670000000233,0.996906000000026,0.04932499999999998
146,1.1300349259350688,0.07986299999999992,0.5154259999999957,0.9304730000000213,0.8973850000000182,0.017260000000000008,0.9862360000000227,0.6411240000000059,0.9830320000000234,0.664969000000009,0.7175850000000098,0.0,0.7094770000000089,0.5698500000000004,1.000310000000024,0.996920000000029,0.04740499999999992
147,1.1313875777414393,0.08091999999999987,0.5237059999999986,0.9305160000000241,0.8950360000000208,0.017646000000000002,0.9858660000000254,0.6457930000000077,0.9834820000000257,0.6638320000000077,0.72433100000001,0.0,0.7154190000000104,0.5676260000000003,1.0002940000000256,0.9970290000000271,0.04741300000000005
148,1.1329998050397483,0.08395399999999986,0.5249179999999966,0.9321380000000208,0.8945600000000159,0.017822000000000005,0.9863570000000219,0.6420940000000058,0.984057000000022,0.6710240000000077,0.7309070000000086,0.0,0.7163790000000091,0.5765900000000018,1.000292000000023,0.9971410000000264,0.048546000000000034
149,1.1342766958200534,0.08631199999999982,0.5433439999999984,0.9329510000000173,0.8943250000000126,0.017528000000000002,0.988092000000019,0.6593560000000069,0.9833630000000189,0.676524000000007,0.7290190000000084,0.0,0.7209050000000082,0.5780990000000004,1.0002600000000201,0.9970240000000218,0.050753999999999966
150,1.135769403951775,0.08206100000000005,0.5467939999999981,0.9324790000000162,0.8993770000000099,0.01713000000000001,0.9875620000000168,0.6589980000000034,0.9828070000000161,0.6767510000000034,0.7335550000000063,0.0,0.7266110000000054,0.577114000000001,1.000269000000017,0.9969090000000206,0.05054399999999994
151,1.137025564912565,0.08071599999999995,0.5510349999999984,0.9310830000000163,0.8992520000000142,0.018183,0.9887090000000184,0.6631090000000064,0.9844060000000183,0.6791160000000063,0.7332650000000083,0.0,0.7283860000000065,0.5812769999999989,1.0002180000000185,0.9969000000000211,0.051328999999999965
152,1.1382626487272103,0.07926899999999994,0.5509820000000003,0.9326260000000165,0.8985840000000132,0.017689999999999997,0.9886970000000163,0.6658520000000083,0.9841210000000166,0.6842330000000079,0.7385750000000075,0.0,0.7350610000000082,0.5823490000000021,1.000230000000017,0.99700600000002,0.05243599999999997
153,1.139764017160899,0.08007199999999992,0.5560499999999979,0.9331220000000184,0.9023590000000147,0.01921900000000002,0.9895140000000218,0.6704770000000086,0.9853760000000215,0.68782900000001,0.7359690000000095,0.0,0.7363990000000097,0.5852799999999992,1.0002770000000218,0.9970160000000242,0.05360399999999995
154,1.1404968854239586,0.08044599999999973,0.558837999999999,0.9346170000000169,0.9007840000000148,0.020457000000000013,0.9892110000000186,0.6708950000000082,0.9881440000000186,0.6891400000000069,0.7433140000000078,0.0,0.7375760000000072,0.5874069999999992,1.000278000000019,0.9969670000000215,0.05176099999999999
155,1.142832623045327,0.08147599999999994,0.5632670000000013,0.9332780000000174,0.9014950000000157,0.01941900000000002,0.9889980000000212,0.6773560000000101,0.9879520000000217,0.6920370000000075,0.7429280000000092,0.0,0.738439000000009,0.5814270000000019,1.0002590000000227,0.9969070000000247,0.05183299999999997
156,1.144047454123648,0.07956599999999997,0.5735930000000025,0.9357180000000155,0.9012410000000128,0.020011000000000004,0.9898760000000161,0.6862550000000105,0.9887320000000163,0.6998480000000077,0.7517720000000111,0.0,0.7426130000000085,0.582263,1.0002590000000167,0.9969430000000196,0.05553000000000001
157,1.1461868228628769,0.07920700000000003,0.5860179999999996,0.9364720000000183,0.9025630000000175,0.01933499999999999,0.9896510000000197,0.6957220000000098,0.9875990000000192,0.7040330000000077,0.7570330000000106,0.0,0.7467650000000076,0.582105000000001,1.0002710000000195,0.99712100000002,0.05577500000000001
158,1.1488058597531385,0.07916999999999993,0.5915610000000033,0.9354790000000175,0.9061100000000153,0.020288000000000014,0.9900920000000195,0.6978520000000124,0.9872470000000192,0.7036150000000071,0.7557070000000098,0.0,0.7479890000000101,0.581172,1.0001990000000207,0.9968840000000221,0.054931
159,1.1502947121474,0.0826559999999999,0.5991699999999996,0.9366560000000194,0.9070560000000166,0.022996000000000006,0.9905990000000209,0.7017620000000084,0.9885060000000212,0.7057690000000075,0.7602180000000092,0.0,0.7467860000000082,0.5889730000000002,1.0002290000000214,0.9971050000000236,0.055910999999999995
160,1.1525619430250649,0.08340499999999985,0.6067580000000015,0.9386250000000097,0.9056790000000073,0.024825000000000035,0.9900130000000121,0.708279000000006,0.9898750000000123,0.7137600000000042,0.7678700000000036,0.0,0.7551850000000039,0.5873220000000001,1.0001900000000128,0.9970160000000164,0.05542499999999998
161,1.1547748619556868,0.0834199999999999,0.6110779999999996,0.944213000000013,0.9039470000000115,0.02624300000000002,0.989241000000015,0.7104900000000074,0.991442000000015,0.7173570000000073,0.7745610000000083,0.0,0.7619700000000071,0.5885019999999966,1.000245000000016,0.9968800000000169,0.05542699999999996
162,1.157319985751455,0.08284699999999984,0.6142410000000029,0.9460070000000137,0.9041010000000113,0.027542000000000025,0.9893000000000153,0.7076650000000095,0.990192000000015,0.7218880000000059,0.7781750000000085,0.0,0.7615160000000077,0.5834810000000012,1.0002500000000156,0.9969060000000188,0.05835499999999999
163,1.159675131922477,0.08028099999999984,0.6312990000000078,0.9483680000000183,0.9058390000000145,0.02584700000000003,0.9900760000000193,0.7195830000000151,0.9905670000000187,0.7249050000000103,0.7822530000000107,0.0,0.7629900000000118,0.5818020000000066,1.0002420000000185,0.9967520000000198,0.05554400000000001
164,1.1614216026711721,0.07801699999999999,0.6351290000000049,0.9522760000000173,0.9043810000000153,0.026322000000000026,0.9927620000000182,0.7219740000000131,0.9904440000000184,0.7295700000000089,0.7888990000000093,0.0,0.7696920000000091,0.5834759999999976,1.0002130000000191,0.9968570000000201,0.057683999999999985
165,1.1629047380578046,0.08044999999999988,0.6321080000000009,0.9530200000000127,0.905021000000011,0.027407000000000018,0.9927220000000145,0.7156530000000078,0.9903140000000138,0.7298680000000057,0.7888870000000061,0.0,0.7652510000000065,0.5791089999999997,1.0002340000000154,0.9968070000000173,0.05773500000000001
166,1.1640025201305473,0.08044799999999987,0.638361,0.9537180000000157,0.9090130000000125,0.026837000000000017,0.9941100000000164,0.7230770000000036,0.9908700000000169,0.7393390000000043,0.793415000000005,0.0,0.7687600000000049,0.577648000000002,1.0002100000000174,0.9968720000000187,0.058659999999999955
167,1.1658754001854559,0.07796799999999995,0.6421840000000036,0.9552560000000124,0.9107050000000091,0.028644,0.9945730000000134,0.7250400000000066,0.991793000000013,0.744396000000004,0.7997080000000066,0.0,0.7736190000000052,0.5750719999999999,1.0001660000000137,0.9967750000000156,0.06054999999999993
168,1.1668582331478277,0.079977,0.6534690000000022,0.9582190000000148,0.9151730000000128,0.026992000000000016,0.9939630000000155,0.7311150000000081,0.9921660000000155,0.7543030000000063,0.8079240000000084,0.0,0.7804000000000093,0.5706019999999943,1.0002090000000163,0.9967190000000175,0.061788999999999976
169,1.1690577609173294,0.07609399999999994,0.6578180000000017,0.9585870000000112,0.9139830000000081,0.027527,0.9934890000000105,0.7320280000000045,0.9917290000000105,0.7542670000000056,0.8046180000000063,0.0,0.7813850000000062,0.5680790000000021,1.0001860000000105,0.9967510000000123,0.06487099999999994
170,1.1713584665908252,0.07753799999999998,0.6672780000000055,0.9629630000000147,0.912669000000012,0.027682000000000023,0.9940100000000153,0.7379870000000103,0.9927430000000156,0.7614140000000069,0.8102710000000081,0.0,0.7862220000000074,0.567112000000002,1.0001450000000158,0.9967680000000162,0.06626699999999992
171,1.1728214933156131,0.07429299999999994,0.6750500000000045,0.9655050000000152,0.9133600000000136,0.02698200000000002,0.9938460000000165,0.7469530000000084,0.9924110000000166,0.7709450000000073,0.8135340000000093,0.0,0.7978600000000067,0.5646829999999995,1.0001510000000164,0.996819000000018,0.06560199999999994
172,1.1747132543843495,0.07175399999999986,0.6730410000000046,0.9674760000000105,0.9117460000000079,0.027866000000000012,0.9938950000000104,0.7427010000000054,0.9923360000000105,0.7721550000000055,0.8149810000000037,0.0,0.7986460000000032,0.5634699999999964,1.0001950000000115,0.9969750000000128,0.06647299999999996
173,1.1749669924473096,0.07177599999999987,0.6708430000000033,0.9666450000000106,0.9130200000000073,0.027357000000000006,0.9941060000000105,0.737596000000006,0.9922530000000109,0.7735850000000046,0.8180960000000037,0.0,0.7994710000000044,0.5649300000000006,1.0001750000000107,0.9968550000000133,0.06777299999999993
174,1.1771289317134226,0.07387299999999998,0.6756180000000035,0.9678590000000126,0.9139490000000098,0.029810000000000024,0.9939880000000135,0.7400240000000056,0.9927680000000141,0.7761600000000042,0.8206360000000053,0.0,0.8010860000000054,0.5674459999999975,1.0001530000000143,0.9967130000000153,0.07087599999999995
175,1.1790370577117455,0.07291399999999996,0.6729940000000096,0.9695050000000208,0.9107510000000166,0.02958800000000002,0.9933660000000213,0.7354980000000131,0.9933290000000216,0.7751610000000103,0.8241900000000104,0.0,0.8087520000000109,0.5684370000000027,1.0001540000000217,0.996761000000022,0.06842100000000004
176,1.1814222496795197,0.073221,0.6711500000000044,0.9712790000000113,0.9114890000000088,0.02733800000000001,0.9925700000000115,0.7314620000000069,0.9930350000000112,0.7819680000000053,0.8296930000000052,0.0,0.8110600000000052,0.5638170000000006,1.0001360000000115,0.9966170000000124,0.06850400000000001
177,1.183840621024626,0.07111599999999992,0.6767800000000065,0.9718450000000126,0.9085800000000096,0.028423000000000014,0.992214000000013,0.7368620000000092,0.9939750000000135,0.7844360000000068,0.8312490000000066,0.0,0.8138090000000069,0.5644420000000008,1.0001770000000136,0.9967990000000141,0.06865199999999996
178,1.1844917333662048,0.06830199999999997,0.6784190000000044,0.9721650000000132,0.9073150000000104,0.02713500000000004,0.993598000000014,0.7377400000000075,0.9944770000000138,0.789836000000008,0.8319360000000064,0.0,0.8186100000000075,0.5622290000000019,1.0001980000000137,0.9968030000000165,0.06815899999999993
179,1.186527874655876,0.06816299999999985,0.6814880000000064,0.9722860000000132,0.9065660000000111,0.025607000000000022,0.9937630000000139,0.739495000000009,0.9947530000000143,0.7937640000000076,0.8341000000000077,0.0,0.8248110000000072,0.5592790000000027,1.000157000000014,0.9970630000000148,0.06763
180,1.1892794327972178,0.06949199999999991,0.6931170000000025,0.9725820000000112,0.9095550000000096,0.025845000000000035,0.9943490000000123,0.7506110000000059,0.9947710000000122,0.8013750000000041,0.8403840000000053,0.0,0.8280750000000066,0.5538460000000001,1.0001410000000124,0.9967530000000124,0.07210299999999997
181,1.1906375899094859,0.06977399999999993,0.6991690000000029,0.9747080000000116,0.91119800000001,0.02580000000000001,0.9949890000000119,0.7550980000000054,0.9942420000000117,0.8047480000000078,0.8448430000000074,0.0,0.8314850000000068,0.5466349999999975,1.0001650000000122,0.9969980000000135,0.07293799999999995
182,1.1924294994823141,0.06751100000000003,0.7015760000000059,0.9766560000000132,0.9129030000000103,0.025079000000000018,0.9949180000000137,0.7568440000000078,0.9945480000000141,0.8111310000000076,0.8483890000000078,0.0,0.8350660000000074,0.5429020000000003,1.0001560000000143,0.996940000000015,0.0737139999999999
183,1.1936231214113115,0.06687699999999994,0.7078240000000029,0.9789920000000093,0.913991000000006,0.026298000000000023,0.9947140000000116,0.7625570000000049,0.994840000000011,0.8141950000000036,0.8515620000000035,0.0,0.8350700000000036,0.5368979999999974,1.0001430000000113,0.9965650000000136,0.07221099999999991
184,1.1947857103315787,0.07198699999999997,0.7065570000000057,0.9808010000000101,0.9147540000000084,0.02279000000000002,0.9950240000000106,0.7604450000000073,0.9950660000000108,0.8140690000000048,0.8540790000000046,0.0,0.8345850000000052,0.5397399999999994,1.000159000000011,0.9969030000000123,0.07335399999999997
185,1.1975146008939876,0.07568799999999994,0.7085190000000059,0.9797810000000096,0.9174560000000093,0.021935000000000017,0.9954130000000095,0.7656110000000087,0.9956600000000099,0.8180350000000074,0.8556410000000073,0.0,0.8368440000000062,0.5358959999999977,1.0001500000000099,0.9967970000000119,0.07315100000000002
186,1.1999587281944228,0.07420499999999991,0.7057750000000039,0.9828110000000142,0.9174590000000091,0.02161500000000002,0.9945640000000141,0.7644680000000061,0.9953770000000145,0.8239490000000077,0.8625450000000061,0.0,0.8380260000000054,0.5329929999999986,1.0001480000000145,0.9967550000000158,0.07419400000000002
187,1.2007842997994371,0.06954199999999996,0.7116940000000052,0.979789000000009,0.9184560000000063,0.02227600000000001,0.9951630000000098,0.7691570000000069,0.9952250000000105,0.8226980000000044,0.8583930000000051,0.0,0.8378240000000046,0.5276010000000007,1.0001580000000103,0.9967610000000117,0.07400299999999997
188,1.203057384478969,0.07098499999999988,0.7159850000000075,0.9818290000000119,0.919752000000009,0.022009000000000025,0.9941620000000124,0.7726760000000092,0.9949670000000125,0.8336700000000066,0.8661480000000067,0.0,0.8449230000000068,0.5302369999999973,1.0001640000000127,0.9968100000000139,0.07375799999999996
189,1.204474586077899,0.07446699999999992,0.7087080000000068,0.9819280000000148,0.921612000000012,0.021700000000000018,0.9951390000000151,0.7678940000000088,0.9957190000000156,0.8337370000000073,0.8672250000000081,0.0,0.8504180000000074,0.5273549999999991,1.0001910000000152,0.9970240000000165,0.078737
190,1.2067365893505708,0.07558099999999994,0.7116950000000039,0.9821570000000132,0.9230480000000111,0.02032500000000002,0.9960630000000132,0.7666530000000071,0.9960240000000133,0.8367490000000082,0.8687050000000086,0.0,0.8599300000000079,0.5247679999999977,1.0001800000000136,0.9968570000000141,0.07513899999999998
191,1.2083934386877642,0.07480599999999993,0.7110230000000038,0.9834540000000108,0.9238350000000074,0.020441000000000025,0.9959120000000113,0.7647780000000066,0.9965470000000117,0.8411250000000072,0.8720640000000062,0.0,0.8653200000000059,0.5195639999999945,1.0001470000000117,0.9967970000000136,0.07510499999999996
192,1.2096308335689934,0.07328199999999986,0.7171090000000031,0.9837270000000137,0.9265440000000095,0.021003000000000018,0.9962360000000143,0.7687600000000051,0.9965920000000146,0.8443030000000046,0.8722730000000044,0.0,0.8688950000000052,0.5129409999999944,1.0001260000000143,0.9968210000000159,0.07590300000000003
193,1.2121746872120045,0.0715929999999999,0.7198700000000067,0.9838570000000141,0.9248710000000115,0.021464999999999995,0.9957770000000143,0.769738000000008,0.996870000000015,0.8465670000000086,0.8763370000000097,0.0,0.8700420000000081,0.5114339999999955,1.0001130000000151,0.9967270000000152,0.07388099999999996
194,1.2143747842693116,0.071974,0.7232860000000068,0.9839170000000138,0.92472600000001,0.02130400000000001,0.995411000000014,0.7738350000000092,0.9971770000000139,0.8455290000000063,0.8780790000000087,0.0,0.8696910000000075,0.5123999999999972,1.0001140000000144,0.9968030000000146,0.075079
195,1.21675617322128,0.07356699999999992,0.7266270000000044,0.984492000000011,0.9258200000000063,0.02188800000000002,0.9956260000000107,0.7728050000000081,0.9974020000000111,0.8517240000000056,0.8829700000000067,0.0,0.8685160000000062,0.5089199999999978,1.0001330000000113,0.9970530000000126,0.07709399999999994
196,1.2200888683797442,0.07394799999999997,0.7285220000000074,0.9838880000000134,0.9292410000000115,0.02048000000000002,0.9967340000000139,0.7738080000000105,0.9974250000000134,0.8556280000000083,0.8856790000000092,0.0,0.8717200000000067,0.5063939999999936,1.0001570000000135,0.9967660000000145,0.07913399999999994
197,1.221917781593462,0.07182100000000008,0.7325410000000037,0.9847490000000091,0.9306690000000073,0.02236000000000001,0.9962720000000105,0.7821200000000058,0.9972670000000103,0.8575220000000051,0.8887410000000047,0.0,0.8739770000000052,0.5122949999999973,1.0000850000000105,0.9969280000000109,0.07798099999999995
198,1.223390192520295,0.07113600000000002,0.7392490000000032,0.9843660000000111,0.93119100000001,0.021744000000000003,0.9968500000000121,0.7868240000000059,0.9975200000000123,0.8605080000000067,0.892034000000007,0.0,0.876368000000006,0.504846999999997,1.0001180000000123,0.9968860000000128,0.07784499999999998
199,1.2260681936517357,0.07550799999999999,0.7380270000000034,0.9838280000000089,0.9339110000000074,0.021942000000000038,0.9971240000000094,0.7869370000000049,0.9983570000000096,0.8586510000000035,0.8943080000000048,0.0,0.8800430000000041,0.49978699999999465,1.0001580000000097,0.9968040000000103,0.07808099999999997
200,1.2273886690963092,0.07461899999999994,0.7476870000000014,0.9829530000000097,0.9343970000000079,0.021245000000000024,0.9970930000000102,0.792373000000005,0.9989260000000105,0.857662000000006,0.8979660000000059,0.0,0.883529000000006,0.486222999999994,1.0001030000000104,0.996866000000011,0.08046
