,PopRatio,Diff_KC,Fibroblast,ILC3,M1,M2,Neutrophil,Prol_KC,Th0,Th1,Th17,Th2,Th22,Treg,iDC,pDC,preDiff_KC
0,1.0,0.00045599999999999997,0.0,0.0,0.0,0.0,0.0,0.0,0.0,0.0,0.0,0.0,0.0,0.162091,0.0,0.0,0.0
1,0.9999979999999997,0.002506,0.0,0.0,0.0,0.0,0.0,0.0,0.0,0.0,0.0,0.0,0.0,0.12484400000000001,0.0,0.0,0.0
2,1.0000019999919998,0.003662,0.0,0.0,0.0,0.0,1e-06,0.0,0.0,0.0,0.0,0.0,0.0,0.12027099999999998,0.00048300000000000003,0.000479,0.0
3,1.00000099999,0.004018,0.0,0.0,1.6e-05,0.0,1.2e-05,0.0,0.0,0.0,0.0,0.0,0.0,0.12540299999999996,0.0029559999999999986,0.0029229999999999994,0.0
4,1.0000049999939995,0.004471,0.0,0.0,2.2e-05,0.0,0.00035699999999999995,0.0,0.0,0.0,0.0,0.0,0.0,0.13760900000000004,0.009100999999999998,0.009093000000000002,0.0
5,1.000015000044,0.0046960000000000005,0.0,0.0,0.000435,0.0,0.0009109999999999999,0.0,0.0,0.0,0.0,0.0,0.0,0.15551300000000015,0.020489,0.020467,0.0
6,1.0000280002390014,0.0056869999999999985,0.0,0.0,0.0012020000000000002,0.0,0.001866,0.0,0.0,0.0,0.0,0.0,0.0,0.174921,0.03703999999999998,0.036953999999999966,0.0
7,1.0000400005750025,0.007371000000000002,0.0,0.0,0.002655,0.0,0.002999,0.0,0.0,0.0,0.0,0.0,0.0,0.1944980000000002,0.06289799999999997,0.06283199999999996,0.0
8,1.000059001335015,0.007867,0.0,0.0,0.004749000000000003,0.0,0.005993000000000001,0.0,0.0,0.0,0.0,0.0,0.0,0.21103100000000036,0.09126999999999982,0.09118399999999985,0.0
9,1.0000840028100522,0.007164000000000001,0.0,0.0,0.007735000000000006,0.0,0.009337,0.0,0.0,0.0,0.0,0.0,0.0,0.23247900000000024,0.13266000000000014,0.1326910000000001,0.0
10,1.0001360071782006,0.007831000000000001,0.0,0.0,0.011888999999999988,0.0,0.013407999999999993,0.0,0.0,0.0,0.0,0.0,0.0,0.24778800000000029,0.1705720000000006,0.17058700000000063,0.0
11,1.0001700118024488,0.008661999999999993,0.0,0.0,0.01685800000000001,0.0,0.019465000000000007,0.0,0.0,0.0,0.0,0.0,0.0,0.26257299999999917,0.21469800000000092,0.21466000000000085,0.0
12,1.0002460247233502,0.008198,0.0,0.0,0.024285000000000032,0.0,0.027165000000000047,0.0,1.6e-05,0.0,0.0,0.0,0.0,0.2792019999999998,0.2557549999999997,0.2557799999999998,0.0
13,1.0003410480957027,0.009437,0.0,0.0,0.03233000000000005,0.0,0.03573100000000003,0.0,0.00013299999999999998,0.0,0.0,0.0,0.0,0.2927439999999986,0.29822399999999943,0.2982129999999994,0.0
14,1.0004510856110023,0.009310999999999995,0.0,0.0,0.04096499999999996,0.0,0.04500399999999991,0.0,0.000147,0.0,0.0,0.0,0.0,0.30922399999999833,0.3428149999999972,0.3428159999999971,0.0
15,1.0005931496651717,0.009223999999999994,0.0,0.0,0.049759999999999895,0.0,0.05511399999999998,0.0,0.000201,0.0,0.0,0.0,0.0,0.3173989999999984,0.37939699999999604,0.37907199999999625,0.0
16,1.0007562463485793,0.01010899999999999,0.0,0.0,0.06414499999999972,0.0,0.06830399999999984,0.0,0.000263,0.0,0.0,0.0,0.0,0.322638999999997,0.4313589999999921,0.4311309999999922,0.0
17,1.0010014316289462,0.013863999999999993,0.0,0.0,0.07520899999999978,0.0,0.08207099999999944,0.0,0.000528,0.0,0.0,0.0,0.0,0.3406479999999984,0.46951899999999314,0.4687679999999932,0.0
18,1.0012686990112067,0.015362999999999993,0.0,0.0,0.09028999999999958,0.0,0.09741499999999945,3.2000000000000005e-05,0.0005280000000000001,0.0,0.0,0.0,0.0,0.359512999999997,0.5163369999999964,0.5154169999999966,0.0
19,1.0015440479034547,0.01562099999999999,0.0,0.0,0.10009699999999923,0.0,0.1120449999999994,0.0,0.0011600000000000002,0.0,0.0,0.0,0.0,0.3729869999999959,0.5555340000000037,0.5545050000000039,0.0
20,1.001872554351198,0.016970999999999997,0.0,0.0,0.11207199999999948,0.0,0.12759599999999943,0.0,0.0016570000000000003,0.0,0.0,0.0,0.0,0.38723499999999295,0.5920600000000077,0.5906280000000071,0.0
21,1.0022993520593788,0.017445999999999986,0.0,0.0,0.12711099999999925,0.0,0.14452200000000046,2.5e-05,0.0021409999999999997,0.0,0.0,0.0,0.0,0.391656999999997,0.6325260000000098,0.6306990000000097,0.0
22,1.0027463775704275,0.019063000000000004,0.0,0.0,0.14097700000000105,0.0,0.15625400000000136,7.7e-05,0.00265,0.0,0.0,0.0,0.0,0.4104269999999931,0.6675020000000216,0.6644480000000219,0.0
23,1.0032988908245113,0.02031,0.0,0.0,0.15789000000000147,0.0,0.1792030000000024,0.000289,0.004504000000000003,0.0,0.0,0.0,0.0,0.4191709999999942,0.6981500000000213,0.6943880000000217,0.0
24,1.0039008701590404,0.021402000000000036,0.0,0.0,0.17264000000000188,0.0,0.19051900000000363,0.000294,0.005698000000000004,0.0,0.0,0.0,0.0,0.43946299999999106,0.7242700000000164,0.7198300000000164,0.0
25,1.0046036007681869,0.023318000000000026,0.0,7.4e-05,0.18310400000000338,0.0,0.2103170000000051,0.0003000000000000001,0.009018000000000005,0.0,0.0,0.0,0.0,0.4513879999999896,0.751932000000031,0.7467540000000308,0.0
26,1.0053249061535938,0.022092000000000025,0.0,6.7e-05,0.1961500000000031,0.0,0.22077100000000546,0.000821,0.011705000000000009,0.0,0.0,0.0,0.0,0.46853399999998757,0.7790990000000343,0.7728120000000329,0.0
27,1.0060839264577879,0.022525000000000055,0.0,6.7e-05,0.21997700000000517,0.0,0.23246200000000697,0.001268,0.014886999999999971,0.0,0.0,0.0,0.0,0.4789699999999849,0.7975250000000415,0.7892920000000412,0.0
28,1.006979341152389,0.023353000000000037,0.0,2.6000000000000002e-05,0.2352110000000048,0.0,0.25094200000000716,0.001308,0.01853399999999999,0.0,0.0,0.0,0.0,0.48790499999998554,0.81496300000004,0.8061400000000387,0.0
29,1.0078070781708663,0.023844000000000014,0.0,6.7e-05,0.255576000000006,0.0,0.26842900000000425,0.0021030000000000007,0.02245200000000003,0.0,0.0,0.0,0.0,0.5025569999999865,0.8347800000000413,0.8272850000000403,0.0
30,1.0087997681429137,0.024635000000000053,0.0,0.000201,0.27637000000000206,0.0,0.28158400000000255,0.001975,0.028826000000000067,0.0,0.0,0.0,0.0,0.5094259999999888,0.854878000000042,0.8464540000000392,0.0
31,1.009798479913424,0.026728000000000047,0.0,0.000231,0.29836699999999755,0.0,0.29723299999999886,0.002085,0.035819000000000024,0.0,0.0,0.0,0.0,0.5167549999999871,0.8687780000000479,0.8600270000000475,0.0
32,1.0108052489979562,0.026694000000000044,0.0,0.00024100000000000003,0.31648199999999815,0.0,0.31197299999999745,0.002389000000000001,0.042634,0.0,0.0,0.0,0.0,0.5249799999999841,0.8802570000000565,0.8710950000000558,0.0
33,1.011918145577171,0.029973000000000055,0.0,0.0008970000000000002,0.3364369999999924,0.0,0.3273969999999963,0.0029249999999999996,0.05191899999999996,0.0,0.0,0.0,0.0,0.5339779999999907,0.8977010000000488,0.8883860000000462,0.0
34,1.0130170886833243,0.031066000000000073,0.0,0.001259,0.3522479999999924,0.0,0.3416469999999942,0.0030050000000000007,0.06055799999999987,6.6e-05,0.0,0.0,6.7e-05,0.5383819999999886,0.9058270000000598,0.8956370000000604,0.0
35,1.0141425506689263,0.03268700000000006,0.0,0.0023450000000000007,0.36995999999999113,0.0,0.35376499999999306,0.003841999999999999,0.0709809999999997,0.000134,0.0,0.0,0.0,0.5427869999999937,0.9111590000000541,0.9005390000000539,0.0
36,1.0153889318637568,0.03245800000000011,0.0,0.0043710000000000025,0.3829729999999895,0.0,0.372706999999992,0.005389000000000005,0.08257999999999951,6.7e-05,0.0,0.0,0.0,0.5477809999999915,0.9170640000000594,0.9053020000000578,0.0
37,1.0164906288548947,0.031595000000000095,0.0,0.005971000000000002,0.4052299999999855,0.0,0.38432599999998895,0.005824000000000004,0.09393799999999924,6.7e-05,0.0,0.0,0.0,0.5541459999999968,0.9283640000000599,0.9159240000000584,0.0
38,1.0176911042876458,0.035997000000000036,0.0,0.010398999999999995,0.41971299999998435,0.0,0.40357599999998944,0.006898000000000003,0.10140999999999935,0.000134,0.0,0.0,0.0,0.5600619999999956,0.934047000000054,0.922073000000054,0.0
39,1.0189031743929124,0.03403500000000007,0.0,0.013100999999999991,0.4383809999999848,0.0,0.4238159999999848,0.0076250000000000085,0.1159729999999992,6.7e-05,0.0,0.0,3e-05,0.5594369999999909,0.9409960000000602,0.9292940000000605,0.0
40,1.0201085368482858,0.03570700000000004,0.0,0.017024000000000008,0.4512449999999812,0.0,0.43854199999998295,0.009096000000000007,0.13369799999999987,0.00010300000000000001,0.000126,0.0,0.00016599999999999997,0.5667109999999959,0.9499050000000612,0.9380620000000602,0.0
41,1.0212326964559604,0.03534400000000008,0.0,0.021169000000000025,0.46383799999998376,0.0,0.4612779999999791,0.010318999999999993,0.15069500000000086,0.000266,0.000198,0.0,0.000335,0.5732879999999937,0.9577010000000582,0.9454600000000603,0.0
42,1.0223325640701078,0.03555400000000008,0.0,0.02706800000000007,0.47899699999998135,0.0,0.4773559999999803,0.010980999999999996,0.16351700000000194,0.000311,0.0,0.0,0.000517,0.5752059999999961,0.9637220000000556,0.9522750000000558,0.0
43,1.023464286218591,0.03507600000000006,0.0,0.03760999999999996,0.48659099999997774,0.0,0.48578299999997787,0.011133000000000006,0.17596600000000212,0.000263,0.0,0.0,0.0007170000000000001,0.5838509999999967,0.9680800000000591,0.9553430000000575,0.0
44,1.0246044254335005,0.036662999999999994,0.0,0.04640699999999997,0.5049399999999789,0.0,0.5039629999999777,0.013748999999999985,0.18701200000000326,0.000559,0.0005350000000000001,0.0,0.0008830000000000002,0.5895760000000005,0.9754310000000551,0.9625640000000552,0.0
45,1.0257509577856172,0.035925000000000075,0.0,0.05846599999999991,0.5204929999999844,6.7e-05,0.523039999999984,0.016856999999999994,0.20209300000000402,0.001266,0.0012,0.0,0.0014000000000000002,0.5920519999999957,0.9797900000000636,0.9678920000000641,6.6e-05
46,1.0268608203220075,0.03754099999999999,6.7e-05,0.07048299999999967,0.532379999999989,0.0,0.5334799999999863,0.019344,0.21573800000000384,0.0013509999999999996,0.001467,0.0,0.002173,0.5951450000000031,0.9820110000000641,0.9704950000000633,0.000268
47,1.027979071755405,0.03691700000000005,6.7e-05,0.08365499999999962,0.5467159999999899,0.0,0.5464339999999877,0.021188000000000026,0.23067300000000493,0.0016339999999999994,0.0023550000000000003,0.0,0.003158000000000002,0.5947070000000008,0.9832530000000584,0.972020000000059,0.0005350000000000001
48,1.0290553658435941,0.04103599999999989,0.0002,0.09800599999999933,0.5614869999999919,0.0,0.5590339999999917,0.022623000000000042,0.24956700000000592,0.0022010000000000016,0.0029489999999999994,0.0,0.003191999999999998,0.5892889999999982,0.985544000000061,0.9744990000000618,0.00031
49,1.0303519756046207,0.03989699999999997,0.000199,0.11247099999999925,0.5770709999999962,4.5e-05,0.5710549999999956,0.02547900000000007,0.26588400000000306,0.003084999999999998,0.0032050000000000013,0.0,0.004213000000000002,0.5928750000000044,0.9866500000000631,0.9748930000000622,0.000272
50,1.031458573626486,0.041937999999999954,0.000201,0.12692499999999896,0.5900749999999971,1.3000000000000001e-05,0.5801279999999942,0.029632000000000065,0.28989999999999966,0.003741000000000003,0.004312000000000004,0.0,0.0053830000000000015,0.5990889999999981,0.9894070000000696,0.9775830000000703,0.00026700000000000004
51,1.032631342024772,0.042213000000000084,0.00032300000000000004,0.1410149999999998,0.6094730000000032,6.299999999999999e-05,0.5909999999999951,0.0324580000000001,0.3056819999999972,0.004764000000000002,0.004776000000000003,0.0,0.005596000000000001,0.6004249999999994,0.9907970000000625,0.9797080000000624,0.000309
52,1.033800280704009,0.04313299999999994,0.000402,0.1492070000000005,0.626540000000008,0.000137,0.6057790000000013,0.035832000000000065,0.323878999999995,0.005323000000000004,0.004813000000000001,0.0,0.005681000000000003,0.6007170000000029,0.9917120000000579,0.9796940000000609,0.00066
53,1.0349136836063877,0.04583099999999987,0.000335,0.172059000000002,0.6346080000000066,0.000359,0.6124930000000042,0.03706400000000001,0.3461439999999938,0.005488000000000004,0.006869000000000004,0.0,0.006943000000000003,0.6045590000000038,0.9920070000000584,0.9814380000000588,0.0006
54,1.0359786097868804,0.04847600000000001,0.000232,0.1880240000000029,0.6376400000000045,0.00019999999999999998,0.6308180000000039,0.040718000000000094,0.3611139999999908,0.006788000000000006,0.009489999999999995,0.0,0.008564,0.6055370000000002,0.9941940000000605,0.9838850000000617,0.000625
55,1.0367763133164782,0.04700400000000001,0.00031900000000000006,0.2011290000000034,0.6405040000000098,0.000321,0.6432580000000054,0.04579099999999997,0.3801079999999885,0.008174999999999998,0.009674999999999998,0.0,0.010405999999999993,0.6098330000000018,0.9960060000000532,0.9863740000000563,0.001121
56,1.0377882069983302,0.04565699999999999,0.000201,0.21954800000000477,0.6546370000000119,0.000517,0.6542900000000084,0.05334999999999999,0.39572699999998856,0.010193999999999996,0.012290999999999993,0.0,0.013108999999999984,0.6062210000000057,0.9971830000000534,0.9876780000000563,0.0011480000000000001
57,1.0388768468275273,0.046339999999999916,0.000541,0.2355340000000052,0.6595040000000109,0.000576,0.6592410000000092,0.057554999999999766,0.4116479999999891,0.011291999999999991,0.015743999999999994,0.0,0.01563899999999998,0.6040260000000044,0.9979670000000626,0.9889850000000635,0.0016269999999999995
58,1.0397682031621707,0.04820999999999991,0.00024000000000000003,0.24957700000000563,0.6705140000000163,0.0005610000000000001,0.6661280000000086,0.06155199999999994,0.4214219999999856,0.013007999999999985,0.018217999999999988,0.0,0.017071999999999986,0.6079520000000019,0.9987120000000559,0.9900680000000571,0.0015990000000000002
59,1.0408277269612503,0.048692999999999965,0.0005350000000000001,0.264745000000003,0.6757580000000113,0.000442,0.6724820000000096,0.06403499999999977,0.4409149999999832,0.01422099999999997,0.021435000000000013,0.0,0.020422000000000003,0.6119200000000007,0.9993270000000567,0.9910640000000608,0.001243
60,1.0420985776159284,0.047661999999999934,0.000766,0.2744780000000005,0.6862250000000143,0.000611,0.6841930000000127,0.06425899999999991,0.4496179999999844,0.016809999999999988,0.021467000000000024,0.0,0.023004000000000028,0.6179580000000026,0.9998010000000539,0.9927550000000567,0.001448
61,1.0430635608988563,0.047690999999999935,0.0010120000000000003,0.28992599999999913,0.6882380000000188,0.0005220000000000001,0.6892050000000194,0.07013299999999967,0.4717949999999838,0.01810199999999999,0.02591500000000006,0.0,0.026968000000000047,0.6245840000000056,0.9997330000000524,0.9925700000000558,0.0015509999999999996
62,1.0439053131925555,0.0483029999999999,0.00148,0.3092759999999983,0.7010260000000208,0.000738,0.6996000000000191,0.07616299999999987,0.4862399999999801,0.021427,0.031098000000000098,0.0,0.032241000000000075,0.6210410000000041,0.9999500000000591,0.9938310000000617,0.0017030000000000003
63,1.0450849261965245,0.04776200000000001,0.0019520000000000004,0.3242909999999966,0.7058870000000145,0.0008320000000000001,0.7151790000000146,0.08113199999999951,0.49637099999998024,0.025381000000000046,0.03586700000000007,0.0,0.03571100000000008,0.620533,0.9999710000000509,0.9938300000000554,0.002001
64,1.0460589453477929,0.04776299999999996,0.0025640000000000003,0.33857799999999433,0.7069510000000185,0.001036,0.7280590000000194,0.08630999999999961,0.5128369999999833,0.025738000000000077,0.04096299999999997,0.0,0.04009299999999997,0.6182510000000038,0.9998110000000542,0.9935640000000574,0.001758
65,1.0468602264999858,0.048131,0.0029580000000000006,0.3576409999999917,0.713540000000018,0.001434,0.7392880000000241,0.09219899999999959,0.527875999999984,0.027948000000000053,0.04647499999999995,0.0,0.04467399999999994,0.6222510000000054,0.9998970000000603,0.9943050000000622,0.0016120000000000002
66,1.047856837435677,0.04930399999999998,0.004122999999999998,0.3721869999999892,0.7154340000000158,0.0014110000000000001,0.7517570000000207,0.09642199999999933,0.5411479999999882,0.032596000000000055,0.05126199999999999,0.0,0.048505999999999966,0.6195000000000029,0.9996820000000516,0.9943590000000565,0.0021189999999999994
67,1.048777903595836,0.05071599999999994,0.00405,0.38465399999998984,0.7153530000000173,0.0019089999999999997,0.7555960000000216,0.10152399999999967,0.5555479999999935,0.03516700000000005,0.05826399999999992,0.0,0.05115199999999998,0.621970000000004,0.9994940000000505,0.9943350000000537,0.0025590000000000005
68,1.0497050232626677,0.05210899999999999,0.004536,0.40415199999998963,0.7213080000000157,0.002530000000000001,0.7613010000000221,0.10981799999999933,0.5687699999999999,0.039188000000000035,0.06305099999999984,0.0,0.05610799999999995,0.6241390000000044,0.999755000000051,0.9945410000000549,0.0032500000000000003
69,1.050456612059377,0.051849999999999966,0.00434,0.42140999999998746,0.7302650000000166,0.002877000000000001,0.7657160000000225,0.11518399999999926,0.5879209999999991,0.04263000000000001,0.07059299999999964,0.0,0.06467599999999983,0.6252680000000045,0.9998490000000481,0.9954680000000521,0.003483000000000001
70,1.0512990782622975,0.05169899999999987,0.004802000000000004,0.43563699999998556,0.7360170000000235,0.0034069999999999994,0.77685200000003,0.12301299999999928,0.6043469999999996,0.049760999999999916,0.07798999999999973,0.0,0.07062199999999982,0.6316600000000113,1.0002510000000548,0.996050000000058,0.0033950000000000017
71,1.0524838923235569,0.053474999999999974,0.0068560000000000045,0.44727599999998496,0.740646000000019,0.003694000000000001,0.7810920000000261,0.13197500000000004,0.6076290000000033,0.05633199999999981,0.08605099999999954,0.0,0.07684899999999957,0.6374750000000076,1.0002670000000513,0.9966100000000554,0.004523000000000002
72,1.0530880180778048,0.052333999999999846,0.008001000000000005,0.463679999999984,0.7470950000000249,0.003946999999999998,0.7850250000000292,0.13618699999999978,0.6206030000000028,0.06071599999999979,0.09053199999999946,0.0,0.08042999999999959,0.6374150000000061,1.0002990000000545,0.9970470000000564,0.004474000000000002
73,1.0540452750862948,0.05173399999999984,0.008002000000000002,0.48283399999998333,0.7519910000000259,0.0041340000000000005,0.7910320000000328,0.1438290000000002,0.6323050000000076,0.06265799999999982,0.09529699999999953,0.0,0.0860529999999997,0.6352030000000088,1.0000340000000534,0.9965400000000547,0.004629
74,1.0547462151942828,0.05474599999999991,0.009631,0.4931299999999773,0.7535900000000247,0.003582000000000001,0.7924760000000316,0.15056000000000103,0.6449680000000093,0.06934799999999987,0.1070459999999995,0.0,0.09371899999999962,0.6344130000000053,1.0000950000000557,0.9963440000000591,0.004609000000000003
75,1.0556786108485736,0.05646499999999986,0.009371000000000006,0.50542499999998,0.7553220000000233,0.004543,0.7952490000000307,0.15432700000000166,0.6582870000000115,0.07566899999999986,0.11059199999999952,0.0,0.10103399999999967,0.6357430000000084,1.0005110000000492,0.9968290000000526,0.004758000000000002
76,1.0560523210768655,0.05295300000000004,0.011472999999999994,0.5189549999999865,0.7490500000000179,0.0053260000000000035,0.8020270000000278,0.1594710000000012,0.660625000000007,0.0815989999999996,0.1117689999999993,0.0,0.10387999999999946,0.6345470000000049,1.0006940000000455,0.9972000000000488,0.004920000000000001
77,1.0568612571548583,0.05416100000000004,0.013076999999999988,0.5355669999999843,0.752928000000021,0.006188000000000008,0.8028940000000262,0.16565600000000152,0.6764670000000064,0.08842999999999952,0.12294199999999932,0.0,0.10981499999999972,0.6355330000000052,1.0006110000000485,0.9971300000000517,0.0062740000000000035
78,1.0571064489665691,0.05601799999999988,0.013734999999999983,0.5499749999999896,0.7551630000000216,0.006571000000000002,0.8094140000000277,0.17159500000000197,0.6878080000000102,0.09224999999999971,0.131019,0.0,0.11449599999999947,0.6308970000000066,1.0006000000000441,0.9971040000000481,0.006365000000000003
79,1.0579901899579514,0.05534699999999994,0.017442999999999993,0.5652739999999938,0.7592370000000178,0.008210000000000007,0.814530000000024,0.183743000000003,0.6977150000000155,0.09810699999999953,0.14491500000000088,0.0,0.12478999999999957,0.6392260000000068,1.0006820000000403,0.9974200000000462,0.0073090000000000065
80,1.0590545280890915,0.057888999999999885,0.018956999999999998,0.5825089999999957,0.7680270000000211,0.008523000000000005,0.8194060000000287,0.18536200000000208,0.7051810000000153,0.10733699999999952,0.1527860000000007,0.0,0.1354229999999997,0.6396310000000135,1.0006810000000441,0.9973110000000472,0.007219000000000007
81,1.0596539529520363,0.056764999999999934,0.019211999999999996,0.593246999999998,0.771509000000026,0.009248000000000004,0.8303460000000342,0.18664600000000287,0.7127010000000165,0.1122949999999994,0.15927400000000144,0.0,0.14499900000000052,0.6477480000000091,1.0006910000000482,0.9973300000000517,0.006589000000000003
82,1.0609859379709474,0.057117999999999926,0.021208000000000022,0.6129200000000071,0.7743530000000242,0.010135999999999994,0.8384950000000331,0.19453100000000295,0.72091700000002,0.12012999999999947,0.1670600000000017,0.0,0.1532830000000008,0.6525840000000157,1.0006930000000478,0.9976040000000506,0.008573000000000004
83,1.0614570157274568,0.05860599999999992,0.02395300000000002,0.6265770000000043,0.774509000000028,0.011206999999999983,0.8469390000000353,0.2046000000000035,0.729964000000022,0.1348179999999998,0.18211900000000217,0.0,0.16090500000000102,0.6544710000000088,1.0006310000000476,0.997277000000052,0.007258000000000005
84,1.0618752297917033,0.05745599999999997,0.02362900000000002,0.634982000000005,0.7717670000000181,0.012123999999999982,0.854967000000026,0.20965100000000395,0.7361000000000137,0.14670000000000075,0.19069200000000244,0.0,0.1679610000000017,0.657787000000006,1.0006750000000404,0.9971880000000439,0.006350000000000006
85,1.0625059836782427,0.05937099999999983,0.026208000000000075,0.6414610000000078,0.7793930000000251,0.010889999999999997,0.8641610000000323,0.22138200000000408,0.7418170000000239,0.15259700000000098,0.19472400000000314,0.0,0.17793100000000237,0.652451000000009,1.0007050000000457,0.9974650000000477,0.006945000000000004
86,1.0636152399252512,0.05739299999999989,0.031346000000000075,0.6548750000000099,0.7812190000000231,0.010317999999999996,0.8611470000000321,0.22324500000000372,0.7553940000000208,0.16149900000000178,0.202455000000003,0.0,0.1908600000000029,0.6546470000000117,1.0006300000000445,0.9972320000000487,0.007078000000000004
87,1.0642427729168542,0.058437000000000024,0.036973000000000006,0.65980100000001,0.7805250000000228,0.011119999999999994,0.8686410000000309,0.23275000000000445,0.7620930000000219,0.17443600000000228,0.2067140000000034,0.0,0.2000250000000033,0.6560390000000094,1.0006290000000404,0.9972380000000438,0.008010000000000001
88,1.0652069768691597,0.06043899999999984,0.04225299999999996,0.6664660000000144,0.774078000000025,0.011485999999999986,0.8720460000000344,0.23881900000000525,0.7648730000000256,0.18125100000000222,0.21430800000000297,0.0,0.20118400000000286,0.664651000000015,1.0006760000000436,0.9974700000000463,0.009147999999999995
89,1.0663073356763122,0.06282999999999977,0.046647999999999974,0.6713620000000113,0.772920000000026,0.011785999999999982,0.8768460000000387,0.24634800000000504,0.7751200000000277,0.18656900000000226,0.2231640000000035,0.0,0.21031000000000297,0.6683920000000118,1.0006410000000505,0.9973680000000515,0.009739000000000001
90,1.0670793421873956,0.06396199999999994,0.049402999999999885,0.6797680000000129,0.7716300000000208,0.012829999999999989,0.8837210000000358,0.2527600000000047,0.785984000000023,0.1907260000000026,0.2281410000000039,0.0,0.21973100000000378,0.6665310000000079,1.0006130000000428,0.9973650000000459,0.009437999999999995
91,1.0682851418441122,0.06270699999999996,0.055534999999999925,0.6847010000000144,0.7721320000000209,0.014364999999999987,0.8894840000000397,0.2640260000000026,0.7952530000000295,0.19671200000000302,0.23410200000000472,0.0,0.2303910000000047,0.6689420000000096,1.0005930000000498,0.9974020000000509,0.01016699999999999
92,1.0688855180938819,0.06444999999999991,0.0588009999999999,0.6932190000000208,0.767176000000025,0.015721999999999976,0.8944780000000371,0.2686799999999997,0.803873000000027,0.20043200000000255,0.24293000000000411,0.0,0.24315100000000464,0.6706160000000155,1.0006320000000466,0.9973040000000489,0.011568999999999996
93,1.0699490591844356,0.06288799999999992,0.061483999999999844,0.7044440000000183,0.7725310000000236,0.017195000000000012,0.8994550000000328,0.27623700000000245,0.8146760000000279,0.20580300000000262,0.2549030000000026,0.0,0.25715000000000293,0.6699040000000097,1.00062900000004,0.997304000000043,0.012771999999999986
94,1.0707033732712028,0.06252399999999993,0.06282999999999986,0.7237980000000166,0.770631000000025,0.017659000000000008,0.9030220000000302,0.2883119999999982,0.8213460000000261,0.2133130000000033,0.2654970000000015,0.0,0.2704910000000013,0.6771010000000071,1.0005710000000363,0.9972550000000403,0.014793999999999979
95,1.0717087637387432,0.06469999999999988,0.07045999999999994,0.7276690000000215,0.7656230000000217,0.017787000000000004,0.9061990000000301,0.29788299999999834,0.8349680000000255,0.21633600000000255,0.2745999999999998,0.0,0.2744290000000002,0.6814680000000125,1.0005220000000403,0.9971630000000441,0.016683999999999977
96,1.0724139481053263,0.0645159999999999,0.07883499999999978,0.7370280000000147,0.7696380000000187,0.017089999999999987,0.9061000000000243,0.30305499999999697,0.8415210000000257,0.22753400000000337,0.28855599999999965,0.0,0.28325700000000026,0.6809290000000094,1.0005250000000316,0.9969920000000373,0.01588999999999999
97,1.0732439965011935,0.06425299999999978,0.08101099999999989,0.7372620000000192,0.7668570000000212,0.01865600000000001,0.9095440000000357,0.3067499999999972,0.8441460000000316,0.23701600000000342,0.2935959999999971,0.0,0.2859799999999978,0.6776320000000121,1.0006190000000441,0.9973070000000477,0.015036999999999972
98,1.0747873213682093,0.064166,0.08637699999999983,0.745996000000016,0.7661860000000175,0.019137000000000005,0.9134370000000283,0.3184429999999957,0.8464540000000266,0.24217400000000402,0.2994549999999984,0.0,0.2929399999999995,0.6752500000000058,1.0005700000000362,0.9972400000000404,0.016067999999999992
99,1.0752795739614345,0.0654039999999999,0.09287599999999953,0.7535930000000195,0.7654870000000169,0.020885000000000018,0.9148130000000341,0.32637999999999706,0.8468550000000287,0.24417600000000445,0.3034389999999983,0.0,0.2938189999999983,0.6756050000000087,1.0005650000000426,0.9972330000000463,0.017047
100,1.0762430244597476,0.0636809999999999,0.09644099999999975,0.757029000000022,0.7693880000000244,0.021211000000000025,0.9171850000000328,0.3282979999999943,0.8508780000000308,0.25378500000000304,0.30676599999999654,0.0,0.2975119999999978,0.6764830000000132,1.0005860000000415,0.9973130000000444,0.015930999999999987
101,1.07733110615752,0.06324699999999996,0.10041099999999961,0.7625640000000246,0.7704610000000179,0.022232000000000026,0.9199910000000323,0.33057299999999257,0.8568740000000286,0.25180700000000394,0.31161499999999703,0.0,0.3052799999999977,0.6751250000000102,1.0005850000000422,0.9973640000000441,0.016284999999999984
102,1.0786853113580044,0.06323799999999988,0.10526299999999951,0.7711230000000172,0.7692760000000176,0.023599000000000005,0.9213830000000267,0.3419759999999948,0.8641170000000223,0.2603870000000013,0.32410299999999503,0.0,0.3154269999999951,0.6673690000000021,1.000487000000034,0.9973020000000385,0.016266999999999986
103,1.0795374727540137,0.06597899999999994,0.11520499999999965,0.7800360000000239,0.7704670000000179,0.02295300000000004,0.9258690000000369,0.3559279999999942,0.8736750000000326,0.2719260000000001,0.33005599999999546,0.0,0.326354999999994,0.6651120000000109,1.0005720000000462,0.9973350000000474,0.016293999999999982
104,1.0810207572416262,0.06596099999999998,0.12121799999999959,0.7847340000000189,0.7763340000000206,0.023566000000000052,0.9269090000000308,0.36622699999999136,0.8797430000000276,0.27902099999999896,0.3430869999999929,0.0,0.3372989999999933,0.6654240000000057,1.0005370000000358,0.9973910000000398,0.01780000000000001
105,1.082244472738861,0.066705,0.12772999999999993,0.7910890000000238,0.7815680000000211,0.02187000000000002,0.9259300000000309,0.3671589999999927,0.8868390000000268,0.2860159999999983,0.35493799999999254,0.0,0.344097999999993,0.6573920000000084,1.000503000000036,0.9972880000000407,0.01527499999999997
106,1.083009619581126,0.06857299999999994,0.13531000000000043,0.801540000000021,0.7818570000000172,0.023670000000000028,0.9280550000000255,0.37160299999999047,0.8869870000000246,0.2974319999999967,0.3680009999999925,0.0,0.35294799999999193,0.6612410000000063,1.0004660000000296,0.997198000000035,0.015453999999999973
107,1.0840655539602493,0.06982399999999976,0.14314800000000055,0.8078220000000246,0.7843990000000196,0.02554800000000002,0.9290780000000336,0.3736899999999883,0.8928310000000321,0.29917299999999664,0.38467899999999083,0.0,0.3676119999999916,0.6605280000000099,1.0004580000000394,0.997195000000042,0.013337999999999984
108,1.08488077125687,0.07448299999999985,0.15309100000000092,0.8196930000000192,0.7864360000000157,0.02431300000000002,0.9309460000000253,0.38000299999998977,0.8972550000000249,0.31340999999999486,0.402472999999989,0.0,0.37866199999999095,0.6566950000000067,1.0004660000000323,0.9973800000000337,0.014437999999999975
109,1.0848644980453355,0.07631399999999995,0.16062200000000126,0.828005000000022,0.7848280000000181,0.02496000000000003,0.933543000000031,0.38275199999998966,0.898424000000028,0.3165029999999961,0.4060049999999895,0.0,0.3856849999999898,0.6556520000000082,1.000525000000037,0.9971990000000392,0.014612999999999978
110,1.086176099223512,0.07368699999999981,0.16727800000000145,0.8399250000000291,0.7950060000000247,0.022647000000000035,0.936792000000032,0.3916639999999897,0.8990940000000304,0.3326019999999944,0.41704599999998965,0.0,0.40373999999999144,0.6515940000000126,1.0004730000000397,0.9971740000000425,0.015260999999999969
111,1.0870309198136434,0.07616399999999983,0.1799400000000015,0.8433980000000283,0.7977850000000241,0.024087000000000018,0.9360070000000281,0.40202999999998856,0.9023230000000272,0.34093299999999294,0.42513899999998833,0.0,0.41409299999998944,0.645279000000008,1.0004910000000338,0.9975060000000348,0.017077999999999986
112,1.0880190309197895,0.07401299999999976,0.18724700000000216,0.8416650000000292,0.7904430000000197,0.026781000000000048,0.9375640000000319,0.40487399999998935,0.9061550000000308,0.3492619999999941,0.4294339999999899,0.0,0.41383399999998965,0.6458390000000114,1.0004820000000372,0.997360000000041,0.01816299999999999
113,1.0891930034541921,0.07463399999999987,0.1910170000000023,0.8472900000000305,0.791289000000024,0.02478300000000004,0.9347940000000339,0.4072099999999878,0.9110560000000351,0.36268099999999087,0.43263599999998736,0.0,0.42720099999998773,0.643343000000009,1.0004460000000386,0.9972320000000426,0.017362999999999996
114,1.0895862021284812,0.08012499999999978,0.20493900000000242,0.8506790000000262,0.7882100000000178,0.027272000000000015,0.93337700000003,0.41455199999998765,0.91449300000003,0.367609999999992,0.43745299999998793,0.0,0.42843599999998744,0.647321000000008,1.0004770000000367,0.9970750000000421,0.017386
115,1.0911933417766602,0.0860029999999998,0.20600400000000252,0.8541360000000263,0.7857390000000213,0.026058000000000033,0.9381620000000297,0.4172489999999875,0.919119000000029,0.3750789999999911,0.4506779999999865,0.0,0.4375519999999876,0.6455770000000097,1.0005270000000335,0.9972890000000375,0.018017000000000002
116,1.0928650499762975,0.08129099999999974,0.21497600000000316,0.859090000000026,0.7855290000000209,0.026521000000000024,0.9369680000000296,0.42421199999998677,0.9241770000000303,0.38837699999998954,0.4573459999999868,0.0,0.44368899999998723,0.6409700000000057,1.000498000000034,0.9971700000000386,0.017369999999999993
117,1.0936136625355684,0.08206099999999981,0.22520700000000257,0.8605800000000291,0.7831760000000195,0.02725100000000004,0.9418310000000331,0.430847999999988,0.9313940000000333,0.3931359999999922,0.462706999999986,0.0,0.4519429999999878,0.645013000000007,1.0004630000000394,0.9971720000000405,0.017696000000000017
118,1.0947378973806976,0.08496199999999975,0.22995700000000246,0.8630860000000306,0.7837500000000234,0.02715600000000002,0.9415120000000329,0.43245999999998846,0.9349960000000338,0.39517199999999036,0.47234199999998666,0.0,0.4584299999999884,0.6401070000000069,1.0004530000000402,0.9971080000000434,0.018130000000000014
119,1.095545813949008,0.08208199999999968,0.22789900000000327,0.8651690000000273,0.7829820000000193,0.027799000000000018,0.9402890000000294,0.4331579999999877,0.9387830000000297,0.4077549999999904,0.4831439999999876,0.0,0.46471099999998705,0.642745000000008,1.0004830000000333,0.997114000000038,0.016583999999999995
120,1.0972603431478742,0.08179199999999982,0.23821200000000275,0.8663400000000336,0.7812850000000211,0.02721800000000004,0.9441080000000373,0.44096599999998815,0.943177000000038,0.41590899999998965,0.4923099999999861,0.0,0.46823899999998736,0.6408970000000113,1.0004230000000423,0.9973040000000437,0.018608000000000003
121,1.097937352779642,0.0807189999999997,0.24947900000000278,0.8721660000000292,0.7777800000000185,0.03022400000000004,0.9406240000000317,0.4482639999999861,0.9441040000000347,0.42886799999999,0.5017009999999857,0.0,0.4781709999999858,0.6404730000000072,1.0004070000000367,0.996978000000041,0.019274000000000027
122,1.0986597955578115,0.08662499999999959,0.25912300000000144,0.8740650000000276,0.7812360000000153,0.03252200000000002,0.9392600000000292,0.4514539999999893,0.9428330000000303,0.43416099999999114,0.5082269999999885,0.0,0.4841369999999873,0.6423660000000073,1.0004430000000362,0.9972310000000397,0.01959800000000001
123,1.099989173910476,0.08939999999999976,0.2674000000000002,0.8802600000000264,0.7814940000000217,0.033791999999999996,0.9423100000000302,0.4578959999999881,0.9454120000000314,0.44046499999998995,0.517764999999991,0.0,0.4966749999999874,0.6418710000000082,1.000470000000035,0.9973180000000381,0.019825999999999996
124,1.1013212608001184,0.08743899999999984,0.2712130000000004,0.8847320000000243,0.7867670000000175,0.035861000000000025,0.9428000000000253,0.4616539999999879,0.9458190000000283,0.4565569999999891,0.5251069999999924,0.0,0.5003939999999878,0.6416970000000052,1.0004950000000299,0.997061000000033,0.02111100000000001
125,1.1027210401226282,0.08877499999999976,0.2811579999999993,0.8853140000000245,0.7863080000000164,0.03463,0.9422380000000281,0.47548999999998887,0.9489290000000298,0.46222699999999095,0.5347259999999946,0.0,0.5067959999999895,0.640393000000007,1.0004450000000327,0.9970450000000346,0.02382700000000003
126,1.1032260863590404,0.09036299999999972,0.2883909999999993,0.8862370000000278,0.7868010000000177,0.035995,0.9435690000000277,0.48438599999998755,0.9498150000000312,0.4674479999999884,0.5371279999999939,0.0,0.5047329999999878,0.634222000000004,1.0005010000000345,0.9971200000000366,0.02678500000000002
127,1.1040215123673427,0.09061599999999968,0.30153199999999697,0.891076000000021,0.7905290000000167,0.03560199999999998,0.9476170000000214,0.4952059999999866,0.9483420000000221,0.47688499999998984,0.5437759999999975,0.0,0.5108789999999908,0.6333060000000021,1.0004200000000263,0.9973200000000295,0.026109000000000028
128,1.1044344164129967,0.09050899999999976,0.309630999999998,0.8961020000000263,0.7887410000000162,0.03630499999999999,0.9481960000000256,0.5051089999999879,0.9501180000000273,0.4857949999999891,0.5493469999999941,0.0,0.5233359999999915,0.6205350000000037,1.0004090000000296,0.9973010000000333,0.027890000000000033
129,1.1052826220448344,0.08896499999999977,0.31663799999999775,0.8990200000000271,0.790696000000019,0.03708300000000001,0.9498180000000259,0.5046759999999865,0.9548530000000276,0.49778499999998843,0.5577999999999973,0.0,0.5312979999999912,0.6199290000000054,1.0004170000000308,0.9972040000000341,0.029303000000000023
130,1.1064685902983213,0.09218399999999966,0.3273699999999951,0.9035640000000289,0.7993400000000168,0.037781,0.9531280000000264,0.5110709999999897,0.9552180000000302,0.5056849999999905,0.5639640000000004,0.0,0.5411829999999954,0.621872000000008,1.0003980000000303,0.9973200000000344,0.03054200000000002
131,1.1075252678020893,0.08950999999999974,0.3379089999999972,0.9046490000000239,0.8016950000000135,0.03901300000000001,0.9507190000000252,0.5189959999999892,0.9541660000000276,0.5145509999999913,0.5652259999999981,0.0,0.544646999999995,0.6236960000000024,1.0004300000000288,0.9971650000000327,0.03215600000000002
132,1.1089495452965132,0.08735999999999973,0.35344999999999527,0.9078710000000285,0.8058220000000201,0.039163999999999984,0.9527930000000309,0.5314859999999961,0.9550650000000324,0.5269219999999926,0.5702340000000015,0.0,0.557964,0.6214590000000082,1.0004700000000333,0.9973170000000355,0.03295800000000006
133,1.1108391953217354,0.0859569999999998,0.3607119999999965,0.910741000000023,0.8068520000000147,0.039930000000000014,0.954269000000025,0.539276999999994,0.9599150000000253,0.5345959999999929,0.5773529999999976,0.0,0.5758139999999962,0.6220720000000036,1.000432000000029,0.9971840000000315,0.03425700000000003
134,1.112452133833375,0.08141899999999987,0.3671029999999932,0.9182030000000317,0.8082390000000191,0.03670200000000003,0.9539910000000326,0.5454869999999947,0.9659620000000321,0.5494299999999973,0.5943310000000009,0.0,0.5898310000000019,0.6243300000000049,1.0004260000000336,0.9970840000000358,0.03548100000000001
135,1.114055177358266,0.07953499999999965,0.37357399999999286,0.9222620000000292,0.8131140000000185,0.03871999999999995,0.9535160000000303,0.5502279999999977,0.9679840000000316,0.557285000000002,0.6039510000000036,0.0,0.6021420000000035,0.6247650000000073,1.000411000000034,0.9970590000000363,0.038681
136,1.1150188350867183,0.08131799999999988,0.3884139999999961,0.9232870000000235,0.8164640000000144,0.040358000000000005,0.9549560000000226,0.5585340000000005,0.9694340000000246,0.5676269999999995,0.6127990000000042,0.0,0.6064200000000026,0.6275170000000069,1.000392000000027,0.9969880000000304,0.03762499999999997
137,1.116592126663055,0.08283499999999984,0.39956399999999453,0.9274860000000255,0.8208780000000179,0.03859500000000002,0.9575990000000267,0.5664900000000018,0.9711870000000274,0.5755489999999995,0.6245810000000029,0.0,0.6204610000000024,0.6282000000000062,1.0003840000000297,0.9972070000000322,0.036918000000000006
138,1.1179577188339958,0.08504299999999991,0.40744299999999334,0.9311190000000222,0.8234090000000147,0.03874100000000002,0.9566160000000228,0.5729379999999978,0.9706410000000246,0.5796049999999953,0.6244770000000031,0.0,0.6207900000000013,0.6309040000000035,1.0003480000000267,0.9973490000000305,0.03816700000000001
139,1.1194960286551399,0.0845899999999998,0.4122079999999931,0.9338470000000234,0.826462000000016,0.04018300000000001,0.9612980000000232,0.5771580000000002,0.9712530000000251,0.5814300000000021,0.6276750000000042,0.0,0.6254850000000047,0.6386420000000048,1.0003750000000269,0.9971390000000296,0.03882799999999994
140,1.1198162045193656,0.08305299999999989,0.42115699999999434,0.9347750000000212,0.8301960000000149,0.039882999999999974,0.9611310000000223,0.5835279999999995,0.9723190000000251,0.5908440000000009,0.628083000000002,0.0,0.6337320000000022,0.6356600000000031,1.0003930000000265,0.9969620000000299,0.040704
141,1.1214556154428106,0.08037499999999978,0.4301609999999914,0.931282000000021,0.8291530000000153,0.041516999999999984,0.9612450000000226,0.5833779999999987,0.973927000000025,0.5883390000000011,0.626515000000005,0.0,0.6356290000000048,0.6357260000000062,1.0003380000000255,0.9969080000000289,0.04118900000000001
142,1.1231299486766946,0.07992299999999988,0.4416799999999937,0.9342980000000234,0.8388240000000139,0.03946699999999995,0.9639890000000235,0.5889590000000013,0.9742150000000256,0.5994060000000023,0.637285000000005,0.0,0.6545360000000062,0.6305110000000059,1.0003740000000274,0.9970640000000291,0.040357
143,1.1244417644567777,0.0803669999999998,0.4504229999999922,0.9349330000000227,0.8392830000000158,0.041117,0.9637270000000207,0.5962320000000013,0.9766080000000226,0.5997360000000039,0.6444050000000064,0.0,0.6572540000000051,0.6251070000000037,1.0004100000000238,0.9972890000000261,0.043676
144,1.1250905673548963,0.07922199999999983,0.46389599999999126,0.9354870000000235,0.8434230000000178,0.04191599999999996,0.965875000000025,0.6095440000000021,0.9785380000000253,0.6058190000000063,0.6537710000000078,0.0,0.6645160000000083,0.6284990000000042,1.0003540000000257,0.9970010000000287,0.04665900000000001
145,1.126626315979364,0.08291899999999996,0.47461399999999304,0.9392570000000204,0.8467790000000172,0.042238999999999985,0.9675630000000223,0.6121810000000026,0.9802570000000237,0.616783000000004,0.6576480000000083,0.0,0.6733080000000085,0.6285930000000037,1.0002980000000237,0.9968390000000266,0.04977699999999996
146,1.1278385658953838,0.08160399999999987,0.4868139999999929,0.9412690000000254,0.8449480000000164,0.04221,0.9679800000000274,0.6169150000000034,0.9794990000000284,0.6262460000000024,0.6629810000000068,0.0,0.6826920000000072,0.6250350000000073,1.0003380000000297,0.9969740000000322,0.049671999999999994
147,1.1295370907756546,0.08314999999999996,0.4997829999999924,0.9445650000000231,0.8454480000000167,0.043214000000000065,0.9677530000000238,0.625801000000004,0.9815520000000252,0.6288210000000037,0.6637660000000049,0.0,0.6869720000000058,0.6261470000000035,1.0003540000000255,0.9971180000000295,0.050956
148,1.130488161006116,0.08566199999999985,0.5044989999999936,0.9464740000000229,0.8477830000000152,0.041213,0.9665750000000216,0.6226870000000063,0.9822690000000244,0.6372840000000087,0.6701860000000083,0.0,0.6890630000000099,0.6267360000000044,1.0003420000000252,0.9971850000000286,0.052628999999999954
149,1.1311845417133237,0.08251899999999991,0.5083939999999934,0.9486860000000217,0.843810000000014,0.041550999999999984,0.9679910000000205,0.6288920000000044,0.9820490000000217,0.6477490000000053,0.6711590000000067,0.0,0.692238000000008,0.6272150000000043,1.0003280000000225,0.9968140000000251,0.05164599999999999
150,1.1320634721022578,0.08314399999999979,0.5163729999999929,0.9509810000000212,0.8404440000000153,0.044648000000000014,0.9691680000000205,0.6332450000000036,0.983539000000023,0.6528210000000072,0.6698250000000089,0.0,0.6941350000000108,0.6240580000000008,1.0002750000000236,0.9971250000000261,0.051428000000000036
151,1.1330008206571844,0.08491899999999977,0.5206099999999948,0.9545820000000261,0.8380840000000216,0.047536000000000016,0.9706170000000278,0.6353150000000084,0.9836370000000271,0.6612780000000109,0.6762480000000105,0.0,0.6969970000000124,0.6212970000000073,1.0003040000000272,0.9971260000000284,0.05158199999999996
152,1.1339978613793924,0.08386499999999993,0.5254839999999945,0.9530580000000282,0.8403300000000191,0.04740700000000003,0.9728220000000285,0.6403780000000052,0.9853300000000293,0.665886000000008,0.6832390000000103,0.0,0.7000430000000117,0.6266210000000043,1.0003350000000304,0.9970320000000329,0.052209999999999944
153,1.1362976090423027,0.08413699999999984,0.5352189999999954,0.9539750000000246,0.8410540000000173,0.048041999999999974,0.9715280000000248,0.6473310000000043,0.9850350000000264,0.6782050000000102,0.6869210000000076,0.0,0.6999780000000094,0.6283880000000008,1.0003300000000273,0.9972460000000303,0.05285200000000003
154,1.137586170530987,0.08225499999999981,0.5465719999999953,0.954225000000021,0.8451740000000154,0.049756,0.9679900000000199,0.6561430000000079,0.984911000000022,0.6828740000000116,0.6908350000000093,0.0,0.704064000000012,0.6252990000000067,1.000283000000023,0.9967210000000264,0.05477199999999996
155,1.1403834949243465,0.08274099999999984,0.5507000000000007,0.95744200000002,0.8512940000000143,0.047589999999999986,0.9675150000000188,0.6574450000000127,0.9871430000000196,0.6836660000000112,0.7001770000000089,0.0,0.7110860000000099,0.6199730000000052,1.0002580000000203,0.9970680000000227,0.05757899999999993
156,1.1426517176957736,0.0831179999999999,0.5554099999999996,0.9567630000000215,0.8470360000000153,0.04789899999999995,0.9676550000000185,0.6592420000000107,0.9869880000000202,0.6812830000000103,0.7056280000000084,0.0,0.7121890000000101,0.6208960000000069,1.000256000000021,0.9971280000000249,0.05464999999999997
157,1.1450958497199473,0.08534699999999984,0.5622300000000007,0.959990000000024,0.844086000000016,0.04975099999999996,0.9661560000000229,0.6624480000000084,0.9881550000000243,0.6865620000000097,0.7136750000000116,0.0,0.7178950000000094,0.6194710000000049,1.0002510000000244,0.9969790000000252,0.05745599999999997
158,1.1464859960815337,0.08430399999999988,0.5702000000000017,0.96461900000002,0.8485440000000134,0.04839099999999998,0.9657300000000199,0.6685510000000091,0.9890770000000207,0.6946730000000088,0.7192580000000068,0.0,0.7260130000000072,0.6202100000000057,1.0002410000000208,0.9969160000000235,0.05759499999999996
159,1.1465421738953647,0.09031799999999994,0.5730900000000019,0.9639310000000181,0.8475700000000134,0.047665999999999945,0.9674370000000162,0.6693180000000092,0.9902080000000187,0.6940340000000069,0.718844000000008,0.0,0.728540000000008,0.6237510000000054,1.0002360000000186,0.9968930000000216,0.05910899999999999
160,1.1470707298375513,0.08851399999999987,0.5759710000000007,0.9685690000000167,0.8472280000000142,0.047534999999999994,0.9659840000000157,0.6684100000000097,0.991845000000018,0.7027370000000102,0.7252150000000099,0.0,0.7375010000000105,0.6174260000000042,1.000226000000019,0.9969930000000216,0.06097599999999996
161,1.1480468870286642,0.0880580000000001,0.5852759999999997,0.9697210000000199,0.8436120000000114,0.05166500000000001,0.9690300000000197,0.6746360000000075,0.9925850000000211,0.6990560000000057,0.7215180000000075,0.0,0.7393230000000057,0.6222530000000043,1.0002840000000215,0.9969340000000246,0.062247999999999956
162,1.1493878057927378,0.08776599999999993,0.5955250000000007,0.9708970000000204,0.842932000000016,0.05214499999999998,0.9694400000000192,0.6835480000000053,0.9937680000000213,0.7035120000000087,0.7237980000000083,0.0,0.7454750000000091,0.6195680000000051,1.0002280000000212,0.9969020000000234,0.06231999999999995
163,1.150080886639654,0.08531999999999985,0.600535000000002,0.9739860000000141,0.8454000000000106,0.05336200000000001,0.970811000000014,0.690533000000009,0.9924980000000153,0.7067490000000105,0.7285180000000092,0.0,0.7512850000000081,0.6112610000000062,1.0002090000000148,0.996732000000017,0.062387999999999964
164,1.1514575334609767,0.0832199999999999,0.6029760000000048,0.9729800000000186,0.8456730000000118,0.055506000000000014,0.972759000000017,0.6918020000000087,0.9941710000000195,0.7048980000000074,0.7295900000000097,0.0,0.7515580000000082,0.6146910000000035,1.0002440000000206,0.9971490000000217,0.06248199999999995
165,1.1522819770549575,0.0796589999999998,0.6102680000000027,0.97236200000002,0.8448820000000121,0.057109,0.9757660000000192,0.693363000000009,0.9947740000000204,0.7098950000000088,0.7295370000000074,0.0,0.7590310000000084,0.6125270000000025,1.00024200000002,0.9969500000000209,0.06572699999999998
166,1.1540841460670919,0.08002099999999983,0.6129270000000052,0.9719850000000168,0.846321000000012,0.05663999999999998,0.976722000000016,0.693012000000011,0.9954190000000174,0.7107190000000071,0.7310290000000066,0.0,0.7645580000000095,0.6047400000000062,1.0002310000000174,0.9968550000000197,0.06259099999999992
167,1.1549427846717852,0.07936499999999994,0.622929000000002,0.9724930000000174,0.8473600000000133,0.05662399999999996,0.9777240000000177,0.7008120000000085,0.9954660000000188,0.7177880000000104,0.7380310000000091,0.0,0.7704610000000108,0.604992000000004,1.000258000000019,0.9971750000000215,0.06707199999999992
168,1.1566775087343837,0.07986199999999986,0.6278230000000082,0.9717360000000148,0.8455950000000106,0.05452099999999996,0.9797350000000146,0.7013280000000103,0.9953580000000148,0.7197760000000092,0.7443020000000079,0.0,0.7740000000000093,0.6076700000000042,1.0002140000000148,0.9968420000000162,0.06647999999999989
169,1.1580944386825998,0.07863499999999993,0.6305520000000039,0.9721390000000159,0.8510040000000111,0.051711999999999994,0.9809720000000164,0.7018890000000064,0.9957850000000178,0.7311850000000055,0.7482410000000068,0.0,0.7810730000000076,0.6108070000000035,1.0002540000000182,0.9971120000000212,0.06667999999999998
170,1.1603932561434027,0.07457899999999988,0.6383140000000058,0.9707870000000163,0.8574240000000133,0.05274199999999999,0.9812850000000158,0.7035060000000112,0.995958000000017,0.7399780000000118,0.7549730000000111,0.0,0.7863110000000102,0.6127290000000067,1.0002280000000172,0.9968700000000196,0.06731899999999995
171,1.1619481831066536,0.07659399999999994,0.6460880000000065,0.9681390000000147,0.8518040000000129,0.05482100000000001,0.9815940000000147,0.7076150000000118,0.995815000000016,0.7380740000000099,0.7523660000000106,0.0,0.7793420000000099,0.6156910000000049,1.0002250000000155,0.996981000000019,0.07166099999999993
172,1.1623932092608,0.07887400000000001,0.6433650000000048,0.965525000000015,0.8494360000000117,0.05535599999999999,0.9807580000000141,0.7055340000000067,0.9952670000000154,0.7366140000000096,0.7559310000000082,0.0,0.7758240000000104,0.6112810000000042,1.0002000000000153,0.9971240000000171,0.07170799999999986
173,1.1631720127110214,0.0795569999999998,0.6395530000000061,0.9697400000000156,0.8506670000000113,0.052856000000000035,0.9798610000000155,0.7019250000000098,0.9957840000000162,0.7427640000000068,0.763372000000008,0.0,0.7812980000000084,0.6076250000000019,1.0001870000000164,0.9967600000000177,0.07247799999999995
174,1.1639071374230738,0.07690399999999994,0.6424540000000003,0.9728620000000132,0.8518120000000102,0.052327999999999965,0.981141000000014,0.7025480000000061,0.9966030000000152,0.7446270000000063,0.7727430000000057,0.0,0.7866830000000068,0.609726000000001,1.0002050000000153,0.9970500000000164,0.07671699999999998
175,1.1659509583564056,0.07507999999999988,0.6445290000000037,0.9751670000000163,0.8506310000000109,0.05408600000000001,0.9813490000000161,0.7072600000000062,0.9973350000000178,0.7516210000000083,0.7705740000000072,0.0,0.7890280000000085,0.6120369999999993,1.000202000000018,0.9970130000000184,0.07458199999999993
176,1.1681592694715532,0.07692699999999987,0.649788000000004,0.9764470000000193,0.8553230000000154,0.05379499999999995,0.9814140000000198,0.7141240000000105,0.9970760000000202,0.7614290000000096,0.7763950000000104,0.0,0.7929940000000114,0.6078600000000027,1.0001440000000204,0.9967430000000219,0.07513799999999995
177,1.169797028767375,0.07666399999999995,0.652429000000003,0.9767260000000166,0.8567430000000107,0.05448900000000002,0.9818780000000159,0.7190420000000071,0.9981990000000172,0.7680550000000059,0.7858040000000053,0.0,0.7960390000000068,0.6028790000000016,1.000186000000017,0.9968020000000192,0.07948800000000004
178,1.170873242033861,0.07681499999999986,0.6540410000000043,0.9780480000000151,0.8549860000000105,0.05747700000000002,0.9818490000000147,0.7248720000000066,0.9979100000000155,0.7737740000000076,0.7935290000000083,0.0,0.7976430000000079,0.5981740000000033,1.0001760000000155,0.9967190000000178,0.07745899999999988
179,1.1726389188828652,0.07635599999999987,0.6541770000000037,0.9788900000000154,0.8534180000000127,0.05782100000000001,0.983228000000016,0.7253600000000089,0.9982810000000168,0.7783500000000076,0.7980280000000084,0.0,0.7952760000000076,0.5916840000000019,1.0002140000000173,0.9967050000000186,0.08232599999999998
180,1.1742524700352668,0.07512499999999997,0.6543740000000026,0.9803820000000152,0.8505070000000103,0.06004299999999996,0.9827880000000161,0.723475000000006,0.9989720000000164,0.7763080000000063,0.797388000000007,0.0,0.7938800000000088,0.5929100000000002,1.0001730000000164,0.9968690000000179,0.07903299999999995
181,1.1776437111687468,0.07498999999999995,0.6669800000000039,0.9797420000000158,0.8539200000000098,0.060019999999999976,0.9824640000000159,0.7347790000000066,0.9987590000000169,0.7800480000000071,0.7965280000000072,0.0,0.7987850000000074,0.5953190000000025,1.000161000000017,0.9968930000000187,0.07797100000000001
182,1.1787083010836628,0.0782199999999998,0.6728850000000051,0.9820600000000126,0.8577970000000081,0.05857099999999995,0.9837000000000125,0.7351190000000084,0.9985900000000132,0.7840700000000057,0.7998090000000055,0.0,0.8005530000000057,0.5968010000000046,1.000191000000013,0.9968140000000155,0.08034999999999994
183,1.1807403941947463,0.08159699999999992,0.6755860000000045,0.9843030000000119,0.8636180000000091,0.05708600000000001,0.9850770000000122,0.7349490000000074,0.9987550000000124,0.787812000000006,0.8037590000000072,0.0,0.8050200000000052,0.583258000000005,1.0001560000000125,0.9967780000000139,0.07966999999999994
184,1.183582436323587,0.08092499999999998,0.6741850000000039,0.9856020000000124,0.85962300000001,0.05954199999999998,0.9868530000000125,0.7350780000000053,0.9989380000000128,0.7872170000000055,0.8055080000000042,0.0,0.8027200000000045,0.5853940000000013,1.0001710000000126,0.9967510000000152,0.07707199999999996
185,1.1853234860874327,0.07946699999999988,0.6832900000000047,0.9862820000000131,0.8602030000000093,0.05923800000000001,0.9859210000000123,0.7442560000000065,0.998937000000013,0.7927860000000054,0.8081710000000065,0.0,0.8054340000000056,0.5813729999999991,1.0001370000000127,0.9968580000000148,0.08125699999999997
186,1.1884835585013565,0.08217599999999996,0.6893830000000062,0.9873750000000148,0.86737200000001,0.05476199999999999,0.9866770000000143,0.7473330000000086,0.9989820000000149,0.798453000000007,0.8159820000000075,0.0,0.8130230000000065,0.5803520000000022,1.000115000000015,0.9969770000000164,0.08746499999999989
187,1.1902662838391251,0.08258499999999992,0.6880650000000044,0.9886790000000146,0.8690590000000092,0.054249000000000006,0.9891280000000141,0.747102000000007,0.999020000000015,0.803193000000008,0.8197060000000079,0.0,0.8138690000000061,0.5771540000000023,1.0001860000000151,0.9969860000000156,0.08831599999999988
188,1.1913196695003396,0.07955699999999989,0.6941130000000064,0.9881430000000154,0.8728410000000099,0.051130999999999927,0.9906360000000152,0.750718000000008,0.9984730000000162,0.8114910000000076,0.8268270000000084,0.0,0.8197460000000055,0.5789190000000054,1.0001410000000164,0.9968890000000175,0.08856299999999992
189,1.1931137969226244,0.07906300000000001,0.6980130000000031,0.9885830000000123,0.8744300000000081,0.05182600000000002,0.9902070000000116,0.7532150000000055,0.9986140000000123,0.8169970000000051,0.8302680000000064,0.0,0.8241790000000045,0.5726960000000004,1.0001340000000123,0.9968480000000135,0.09199099999999988
190,1.1944119047336905,0.08078899999999987,0.7003940000000056,0.9896500000000144,0.8747290000000109,0.050430999999999976,0.9902040000000142,0.7544370000000082,0.9988640000000149,0.8191920000000072,0.832444000000008,0.0,0.8255090000000065,0.572550000000004,1.0001310000000148,0.9969240000000164,0.09266999999999997
191,1.1973191033098292,0.08245400000000001,0.7045160000000038,0.9903940000000138,0.8782610000000087,0.04981999999999998,0.9903330000000138,0.7615140000000059,0.9989200000000145,0.8275700000000066,0.8405840000000085,0.0,0.8351450000000062,0.5662589999999982,1.0001210000000145,0.9971410000000158,0.08900799999999987
192,1.1995305516936583,0.08100899999999997,0.7102320000000031,0.991395000000013,0.8774800000000077,0.04835099999999998,0.9916430000000126,0.7669290000000049,0.9986640000000129,0.8335320000000064,0.8428830000000079,0.0,0.839228000000005,0.560956000000003,1.0001300000000128,0.9968410000000136,0.08979200000000001
193,1.199558140896363,0.07967199999999997,0.7092120000000046,0.9912980000000103,0.8802650000000076,0.046848999999999974,0.99140700000001,0.7627850000000062,0.9987430000000108,0.8355800000000063,0.8482270000000058,0.0,0.8397250000000047,0.569523000000003,1.000142000000011,0.9967970000000127,0.08724199999999993
194,1.201576997247504,0.07940899999999997,0.7162050000000056,0.991955000000011,0.882718000000007,0.04636399999999998,0.9924890000000107,0.7705720000000075,0.9993000000000113,0.840823000000005,0.8502050000000057,0.0,0.8420320000000052,0.5560709999999967,1.0001320000000111,0.9969310000000124,0.08919200000000001
195,1.2028566767495839,0.07747799999999996,0.7192150000000037,0.9918280000000071,0.882451000000007,0.050303999999999995,0.990243000000007,0.7709200000000056,0.9990250000000073,0.835322000000006,0.8512430000000056,0.0,0.8452370000000045,0.5497600000000001,1.0001580000000072,0.9968330000000087,0.08962799999999994
196,1.2049881387807928,0.08036899999999994,0.7224450000000031,0.9927590000000118,0.885715000000007,0.04914500000000002,0.9904660000000116,0.7733680000000076,0.9988450000000121,0.8376640000000057,0.8535000000000076,0.0,0.8479910000000065,0.5478659999999981,1.000113000000012,0.996689000000013,0.08953899999999991
197,1.2073077409479587,0.07784299999999983,0.7301410000000049,0.9926370000000131,0.8875660000000096,0.049149,0.9909280000000125,0.7800930000000089,0.9990370000000134,0.8386140000000077,0.8535530000000089,0.0,0.852603000000007,0.5453120000000001,1.0001240000000131,0.9968260000000152,0.09123199999999991
198,1.2082470263704308,0.0757379999999999,0.730371000000004,0.9927290000000132,0.8903150000000083,0.05161999999999998,0.9908720000000127,0.7779630000000048,0.9991360000000136,0.8409810000000063,0.8557170000000056,0.0,0.8528290000000053,0.5437810000000011,1.0001370000000134,0.9970350000000135,0.09292199999999987
199,1.2095664321232433,0.07697399999999999,0.7350400000000034,0.9935080000000065,0.8926460000000049,0.049461000000000054,0.9902680000000065,0.7825290000000055,0.998995000000007,0.8483640000000056,0.8651440000000029,0.0,0.8600680000000038,0.5480119999999998,1.0001090000000068,0.9968180000000081,0.09425199999999997
200,1.211077180596973,0.07627599999999986,0.7347920000000027,0.992368000000009,0.8949670000000058,0.04848200000000002,0.9908710000000083,0.7832090000000037,0.998503000000009,0.8516530000000034,0.8666750000000053,0.0,0.861073000000004,0.5507239999999978,1.0001050000000091,0.9967250000000097,0.0959639999999999
