,PopRatio,Diff_KC,Fibroblast,ILC3,M1,M2,Neutrophil,Prol_KC,Th0,Th1,Th17,Th2,Th22,Treg,iDC,pDC,preDiff_KC
0,1.0,0.000152,0.0,0.0,0.0,0.0,0.0,0.0,0.0,0.0,0.0,0.0,0.0,0.16431599999999993,0.0,0.0,0.0
1,0.9999970000000004,0.001145,0.0,0.0,0.0,0.0,0.0,0.0,0.0,0.0,0.0,0.0,0.0,0.125561,3.5e-05,3.7e-05,0.0
2,0.9999999999910003,0.0024159999999999997,0.0,0.0,0.0,0.0,0.0,0.0,0.0,0.0,0.0,0.0,0.0,0.12124000000000001,0.001018,0.0010270000000000001,0.0
3,1.000003999991,0.0035589999999999997,0.0,0.0,0.00010300000000000001,0.0,5.2e-05,0.0,0.0,0.0,0.0,0.0,0.0,0.13144400000000006,0.0035169999999999993,0.003507999999999999,0.0
4,1.000004999995,0.004869,0.0,0.0,0.00035800000000000003,0.0,0.000304,0.0,0.0,0.0,0.0,0.0,0.0,0.14338100000000004,0.010998999999999998,0.011018999999999998,0.0
5,1.0000110000249998,0.006456000000000001,0.0,0.0,0.0009260000000000001,0.0,0.0009309999999999999,0.0,0.0,0.0,0.0,0.0,0.0,0.16411800000000004,0.026200000000000005,0.026217000000000008,0.0
6,1.0000160000799994,0.006746999999999998,0.0,0.0,0.001651,0.0,0.0023639999999999993,0.0,0.0,0.0,0.0,0.0,0.0,0.1821970000000001,0.04494799999999999,0.04485199999999999,0.0
7,1.0000350003840013,0.0066250000000000015,0.0,0.0,0.0034960000000000017,0.0,0.004590000000000001,0.0,0.0,0.0,0.0,0.0,0.0,0.19416900000000029,0.07009399999999995,0.07001299999999994,0.0
8,1.0000540010490095,0.008948999999999999,0.0,0.0,0.005709,0.0,0.007107000000000001,0.0,0.0,0.0,0.0,0.0,0.0,0.2102539999999999,0.10270399999999981,0.10257399999999982,0.0
9,1.0000990034790578,0.010115999999999995,0.0,0.0,0.008940999999999998,0.0,0.011239999999999993,0.0,0.0,0.0,0.0,0.0,0.0,0.22922800000000018,0.139205,0.13919099999999995,0.0
10,1.0001340069441815,0.011461999999999996,0.0,0.0,0.015269999999999983,0.0,0.015498999999999988,0.0,0.0,0.0,0.0,0.0,0.0,0.23907100000000014,0.1783690000000002,0.1784190000000002,0.0
11,1.0001850137785417,0.01134099999999999,0.0,0.0,0.019467000000000005,0.0,0.022048000000000012,0.0,0.0,0.0,0.0,0.0,0.0,0.2535050000000001,0.2178980000000004,0.21780700000000042,0.0
12,1.0002490256194327,0.012477999999999998,0.0,0.0,0.026592000000000057,0.0,0.028313000000000074,0.0,6.7e-05,0.0,0.0,0.0,0.0,0.2626500000000005,0.25943099999999963,0.2593319999999998,0.0
13,1.0003580527632303,0.01460799999999999,0.0,0.0,0.03456600000000004,0.0,0.03561900000000009,0.0,0.000334,0.0,0.0,0.0,0.0,0.2754959999999989,0.3051089999999982,0.3049109999999981,0.0
14,1.0004870989520456,0.014742999999999996,0.0,0.0,0.04363299999999993,0.0,0.045636999999999976,0.0,0.000468,0.0,0.0,0.0,0.0,0.2863469999999989,0.34794899999999757,0.3477879999999976,0.0
15,1.000609158378123,0.014932999999999993,0.0,0.0,0.05552399999999997,0.0,0.05705199999999991,0.0,0.000345,0.0,0.0,0.0,0.0,0.2940939999999985,0.3970729999999961,0.3964569999999963,0.0
16,1.0007792619350608,0.016261,0.0,0.0,0.06687599999999991,0.0,0.06901199999999981,0.0,0.0005310000000000001,0.0,0.0,0.0,0.0,0.3125899999999987,0.43819499999999545,0.4373629999999958,0.0
17,1.00092437492806,0.017957000000000015,0.0,0.0,0.07654699999999962,0.0,0.08141099999999972,0.0,0.001077,0.0,0.0,0.0,0.0,0.32229099999999705,0.48699599999998966,0.48593899999998963,0.0
18,1.0011966263580656,0.017516999999999984,0.0,0.0,0.08956999999999944,0.0,0.09498099999999934,6.8e-05,0.002222,0.0,0.0,0.0,0.0,0.3347519999999954,0.5254819999999943,0.524059999999994,0.0
19,1.001513004492014,0.019575999999999986,0.0,0.0,0.10407999999999949,0.0,0.11142499999999939,6.7e-05,0.0029189999999999984,0.0,0.0,0.0,0.0,0.3529549999999966,0.5624240000000037,0.5606070000000034,0.0
20,1.001900590024773,0.017424999999999986,0.0,0.0,0.1183539999999992,0.0,0.12676899999999913,0.00013299999999999998,0.004399000000000003,0.0,0.0,0.0,0.0,0.3657269999999971,0.6042220000000121,0.6018300000000116,0.0
21,1.0023544509920854,0.018247000000000013,0.0,0.0,0.13267599999999982,0.0,0.14032800000000015,0.000134,0.005884000000000004,0.0,0.0,0.0,0.0,0.3738989999999976,0.6362190000000129,0.6325770000000126,0.0
22,1.0028646494076605,0.01968000000000001,0.0,0.0,0.14439599999999986,0.0,0.16224300000000128,5.9e-05,0.006894000000000005,0.0,0.0,0.0,0.0,0.38235299999999356,0.663432000000015,0.6601390000000152,0.0
23,1.0034302650699694,0.020874000000000028,0.0,0.0,0.16671500000000186,0.0,0.17831300000000255,6.8e-05,0.008938000000000005,0.0,0.0,0.0,0.0,0.39156499999999145,0.7010480000000245,0.6969700000000245,0.0
24,1.004119621662111,0.021096999999999998,0.0,0.0,0.1849200000000034,0.0,0.20187100000000383,8.6e-05,0.011748999999999989,0.0,0.0,0.0,0.0,0.39976299999999554,0.7331220000000268,0.7278250000000254,0.0
25,1.0048335507131518,0.021816000000000023,0.0,0.0,0.20109100000000327,0.0,0.2193560000000052,0.000243,0.012222999999999987,0.0,0.0,0.0,0.0,0.40676399999998925,0.7584310000000256,0.7517750000000246,0.0
26,1.0056364127202269,0.02105200000000001,0.0,0.0,0.21417400000000442,0.0,0.24324200000000668,3.3e-05,0.015838999999999968,0.0,0.0,0.0,0.0,0.41814399999999224,0.7815740000000246,0.7730860000000256,0.0
27,1.0063836005749118,0.020342000000000006,0.0,0.0,0.22842500000000462,0.0,0.25783600000000495,0.000222,0.018945999999999994,0.0,0.0,0.0,0.0,0.43489799999998857,0.8014610000000401,0.7937670000000395,0.0
28,1.0072792819794743,0.02152600000000001,0.0,2.4e-05,0.2462340000000055,0.0,0.27650800000000236,0.000348,0.023008000000000032,0.0,0.0,0.0,0.0,0.44278899999998594,0.8229890000000453,0.8151650000000435,0.0
29,1.0082321681802882,0.021925000000000024,0.0,9.2e-05,0.26069900000000434,0.0,0.2914410000000007,0.000431,0.02758700000000006,0.0,0.0,0.0,0.0,0.46423399999998705,0.8397450000000362,0.8312620000000344,0.0
30,1.009222252169487,0.021875000000000037,0.0,0.000334,0.2720670000000042,0.0,0.304904,0.0008140000000000002,0.032203000000000086,0.0,0.0,0.0,0.0,0.4739369999999847,0.8581990000000538,0.848830000000055,0.0
31,1.0102799170898185,0.02204500000000002,0.0,0.0008280000000000001,0.29521399999999953,0.0,0.3216869999999958,0.0009819999999999998,0.03867399999999996,0.0,0.0,0.0,0.0,0.4821119999999851,0.8724140000000539,0.8629280000000542,0.0
32,1.0112598886094555,0.023477000000000026,0.0,0.0014900000000000002,0.31564199999999715,0.0,0.34042699999999526,0.0017100000000000001,0.04932199999999997,0.0,0.0,0.0,0.0,0.4889549999999844,0.8833740000000475,0.8734190000000491,0.0
33,1.012306542594223,0.024847000000000036,0.0,0.0024050000000000005,0.3269549999999987,0.0,0.35746699999999504,0.0022420000000000005,0.05676299999999995,0.0,1e-05,0.0,4.7000000000000004e-05,0.4921759999999858,0.8951000000000375,0.8844310000000383,0.0
34,1.0135749626921347,0.02524700000000006,0.0,0.003911999999999999,0.3483699999999932,0.0,0.36845799999999235,0.003035999999999999,0.0659309999999998,0.0,0.000114,0.0,6.7e-05,0.49995299999998377,0.9062700000000524,0.895050000000051,0.0
35,1.0147355060244772,0.02577500000000005,0.0,0.005232000000000002,0.3643519999999917,0.0,0.3871059999999895,0.00401,0.07247699999999964,0.0,0.0002,0.0,0.0,0.5041719999999804,0.9160130000000589,0.9040500000000575,0.0
36,1.0158720097912883,0.02665100000000002,0.0,0.007688000000000006,0.3839369999999885,0.0,0.400198999999987,0.005563000000000003,0.08905099999999955,0.0,0.000432,0.0,6.699999999999999e-05,0.5126999999999822,0.9267370000000568,0.9139900000000573,0.0
37,1.0170250245224708,0.028726000000000033,0.0,0.009199000000000002,0.4052819999999886,0.0,0.4154879999999847,0.006999999999999999,0.10230399999999926,0.0,0.000538,0.0,0.000155,0.5138339999999856,0.9362520000000623,0.923738000000062,0.0
38,1.018162058499955,0.030697000000000117,0.0,0.012186999999999977,0.41719799999998564,0.0,0.42936199999998503,0.007676000000000007,0.11713299999999907,0.0,0.000334,0.0,6.6e-05,0.5183889999999858,0.9447630000000578,0.9317050000000564,0.0
39,1.019312581626123,0.03181400000000004,0.0,0.016389999999999984,0.43511499999998193,0.0,0.447346999999981,0.009942999999999992,0.13264800000000015,5.6e-05,0.0005989999999999999,0.0,9.7e-05,0.5157399999999851,0.9550540000000584,0.942488000000058,5.2e-05
40,1.0204970228460344,0.03545100000000002,0.0,0.02060400000000002,0.4506809999999848,0.0,0.4596779999999812,0.010597999999999996,0.13839899999999994,0.0,0.0005380000000000001,0.0,0.0002,0.5154149999999855,0.9634700000000642,0.9515460000000641,0.0
41,1.0216889633687853,0.036659000000000094,0.0,0.022937000000000027,0.46582199999998086,0.0,0.4743539999999785,0.01203899999999999,0.15030600000000086,0.000134,0.000772,0.0,0.00043400000000000003,0.519752999999985,0.9683830000000586,0.9578700000000583,0.0
42,1.022820994740259,0.03673600000000006,0.0,0.029150000000000093,0.48618099999998154,0.0,0.4778959999999781,0.011784999999999993,0.16694000000000198,6.7e-05,0.0010010000000000002,0.0,0.001089,0.5250069999999871,0.9710210000000558,0.9614350000000574,6.7e-05
43,1.0239737140013925,0.03735000000000004,3e-06,0.038153999999999993,0.5020569999999811,0.0,0.49111599999997746,0.013339999999999992,0.1851490000000029,0.000572,0.000893,0.0,0.0018199999999999998,0.5284619999999851,0.9742160000000564,0.9647380000000569,0.0
44,1.025078581638859,0.035561000000000016,0.0,0.049308999999999895,0.5161619999999827,0.0,0.5061059999999782,0.01546399999999998,0.19677200000000372,0.000765,0.001547,0.0,0.0016760000000000002,0.5309679999999869,0.9760460000000608,0.9678460000000639,3.7e-05
45,1.0263691555732073,0.037446000000000056,0.0,0.06445299999999973,0.5295019999999793,0.0,0.518564999999979,0.017221,0.20872500000000443,0.000875,0.002367000000000001,0.0,0.002241000000000001,0.5376289999999827,0.9781750000000611,0.9702290000000633,0.000266
46,1.027480713368758,0.03840399999999994,0.0,0.07628299999999959,0.5426369999999886,0.0,0.5342809999999808,0.01847699999999999,0.21920600000000467,0.0009050000000000001,0.003377000000000001,0.0,0.0031020000000000015,0.5400289999999864,0.9815840000000592,0.9739900000000613,0.00017700000000000002
47,1.0285801177321243,0.039611999999999994,0.0,0.09108799999999946,0.5495929999999881,0.0,0.5520949999999889,0.024035000000000032,0.23309400000000438,0.0016490000000000003,0.0037199999999999993,0.0,0.003424,0.5492849999999928,0.9820050000000625,0.974307000000064,0.000468
48,1.0296745269774572,0.04125699999999995,0.0,0.10576999999999935,0.5633599999999912,0.0,0.5671609999999919,0.026125000000000065,0.2453640000000051,0.0017339999999999999,0.0041080000000000005,0.0,0.004350000000000001,0.5550999999999924,0.9849880000000567,0.9775240000000597,0.000679
49,1.030808198631718,0.03952299999999999,6.6e-05,0.12264099999999922,0.5838439999999984,6.7e-05,0.5851439999999947,0.02918600000000007,0.2655120000000026,0.002657,0.005546000000000003,0.0,0.005684000000000005,0.5593589999999956,0.9881620000000577,0.9802780000000606,0.000665
50,1.0318843623911487,0.04225899999999999,0.0,0.136764,0.5945510000000026,0.0,0.6072610000000009,0.03484400000000005,0.28970899999999916,0.0041620000000000025,0.007166000000000005,0.0,0.006183000000000002,0.5660039999999967,0.9901590000000633,0.9833230000000647,0.0006660000000000001
51,1.0329523627062893,0.042275999999999994,0.0,0.1504670000000006,0.6058410000000041,0.0,0.6126610000000021,0.03522300000000004,0.309429999999996,0.004043000000000001,0.008234000000000002,0.0,0.008108000000000002,0.5764579999999957,0.9924050000000614,0.985817000000064,0.000642
52,1.0341195988762109,0.044968999999999974,0.0,0.16751200000000158,0.6174720000000012,0.0,0.6283600000000017,0.037763,0.3234539999999947,0.005865000000000002,0.009461999999999998,0.0,0.010052999999999996,0.5816379999999979,0.9930020000000566,0.9863320000000595,0.000519
53,1.0352250727274688,0.04435500000000003,9.1e-05,0.1856640000000028,0.6229750000000075,8e-06,0.6371810000000073,0.04115799999999995,0.3384029999999944,0.006990000000000005,0.012270999999999989,0.0,0.012025999999999997,0.5858870000000023,0.9939200000000611,0.9874810000000649,0.000517
54,1.036254086449823,0.045584999999999966,0.000199,0.2079310000000042,0.6414740000000135,6.7e-05,0.6467810000000098,0.04581799999999995,0.35158799999999146,0.00791900000000001,0.015761999999999977,0.0,0.014854999999999981,0.588820000000001,0.9956780000000641,0.9889300000000664,0.00040100000000000004
55,1.0373400807324893,0.045930999999999944,0.0005080000000000001,0.23325800000000463,0.6426240000000131,6.7e-05,0.6573620000000127,0.04862699999999991,0.3673479999999904,0.009728999999999996,0.018299,0.0,0.016663999999999995,0.5889840000000002,0.9964680000000646,0.9906580000000651,0.000468
56,1.0383141430683642,0.04658999999999994,0.000469,0.25451100000000515,0.653919000000007,0.000156,0.6757440000000118,0.05387499999999994,0.37731299999998974,0.01056999999999999,0.020404000000000026,0.0,0.01947099999999998,0.5917020000000005,0.9967190000000553,0.9909090000000578,0.0006469999999999998
57,1.0392787369073322,0.04652599999999989,0.0008,0.272049000000003,0.6658590000000109,0.00013299999999999998,0.6914410000000117,0.05665899999999987,0.3970199999999879,0.013475999999999986,0.02284900000000003,0.0,0.02108800000000001,0.5918489999999974,0.9964930000000561,0.9896320000000592,0.0006710000000000002
58,1.0403855687621972,0.04691499999999987,0.0009149999999999999,0.28789599999999926,0.6764530000000086,0.000333,0.701128000000014,0.06163999999999987,0.41200799999998816,0.016430999999999984,0.024128000000000035,0.0,0.022353000000000033,0.5971789999999975,0.9975920000000527,0.9913980000000546,0.0005990000000000001
59,1.0413926619928144,0.048886999999999875,0.0012369999999999998,0.3115969999999969,0.685241000000013,0.000521,0.7178100000000173,0.07118399999999976,0.4259239999999836,0.01901999999999998,0.026999000000000033,0.0,0.02574300000000001,0.6044590000000043,0.998254000000062,0.991613000000065,0.000632
60,1.0424673792200554,0.050323999999999876,0.000869,0.3315659999999936,0.6966970000000154,0.000428,0.7178510000000199,0.07665999999999953,0.4405779999999834,0.023033000000000026,0.031004000000000063,0.0,0.028307000000000054,0.6052720000000017,0.9995310000000561,0.9933220000000578,0.0006240000000000001
61,1.0435484178923649,0.048836000000000004,0.0015809999999999997,0.3549759999999925,0.7114680000000151,0.000439,0.7248970000000188,0.08220699999999959,0.46222799999998243,0.02676900000000004,0.032375000000000084,0.0,0.03463400000000005,0.603356,1.0001720000000556,0.9940810000000586,0.00046499999999999997
62,1.0444698711454214,0.04884299999999993,0.002341,0.3768129999999903,0.7223100000000173,0.000496,0.7341340000000177,0.08692299999999961,0.47989699999998137,0.029626000000000083,0.03908799999999999,0.0,0.04069600000000001,0.6103650000000027,1.0002290000000524,0.9950440000000546,0.000544
63,1.0454788290410024,0.0523369999999999,0.0023320000000000003,0.3946429999999876,0.7275750000000214,0.000335,0.7387480000000242,0.09337099999999961,0.4947529999999801,0.03269900000000006,0.043780999999999945,0.0,0.045062999999999985,0.612850000000004,1.0003790000000585,0.9951100000000613,0.001057
64,1.0464992163782079,0.050067999999999904,0.003983000000000001,0.41394899999998624,0.7334100000000209,0.0006060000000000001,0.7531580000000229,0.10477399999999953,0.5097909999999838,0.03603500000000006,0.049984999999999946,0.0,0.04581499999999995,0.6111060000000034,1.0007410000000534,0.9956470000000577,0.000952
65,1.0475886220625135,0.04867799999999993,0.005529000000000001,0.4265299999999851,0.7407220000000203,0.000538,0.7605070000000274,0.10558999999999948,0.5155179999999835,0.03959599999999992,0.052533999999999845,0.0,0.04705700000000003,0.6129180000000045,1.000727000000058,0.995751000000061,0.0008869999999999999
66,1.0484675489164847,0.04692399999999992,0.0056710000000000016,0.4431429999999853,0.7428510000000225,0.0007890000000000001,0.7642650000000271,0.11303699999999946,0.5257869999999889,0.04306999999999997,0.05737299999999981,0.0,0.049506999999999905,0.6145320000000043,1.00074600000005,0.9963210000000534,0.0006450000000000001
67,1.0496040877395627,0.049107000000000005,0.006630000000000004,0.4594039999999857,0.7493550000000194,0.00048300000000000003,0.7697420000000209,0.12074499999999923,0.5380459999999897,0.04646400000000001,0.06470199999999984,0.0,0.05467899999999986,0.617879000000006,1.0007460000000437,0.9961740000000477,0.000875
68,1.0502233541513746,0.05161899999999993,0.0068580000000000065,0.4777769999999804,0.7586280000000213,0.001314,0.7844780000000248,0.13054499999999952,0.5614759999999928,0.05153999999999997,0.07152499999999976,0.0,0.05944399999999989,0.6155910000000028,1.000748000000052,0.9961380000000531,0.000603
69,1.0512693766121637,0.050523999999999854,0.007504000000000008,0.4964839999999814,0.7610770000000215,0.0018729999999999999,0.7895760000000269,0.13540600000000005,0.5737359999999975,0.055807999999999934,0.07975299999999964,0.0,0.06422599999999985,0.6165890000000044,1.0007930000000462,0.9965230000000518,0.000851
70,1.052194493663631,0.0529139999999999,0.007511000000000004,0.5013009999999798,0.761602000000023,0.002546000000000001,0.79490000000003,0.1423550000000001,0.5875360000000003,0.05999099999999985,0.08768799999999956,0.0,0.0703649999999998,0.6134930000000012,1.0007450000000517,0.9965830000000573,0.001265
71,1.0531719823482983,0.05177199999999987,0.008778999999999999,0.5189589999999877,0.7632370000000173,0.002745000000000001,0.8054400000000254,0.14692100000000125,0.5937749999999966,0.06550599999999983,0.09317299999999977,0.0,0.07586399999999972,0.6081550000000038,1.000746000000047,0.9968620000000505,0.001422
72,1.0538723417166096,0.05141099999999985,0.009879999999999998,0.5279519999999861,0.763360000000025,0.00253,0.8099490000000295,0.15407500000000124,0.6074320000000006,0.06919999999999982,0.10073399999999932,0.0,0.08345299999999953,0.6187060000000015,1.0007670000000533,0.9967920000000575,0.0017149999999999997
73,1.054596352015425,0.05214499999999985,0.009958999999999992,0.5326809999999887,0.7599760000000232,0.003469,0.8088540000000294,0.15434800000000057,0.6167900000000052,0.07165499999999969,0.10166999999999932,0.0,0.0896909999999998,0.6255840000000037,1.0007620000000514,0.9966180000000545,0.0020059999999999995
74,1.0552301644230404,0.05182599999999996,0.01127799999999999,0.5484169999999929,0.7655990000000282,0.004634,0.8178610000000343,0.15870900000000096,0.6213640000000065,0.07922699999999973,0.11130299999999933,0.0,0.09785799999999943,0.6272060000000058,1.0007360000000531,0.9970700000000555,0.001776
75,1.0560363602687155,0.05235299999999988,0.012733999999999985,0.563603999999995,0.7699510000000207,0.005495,0.8189570000000307,0.16220500000000143,0.6314690000000064,0.08323999999999968,0.12207399999999942,0.0,0.10491499999999948,0.630496000000006,1.0007310000000444,0.9970180000000484,0.002505000000000001
76,1.0565358654671697,0.054086999999999955,0.013636999999999979,0.5716689999999954,0.7707730000000227,0.005877000000000002,0.8223330000000288,0.16866800000000226,0.6442970000000097,0.08534299999999964,0.12466999999999939,0.0,0.11222799999999951,0.6317320000000055,1.0006960000000429,0.9970110000000468,0.003402000000000001
77,1.0578544222273172,0.0590579999999999,0.012779999999999998,0.5844699999999964,0.7685920000000237,0.006566000000000007,0.8241060000000282,0.1672910000000019,0.6471960000000052,0.08880499999999956,0.12655699999999925,0.0,0.11781299999999931,0.6410530000000061,1.0007250000000467,0.9973420000000507,0.002903
78,1.0589672850795495,0.06141499999999977,0.016899999999999995,0.5937160000000018,0.767991000000021,0.007662000000000008,0.8337910000000274,0.17592700000000208,0.6619180000000108,0.09261099999999957,0.1363110000000003,0.0,0.12161399999999928,0.6364160000000059,1.0006910000000477,0.9971550000000506,0.0035540000000000003
79,1.059881173846624,0.06300199999999988,0.019073000000000014,0.606720000000001,0.7664900000000221,0.010353999999999997,0.8340610000000279,0.18343800000000302,0.672006000000011,0.09395699999999953,0.1446600000000007,0.0,0.1293899999999997,0.6385650000000104,1.0007020000000473,0.9972630000000517,0.003463000000000001
80,1.060398395859511,0.060412999999999877,0.022102000000000017,0.6124640000000059,0.7674460000000215,0.011633999999999992,0.8419020000000311,0.18796300000000335,0.6792830000000122,0.09583699999999937,0.15398900000000118,0.0,0.13393499999999994,0.6397820000000076,1.0006690000000487,0.9972120000000526,0.0036310000000000014
81,1.0614566734586304,0.06206199999999982,0.02505900000000003,0.6225600000000034,0.7641720000000201,0.013032999999999994,0.8498420000000314,0.1971950000000028,0.6910080000000097,0.10127399999999957,0.1622500000000012,0.0,0.14021300000000012,0.6373410000000074,1.0006150000000438,0.9973420000000474,0.004664000000000001
82,1.062043658999099,0.06761999999999975,0.029147000000000086,0.63591500000001,0.7690060000000238,0.013095999999999995,0.8575760000000323,0.20545900000000303,0.6960570000000165,0.1064159999999995,0.17168800000000198,0.0,0.1484890000000012,0.638467000000013,1.000633000000048,0.9973280000000524,0.005605000000000003
83,1.0628646187475563,0.06665599999999988,0.03322300000000004,0.6482950000000103,0.7715430000000194,0.014205999999999976,0.8601320000000299,0.21082000000000367,0.7108120000000164,0.11828399999999936,0.1851030000000027,0.0,0.15817700000000173,0.6430500000000104,1.0006880000000473,0.997286000000052,0.007926000000000006
84,1.0631080147452996,0.0683359999999998,0.033657000000000055,0.6609960000000102,0.7635890000000232,0.016653,0.8676090000000314,0.21344700000000388,0.7171360000000154,0.13145700000000016,0.1899630000000024,0.0,0.16610600000000156,0.6393210000000042,1.000629000000038,0.9973910000000415,0.008204000000000008
85,1.0638011611709537,0.06577299999999989,0.03988699999999999,0.665736000000013,0.7621400000000242,0.017905000000000018,0.8691190000000353,0.2182530000000037,0.7267910000000168,0.13641300000000026,0.19621200000000324,0.0,0.17500600000000213,0.643859000000011,1.0006790000000474,0.9975110000000516,0.009312999999999998
86,1.0647734754323144,0.06438799999999985,0.045294999999999905,0.6706670000000167,0.772296000000024,0.017565000000000008,0.874179000000033,0.22223200000000382,0.7362890000000194,0.14469000000000068,0.20623800000000306,0.0,0.18016400000000202,0.6452470000000113,1.0005960000000451,0.9971870000000491,0.010220999999999987
87,1.0654261815728023,0.06883099999999988,0.04675699999999995,0.6783970000000158,0.7743260000000202,0.020147000000000036,0.8794130000000285,0.22346900000000372,0.7456530000000203,0.15104100000000087,0.21085100000000326,0.0,0.19024100000000288,0.6425220000000113,1.0006010000000407,0.9974160000000445,0.01080399999999999
88,1.066294503910827,0.0700579999999998,0.04769600000000002,0.6879560000000092,0.7703250000000179,0.02103700000000004,0.8788870000000293,0.2238020000000037,0.7508220000000186,0.15626600000000093,0.21794000000000327,0.0,0.20220300000000302,0.6420900000000115,1.0006040000000427,0.9972780000000445,0.011346999999999986
89,1.0669118884286362,0.07250799999999989,0.050105999999999956,0.6978050000000192,0.7669940000000252,0.022796000000000028,0.8832280000000384,0.23659300000000444,0.7597820000000244,0.16561300000000206,0.22687900000000424,0.0,0.20766600000000324,0.6496690000000123,1.0005410000000428,0.9973270000000454,0.011753999999999994
90,1.0674698833463299,0.07024099999999976,0.052153999999999916,0.7024330000000173,0.7608240000000175,0.02422200000000007,0.8866850000000318,0.23692500000000435,0.7737370000000242,0.1736720000000018,0.2377370000000038,0.0,0.2151040000000034,0.6532760000000136,1.0005590000000402,0.9971760000000439,0.010877999999999997
91,1.0680527219026794,0.06965799999999993,0.057426999999999916,0.7145130000000155,0.7550280000000177,0.026251000000000024,0.893624000000031,0.24742400000000495,0.7834490000000269,0.18692500000000276,0.2431490000000038,0.0,0.22680500000000392,0.6506730000000102,1.0005830000000406,0.9973310000000443,0.012924999999999987
92,1.069198742473325,0.07121899999999988,0.061084999999999924,0.7156730000000182,0.757998000000016,0.026324000000000014,0.8920630000000288,0.2524220000000047,0.7918080000000259,0.19420300000000296,0.24979800000000538,0.0,0.2336560000000041,0.652302000000003,1.0005710000000392,0.9974630000000427,0.013803999999999992
93,1.0698263621351982,0.07237499999999986,0.06440699999999981,0.7221160000000174,0.7586190000000194,0.02512500000000003,0.8927910000000314,0.2576540000000045,0.7918770000000205,0.19979400000000294,0.26150000000000345,0.0,0.24117700000000475,0.6514880000000093,1.0005950000000416,0.9973120000000453,0.013606999999999973
94,1.070574170762375,0.06965199999999992,0.06689799999999989,0.7294570000000268,0.7578850000000259,0.024580000000000043,0.8929440000000373,0.2656800000000009,0.7983450000000301,0.21127400000000346,0.2690820000000013,0.0,0.25082300000000424,0.6558520000000149,1.0006260000000449,0.997530000000046,0.01402099999999998
95,1.0718320954130691,0.0715049999999998,0.0710949999999998,0.7389060000000196,0.7636040000000215,0.02437600000000003,0.8947290000000323,0.27662200000000026,0.8003170000000286,0.21724400000000382,0.2794009999999997,0.0,0.2584730000000031,0.6592670000000108,1.0005510000000408,0.9970860000000434,0.013955999999999982
96,1.072301557870903,0.07100099999999981,0.07594299999999977,0.7466130000000218,0.7586990000000257,0.02588200000000005,0.8932560000000358,0.2803609999999981,0.8065460000000327,0.22171200000000313,0.28507299999999786,0.0,0.2647520000000005,0.6603300000000105,1.0006130000000446,0.9972460000000474,0.015182999999999988
97,1.0729041913464739,0.07354099999999983,0.08093199999999973,0.7512290000000212,0.7588980000000222,0.026561000000000026,0.8988190000000305,0.2914289999999988,0.8098330000000269,0.22996400000000314,0.2971169999999978,0.0,0.26952200000000065,0.6635370000000106,1.000541000000043,0.9971450000000462,0.015099999999999968
98,1.0740082097594157,0.07954399999999977,0.09006499999999952,0.7647690000000201,0.7564960000000175,0.026789000000000025,0.9048800000000333,0.29464799999999813,0.8190260000000279,0.23769900000000438,0.3080219999999948,0.0,0.28781799999999824,0.6651140000000111,1.0005880000000404,0.9974710000000455,0.015309999999999987
99,1.0748641943026376,0.07884799999999981,0.09532499999999978,0.77010500000002,0.7578800000000184,0.026196000000000004,0.9046730000000236,0.2941749999999965,0.8306730000000234,0.2480700000000036,0.32335599999999415,0.0,0.3000129999999967,0.6608580000000119,1.0005730000000324,0.9973440000000358,0.013776999999999984
100,1.0755521073870258,0.07779699999999969,0.09907099999999948,0.7795750000000244,0.7558800000000204,0.025601000000000033,0.9071830000000259,0.29758099999999843,0.835024000000022,0.25924800000000164,0.32867899999999445,0.0,0.31145299999999587,0.6542640000000117,1.0005140000000368,0.9974780000000412,0.013333999999999997
101,1.0761576432235238,0.07708499999999985,0.10469799999999965,0.7836280000000221,0.7573990000000189,0.025945000000000055,0.9134300000000326,0.3055399999999972,0.840979000000027,0.26833200000000074,0.3399309999999933,0.0,0.3166949999999944,0.6512040000000101,1.0005720000000367,0.9973730000000386,0.013539999999999984
102,1.0769852084512022,0.07676599999999982,0.11106099999999941,0.7857310000000224,0.759359000000019,0.02598400000000003,0.9147920000000365,0.3075229999999956,0.8449250000000336,0.26943700000000015,0.34806199999999193,0.0,0.3134609999999936,0.6535410000000137,1.0005760000000474,0.9973690000000506,0.014448999999999988
103,1.0772404539456564,0.07530999999999978,0.11768299999999943,0.7935180000000273,0.7619790000000224,0.02394400000000004,0.9213700000000327,0.31704499999999736,0.856610000000029,0.2789009999999994,0.3635019999999918,0.0,0.33003199999999444,0.6549560000000124,1.0005400000000375,0.997161000000041,0.015142999999999985
104,1.0780688518547812,0.07927,0.11997399999999935,0.8009080000000228,0.7635820000000186,0.02427800000000001,0.9211030000000343,0.31859599999999483,0.856862000000029,0.28453299999999887,0.3696949999999903,0.0,0.3360489999999936,0.6586050000000092,1.0005490000000448,0.9972270000000484,0.015543999999999971
105,1.0788062509494973,0.08054599999999969,0.12655499999999967,0.8086700000000182,0.7649530000000143,0.024126000000000036,0.9241790000000264,0.3294409999999952,0.8600750000000241,0.29046699999999825,0.3775409999999921,0.0,0.34134199999999437,0.6554600000000075,1.0005180000000353,0.9971190000000398,0.01841
106,1.0794459830563483,0.08240599999999976,0.13613700000000026,0.8123190000000267,0.7673320000000212,0.022820000000000007,0.9261540000000336,0.34193999999999464,0.86706500000003,0.30242799999999753,0.38245899999999056,0.0,0.3536399999999926,0.6550060000000061,1.0005410000000392,0.9971030000000424,0.021110000000000007
107,1.0806128641640735,0.0861739999999999,0.1435580000000005,0.8181580000000257,0.7636700000000213,0.02444700000000003,0.9291080000000309,0.3493489999999938,0.8710930000000289,0.3141969999999958,0.3896809999999891,0.0,0.3579419999999911,0.6524430000000102,1.0004890000000366,0.9970340000000402,0.022729000000000027
108,1.0814049533935441,0.08868499999999971,0.14821600000000032,0.8174490000000212,0.7630100000000168,0.025128000000000022,0.9309300000000252,0.3496939999999934,0.8750390000000241,0.3219389999999949,0.39686499999999075,0.0,0.3645679999999931,0.6570500000000045,1.0004900000000314,0.9968790000000359,0.02190000000000002
109,1.0830703170218032,0.08560399999999975,0.15427500000000113,0.820079000000021,0.7627810000000138,0.02695100000000005,0.931140000000029,0.35551199999999106,0.8779470000000277,0.32885299999999423,0.39317399999999036,0.0,0.37239299999999237,0.6547680000000075,1.0005060000000363,0.9973030000000379,0.022481000000000008
110,1.083818718610904,0.08531699999999968,0.16539700000000168,0.8264440000000263,0.7579880000000183,0.029662000000000063,0.9361320000000296,0.36456399999999034,0.8803070000000306,0.3336039999999928,0.3977989999999913,0.0,0.37797299999999123,0.6557350000000106,1.000463000000036,0.997068000000039,0.02461900000000003
111,1.0847096175976412,0.08778199999999978,0.1689730000000018,0.8357570000000275,0.7596840000000207,0.029965000000000065,0.9369490000000341,0.36929499999999,0.8845000000000302,0.3481209999999918,0.4122329999999891,0.0,0.3870309999999907,0.655464000000012,1.000486000000041,0.9971390000000445,0.025647000000000034
112,1.0855274886493533,0.08828399999999964,0.17470100000000172,0.8398130000000271,0.7587880000000157,0.029544000000000046,0.9385460000000317,0.37658399999999065,0.892480000000029,0.3602719999999919,0.42100299999998886,0.0,0.4041319999999894,0.6615680000000116,1.00054300000004,0.9972060000000452,0.02576400000000003
113,1.0866542661826135,0.08638399999999967,0.18137200000000167,0.8464970000000309,0.7585470000000203,0.02748800000000003,0.9406900000000361,0.3853849999999914,0.8954830000000338,0.37184899999999194,0.42397299999998805,0.0,0.41337699999998956,0.6619010000000087,1.0005510000000384,0.997423000000043,0.028443000000000045
114,1.087650728144744,0.08616199999999985,0.18844000000000194,0.8520350000000264,0.7595960000000114,0.029712000000000047,0.9422550000000275,0.39230399999998894,0.8995860000000272,0.3793239999999915,0.4267409999999877,0.0,0.4228399999999881,0.6645090000000071,1.0004870000000332,0.9970000000000379,0.030163000000000058
115,1.0888177773760792,0.09002199999999978,0.18982800000000313,0.8557310000000355,0.7581130000000236,0.029409000000000022,0.9444340000000385,0.39582699999998733,0.9082710000000388,0.38576799999999056,0.4323849999999874,0.0,0.4335639999999868,0.6690060000000151,1.0005420000000471,0.9971410000000496,0.03267500000000004
116,1.088889639349437,0.09218099999999983,0.1939390000000027,0.8553980000000225,0.7561990000000183,0.032254000000000026,0.9444860000000281,0.397165999999989,0.9082060000000269,0.38849399999998996,0.44351099999998794,0.0,0.4358599999999895,0.6734540000000089,1.0005290000000333,0.9970580000000366,0.034133000000000024
117,1.09035201813512,0.0916229999999997,0.20084900000000255,0.8592650000000246,0.7543140000000172,0.03193500000000002,0.9431070000000307,0.40144399999998787,0.9160820000000298,0.39632199999999124,0.4533719999999881,0.0,0.44633599999998896,0.6651230000000125,1.0005150000000336,0.9972110000000388,0.035276999999999996
118,1.091143613700322,0.09406399999999969,0.2115750000000022,0.8592310000000262,0.7580420000000151,0.03225200000000003,0.945592000000029,0.4063709999999894,0.9186080000000295,0.4049859999999893,0.4694479999999879,0.0,0.45570599999998807,0.6600800000000102,1.0005300000000337,0.9971930000000393,0.03514000000000002
119,1.0921180049473935,0.09678799999999975,0.21437700000000323,0.8629780000000261,0.7580040000000171,0.03134400000000001,0.9490080000000272,0.41177799999998616,0.919374000000029,0.4159969999999891,0.4688189999999871,0.0,0.4569019999999881,0.6605120000000091,1.0005010000000318,0.9973260000000369,0.037344999999999996
120,1.0920295433890277,0.09561699999999965,0.22285900000000264,0.8652060000000282,0.7615030000000178,0.03253200000000001,0.951995000000033,0.41844999999998767,0.919323000000032,0.42747799999998887,0.4727779999999867,0.0,0.4639499999999897,0.6621430000000084,1.000471000000039,0.9971480000000416,0.03985
121,1.0932449722708615,0.09597999999999966,0.22682300000000355,0.868195000000029,0.7621260000000191,0.03295500000000006,0.9503370000000307,0.4226849999999875,0.9195020000000308,0.4328099999999878,0.47945099999998475,0.0,0.4679429999999863,0.6592000000000084,1.0004600000000339,0.997279000000038,0.03759900000000003
122,1.0941370601682703,0.09440599999999987,0.23123200000000224,0.8715130000000262,0.7612270000000187,0.03603200000000001,0.951405000000033,0.4229029999999901,0.9185440000000312,0.4392019999999901,0.4810869999999891,0.0,0.4696919999999891,0.6609380000000079,1.000451000000038,0.9973110000000392,0.03900600000000003
123,1.0946480221754094,0.09682499999999958,0.23665400000000308,0.8718020000000289,0.7612590000000211,0.03881199999999994,0.952889000000032,0.4289919999999879,0.9185220000000301,0.4455209999999884,0.48240799999998696,0.0,0.48182099999998806,0.6613420000000113,1.0004420000000367,0.9970240000000398,0.039769000000000006
124,1.0961236077093413,0.09633799999999981,0.24252800000000274,0.8731220000000242,0.7643540000000153,0.03937099999999999,0.953298000000027,0.4364889999999895,0.9266220000000257,0.4555439999999896,0.4886149999999888,0.0,0.49211699999998987,0.6542070000000065,1.0004870000000308,0.9969840000000366,0.040726999999999965
125,1.0975102040731273,0.09322499999999977,0.24161000000000232,0.8746620000000279,0.7692640000000183,0.039639000000000056,0.9554150000000282,0.4337029999999911,0.9282760000000295,0.4637839999999906,0.4924379999999897,0.0,0.4968609999999894,0.6588830000000102,1.0004850000000343,0.9972180000000361,0.04323099999999999
126,1.0984672329711158,0.09678599999999966,0.2440860000000027,0.8806870000000279,0.7727690000000206,0.038543999999999974,0.9562540000000289,0.4378749999999885,0.9331120000000304,0.4719629999999891,0.4975069999999882,0.0,0.5010659999999877,0.6579020000000091,1.0004510000000322,0.997056000000035,0.041734999999999994
127,1.1002786054383198,0.09385099999999978,0.25322500000000253,0.8774530000000266,0.7708120000000178,0.03929500000000004,0.9593060000000299,0.4462969999999882,0.9360680000000292,0.4763609999999884,0.504709999999989,0.0,0.5038289999999891,0.6557310000000078,1.0003910000000333,0.9968930000000363,0.04439599999999993
128,1.1012479508897468,0.09366199999999966,0.2629420000000004,0.8783600000000285,0.7642500000000192,0.040563000000000016,0.9600540000000343,0.45580199999998877,0.9353980000000325,0.47846499999998804,0.50826799999999,0.0,0.49977199999998634,0.6592820000000099,1.0003800000000376,0.9972520000000394,0.04786199999999993
129,1.1023128576582981,0.10047199999999973,0.2725749999999996,0.8819270000000294,0.7625670000000172,0.04206300000000003,0.9610090000000346,0.46092999999999035,0.9359420000000337,0.47972499999998713,0.5176909999999898,0.0,0.5078609999999876,0.6634100000000065,1.000413000000039,0.997150000000042,0.04792299999999998
130,1.1033721803145498,0.09962599999999983,0.2834999999999994,0.8832840000000207,0.767944000000012,0.042526000000000015,0.9600760000000221,0.467976999999987,0.9325820000000246,0.4838819999999896,0.5201999999999922,0.0,0.5102649999999902,0.6574740000000068,1.000408000000025,0.9969610000000286,0.045753999999999996
131,1.1047061572805772,0.09987199999999971,0.28641699999999937,0.8852680000000301,0.7735710000000203,0.042641000000000005,0.9604910000000342,0.47131399999998885,0.9361400000000346,0.4876959999999868,0.5233629999999944,0.0,0.5142829999999915,0.6504880000000058,1.000418000000036,0.9971380000000405,0.04704300000000001
132,1.1064228706490296,0.1011459999999996,0.2941819999999981,0.8856380000000237,0.7748050000000167,0.04313600000000002,0.9626200000000268,0.4737409999999879,0.9383390000000268,0.497004999999989,0.5287429999999935,0.0,0.5170649999999922,0.6533520000000089,1.000405000000029,0.9972120000000317,0.047575999999999924
133,1.107286986911038,0.10289199999999983,0.3018859999999984,0.8895680000000282,0.78085200000002,0.04475299999999993,0.9651540000000327,0.474954999999987,0.941705000000033,0.5036269999999884,0.5346679999999941,0.0,0.5289479999999928,0.6503100000000082,1.0004290000000364,0.99705800000004,0.047199999999999985
134,1.1081074865683789,0.10449999999999968,0.3100469999999957,0.8924540000000274,0.7769830000000167,0.04755599999999998,0.9650910000000306,0.48359699999998706,0.9430320000000317,0.504135999999988,0.5348269999999905,0.0,0.5308159999999917,0.65152800000001,1.0004490000000363,0.9973500000000385,0.04878599999999996
135,1.1094737830993577,0.1000069999999997,0.3193429999999968,0.8914290000000223,0.7857200000000156,0.046481999999999975,0.9676190000000257,0.49748999999998866,0.9392560000000264,0.509394999999991,0.5427029999999965,0.0,0.5291659999999934,0.6479580000000101,1.0004120000000276,0.9973010000000309,0.04996099999999992
136,1.1101605473711262,0.10123999999999962,0.32790599999999537,0.8939690000000274,0.7894240000000193,0.04773399999999995,0.97188000000003,0.5041549999999863,0.9449630000000299,0.5168439999999911,0.5510359999999981,0.0,0.5378099999999948,0.6438730000000077,1.000405000000034,0.9970920000000366,0.051406999999999904
137,1.1113972662209348,0.09938499999999977,0.3349949999999975,0.8949060000000245,0.7933440000000147,0.04718300000000001,0.9757520000000248,0.5077739999999878,0.9503080000000238,0.5290399999999948,0.557068999999996,0.0,0.5501009999999954,0.6421330000000046,1.0004060000000268,0.9969910000000292,0.05563299999999993
138,1.113265525025482,0.09818799999999972,0.3467769999999946,0.8979720000000238,0.7978890000000178,0.04946099999999999,0.9763430000000278,0.5165489999999923,0.9477390000000269,0.5345519999999964,0.5604530000000001,0.0,0.5498039999999997,0.6410240000000053,1.0003650000000286,0.9969170000000317,0.05814999999999996
139,1.1143398262571622,0.09736999999999965,0.3527029999999953,0.899659000000023,0.7986320000000166,0.048262999999999986,0.9773470000000267,0.5173009999999882,0.9497840000000247,0.5345369999999962,0.5664459999999978,0.0,0.5465149999999972,0.6355530000000027,1.0004070000000296,0.9972960000000328,0.06009899999999992
140,1.1151911818844549,0.09240299999999987,0.35922899999999386,0.901925000000022,0.7975140000000162,0.04602100000000003,0.9759880000000241,0.5239409999999922,0.9502800000000243,0.5322159999999923,0.5712129999999985,0.0,0.5577279999999966,0.6299490000000053,1.0003290000000258,0.9969030000000282,0.05985999999999989
141,1.1165004163320147,0.0898689999999997,0.3639479999999948,0.905846000000026,0.8017920000000187,0.04297199999999995,0.9757820000000309,0.5285849999999923,0.951687000000029,0.5427239999999975,0.5761789999999982,0.0,0.5702369999999963,0.6337220000000077,1.0003100000000336,0.9968180000000366,0.059278
142,1.1171535690756058,0.08860199999999988,0.372876999999993,0.9105460000000228,0.8020710000000166,0.041774,0.9742320000000257,0.5365309999999933,0.9559050000000259,0.5558699999999989,0.5893240000000024,0.0,0.5772000000000012,0.6273560000000036,1.0003990000000271,0.9971450000000314,0.06402299999999994
143,1.119086244750136,0.08954399999999976,0.3787389999999951,0.911384000000021,0.8064600000000152,0.04102899999999998,0.9736330000000243,0.538452999999995,0.9592090000000232,0.5657630000000009,0.5976980000000033,0.0,0.5866660000000004,0.6249790000000028,1.0003460000000277,0.9971920000000318,0.06468299999999995
144,1.1197711255319533,0.09270399999999987,0.3818829999999946,0.9148290000000223,0.8085400000000151,0.039507000000000014,0.9742300000000225,0.5379449999999967,0.9576040000000241,0.5724019999999982,0.5973320000000018,0.0,0.5912520000000003,0.626835000000008,1.0003690000000247,0.9970580000000266,0.06182899999999997
145,1.1204385091227973,0.09396699999999975,0.3955579999999943,0.9132260000000162,0.8128790000000131,0.038230000000000035,0.9747030000000187,0.5530659999999994,0.9580420000000187,0.5793330000000019,0.6029990000000037,0.0,0.5991430000000033,0.6277020000000036,1.00034800000002,0.9968240000000246,0.06342299999999991
146,1.1219387762865343,0.09523099999999977,0.40629499999999347,0.9152040000000244,0.8133330000000177,0.03928299999999998,0.9755000000000248,0.5597769999999996,0.9611820000000254,0.5871410000000022,0.6124890000000054,0.0,0.6068310000000048,0.6303180000000048,1.0003860000000286,0.9973000000000314,0.05809699999999995
147,1.1233535410834625,0.09826899999999986,0.41986599999999324,0.9165950000000219,0.809884000000012,0.041509999999999984,0.9763980000000226,0.5694240000000006,0.9602000000000235,0.5843459999999993,0.6062200000000019,0.0,0.6066790000000013,0.6333260000000033,1.000364000000026,0.9969060000000289,0.0600939999999999
148,1.1240691172891601,0.10084099999999974,0.42928999999999273,0.9199410000000242,0.8113100000000182,0.03859299999999996,0.9799900000000251,0.5785960000000002,0.9620120000000253,0.592288000000003,0.6164710000000047,0.0,0.6128800000000053,0.6316900000000063,1.0003360000000276,0.99719600000003,0.05903499999999997
149,1.1253584245667205,0.10032399999999979,0.4414179999999939,0.9211020000000203,0.8128840000000166,0.038415000000000026,0.9812160000000211,0.5886370000000003,0.9652900000000214,0.602260000000003,0.6244660000000033,0.0,0.6222990000000024,0.6286270000000012,1.0003470000000223,0.9970010000000262,0.0660929999999999
150,1.125772556466985,0.10167199999999989,0.44949199999999345,0.9212270000000218,0.8170250000000175,0.03816100000000002,0.9797140000000235,0.5918610000000012,0.9660770000000225,0.6054060000000042,0.6248030000000067,0.0,0.6265020000000054,0.6321500000000047,1.0003510000000264,0.9970690000000283,0.06774499999999996
151,1.1269253475648362,0.10078499999999986,0.4669189999999924,0.9247360000000214,0.8150220000000169,0.03861599999999998,0.9811080000000221,0.6051210000000024,0.9666120000000226,0.6038460000000039,0.6299740000000036,0.0,0.6270870000000023,0.632943000000005,1.0003300000000235,0.9969910000000274,0.0664819999999999
152,1.1288106936713365,0.10867399999999981,0.46797699999999326,0.9276750000000201,0.817889000000016,0.03776599999999999,0.9823910000000206,0.6042020000000038,0.9691310000000206,0.6072830000000051,0.6348610000000064,0.0,0.636376000000006,0.6296770000000046,1.000325000000022,0.9970530000000251,0.06650999999999993
153,1.1296155356959476,0.10483599999999982,0.4787309999999925,0.9247780000000232,0.8211540000000177,0.03826999999999999,0.9845360000000271,0.6096880000000057,0.970476000000026,0.6111400000000023,0.6365880000000047,0.0,0.6368560000000049,0.6264570000000041,1.0003370000000276,0.996880000000031,0.06661199999999988
154,1.130677374299533,0.10014999999999959,0.4895089999999915,0.9289160000000242,0.8217260000000193,0.03627899999999999,0.9855900000000252,0.6179150000000072,0.9714820000000255,0.6154270000000049,0.6414310000000071,0.0,0.6438880000000076,0.6283230000000045,1.0003430000000262,0.997322000000029,0.06958099999999993
155,1.1322241409476037,0.1027519999999998,0.49670999999999077,0.9302410000000231,0.8209960000000167,0.03500900000000003,0.9855290000000244,0.6203380000000056,0.9736130000000247,0.6273820000000048,0.6473560000000049,0.0,0.6485570000000055,0.628028000000007,1.0003580000000247,0.9970360000000267,0.07023799999999998
156,1.1326090971555536,0.10015699999999964,0.5073939999999943,0.9338980000000225,0.8244490000000152,0.03374300000000001,0.9867440000000246,0.6257130000000047,0.9740750000000251,0.6388670000000044,0.6573330000000057,0.0,0.6558160000000047,0.6228980000000041,1.0003010000000272,0.9969330000000287,0.0716509999999999
157,1.1341630368368816,0.10132399999999986,0.5085419999999922,0.9347320000000198,0.8337320000000135,0.032481000000000024,0.9876010000000228,0.6263500000000068,0.9767760000000207,0.6439660000000061,0.6658210000000059,0.0,0.6645120000000063,0.6209080000000042,1.0002880000000236,0.9969670000000258,0.07166099999999997
158,1.1353561763516595,0.09907499999999975,0.514521999999996,0.9383630000000179,0.8386380000000134,0.03081700000000003,0.9896380000000211,0.6340770000000092,0.9765480000000211,0.6552010000000054,0.6762810000000075,0.0,0.6738590000000083,0.6155200000000037,1.0003080000000222,0.9970840000000248,0.07043599999999992
159,1.1364438475686294,0.09594499999999986,0.5234299999999962,0.9427230000000245,0.8316210000000157,0.03187400000000002,0.988470000000027,0.6386790000000047,0.9788670000000259,0.663532000000007,0.6873220000000068,0.0,0.683794000000006,0.6136870000000023,1.0002980000000286,0.9968900000000297,0.06912699999999995
160,1.1369404735300481,0.09324099999999985,0.5327159999999973,0.9446910000000184,0.8318210000000145,0.030541000000000026,0.9892840000000195,0.6445920000000082,0.9798740000000189,0.6706970000000058,0.6970600000000081,0.0,0.6916340000000074,0.612901000000001,1.0002890000000204,0.9969560000000227,0.069131
161,1.1391540966320322,0.09320999999999986,0.5411529999999961,0.9467780000000184,0.8344530000000118,0.03266100000000003,0.9892170000000198,0.6513350000000057,0.9815060000000198,0.6752420000000058,0.7067580000000053,0.0,0.7035280000000064,0.615931000000003,1.0002760000000208,0.9967510000000244,0.06878799999999995
162,1.140670310734672,0.09590699999999973,0.5499359999999994,0.9456690000000223,0.8414700000000147,0.030760000000000016,0.9903790000000224,0.6565730000000038,0.9807640000000227,0.6788480000000058,0.7058560000000073,0.0,0.7046020000000084,0.6134530000000012,1.0002970000000229,0.9970730000000254,0.06971499999999992
163,1.1427166732721545,0.09824999999999987,0.5525819999999984,0.9481480000000183,0.8475060000000137,0.02929600000000002,0.9915950000000202,0.6571520000000064,0.9816520000000198,0.682024000000006,0.7090790000000046,0.0,0.7150860000000071,0.6184500000000012,1.0003030000000206,0.9970550000000233,0.06515099999999996
164,1.1445758732995894,0.10486399999999982,0.5490550000000004,0.9488070000000238,0.8492450000000171,0.03046000000000002,0.9915140000000248,0.6554480000000102,0.9834180000000247,0.6873340000000101,0.7081340000000115,0.0,0.7136500000000119,0.6175470000000054,1.0003160000000246,0.9970910000000259,0.06339699999999993
165,1.14671394103094,0.10507399999999992,0.5546459999999983,0.9473420000000166,0.8509440000000135,0.030062000000000023,0.9915090000000193,0.6582350000000067,0.9833820000000186,0.6932320000000087,0.705528000000007,0.0,0.7142510000000075,0.6093210000000037,1.0003090000000197,0.9968670000000232,0.06441399999999992
166,1.1481897618730688,0.10727099999999964,0.5667230000000012,0.9487560000000214,0.8583470000000154,0.027782000000000015,0.9909130000000229,0.6658620000000081,0.9821690000000229,0.6973700000000086,0.7093070000000087,0.0,0.7201660000000103,0.6099060000000049,1.0002110000000235,0.9970260000000261,0.06564700000000001
167,1.1496284436447215,0.10900299999999981,0.5742470000000003,0.9496650000000196,0.8618230000000152,0.027756000000000006,0.99220200000002,0.6745810000000082,0.9829500000000204,0.7000150000000065,0.7176700000000062,0.0,0.7280620000000083,0.6161910000000026,1.0002680000000215,0.9971720000000246,0.06676699999999999
168,1.1525852880017984,0.10930699999999983,0.5736340000000008,0.9505550000000197,0.862176000000014,0.027474000000000005,0.9920610000000208,0.6735150000000081,0.983731000000021,0.7071630000000063,0.7163460000000054,0.0,0.7286110000000071,0.6112060000000049,1.0002810000000213,0.9968170000000238,0.0687619999999999
169,1.154695671664152,0.10906599999999993,0.5801140000000032,0.9531370000000166,0.8654740000000143,0.028190000000000034,0.991769000000018,0.6769880000000094,0.983219000000018,0.7154460000000085,0.7249820000000082,0.0,0.7321000000000082,0.6088400000000053,1.0002360000000192,0.9971250000000205,0.07140400000000001
170,1.1557268148989694,0.10719599999999983,0.5902140000000018,0.9562550000000203,0.8687630000000147,0.02800400000000004,0.9915480000000204,0.6808520000000094,0.9845340000000207,0.7207310000000092,0.7306880000000093,0.0,0.7398060000000102,0.6013600000000026,1.0002320000000209,0.9967760000000228,0.07065699999999986
171,1.1573043820013276,0.10853299999999987,0.598281,0.9580990000000164,0.8673060000000132,0.029783000000000035,0.9910360000000169,0.6838180000000074,0.9850400000000166,0.7251820000000061,0.7338490000000041,0.0,0.7417190000000055,0.5947039999999991,1.0002570000000175,0.9968970000000204,0.07003499999999996
172,1.1599175752959061,0.10883899999999991,0.6027810000000006,0.9580190000000166,0.864997000000013,0.02907500000000001,0.9911840000000186,0.6826250000000084,0.9855450000000181,0.7271340000000075,0.7338810000000064,0.0,0.7453400000000089,0.594473000000002,1.000244000000019,0.996936000000021,0.07007799999999993
173,1.1615426198189158,0.11025899999999987,0.6056960000000011,0.9578600000000193,0.8640180000000127,0.028111000000000035,0.9905240000000208,0.6827330000000059,0.9866740000000217,0.7285120000000065,0.7386960000000072,0.0,0.7494370000000085,0.5990640000000023,1.0002490000000213,0.9968930000000237,0.06662699999999995
174,1.1639667592665002,0.11336499999999988,0.6023910000000027,0.9597820000000189,0.8644540000000139,0.029231000000000028,0.9894260000000203,0.6839260000000088,0.9864630000000202,0.7332410000000088,0.7413670000000087,0.0,0.751060000000009,0.5974910000000041,1.0002320000000207,0.9968960000000239,0.06669999999999995
175,1.1653670112779206,0.10828099999999984,0.6073200000000015,0.9574450000000124,0.8690820000000111,0.030805000000000013,0.9901700000000135,0.6858020000000056,0.9874830000000132,0.7373500000000046,0.7376110000000056,0.0,0.7536350000000065,0.5939270000000019,1.000225000000013,0.9968800000000158,0.06948299999999998
176,1.1670218324339487,0.10951099999999994,0.6041470000000022,0.9587990000000123,0.863063000000012,0.032386000000000026,0.9911860000000147,0.6833700000000068,0.9870170000000149,0.7359840000000076,0.7335680000000068,0.0,0.750701000000007,0.5942610000000023,1.0001930000000145,0.9967590000000172,0.06685600000000001
177,1.1690186067892596,0.10857499999999988,0.6076950000000036,0.9597260000000148,0.8619590000000109,0.034074000000000035,0.9907360000000147,0.6863720000000079,0.9862130000000159,0.7405380000000062,0.7349980000000081,0.0,0.7493770000000055,0.592005000000003,1.000191000000015,0.9969830000000185,0.06907999999999993
178,1.1708948816531728,0.10845299999999998,0.6131390000000047,0.9607150000000156,0.8647500000000126,0.03376600000000001,0.9914460000000159,0.6902670000000095,0.9855070000000159,0.7445850000000085,0.7369900000000075,0.0,0.7564380000000066,0.5911090000000019,1.0002080000000162,0.9969530000000184,0.07039799999999995
179,1.1726816672425922,0.10836199999999986,0.6197990000000025,0.9643360000000109,0.8660710000000077,0.034315000000000005,0.9917880000000122,0.6957210000000081,0.9863560000000128,0.7456930000000074,0.7458590000000086,0.0,0.7585480000000081,0.5893860000000005,1.0002150000000127,0.996861000000015,0.07132500000000004
180,1.1739845165749128,0.10418000000000002,0.6231630000000048,0.9650020000000147,0.8673090000000142,0.03376700000000001,0.9905500000000155,0.6961890000000094,0.9860530000000157,0.7491550000000081,0.7460050000000071,0.0,0.7556450000000084,0.5856489999999996,1.000192000000015,0.9970930000000173,0.07140099999999996
181,1.1758828495382294,0.104579,0.6200410000000041,0.9643040000000153,0.8697050000000118,0.03519300000000005,0.9886950000000163,0.6925060000000086,0.9845540000000166,0.7540590000000078,0.7415720000000063,0.0,0.7594370000000086,0.5841490000000042,1.0001810000000164,0.9967120000000215,0.07023599999999991
182,1.1775972867328737,0.10563999999999991,0.6202849999999981,0.9639590000000147,0.8720640000000105,0.03465600000000002,0.9898430000000141,0.6885980000000032,0.9864000000000144,0.7568690000000061,0.7447130000000062,0.0,0.7621540000000054,0.5777469999999977,1.000202000000015,0.9968990000000169,0.07227299999999992
183,1.1788844005672887,0.1051879999999999,0.6230800000000021,0.9645800000000138,0.8746390000000089,0.031057000000000036,0.9883980000000138,0.6922710000000072,0.9864990000000148,0.7648470000000078,0.7506650000000076,0.0,0.7647520000000063,0.5766130000000006,1.0002240000000144,0.997019000000016,0.07518799999999996
184,1.1804452435136559,0.10434699999999993,0.6266220000000019,0.9646310000000159,0.8794600000000093,0.030320000000000045,0.9881360000000163,0.6942700000000082,0.9870230000000169,0.7647380000000061,0.7559290000000053,0.0,0.7684170000000063,0.5773260000000011,1.0002340000000176,0.9970550000000211,0.07990399999999992
185,1.1817248461576444,0.10685099999999995,0.6346060000000026,0.9672880000000104,0.8829000000000077,0.02873700000000002,0.98807500000001,0.7012600000000077,0.9864250000000107,0.7708900000000068,0.7599720000000061,0.0,0.7761460000000054,0.5738329999999958,1.0001890000000104,0.9968490000000144,0.08134499999999997
186,1.1836096972872785,0.10533899999999988,0.6380880000000048,0.9686390000000165,0.8837440000000123,0.03152999999999998,0.9886180000000165,0.7086600000000087,0.9865450000000169,0.7734650000000098,0.7598860000000078,0.0,0.77258700000001,0.5715200000000015,1.0002570000000162,0.9970330000000174,0.08326999999999991
187,1.1842015021359404,0.10598099999999984,0.6427880000000044,0.9703850000000142,0.8863820000000111,0.028857000000000035,0.988439000000014,0.7117550000000102,0.9875440000000146,0.7762510000000091,0.7659350000000099,0.0,0.781923000000008,0.568708999999998,1.0001800000000147,0.9967680000000181,0.08445800000000009
188,1.1857504377007488,0.10083799999999987,0.6532560000000059,0.9726930000000154,0.8878220000000123,0.02847600000000001,0.9897620000000158,0.7228680000000073,0.9880870000000157,0.7821090000000049,0.7784850000000071,0.0,0.7850920000000065,0.5662700000000008,1.000211000000016,0.9967970000000169,0.08820499999999992
189,1.1877306409317274,0.10047699999999993,0.659949000000005,0.9740080000000138,0.8932150000000117,0.02627100000000002,0.9909710000000143,0.7279300000000075,0.9864010000000146,0.7891330000000067,0.7859070000000077,0.0,0.7916480000000058,0.5660119999999981,1.0001810000000149,0.9968300000000164,0.08434799999999994
190,1.190471923251013,0.09941299999999997,0.6646510000000021,0.9766050000000118,0.8992840000000082,0.023737000000000005,0.9919570000000132,0.730407000000006,0.9877310000000135,0.7993380000000041,0.7941990000000032,0.0,0.7985730000000026,0.5638560000000006,1.0001960000000139,0.997131000000016,0.08556899999999996
191,1.1922290598097471,0.10361199999999997,0.6699950000000051,0.9777670000000149,0.8976020000000104,0.021279000000000024,0.9911760000000158,0.730582000000009,0.9881620000000164,0.8012820000000073,0.7978090000000064,0.0,0.8032280000000072,0.5718409999999999,1.0001620000000162,0.9967440000000181,0.08372299999999996
192,1.193910102784097,0.10204599999999982,0.6728600000000061,0.9798840000000184,0.8994710000000139,0.021629000000000023,0.9906370000000188,0.7364080000000118,0.9890620000000196,0.8009630000000092,0.7997050000000091,0.0,0.810294000000009,0.5663460000000023,1.0001860000000193,0.9967110000000221,0.087052
193,1.195108788527314,0.09847399999999988,0.6823680000000049,0.9820670000000127,0.8988150000000108,0.02093200000000002,0.9926150000000122,0.7436710000000079,0.9904590000000127,0.8099630000000082,0.8104350000000086,0.0,0.8158660000000071,0.564783,1.000199000000013,0.9970260000000137,0.08738299999999992
194,1.196664820169991,0.09637199999999979,0.6897800000000056,0.980628000000017,0.8992320000000148,0.020755000000000016,0.9922680000000171,0.7493240000000095,0.9909410000000175,0.8160680000000101,0.8137250000000106,0.0,0.81952800000001,0.5555339999999993,1.0001970000000173,0.996873000000019,0.08810699999999991
195,1.198719493666242,0.09704199999999989,0.7000160000000047,0.9808710000000158,0.8960790000000131,0.02283500000000001,0.9910760000000163,0.7601700000000108,0.9900850000000164,0.8132930000000093,0.8128030000000074,0.0,0.8123010000000068,0.5543269999999987,1.0002390000000168,0.9970500000000175,0.08715000000000003
196,1.2012164263715661,0.09803099999999994,0.7056730000000038,0.9820240000000137,0.8952660000000103,0.02200200000000001,0.9915330000000132,0.7679460000000093,0.9908040000000136,0.8108240000000058,0.8161920000000078,0.0,0.8105560000000068,0.5565619999999968,1.0001640000000138,0.9971700000000148,0.08841699999999994
197,1.2033581952598023,0.09343999999999994,0.711565000000005,0.9812780000000111,0.8939670000000086,0.02307100000000002,0.9908640000000123,0.7729380000000063,0.9908670000000116,0.8131460000000057,0.8203810000000052,0.0,0.8145490000000079,0.5577499999999959,1.0001620000000118,0.9969120000000127,0.08814399999999996
198,1.2047865814375895,0.09180899999999985,0.724526000000004,0.9836700000000137,0.8969580000000112,0.022144000000000018,0.9916560000000139,0.7841090000000076,0.9907000000000141,0.819162000000009,0.8266940000000077,0.0,0.8194710000000076,0.5542199999999986,1.000156000000014,0.9969870000000166,0.09572299999999999
199,1.2047673048523015,0.09062899999999988,0.7297750000000056,0.9848340000000154,0.8973760000000113,0.021656999999999996,0.9916910000000154,0.7874180000000096,0.9914010000000157,0.8215240000000085,0.8272160000000081,0.0,0.8229600000000056,0.5557549999999993,1.000189000000016,0.9971770000000164,0.09574699999999987
200,1.2070105815739545,0.0865579999999999,0.7304540000000053,0.9841010000000162,0.8964070000000106,0.022343000000000012,0.9908600000000163,0.7876910000000078,0.992054000000017,0.826100000000007,0.823975000000007,0.0,0.8182860000000066,0.5522610000000014,1.0001270000000166,0.9968190000000187,0.09780599999999993
