,PopRatio,Diff_KC,Fibroblast,ILC3,M1,M2,Neutrophil,Prol_KC,Th0,Th1,Th17,Th2,Th22,Treg,iDC,pDC,preDiff_KC
0,1.0,0.00048799999999999994,0.0,0.0,0.0,0.0,0.0,0.0,0.0,0.0,0.0,0.0,0.0,0.16278599999999996,0.0,0.0,0.0
1,0.999996,0.0012759999999999998,0.0,0.0,0.0,0.0,0.0,0.0,0.0,0.0,0.0,0.0,0.0,0.11613899999999998,6.7e-05,6.7e-05,0.0
2,0.9999979999920002,0.0029850000000000002,0.0,0.0,0.0,0.0,0.0,0.0,0.0,0.0,0.0,0.0,0.0,0.11546500000000001,0.0010679999999999997,0.0010549999999999997,0.0
3,0.9999959999960002,0.00384,0.0,0.0,0.000131,0.0,0.0,0.0,0.0,0.0,0.0,0.0,0.0,0.126532,0.0037150000000000004,0.0036990000000000005,0.0
4,0.9999959999960002,0.004788000000000001,0.0,0.0,0.00045,0.0,0.000235,0.0,0.0,0.0,0.0,0.0,0.0,0.14796100000000004,0.011706999999999997,0.011730999999999997,0.0
5,1.000001999972,0.0058390000000000004,0.0,0.0,0.0011559999999999997,0.0,0.000786,0.0,0.0,0.0,0.0,0.0,0.0,0.16633600000000004,0.022204000000000015,0.02220400000000002,0.0
6,1.0000250000179998,0.00717,0.0,0.0,0.0025420000000000004,0.0,0.0018940000000000003,0.0,0.0,0.0,0.0,0.0,0.0,0.18122300000000016,0.04178399999999997,0.041767999999999965,0.0
7,1.0000530007180013,0.0072310000000000004,0.0,0.0,0.004624000000000001,0.0,0.0036699999999999992,0.0,0.0,0.0,0.0,0.0,0.0,0.1951420000000002,0.06460199999999997,0.06463199999999998,0.0
8,1.0000790020960206,0.008880999999999998,0.0,0.0,0.006537000000000005,0.0,0.005691000000000001,0.0,0.0,0.0,0.0,0.0,0.0,0.2128590000000003,0.09017299999999967,0.09026499999999969,0.0
9,1.0001290060461279,0.009305999999999997,0.0,0.0,0.011042999999999999,0.0,0.009486,0.0,0.0,0.0,0.0,0.0,0.0,0.2269040000000004,0.12944000000000025,0.12937700000000024,0.0
10,1.000174011851405,0.009513999999999995,0.0,0.0,0.016052999999999977,0.0,0.01521299999999998,0.0,0.0,0.0,0.0,0.0,0.0,0.24565500000000068,0.16455400000000062,0.1645280000000006,0.0
11,1.0002470245542765,0.010602999999999993,0.0,0.0,0.020563000000000015,0.0,0.02319500000000006,0.0,0.0,0.0,0.0,0.0,0.0,0.2633009999999992,0.20230600000000104,0.20225900000000102,0.0
12,1.0003120406108807,0.011087999999999994,0.0,0.0,0.028408000000000065,0.0,0.03009700000000007,0.0,0.0,0.0,0.0,0.0,0.0,0.2751739999999986,0.2469610000000022,0.24640800000000218,0.0
13,1.000409070878827,0.013626000000000008,0.0,0.0,0.03594900000000005,0.0,0.03881699999999999,0.0,0.000102,0.0,0.0,0.0,0.0,0.2915579999999988,0.2894320000000003,0.2888060000000003,0.0
14,1.0005581318303947,0.013932000000000005,0.0,0.0,0.045292000000000006,0.0,0.04809399999999998,1e-05,0.000619,0.0,0.0,0.0,0.0,0.30397099999999844,0.34016699999999644,0.33944799999999675,0.0
15,1.0007262255965492,0.015001999999999979,0.0,0.0,0.052062999999999915,0.0,0.06039299999999996,0.0,0.001001,0.0,0.0,0.0,0.0,0.31642499999999824,0.383046999999999,0.38229899999999906,0.0
16,1.000907357043392,0.016988000000000003,0.0,0.0,0.062458999999999876,0.0,0.07092099999999966,0.0,0.0007980000000000001,0.0,0.0,0.0,0.0,0.3395779999999999,0.4246979999999965,0.4237049999999968,0.0
17,1.001112543051605,0.017318000000000004,0.0,0.0,0.07342999999999973,0.0,0.08206999999999968,0.0,0.000916,0.0,0.0,0.0,0.0,0.3544139999999994,0.46462299999999307,0.46344699999999345,0.0
18,1.001373833425357,0.01690400000000001,0.0,0.0,0.08507899999999945,0.0,0.09672899999999937,0.0,0.0018230000000000002,0.0,0.0,0.0,0.0,0.3598759999999965,0.4968339999999887,0.49543099999998924,0.0
19,1.001653216724904,0.01640799999999999,0.0,0.0,0.10252299999999945,0.0,0.10714299999999936,0.0,0.0022580000000000013,0.0,0.0,0.0,0.0,0.37608099999999556,0.5346199999999968,0.5332719999999962,0.0
20,1.002002793697566,0.01652999999999998,0.0,0.0,0.11740099999999912,0.0,0.1239499999999992,0.0,0.002483,0.0,0.0,0.0,0.0,0.3952579999999966,0.5735460000000061,0.5714550000000063,0.0
21,1.0024066008234511,0.015101999999999978,0.0,0.0,0.13212199999999955,0.0,0.13914799999999986,7.7e-05,0.0038480000000000033,0.0,0.0,0.0,0.0,0.4062029999999924,0.6109790000000076,0.6084730000000074,0.0
22,1.002943890761535,0.015448999999999989,0.0,0.0,0.14828400000000033,0.0,0.15275000000000075,0.0,0.005834000000000003,0.0,0.0,0.0,0.0,0.41615499999999256,0.6473370000000108,0.6445770000000111,0.0
23,1.0034523833141957,0.015350999999999983,0.0,0.0,0.16750100000000268,0.0,0.17196200000000206,0.0,0.00747500000000001,0.0,0.0,0.0,0.0,0.42489899999999314,0.6817560000000215,0.6775580000000214,0.0
24,1.0040504409346884,0.016863999999999997,0.0,0.0,0.18211800000000294,0.0,0.18865400000000282,0.0,0.008468000000000002,0.0,0.0,0.0,0.0,0.43352199999999524,0.7103670000000161,0.704926000000014,0.0
25,1.004689017015144,0.01907,0.0,0.0,0.19608300000000423,0.0,0.20493000000000433,6.1e-05,0.011601999999999989,0.0,0.0,0.0,0.0,0.4372329999999882,0.7371680000000262,0.7315890000000259,0.0
26,1.0054334915767917,0.021412000000000035,0.0,4.9999999999999996e-05,0.21826100000000453,0.0,0.22912000000000543,6.6e-05,0.01720499999999998,0.0,0.0,0.0,0.0,0.4453679999999906,0.7688260000000393,0.7619810000000385,0.0
27,1.0062408546705737,0.023764000000000025,0.0,0.00021700000000000002,0.24087000000000705,0.0,0.2417250000000074,0.00038200000000000007,0.021556000000000033,0.0,0.0,0.0,0.0,0.456119999999986,0.792316000000041,0.7845690000000394,0.0
28,1.0071273528635871,0.02438900000000004,0.0,7.6e-05,0.25640600000000446,0.0,0.25447700000000634,0.0004,0.024491000000000044,0.0,0.0,0.0,0.0,0.4643159999999901,0.8175050000000357,0.8075690000000332,0.0
29,1.0080236962076812,0.025068000000000066,0.0,0.000232,0.27356000000000136,0.0,0.27001200000000336,0.000801,0.028599000000000045,0.0,0.0,0.0,0.0,0.4662199999999866,0.8393240000000497,0.8289300000000468,0.0
30,1.008956118126732,0.024267000000000014,0.0,0.000263,0.28845900000000063,0.0,0.28204400000000196,0.000997,0.034242000000000015,0.0,0.0,0.0,0.0,0.4659109999999825,0.8557170000000613,0.8434520000000586,0.0
31,1.0099731458938765,0.024049000000000043,0.0,0.00043499999999999995,0.30364099999999866,0.0,0.3029529999999984,0.001095,0.04040099999999997,0.0,0.0,0.0,0.0,0.46888599999998576,0.8668370000000466,0.8546890000000457,0.0
32,1.0110265478850966,0.02532900000000005,0.0,0.00051,0.31396499999999616,0.0,0.3222449999999973,0.0019900000000000004,0.048392,0.0,0.0,0.0,0.0,0.4722249999999818,0.8833230000000524,0.8709990000000527,0.0
33,1.012193272521417,0.028214000000000027,0.0,0.00047400000000000003,0.32914599999999816,0.0,0.3470469999999946,0.002367000000000001,0.05602799999999985,0.0,0.0,0.0,0.0,0.4780239999999849,0.8956170000000507,0.8832420000000487,0.0
34,1.013362355751237,0.027208000000000086,0.0,0.001161,0.3476769999999926,0.0,0.36534899999999104,0.0034539999999999996,0.0632219999999998,0.0,0.0,0.0,0.0,0.48257699999998394,0.9044040000000552,0.8917840000000546,0.0
35,1.0145550832440184,0.028807000000000055,0.0,0.0026549999999999994,0.37417299999999315,0.0,0.3857029999999901,0.003654,0.07200799999999966,0.0,0.0,0.0,0.0,0.49128999999998374,0.9114110000000504,0.8990140000000502,0.0
36,1.0157573310177228,0.030742000000000057,0.0,0.003832,0.3857829999999895,0.0,0.40391699999998787,0.0052699999999999995,0.07938599999999957,0.0,4.2e-05,0.0,8e-06,0.4909889999999792,0.9178800000000598,0.9035870000000586,0.0
37,1.0169203731618177,0.030231000000000074,0.0,0.006122000000000005,0.39907299999999024,0.0,0.4160269999999861,0.0077640000000000035,0.08835599999999942,0.0,0.0,0.0,0.0,0.4923479999999857,0.9238740000000515,0.9104240000000487,0.0
38,1.0180806793076531,0.030284000000000075,0.0,0.007088000000000007,0.420317999999985,0.0,0.43542599999998294,0.007297000000000004,0.09870699999999948,0.0,0.0,0.0,0.0,0.5016829999999806,0.9327730000000588,0.9180800000000586,0.0
39,1.0193522620761715,0.03093900000000009,0.0,0.010202999999999999,0.43498899999998425,0.0,0.45343299999998143,0.0076020000000000055,0.1082039999999992,6.7e-05,0.0,0.0,0.000137,0.5043689999999765,0.9419080000000604,0.9283260000000597,4.9e-05
40,1.0205020914278629,0.03158300000000008,0.0,0.013490999999999986,0.4443469999999823,0.0,0.4694779999999784,0.008700000000000003,0.12369299999999886,0.000129,0.0,0.0,6.6e-05,0.5160399999999826,0.9511610000000641,0.9374190000000643,6.7e-05
41,1.0217746575359432,0.03328000000000013,0.0,0.019902000000000003,0.4698669999999823,0.0,0.4889359999999782,0.010624999999999983,0.13689099999999998,8.8e-05,5.6e-05,0.0,8.1e-05,0.515437999999983,0.958692000000064,0.9449240000000637,6.7e-05
42,1.0230815073230008,0.031823000000000067,0.0,0.025899000000000047,0.4816749999999819,0.0,0.5049359999999778,0.01328199999999998,0.15099600000000118,0.000206,6.7e-05,0.0,0.00012,0.5228609999999871,0.961444000000058,0.9480520000000575,6.7e-05
43,1.0243061358873287,0.031181000000000052,0.0,0.033883000000000045,0.4936439999999788,0.0,0.5191949999999794,0.015142999999999976,0.1582350000000015,0.000267,0.00034899999999999997,0.0,0.00016,0.5337779999999875,0.9671960000000602,0.9540190000000591,0.0
44,1.0254738448823042,0.03406600000000002,0.0,0.042385999999999965,0.50276599999998,0.0,0.5294299999999834,0.01713499999999999,0.17620200000000227,0.000292,0.0008849999999999999,0.0,0.00043200000000000004,0.537145999999985,0.971373000000061,0.9576840000000615,3.3e-05
45,1.0265495669456506,0.03563400000000002,0.0,0.05526599999999992,0.5150719999999803,0.0,0.5419819999999848,0.01901899999999999,0.19093000000000376,0.000434,0.0012000000000000001,0.0,0.000923,0.5392499999999891,0.9763120000000611,0.9637020000000599,6.7e-05
46,1.0276264174414427,0.03631700000000003,6.7e-05,0.06393399999999973,0.5230899999999828,6.6e-05,0.5518409999999883,0.022271000000000016,0.20635200000000348,0.0006610000000000001,0.0020919999999999992,0.0,0.0012339999999999996,0.5471689999999934,0.9797320000000641,0.9673050000000638,6.7e-05
47,1.028748585489358,0.04029500000000002,6.7e-05,0.07536599999999972,0.5333919999999863,6.6e-05,0.5634549999999925,0.024509000000000045,0.2196480000000049,0.000964,0.002158,0.0,0.001015,0.5457259999999932,0.9827400000000606,0.9695670000000607,6.7e-05
48,1.0299450200943465,0.038428000000000025,0.0,0.09540499999999974,0.5469809999999867,6.7e-05,0.5745539999999922,0.028706000000000016,0.23404200000000458,0.001049,0.0022860000000000003,0.0,0.0019260000000000002,0.5491959999999916,0.9867470000000605,0.9755210000000608,2.6e-05
49,1.0309842346196842,0.041949999999999966,1.3e-05,0.10968199999999943,0.5618519999999901,6.7e-05,0.5819549999999912,0.030732000000000065,0.24944100000000569,0.001755,0.0032350000000000005,0.0,0.002888,0.5524209999999876,0.9899240000000551,0.9781490000000548,6.6e-05
50,1.0320275906651777,0.04310699999999999,0.0,0.12595699999999915,0.5735959999999981,0.0,0.592472999999999,0.03147400000000007,0.2634100000000033,0.0015340000000000004,0.0038130000000000017,0.0,0.003235000000000001,0.5541479999999955,0.9910320000000621,0.9804490000000644,0.000134
51,1.033086450973264,0.043696999999999965,6.7e-05,0.13485499999999997,0.5869779999999963,5e-05,0.5962269999999955,0.030080000000000117,0.2699630000000027,0.0024190000000000006,0.004614000000000005,0.0,0.004486000000000002,0.5566909999999937,0.9911640000000588,0.9826260000000604,0.000375
52,1.0341422653262207,0.04171299999999999,4.3e-05,0.15717800000000112,0.5944019999999971,6.8e-05,0.6045789999999984,0.03548700000000006,0.283188,0.0024690000000000007,0.0061110000000000044,0.0,0.005563000000000003,0.5628479999999947,0.9914600000000583,0.9833670000000592,0.00033499999999999996
53,1.0352198415667517,0.04323899999999997,8.8e-05,0.1696880000000017,0.5989190000000012,0.0,0.6136830000000016,0.037030999999999994,0.2969269999999988,0.0031219999999999998,0.007124000000000004,0.0,0.007923000000000005,0.5720049999999981,0.9923900000000573,0.9853310000000587,0.0006680000000000001
54,1.0361256589281835,0.04218799999999998,0.000147,0.18829600000000213,0.6116790000000021,0.0,0.6240200000000015,0.04271500000000004,0.3180389999999963,0.003636000000000001,0.008708000000000002,0.0,0.009740999999999994,0.5757079999999983,0.9928570000000589,0.9863680000000626,0.000993
55,1.0370364133824417,0.043329999999999994,0.000342,0.20228600000000338,0.6166240000000005,0.0,0.6363720000000054,0.044925000000000034,0.33333199999999374,0.0046010000000000035,0.010548999999999998,0.0,0.012492999999999995,0.5810819999999943,0.9940550000000568,0.9879410000000602,0.0011320000000000002
56,1.037941746171384,0.045860999999999964,0.00046800000000000005,0.21571400000000418,0.6265580000000034,0.00011299999999999998,0.6436830000000062,0.04943000000000003,0.35126399999999364,0.0051820000000000034,0.013078999999999983,0.0,0.014775999999999989,0.5826409999999983,0.9953720000000594,0.9894400000000618,0.00141
57,1.0391945418590744,0.04744799999999991,0.000753,0.234236000000005,0.6339720000000055,0.000231,0.6574960000000104,0.052753999999999926,0.3743679999999903,0.006619000000000007,0.01692899999999999,0.0,0.01668099999999997,0.5826999999999983,0.9967120000000578,0.9904140000000605,0.001323
58,1.0402046389538222,0.04575699999999997,0.0008680000000000002,0.25714900000000457,0.6434580000000018,0.000175,0.6648970000000051,0.05737099999999997,0.3860809999999899,0.008552,0.020939000000000024,0.0,0.018846000000000005,0.5785159999999933,0.9972290000000584,0.9908330000000588,0.001203
59,1.041287491983035,0.04676499999999995,0.001067,0.28159900000000054,0.6450330000000062,0.000192,0.6742110000000089,0.061148999999999884,0.404600999999988,0.011878999999999987,0.027569000000000055,0.0,0.022976000000000035,0.5790779999999965,0.9975170000000546,0.9911530000000585,0.001412
60,1.0421132329642349,0.04894799999999992,0.0011320000000000002,0.29505599999999904,0.6481670000000084,0.000552,0.6775160000000123,0.06328699999999987,0.4181029999999868,0.013774999999999989,0.0310920000000001,0.0,0.026642000000000044,0.5796369999999966,0.9982720000000579,0.9926970000000611,0.001556
61,1.042883354643456,0.05100199999999997,0.0015480000000000003,0.3130859999999975,0.6580280000000123,0.0007999999999999999,0.6861820000000163,0.06285599999999998,0.4300479999999878,0.015734999999999978,0.036922000000000045,0.0,0.03334800000000007,0.584180999999999,0.998401000000054,0.9930220000000574,0.0016560000000000001
62,1.043866793646942,0.05337299999999996,0.0020150000000000003,0.33309899999999376,0.6643090000000152,0.000602,0.6866470000000178,0.06853699999999978,0.44862699999998445,0.017825999999999977,0.04093599999999998,0.0,0.0372000000000001,0.5903889999999997,0.998838000000056,0.9941350000000593,0.001204
63,1.0449231868421716,0.05396599999999994,0.002803000000000001,0.34942699999999294,0.6683350000000077,0.000736,0.7000630000000124,0.07640599999999981,0.46451099999998574,0.02044400000000002,0.04238200000000007,0.0,0.040274000000000004,0.5901609999999983,0.9993190000000497,0.994507000000052,0.001069
64,1.0460590183463203,0.05281399999999988,0.0032900000000000013,0.3658769999999916,0.6720520000000115,0.000666,0.7121410000000168,0.08060699999999972,0.4803359999999787,0.02228300000000002,0.047524999999999956,0.0,0.043367,0.5916119999999986,0.9994830000000562,0.9949230000000591,0.0011720000000000003
65,1.046855069259341,0.05277299999999984,0.004154,0.3850279999999871,0.6796890000000169,0.000591,0.7200480000000214,0.08743099999999972,0.4957559999999799,0.026012000000000056,0.05231999999999995,0.0,0.04971999999999993,0.5936869999999996,1.0000250000000583,0.9957910000000607,0.0012209999999999999
66,1.0480191720964187,0.05241999999999997,0.004385000000000001,0.3994809999999896,0.6902630000000137,0.00040100000000000004,0.7292250000000227,0.09479399999999955,0.5103519999999845,0.031817000000000054,0.05659099999999993,0.0,0.052972999999999916,0.5915399999999983,1.0002420000000518,0.9961600000000551,0.0012049999999999997
67,1.049006406156587,0.05233499999999992,0.004879000000000002,0.4116589999999872,0.689064000000016,0.000754,0.733069000000023,0.10017799999999953,0.5327669999999881,0.034267000000000075,0.061923999999999896,0.0,0.058977999999999885,0.5878620000000008,1.0001020000000564,0.9964360000000586,0.0017149999999999997
68,1.0501372350624827,0.05206099999999993,0.005735000000000006,0.43110199999998555,0.6940010000000153,0.0008110000000000002,0.7366550000000217,0.10180799999999945,0.5463649999999907,0.038405000000000064,0.06904599999999983,0.0,0.06486099999999989,0.5906590000000009,1.0000440000000572,0.9964930000000601,0.002053
69,1.051106511730505,0.05097199999999997,0.006811000000000004,0.44395899999998406,0.7021720000000186,0.0009450000000000001,0.7411050000000268,0.10543099999999943,0.5648409999999985,0.04392099999999989,0.07694799999999966,0.0,0.06887699999999974,0.5919600000000038,1.0000540000000508,0.9966560000000538,0.002201
70,1.0522763932781143,0.052125,0.008289000000000006,0.4559649999999837,0.7096290000000232,0.001283,0.7513690000000287,0.11361299999999948,0.579341,0.047575999999999924,0.0788179999999996,0.0,0.07347699999999967,0.5959480000000026,1.0004670000000608,0.9971960000000645,0.0027500000000000003
71,1.0533086764199846,0.05344899999999997,0.009427999999999997,0.4707429999999816,0.7158130000000201,0.001536,0.7625280000000249,0.12011999999999955,0.5929149999999964,0.049766999999999964,0.08387299999999963,0.0,0.07998899999999966,0.5967700000000001,1.0006270000000574,0.9974640000000609,0.001936
72,1.0543324924535253,0.05461799999999985,0.010336999999999995,0.4849169999999808,0.7256830000000186,0.0016240000000000002,0.7668910000000273,0.12439299999999917,0.6057350000000046,0.056000999999999815,0.09097299999999947,0.0,0.08263399999999957,0.5960820000000018,1.0007480000000517,0.9974490000000549,0.001781
73,1.0556641143915482,0.054572999999999865,0.010529999999999989,0.5001929999999797,0.7314330000000252,0.0018079999999999993,0.7697550000000323,0.13193799999999975,0.6207800000000052,0.05926199999999983,0.09965099999999934,0.0,0.08879999999999946,0.5994540000000025,1.0007110000000536,0.9976110000000578,0.0015320000000000004
74,1.0568274562456645,0.05484899999999997,0.011013,0.5106859999999829,0.7349520000000167,0.001499,0.7768710000000218,0.13787099999999983,0.638325000000005,0.06368599999999981,0.10475499999999954,0.0,0.09428399999999922,0.6018240000000024,1.0007740000000531,0.9978180000000574,0.002197
75,1.0576507248341358,0.05700399999999995,0.012852999999999995,0.5256509999999869,0.7460590000000265,0.001759,0.7876460000000299,0.1411780000000005,0.6474490000000093,0.07096599999999983,0.10969099999999947,0.0,0.10325699999999943,0.600814000000001,1.0007440000000434,0.9973830000000482,0.0024859999999999995
76,1.0585920339792838,0.05672299999999989,0.014995999999999983,0.5390779999999912,0.7548900000000257,0.001643,0.7922070000000303,0.14822100000000069,0.6631080000000154,0.07686899999999959,0.11690499999999936,0.0,0.10776999999999923,0.6040530000000062,1.0008210000000488,0.9976180000000536,0.0026899999999999997
77,1.0599173912058768,0.05576799999999988,0.015746999999999973,0.5513949999999922,0.7561900000000247,0.0022799999999999995,0.7968580000000305,0.15207000000000062,0.6753460000000109,0.08385799999999967,0.1209109999999991,0.0,0.11271699999999932,0.6120170000000038,1.00077300000005,0.9976480000000539,0.003816
78,1.0605501618884798,0.05546099999999991,0.017958000000000005,0.5681519999999937,0.7627380000000261,0.0022510000000000004,0.8037470000000292,0.15780600000000092,0.6884100000000151,0.08906599999999958,0.12720699999999935,0.0,0.12401799999999931,0.6151820000000033,1.000731000000052,0.9975610000000548,0.0040450000000000035
79,1.061858880788304,0.05365799999999998,0.01971500000000002,0.5711799999999982,0.763624000000028,0.002176000000000001,0.8104650000000331,0.16598600000000166,0.698711000000017,0.09227799999999957,0.13771500000000023,0.0,0.13318999999999998,0.6217570000000083,1.0007190000000503,0.9975340000000539,0.004687000000000002
80,1.0624163567007714,0.05364199999999991,0.024227000000000037,0.5848980000000007,0.7646860000000272,0.0031340000000000005,0.8172440000000328,0.17135900000000193,0.7027610000000211,0.0969629999999993,0.14823100000000075,0.0,0.14086500000000043,0.6237080000000078,1.0006910000000504,0.9973880000000537,0.005032000000000001
81,1.063318348187664,0.05676699999999989,0.027482000000000024,0.593754000000006,0.7649030000000256,0.003608,0.8250500000000305,0.18115400000000265,0.7116970000000197,0.09954099999999957,0.15866100000000116,0.0,0.1465460000000005,0.6264440000000099,1.0006830000000468,0.9975170000000497,0.004834000000000004
82,1.064038214709437,0.05917599999999995,0.029292000000000047,0.6079909999999996,0.7645120000000246,0.0046640000000000015,0.8337970000000305,0.1852650000000031,0.7218110000000169,0.10930199999999918,0.16810200000000114,0.0,0.15613500000000122,0.6286140000000034,1.0006570000000454,0.9973870000000468,0.00477
83,1.0650362825548827,0.05853999999999982,0.03166900000000005,0.6245730000000098,0.7694360000000214,0.0050240000000000016,0.8387680000000288,0.19012000000000348,0.7298480000000189,0.12010799999999947,0.17520800000000175,0.0,0.16535300000000128,0.6227770000000054,1.000721000000045,0.9974700000000476,0.004531000000000002
84,1.0656486784173997,0.05799199999999988,0.03450700000000001,0.6351830000000088,0.7735150000000275,0.005360000000000001,0.8437630000000319,0.1980550000000032,0.7384960000000187,0.12585699999999925,0.18458400000000239,0.0,0.17414300000000194,0.618090000000005,1.0006750000000428,0.9974230000000466,0.0052200000000000015
85,1.066943441561722,0.05865199999999988,0.040111,0.6471960000000124,0.7792360000000201,0.005302,0.8496580000000302,0.20451000000000363,0.7490740000000184,0.13233699999999993,0.1917290000000027,0.0,0.18211100000000258,0.6087100000000024,1.0006490000000479,0.9973850000000519,0.005612
86,1.0675964109480085,0.05945899999999998,0.042805999999999934,0.6546970000000102,0.7810250000000226,0.005425000000000001,0.8558690000000293,0.2126390000000036,0.755300000000021,0.13963000000000064,0.19586100000000317,0.0,0.1886790000000035,0.6145380000000066,1.0006640000000446,0.997446000000047,0.006016000000000005
87,1.0686063571528126,0.06106599999999998,0.04284799999999998,0.6570460000000092,0.7806220000000209,0.0064740000000000075,0.8606070000000309,0.2170350000000043,0.7691350000000263,0.14167500000000097,0.20394200000000373,0.0,0.19134900000000332,0.6235810000000073,1.000666000000043,0.9974020000000456,0.007124000000000004
88,1.0689461739744328,0.06190099999999982,0.045631000000000005,0.671984000000013,0.7808110000000245,0.006329000000000002,0.8691310000000332,0.22720500000000401,0.7750350000000218,0.14924400000000088,0.20985200000000323,0.0,0.20198900000000305,0.6214300000000039,1.0006280000000445,0.9973550000000472,0.006666000000000002
89,1.0695522664551238,0.06335699999999989,0.047281999999999956,0.6795000000000155,0.787447000000024,0.006504000000000003,0.8717860000000338,0.23245500000000457,0.7781620000000236,0.15803100000000128,0.2187400000000043,0.0,0.21826900000000388,0.619667000000002,1.000619000000045,0.9973360000000481,0.007722000000000001
90,1.0703426655800818,0.06538899999999992,0.05237899999999995,0.6858530000000155,0.7914900000000334,0.0072810000000000045,0.8778020000000357,0.24899100000000512,0.7859640000000323,0.1694300000000018,0.22691700000000312,0.0,0.22457800000000322,0.6235590000000096,1.000619000000052,0.997588000000053,0.007089000000000005
91,1.0712631602725362,0.06470199999999977,0.05852399999999986,0.6979270000000148,0.7924500000000257,0.007041000000000006,0.8813540000000346,0.2586130000000039,0.7977910000000251,0.18150200000000213,0.2394090000000045,0.0,0.2322220000000043,0.6223130000000066,1.0005150000000427,0.9971690000000458,0.006721000000000005
92,1.0718352148001675,0.06159899999999983,0.0674479999999999,0.7060230000000175,0.7952760000000265,0.007693000000000003,0.8857970000000318,0.26739400000000224,0.8115140000000258,0.1900240000000025,0.2513180000000042,0.0,0.24326600000000467,0.6177070000000002,1.0005980000000445,0.9973290000000461,0.006638000000000002
93,1.0728609611007787,0.06210999999999989,0.07479699999999989,0.718335000000022,0.7922710000000222,0.008483000000000008,0.8881030000000334,0.28352599999999833,0.8137410000000311,0.19281100000000245,0.25986500000000234,0.0,0.25551000000000323,0.6214560000000116,1.0006260000000424,0.9971480000000457,0.006833000000000003
94,1.07261205735785,0.05780599999999989,0.07830299999999966,0.728702000000021,0.7947230000000252,0.009479000000000003,0.8947220000000318,0.29654799999999865,0.818780000000025,0.1952400000000029,0.2630260000000018,0.0,0.25463100000000377,0.625771000000003,1.0006160000000415,0.9973860000000456,0.006623000000000006
95,1.0738316172671085,0.0576989999999999,0.08193799999999972,0.7393380000000227,0.7968610000000252,0.009768999999999995,0.8975070000000358,0.2997499999999973,0.8209740000000266,0.1999160000000031,0.2674380000000013,0.0,0.26363700000000256,0.6251520000000051,1.0005960000000416,0.9971990000000458,0.007266000000000003
96,1.0745875947257086,0.057500999999999906,0.08941699999999964,0.7417590000000173,0.8042900000000232,0.008997,0.8973780000000294,0.3062759999999961,0.8267730000000247,0.20936000000000263,0.2764409999999996,0.0,0.2705500000000003,0.6236770000000025,1.0005910000000382,0.9971520000000416,0.008119000000000005
97,1.075555798148597,0.05901799999999993,0.09771199999999962,0.7479630000000248,0.8068200000000243,0.008861999999999995,0.9044900000000367,0.3118809999999969,0.8354030000000334,0.2193000000000037,0.2874889999999985,0.0,0.28201000000000065,0.6256810000000128,1.0005270000000468,0.9972850000000496,0.009118000000000001
98,1.0763431049928913,0.0614879999999999,0.09942599999999938,0.7559630000000245,0.8073340000000291,0.009427000000000001,0.9094720000000392,0.31603699999999685,0.8374890000000339,0.22596400000000394,0.2892179999999992,0.0,0.2902469999999995,0.6259980000000087,1.0006020000000482,0.9973640000000518,0.008074000000000003
99,1.0773290352771159,0.0607629999999999,0.10358299999999965,0.7622930000000204,0.8091580000000267,0.009568999999999994,0.911231000000038,0.3166979999999948,0.8381620000000349,0.24119900000000447,0.2996579999999965,0.0,0.2976709999999967,0.6239830000000067,1.000588000000045,0.9973530000000473,0.008226000000000004
100,1.078092861563176,0.06310999999999982,0.10726699999999963,0.7672640000000186,0.8077730000000195,0.009976999999999991,0.9106430000000277,0.32277199999999534,0.8415610000000225,0.24658500000000394,0.305625999999997,0.0,0.30421599999999693,0.6183040000000034,1.0005390000000367,0.9972610000000385,0.008048000000000003
101,1.0783763999858063,0.06305999999999994,0.10753899999999945,0.7774090000000193,0.8093930000000192,0.010555999999999989,0.9110000000000293,0.32406799999999525,0.8474130000000255,0.2587190000000025,0.3127519999999968,0.0,0.3175099999999957,0.6160089999999993,1.0005130000000366,0.9970130000000407,0.007772000000000007
102,1.0792822361618335,0.06423599999999989,0.11591299999999927,0.78204300000003,0.8056040000000281,0.010377999999999995,0.9147910000000338,0.32807699999999246,0.8501520000000319,0.2685459999999999,0.3196109999999934,0.0,0.3274899999999932,0.619457000000011,1.0005350000000455,0.9972310000000472,0.009115999999999999
103,1.0805579477650251,0.06466999999999985,0.12132199999999947,0.7845520000000226,0.8040910000000199,0.011083999999999995,0.9139550000000262,0.3344629999999936,0.8548140000000262,0.27659599999999934,0.3256999999999943,0.0,0.33341799999999394,0.6211410000000066,1.0005400000000302,0.9973480000000352,0.008153000000000007
104,1.0815347721498372,0.06556799999999986,0.12954799999999986,0.7831800000000197,0.8033780000000225,0.012504999999999995,0.9156440000000251,0.3422119999999937,0.8567080000000264,0.2807990000000005,0.3305019999999958,0.0,0.33270099999999564,0.6148600000000018,1.0004510000000333,0.9970790000000364,0.009957999999999995
105,1.0824227121978085,0.06896699999999988,0.13911300000000035,0.7841870000000172,0.8034610000000162,0.01379599999999999,0.916752000000026,0.3524719999999934,0.8572840000000223,0.2881119999999989,0.3397899999999941,0.0,0.33977399999999414,0.619640999999999,1.0004840000000346,0.9973350000000366,0.011433999999999993
106,1.0835105470236037,0.0670319999999999,0.14778800000000072,0.7907870000000218,0.7990320000000188,0.015105999999999991,0.9164900000000273,0.359849999999991,0.8593280000000241,0.30085999999999724,0.3445109999999943,0.0,0.34207499999999436,0.620550000000008,1.0005310000000318,0.9973050000000371,0.011384999999999989
107,1.0850621341269753,0.0683799999999999,0.15474300000000063,0.786591000000027,0.7962280000000256,0.015140999999999988,0.9172590000000368,0.36245499999999164,0.8667270000000342,0.30701699999999665,0.3483899999999923,0.0,0.3494809999999929,0.6186150000000079,1.0004630000000432,0.9971530000000469,0.011415999999999989
108,1.0858856962868235,0.07163199999999988,0.1638100000000012,0.7948470000000293,0.7982560000000289,0.014876999999999987,0.9150350000000377,0.3698559999999921,0.8706600000000351,0.3159839999999961,0.3541959999999926,0.0,0.35054299999999333,0.617555000000008,1.000497000000043,0.9972740000000451,0.011429999999999987
109,1.0864883628483095,0.07015699999999991,0.16991400000000131,0.8022290000000287,0.7999570000000266,0.01578399999999999,0.9185140000000331,0.37950799999999135,0.8726550000000339,0.318989999999995,0.3626229999999915,0.0,0.35923599999999245,0.6088940000000062,1.0004180000000369,0.9972400000000412,0.011059000000000001
110,1.0873955806313274,0.07135299999999987,0.17750100000000146,0.806416000000022,0.7974610000000236,0.015119999999999982,0.921992000000029,0.3863819999999885,0.8821230000000305,0.3293919999999945,0.3761579999999906,0.0,0.3625239999999922,0.6102440000000025,1.0004780000000326,0.997405000000037,0.011275999999999987
111,1.0883111677102544,0.0732379999999998,0.1836820000000017,0.8089310000000192,0.7995420000000165,0.014409999999999984,0.92287600000003,0.39442299999998953,0.8836130000000255,0.3376679999999943,0.3833889999999912,0.0,0.37315499999999224,0.6056550000000016,1.0004290000000349,0.9971610000000375,0.010784999999999986
112,1.0892667049155411,0.07479199999999987,0.1894160000000019,0.811194000000024,0.7989170000000199,0.015880999999999985,0.9236540000000304,0.39562299999998835,0.8833510000000304,0.34160899999999306,0.38319599999999004,0.0,0.3692039999999911,0.6026949999999967,1.0004280000000376,0.9972290000000421,0.010458999999999991
113,1.0895586283924985,0.07855399999999993,0.19307800000000197,0.813050000000023,0.7956180000000239,0.017876000000000017,0.9270910000000308,0.39406099999998956,0.8879210000000284,0.3507799999999915,0.3868219999999923,0.0,0.38291199999999226,0.6124470000000046,1.0004390000000356,0.9971540000000393,0.011285999999999994
114,1.0904945592543258,0.07356699999999979,0.20501600000000195,0.8168650000000273,0.8000940000000251,0.017305000000000022,0.9274370000000317,0.4004119999999897,0.8945690000000313,0.35653299999999255,0.3950559999999905,0.0,0.40007499999998936,0.6116700000000064,1.0004710000000379,0.9971520000000412,0.011432999999999985
115,1.091312430173808,0.07549699999999987,0.21252100000000246,0.8251010000000175,0.8005530000000148,0.018083000000000012,0.930392000000026,0.40799599999998976,0.8990400000000235,0.36736099999999366,0.4116529999999929,0.0,0.41378599999999227,0.6064209999999998,1.0004930000000318,0.9970680000000349,0.011765999999999992
116,1.0923720945435418,0.0743249999999998,0.213471000000002,0.8264830000000225,0.8013300000000215,0.018157,0.9304960000000257,0.4079569999999902,0.900044000000026,0.37317699999999193,0.41161899999999163,0.0,0.4229169999999919,0.6008640000000054,1.0004810000000304,0.9971360000000348,0.012639999999999985
117,1.0936392461732451,0.07731099999999984,0.21896800000000224,0.8364230000000211,0.8048960000000185,0.016607000000000007,0.9347810000000247,0.41145099999999,0.9038420000000232,0.3804749999999928,0.4273219999999902,0.0,0.4357819999999908,0.6061360000000033,1.000476000000031,0.9971400000000331,0.014005999999999987
118,1.0949155231735628,0.07895799999999985,0.22659600000000293,0.841684000000025,0.80561300000002,0.018204999999999995,0.9394900000000279,0.420646999999989,0.9061990000000292,0.39378399999999086,0.43624999999998987,0.0,0.4417109999999889,0.5944350000000017,1.0004710000000316,0.9973960000000344,0.014674999999999981
119,1.0960586149797895,0.0807049999999999,0.2295650000000027,0.8471530000000204,0.8081250000000159,0.01917700000000001,0.9422030000000232,0.42851399999998874,0.9104090000000266,0.40455799999999154,0.44141299999998956,0.0,0.4527349999999902,0.5953000000000004,1.0004380000000266,0.9970290000000297,0.015061999999999997
120,1.0966044521700782,0.07920799999999993,0.23473900000000256,0.8562610000000266,0.8040340000000218,0.02073900000000001,0.9425380000000286,0.4337129999999895,0.9121550000000271,0.40888899999999073,0.4486809999999887,0.0,0.451677999999988,0.5980140000000013,1.0004440000000347,0.9970260000000367,0.01495399999999998
121,1.0976900905777645,0.0755229999999998,0.23873000000000208,0.85748800000002,0.8043790000000163,0.02126,0.9435300000000248,0.44353999999998933,0.916572000000024,0.41457799999999306,0.4620159999999908,0.0,0.46501899999999036,0.5941250000000017,1.0004510000000293,0.9971590000000325,0.015986999999999994
122,1.0989019404377935,0.0794499999999999,0.25261200000000206,0.8625350000000258,0.8109510000000187,0.021584,0.9474310000000302,0.45295999999998815,0.9184930000000281,0.4267679999999898,0.46753499999998877,0.0,0.4759579999999863,0.5950580000000033,1.0004780000000348,0.9970790000000387,0.017727999999999994
123,1.0998085345386923,0.07596199999999981,0.2674289999999998,0.8617430000000222,0.8127490000000158,0.02002700000000003,0.9516320000000251,0.4626799999999889,0.9235370000000255,0.4382869999999902,0.4766339999999892,0.0,0.4902109999999878,0.5927860000000031,1.0004770000000291,0.9974030000000323,0.019739000000000024
124,1.1010095254584407,0.07513299999999978,0.27811299999999856,0.861430000000027,0.8158350000000255,0.020548000000000018,0.9548690000000296,0.4664169999999867,0.9245620000000314,0.4420749999999896,0.47925799999998997,0.0,0.4950799999999881,0.5906130000000026,1.0004560000000344,0.9971810000000365,0.021387000000000003
125,1.1023549590985882,0.07467199999999992,0.280643999999998,0.8658220000000203,0.814690000000016,0.021455000000000002,0.9559420000000224,0.469378999999988,0.9289020000000232,0.4497259999999915,0.48455599999999,0.0,0.497732999999989,0.5931710000000011,1.0003960000000267,0.9971150000000303,0.023202000000000004
126,1.1033669209510697,0.07237799999999989,0.2811819999999983,0.8655490000000241,0.8165780000000203,0.022322000000000022,0.9549440000000299,0.46812699999998986,0.9290060000000293,0.4487469999999905,0.48203499999998933,0.0,0.4914769999999884,0.5933750000000036,1.000433000000032,0.9972000000000345,0.025096000000000028
127,1.1044669777712925,0.07027599999999987,0.2862269999999983,0.8663640000000259,0.8162070000000189,0.02332300000000003,0.9553180000000291,0.47372799999998866,0.9309380000000289,0.45755899999998995,0.49454599999998927,0.0,0.4972129999999879,0.5967490000000013,1.0003940000000344,0.9972030000000371,0.027353000000000013
128,1.105194821509681,0.07195999999999989,0.29283799999999793,0.871660000000018,0.8149790000000149,0.024018000000000022,0.9566430000000203,0.47923999999998856,0.9333830000000204,0.46380599999998984,0.5035789999999883,0.0,0.5078989999999898,0.5954640000000007,1.0004290000000209,0.9971420000000255,0.029933000000000032
129,1.1060115604827987,0.0697839999999998,0.29619999999999813,0.8768050000000297,0.8110650000000236,0.02266600000000001,0.9571520000000355,0.4824179999999878,0.9364120000000341,0.4719929999999886,0.5043439999999879,0.0,0.51083899999999,0.5931320000000015,1.0004830000000386,0.9971450000000404,0.031917000000000036
130,1.1071584944710609,0.07264999999999988,0.29834399999999844,0.8770780000000256,0.8057350000000184,0.02353200000000002,0.9611310000000279,0.4868609999999895,0.9397820000000283,0.4795809999999902,0.5129089999999945,0.0,0.5141789999999943,0.5935700000000016,1.000440000000031,0.9972100000000327,0.03112500000000003
131,1.108688587510454,0.07107999999999984,0.307272999999998,0.8801090000000241,0.8049970000000173,0.02542700000000003,0.9625700000000286,0.495142999999987,0.9391050000000281,0.48125799999998986,0.5157599999999923,0.0,0.5136599999999913,0.5950340000000015,1.00039100000003,0.996979000000033,0.03009700000000004
132,1.110636553358742,0.0707919999999999,0.3156159999999977,0.8850810000000208,0.8090820000000144,0.023765000000000012,0.9638130000000256,0.5029279999999879,0.941671000000026,0.4901329999999892,0.5221199999999929,0.0,0.5237069999999937,0.5975940000000021,1.0004120000000278,0.9971710000000323,0.033273000000000004
133,1.111804943012906,0.07239899999999984,0.32582899999999554,0.8872540000000224,0.811688000000017,0.023803000000000036,0.9654430000000253,0.5053959999999884,0.9428240000000254,0.49617099999998926,0.5276229999999953,0.0,0.5322299999999961,0.5955650000000027,1.0004430000000286,0.9972240000000324,0.031198000000000076
134,1.1129300896152658,0.0741279999999998,0.3286509999999953,0.8904530000000259,0.8091900000000182,0.024974000000000017,0.9677640000000282,0.5113749999999893,0.9444940000000276,0.5073649999999904,0.5336749999999972,0.0,0.5421489999999974,0.5910330000000054,1.000437000000031,0.9973710000000349,0.029964000000000053
135,1.1151615144449787,0.07339699999999987,0.34141499999999625,0.8943300000000218,0.8127890000000172,0.024886000000000037,0.9698370000000245,0.5197659999999918,0.9458210000000259,0.5156289999999923,0.5446369999999965,0.0,0.5527059999999977,0.5867090000000003,1.0004180000000262,0.996814000000029,0.030266000000000043
136,1.1165699634377508,0.07137099999999985,0.351657999999995,0.9010580000000238,0.8132360000000178,0.023986000000000018,0.970331000000026,0.5269939999999959,0.9473840000000255,0.5299519999999971,0.5589700000000006,0.0,0.5684860000000036,0.5856880000000042,1.0003990000000296,0.9969910000000312,0.03101800000000006
137,1.1183553588093194,0.06775799999999983,0.3622659999999956,0.9060180000000247,0.8141380000000168,0.025884000000000025,0.9694090000000276,0.5354139999999948,0.9494340000000279,0.537078999999997,0.5644339999999988,0.0,0.5747410000000026,0.5842910000000021,1.0003350000000288,0.9968630000000344,0.02951000000000003
138,1.1197700783382452,0.06748099999999986,0.3683769999999951,0.9079340000000253,0.8139000000000189,0.024633000000000016,0.969609000000028,0.5324209999999943,0.9498850000000268,0.5476299999999982,0.5716820000000015,0.0,0.5836660000000025,0.5898720000000022,1.0003890000000295,0.997135000000031,0.02909700000000003
139,1.121295205184974,0.06636899999999989,0.3820129999999932,0.9107730000000237,0.8167120000000164,0.02419800000000003,0.9674820000000246,0.5374939999999975,0.9492390000000255,0.5561900000000012,0.5783720000000032,0.0,0.5931270000000044,0.5897690000000018,1.0003980000000268,0.9972400000000299,0.03048900000000004
140,1.1225443280435785,0.06583199999999989,0.39187599999999406,0.9124020000000244,0.8177470000000144,0.023547000000000012,0.9715510000000278,0.5485789999999945,0.9502910000000255,0.5585879999999995,0.5804489999999993,0.0,0.5933189999999989,0.5917060000000024,1.00041700000003,0.996859000000035,0.03284700000000003
141,1.1244548984899414,0.0656169999999999,0.40448099999999515,0.9187820000000219,0.819093000000015,0.024793000000000027,0.9723420000000237,0.554872999999996,0.9555620000000243,0.5755940000000015,0.5938170000000038,0.0,0.6113760000000039,0.5822050000000026,1.0003670000000262,0.9972400000000294,0.03351800000000004
142,1.1265576291501465,0.06655799999999998,0.4057089999999945,0.9246750000000208,0.8211590000000127,0.024021,0.9732310000000198,0.5577689999999978,0.9561220000000212,0.5857900000000038,0.6020650000000028,0.0,0.6235150000000029,0.5771599999999991,1.0003400000000242,0.9968590000000284,0.03838999999999999
143,1.1274262050822472,0.06562399999999993,0.40947999999999396,0.9261990000000198,0.8233040000000159,0.023341000000000004,0.973737000000023,0.562459999999997,0.955911000000023,0.5859570000000008,0.6090720000000026,0.0,0.6296700000000043,0.5758749999999978,1.000348000000025,0.9970400000000255,0.03848300000000001
144,1.1286415705313544,0.06586799999999988,0.41767899999999475,0.924482000000023,0.8285190000000147,0.021005000000000013,0.9761740000000233,0.5716899999999994,0.9594690000000237,0.6030370000000048,0.6199450000000037,0.0,0.6398630000000048,0.5737159999999978,1.0002550000000254,0.997024000000029,0.04002399999999999
145,1.130019641889,0.06471499999999991,0.42448599999999415,0.925743000000021,0.8295110000000143,0.021802000000000005,0.9783040000000219,0.5786900000000045,0.9608260000000225,0.6078350000000042,0.6291760000000071,0.0,0.6464220000000077,0.5689150000000015,1.000356000000024,0.9971020000000272,0.04281699999999999
146,1.130749634577687,0.06515599999999999,0.4331549999999946,0.9293810000000216,0.834037000000015,0.02207200000000001,0.9807200000000221,0.5844290000000045,0.9589110000000226,0.613072000000006,0.6351260000000054,0.0,0.6574040000000089,0.5620959999999978,1.0003450000000238,0.9971360000000271,0.04251300000000002
147,1.1319312679458453,0.06396099999999993,0.4422219999999942,0.9327100000000222,0.8326000000000148,0.024091000000000036,0.9820730000000235,0.5952620000000012,0.9603560000000245,0.617599000000004,0.641994000000006,0.0,0.6636090000000061,0.5539959999999965,1.000364000000025,0.9971320000000272,0.044778000000000005
148,1.1340604306608781,0.0656649999999999,0.4486419999999938,0.9351080000000201,0.8371650000000139,0.023430000000000013,0.9812280000000223,0.600096000000003,0.964470000000022,0.6205360000000035,0.6533350000000047,0.0,0.6764620000000072,0.5503169999999955,1.0003380000000235,0.9970490000000279,0.046077
149,1.1351434583721847,0.06425199999999989,0.4546109999999927,0.9372700000000207,0.8415200000000135,0.024756000000000014,0.9793370000000222,0.6025920000000036,0.9654560000000227,0.6205870000000049,0.6592840000000059,0.0,0.6829980000000058,0.5496069999999971,1.0002780000000238,0.9968850000000288,0.04836799999999996
150,1.136219574370748,0.06464999999999992,0.46187599999999374,0.9423370000000201,0.8450930000000132,0.02616000000000002,0.9787090000000215,0.6045040000000005,0.9647870000000207,0.6253670000000024,0.6710560000000042,0.0,0.6880760000000054,0.5464019999999962,1.0003410000000232,0.9971520000000256,0.046932999999999975
151,1.1378875447059487,0.06216799999999988,0.47121199999999436,0.9459920000000174,0.8426560000000124,0.028445000000000012,0.9797610000000196,0.610686000000005,0.967244000000019,0.632957000000003,0.6765660000000029,0.0,0.6969990000000033,0.5465599999999969,1.0003480000000213,0.9971820000000242,0.048968999999999985
152,1.1391232905795223,0.059056999999999936,0.48572199999999455,0.9501480000000248,0.845415000000016,0.02765200000000003,0.9814460000000256,0.6210780000000056,0.9696640000000263,0.6426850000000053,0.6867670000000107,0.0,0.7061310000000098,0.5418829999999928,1.0003090000000265,0.9969780000000293,0.05217299999999999
153,1.139637035183602,0.05668699999999996,0.4970149999999938,0.9518340000000172,0.8471900000000112,0.029396000000000037,0.9842190000000177,0.6270320000000024,0.9731830000000194,0.6445480000000056,0.691168000000007,0.0,0.7139060000000086,0.5341249999999949,1.0002900000000188,0.9968460000000218,0.054291999999999986
154,1.1405590015450857,0.054636999999999936,0.5038309999999931,0.9514080000000286,0.8473390000000182,0.03192600000000003,0.9838770000000276,0.6309670000000104,0.9749730000000276,0.6441890000000087,0.6936260000000107,0.0,0.714748000000014,0.5367039999999975,1.00026800000003,0.9969790000000328,0.055293999999999975
155,1.1423473980595409,0.052947999999999946,0.512643999999993,0.9538210000000182,0.8459880000000095,0.03346500000000001,0.9837850000000192,0.6341110000000083,0.9747070000000185,0.6522910000000057,0.7022910000000074,0.0,0.7195480000000092,0.5431469999999942,1.0002730000000197,0.9970890000000232,0.05601199999999993
156,1.1430202406770198,0.05317899999999997,0.5188789999999947,0.9555200000000174,0.8490180000000115,0.03508599999999997,0.9858490000000171,0.6382630000000019,0.9770270000000179,0.6568430000000022,0.7162990000000061,0.0,0.7265030000000074,0.5501149999999989,1.0002430000000178,0.9968120000000198,0.05800499999999993
157,1.1445633180019528,0.0519259999999999,0.5244319999999951,0.9574630000000187,0.8517470000000144,0.037882000000000006,0.9862300000000203,0.6400540000000073,0.9795460000000195,0.66630700000001,0.7218350000000087,0.0,0.7319690000000099,0.5427549999999978,1.0002910000000218,0.9971250000000245,0.05523299999999998
158,1.145691857433526,0.05152199999999999,0.5249909999999954,0.9597450000000204,0.8487990000000151,0.03983100000000004,0.9861870000000221,0.6390000000000038,0.9795630000000219,0.6659970000000063,0.7176240000000095,0.0,0.7381200000000082,0.5422019999999967,1.0002520000000223,0.9968890000000241,0.05334399999999994
159,1.1462257498391144,0.05173400000000001,0.5327059999999944,0.9618920000000186,0.8539230000000122,0.03905900000000002,0.9870490000000197,0.6452220000000045,0.9825670000000196,0.6794210000000073,0.727937000000008,0.0,0.7425510000000082,0.5370809999999964,1.0002450000000211,0.9969580000000234,0.05384299999999994
160,1.148097536488625,0.05132899999999993,0.5395579999999991,0.9627050000000192,0.8594600000000152,0.037282000000000017,0.9883650000000189,0.648954000000006,0.9835840000000197,0.6882160000000104,0.7299730000000105,0.0,0.7478050000000098,0.5308869999999968,1.0003140000000212,0.9971310000000232,0.05662899999999995
161,1.1501067071775029,0.052130999999999955,0.5480349999999996,0.9616830000000205,0.8651360000000143,0.036561,0.9889030000000232,0.6523430000000049,0.9839830000000227,0.6914660000000075,0.7306120000000079,0.0,0.7539200000000108,0.5279989999999952,1.0002620000000235,0.9970110000000252,0.05797900000000003
162,1.1520584382596097,0.05225899999999996,0.549455999999995,0.9638940000000217,0.8640530000000153,0.03792800000000001,0.9883230000000205,0.6550440000000074,0.9840480000000214,0.6975650000000093,0.7355870000000125,0.0,0.7566170000000111,0.5330169999999967,1.0002700000000222,0.9969380000000246,0.06318100000000003
163,1.1535284648268531,0.05564299999999997,0.5582450000000039,0.9633100000000249,0.8629930000000181,0.03935700000000004,0.9887080000000241,0.6598660000000114,0.9834590000000247,0.7027380000000095,0.7419050000000112,0.0,0.7623890000000124,0.529304999999997,1.0002870000000257,0.9969460000000268,0.06297099999999997
164,1.1552622181095156,0.06030499999999992,0.5652970000000028,0.9668870000000185,0.8680340000000131,0.037035999999999986,0.98891500000002,0.6660730000000087,0.9854040000000194,0.7105750000000065,0.7509680000000075,0.0,0.7724270000000075,0.5195159999999944,1.0002200000000205,0.996924000000022,0.06476799999999992
165,1.157845384429231,0.05933499999999997,0.5674500000000003,0.9670640000000167,0.8668960000000114,0.03739800000000001,0.9888050000000165,0.6667190000000072,0.9861270000000162,0.7137110000000093,0.7492070000000097,0.0,0.7742690000000086,0.514380999999991,1.0002430000000175,0.9970330000000186,0.06615099999999995
166,1.1591954321474947,0.05765799999999991,0.578711000000004,0.9690600000000182,0.8681000000000129,0.03474000000000001,0.9884600000000205,0.6762820000000097,0.9877150000000195,0.7251440000000082,0.7617660000000098,0.0,0.7839210000000086,0.5131109999999933,1.0002290000000207,0.9967860000000237,0.06602499999999999
167,1.1615903299103332,0.06106699999999996,0.5809200000000023,0.9700040000000151,0.8714160000000098,0.035875999999999963,0.9864520000000153,0.6781360000000062,0.9872870000000159,0.7242140000000072,0.7640380000000065,0.0,0.7891230000000067,0.5098709999999913,1.0002240000000155,0.9970650000000183,0.06657199999999999
168,1.164023861651512,0.061794999999999975,0.5917830000000048,0.9699570000000151,0.8755460000000121,0.034511,0.9869600000000149,0.6850880000000086,0.9861690000000155,0.7267980000000087,0.7687780000000086,0.0,0.7933410000000071,0.502794999999989,1.000179000000017,0.9971170000000185,0.06854700000000001
169,1.1659805857629668,0.06261199999999997,0.5980220000000036,0.9698820000000195,0.878417000000016,0.032982000000000025,0.9883190000000199,0.6896050000000089,0.9856730000000203,0.7260960000000071,0.7710140000000086,0.0,0.7965490000000095,0.4962569999999891,1.0002290000000211,0.9971000000000222,0.06730899999999988
170,1.1675931369131007,0.06155599999999997,0.6053290000000031,0.9713920000000145,0.8835780000000112,0.03435499999999999,0.9890290000000146,0.6962190000000089,0.9860770000000152,0.7343190000000073,0.7765110000000076,0.0,0.8043470000000082,0.4895939999999906,1.0001810000000153,0.9965940000000179,0.06821699999999997
171,1.1695441850448982,0.06484799999999995,0.617797000000005,0.9720400000000153,0.8875450000000115,0.03446999999999999,0.9881840000000169,0.7042760000000063,0.9866980000000168,0.7389140000000064,0.7805150000000082,0.0,0.8086460000000076,0.48779399999998824,1.000237000000018,0.9969640000000191,0.07014699999999996
172,1.1707265942159983,0.06569999999999997,0.6301290000000038,0.9729750000000152,0.8926730000000114,0.03237300000000001,0.9888790000000153,0.7121630000000062,0.9865930000000159,0.7450770000000058,0.7872260000000048,0.0,0.8148730000000073,0.4817929999999926,1.0002260000000163,0.996832000000018,0.06857399999999995
173,1.1723211238373397,0.06732699999999994,0.634507000000003,0.974306000000017,0.8941610000000116,0.03153000000000003,0.9879500000000171,0.7119840000000083,0.9855700000000178,0.7514740000000083,0.7901680000000091,0.0,0.8146390000000101,0.479244999999991,1.000205000000018,0.9969230000000201,0.0725479999999999
174,1.1725673112733663,0.06587100000000001,0.6451650000000038,0.9734450000000114,0.8948480000000097,0.030776000000000026,0.9880620000000124,0.7205170000000071,0.9857460000000123,0.753582000000005,0.7879520000000054,0.0,0.8137900000000056,0.4768339999999921,1.0001960000000127,0.996758000000015,0.07478799999999994
175,1.1740212947393587,0.06745599999999999,0.6467600000000028,0.9728240000000132,0.8985180000000088,0.02902300000000003,0.9895960000000128,0.7198370000000078,0.9870150000000133,0.7637070000000065,0.7966000000000073,0.0,0.8251100000000066,0.46442099999999203,1.0001470000000137,0.9967990000000155,0.07415499999999996
176,1.1756308779344609,0.069032,0.6522500000000048,0.9718900000000108,0.8986970000000085,0.02966300000000002,0.99080400000001,0.7253710000000064,0.9886380000000105,0.7667670000000051,0.8009800000000068,0.0,0.8290050000000064,0.47065099999999377,1.0002190000000106,0.996918000000012,0.073945
177,1.177040459357116,0.06674099999999994,0.6571840000000032,0.970269000000012,0.8975960000000077,0.02980800000000006,0.9916240000000123,0.7278280000000062,0.9884570000000128,0.7679520000000037,0.8049950000000038,0.0,0.8289720000000045,0.47088299999999206,1.0001750000000127,0.9967640000000149,0.07386499999999997
178,1.1788519246240816,0.06510600000000008,0.6584210000000054,0.9695990000000152,0.894948000000011,0.031545000000000004,0.9914200000000152,0.7329640000000074,0.9899970000000153,0.7711380000000065,0.8087360000000081,0.0,0.8291600000000081,0.47003899999999255,1.0001770000000152,0.9968520000000165,0.07444399999999993
179,1.1800602478468378,0.06671999999999995,0.6665330000000058,0.9717780000000128,0.8959420000000098,0.03089600000000004,0.9917320000000132,0.7392380000000089,0.990741000000014,0.7734180000000072,0.8096110000000079,0.0,0.8299930000000079,0.46899099999999283,1.0001780000000144,0.996934000000016,0.07906299999999998
180,1.183123684250265,0.06536599999999994,0.6738050000000048,0.9722460000000127,0.8968100000000094,0.03276600000000004,0.9923280000000129,0.744603000000008,0.989942000000013,0.7709850000000071,0.8122980000000074,0.0,0.828105000000008,0.469097999999993,1.000181000000013,0.9971230000000147,0.08174599999999986
181,1.1847682261713888,0.06439899999999994,0.6853890000000031,0.9712480000000108,0.8945760000000097,0.035221999999999976,0.9931070000000111,0.7550270000000077,0.9903180000000117,0.7707450000000068,0.8115910000000073,0.0,0.8288020000000077,0.47020099999999226,1.0001850000000112,0.9969030000000132,0.08505299999999992
182,1.1862681427457336,0.06585399999999991,0.6913060000000061,0.9730150000000128,0.8947920000000086,0.036427999999999995,0.9926160000000139,0.7601510000000089,0.990581000000014,0.7750260000000057,0.8140790000000059,0.0,0.8315360000000066,0.4713519999999928,1.0001520000000144,0.9968600000000157,0.08471900000000004
183,1.1872100396510898,0.06586999999999997,0.6998380000000034,0.9750550000000132,0.8979070000000088,0.03692800000000002,0.9919530000000149,0.7663350000000058,0.9911470000000155,0.7820970000000048,0.8209870000000062,0.0,0.8391980000000062,0.46903999999999285,1.0001540000000153,0.9971330000000161,0.08800099999999991
184,1.1883889392204814,0.06735299999999994,0.7012890000000045,0.9781440000000121,0.8975100000000102,0.035059000000000014,0.9928830000000121,0.7642280000000057,0.9915240000000123,0.7862290000000055,0.8235350000000059,0.0,0.8463530000000076,0.4711079999999938,1.0001510000000124,0.9971420000000146,0.09058699999999999
185,1.1898625415051292,0.06366399999999994,0.7054380000000046,0.9774970000000086,0.8963510000000067,0.034272000000000004,0.9934810000000089,0.7666330000000067,0.9922120000000093,0.7907290000000053,0.8277910000000048,0.0,0.8506100000000053,0.46304899999999444,1.0001320000000093,0.9969300000000112,0.09269699999999997
186,1.192016192705264,0.06669099999999999,0.7067740000000026,0.9779230000000128,0.8941830000000096,0.03521000000000005,0.9927660000000135,0.7719110000000056,0.993867000000013,0.7947120000000043,0.8373460000000073,0.0,0.8503250000000065,0.4658079999999935,1.0001560000000134,0.9967750000000153,0.09726300000000002
187,1.193732696022774,0.06667599999999987,0.7138290000000014,0.9786070000000121,0.8960810000000076,0.03474200000000001,0.9926010000000126,0.7758340000000047,0.9933890000000128,0.7951500000000039,0.8367210000000036,0.0,0.8533140000000046,0.4604169999999934,1.0001320000000131,0.9969420000000151,0.09734299999999987
188,1.1959088707276386,0.06514799999999991,0.717676000000004,0.9794160000000116,0.8943830000000073,0.035767000000000014,0.9909770000000134,0.778090000000006,0.9934950000000132,0.7960300000000041,0.8364860000000045,0.0,0.8542330000000055,0.45967299999999306,1.0001260000000134,0.9971050000000155,0.095101
189,1.1970055191621114,0.06614699999999993,0.720698000000008,0.9817400000000132,0.8978060000000104,0.03514400000000001,0.9916370000000131,0.7760210000000107,0.9943320000000136,0.8006770000000079,0.8411040000000084,0.0,0.8621720000000088,0.462047999999994,1.0001480000000138,0.9968590000000153,0.09817399999999994
190,1.1987244190876427,0.06509900000000002,0.7264740000000032,0.9828620000000092,0.8984010000000076,0.03414000000000001,0.9925620000000092,0.7807490000000052,0.9951910000000092,0.8057100000000037,0.8464600000000054,0.0,0.8678200000000049,0.4584879999999939,1.0001250000000095,0.9968550000000106,0.10014899999999995
191,1.2006375832605158,0.06518599999999992,0.7253310000000041,0.9845340000000126,0.9031550000000089,0.034152000000000036,0.9928560000000132,0.7813260000000058,0.9958290000000136,0.8088900000000065,0.849018000000007,0.0,0.8705930000000078,0.45359899999999476,1.0001260000000138,0.996809000000014,0.09925199999999994
192,1.2024097243334235,0.0683829999999999,0.7268510000000018,0.9838370000000116,0.9061990000000079,0.03294400000000003,0.9932470000000122,0.7803330000000057,0.9964160000000122,0.820880000000006,0.8506420000000062,0.0,0.8676860000000074,0.4557579999999937,1.0001750000000122,0.996699000000013,0.10061100000000002
193,1.2052726618870748,0.06843999999999995,0.7373670000000054,0.9849900000000119,0.9071710000000092,0.032483000000000026,0.9925100000000115,0.7877840000000068,0.9956780000000116,0.8282040000000059,0.854048000000006,0.0,0.871799000000007,0.45386599999999494,1.0001110000000117,0.9969200000000125,0.10379799999999997
194,1.2067045258094102,0.06908199999999992,0.7418400000000068,0.9834150000000103,0.9115950000000073,0.030547000000000015,0.9938200000000099,0.7889260000000081,0.9957030000000107,0.8316970000000055,0.8550250000000065,0.0,0.8719160000000062,0.4512429999999948,1.0001560000000105,0.9968770000000119,0.104205
195,1.2080138002199254,0.07009399999999988,0.7395940000000041,0.9833040000000095,0.9121420000000078,0.02900300000000002,0.9941160000000093,0.7874150000000059,0.9954210000000095,0.8348080000000051,0.852476000000006,0.0,0.8723540000000056,0.4491259999999946,1.00009100000001,0.9968760000000113,0.10541399999999997
196,1.2096023383672254,0.06894199999999993,0.7375410000000051,0.9815250000000111,0.9107340000000074,0.029406000000000026,0.994653000000011,0.787939000000007,0.9966270000000114,0.8321660000000068,0.852049000000006,0.0,0.8719110000000068,0.45246599999999293,1.000113000000011,0.9967240000000118,0.1080179999999999
197,1.2107526701910252,0.07055099999999997,0.7384900000000052,0.9843430000000127,0.9135810000000087,0.027878000000000024,0.994218000000013,0.7874620000000072,0.9973140000000131,0.8369770000000079,0.8605580000000077,0.0,0.8807160000000077,0.44564499999999174,1.0001140000000135,0.9968330000000153,0.11267699999999992
198,1.213324308862526,0.06954700000000001,0.7359820000000045,0.9849870000000125,0.9148760000000067,0.02601600000000003,0.9949510000000125,0.7842110000000079,0.9972960000000132,0.8401810000000051,0.8670130000000053,0.0,0.880773000000006,0.44101799999999397,1.000105000000013,0.9969680000000141,0.10713600000000006
199,1.214350781227839,0.06672399999999998,0.7387310000000048,0.987488000000011,0.919801000000008,0.025477000000000024,0.9948870000000103,0.7865250000000061,0.997435000000011,0.8486520000000067,0.876454000000006,0.0,0.8858120000000063,0.4348839999999936,1.000109000000011,0.9967720000000122,0.10468999999999999
200,1.2163775326817206,0.06308399999999999,0.743438000000006,0.987571000000012,0.9209970000000071,0.024545000000000036,0.9949180000000116,0.7901540000000074,0.9978500000000121,0.8505900000000066,0.8776930000000063,0.0,0.888586000000007,0.4338949999999935,1.0001170000000124,0.9966630000000136,0.10698999999999997
