,PopRatio,Diff_KC,Fibroblast,ILC3,M1,M2,Neutrophil,Prol_KC,Th0,Th1,Th17,Th2,Th22,Treg,iDC,pDC,preDiff_KC
0,1.0,0.00047299999999999995,0.0,0.0,0.0,0.0,0.0,0.0,0.0,0.0,0.0,0.0,0.0,0.17010999999999998,0.0,0.0,0.0
1,1.0000019999999996,0.0014960000000000002,0.0,0.0,0.0,0.0,0.0,0.0,0.0,0.0,0.0,0.0,0.0,0.12864899999999999,0.0,0.0,0.0
2,1.0000019999999994,0.001985,0.0,0.0,6.7e-05,0.0,0.0,0.0,0.0,0.0,0.0,0.0,0.0,0.126387,0.000743,0.000741,0.0
3,1.0000040000039994,0.0026369999999999996,0.0,0.0,0.00019999999999999998,0.0,0.0,0.0,0.0,0.0,0.0,0.0,0.0,0.13921800000000004,0.004069000000000001,0.004101000000000001,0.0
4,1.0000050000079999,0.002818,0.0,0.0,0.000266,0.0,5.9e-05,0.0,0.0,0.0,0.0,0.0,0.0,0.15013400000000005,0.010850999999999996,0.010831999999999998,0.0
5,1.0000080000229992,0.002387,0.0,0.0,0.0009950000000000002,0.0,0.00038700000000000003,0.0,0.0,0.0,0.0,0.0,0.0,0.16659300000000002,0.019892000000000003,0.019920999999999998,0.0
6,1.0000190001109999,0.003587,0.0,0.0,0.0013329999999999998,0.0,0.0010820000000000003,0.0,0.0,0.0,0.0,0.0,0.0,0.17925299999999997,0.038306999999999994,0.038276,0.0
7,1.000031000339002,0.004889999999999999,0.0,0.0,0.0031400000000000013,0.0,0.0018920000000000002,0.0,0.0,0.0,0.0,0.0,0.0,0.19723600000000008,0.062267000000000024,0.06237700000000003,0.0
8,1.0000600012380136,0.005825000000000001,0.0,0.0,0.005201000000000001,0.0,0.0026850000000000008,0.0,0.0,0.0,0.0,0.0,0.0,0.2130940000000004,0.09232499999999987,0.09219199999999983,0.0
9,1.0000970034580625,0.007314000000000003,0.0,0.0,0.00907,0.0,0.004330000000000002,0.0,4.3e-05,0.0,0.0,0.0,0.0,0.22523500000000068,0.1314980000000002,0.1314900000000002,0.0
10,1.00015900947228,0.009003,0.0,0.0,0.013306999999999992,0.0,0.006975000000000004,0.0,6.7e-05,0.0,0.0,0.0,0.0,0.2403060000000002,0.17690000000000078,0.17695400000000083,0.0
11,1.0002310209209642,0.010118999999999996,0.0,0.0,0.02105600000000004,0.0,0.012796999999999994,0.0,0.0,0.0,0.0,0.0,0.0,0.2563409999999992,0.2203830000000006,0.22040100000000065,0.0
12,1.0003110394026409,0.010750999999999993,0.0,0.0,0.024813000000000012,0.0,0.01761899999999999,0.0,4.2e-05,0.0,0.0,0.0,0.0,0.2765250000000001,0.26280399999999987,0.26268599999999986,0.0
13,1.000399066774116,0.011406999999999995,0.0,0.0,0.03424900000000003,0.0,0.022177000000000023,0.0,0.000134,0.0,0.0,0.0,0.0,0.28847899999999904,0.3128649999999978,0.3125769999999979,0.0
14,1.0004831002957328,0.012460999999999993,0.0,0.0,0.04142099999999998,0.0,0.028455000000000032,0.0,0.000201,0.0,0.0,0.0,0.0,0.30232099999999973,0.35300199999999693,0.35263499999999726,0.0
15,1.0006091611663734,0.013000999999999992,0.0,0.0,0.04983099999999994,0.0,0.03261600000000009,0.0,0.000551,0.0,0.0,0.0,0.0,0.31870599999999827,0.39480499999999663,0.3945159999999966,0.0
16,1.0007492464489431,0.012925999999999981,0.0,0.0,0.06308899999999987,0.0,0.03613000000000005,0.0,0.001023,0.0,0.0,0.0,0.0,0.3339609999999974,0.4407599999999947,0.4406419999999947,0.0
17,1.000943391802773,0.01413999999999999,0.0,0.0,0.07639399999999982,0.0,0.042017,0.0,0.0009889999999999999,0.0,0.0,0.0,0.0,0.3417549999999978,0.48882499999999185,0.4886749999999919,0.0
18,1.0011656012357688,0.014991999999999976,0.0,0.0,0.0877039999999996,0.0,0.051297999999999934,0.0,0.0016279999999999997,0.0,0.0,0.0,0.0,0.34902599999999595,0.5228029999999941,0.5224229999999941,0.0
19,1.0014589427569585,0.014659999999999977,0.0,0.0,0.10298099999999946,0.0,0.059403999999999804,0.0,0.0023120000000000003,0.0,0.0,0.0,0.0,0.3539719999999979,0.5631440000000012,0.5622200000000013,0.0
20,1.001751368768266,0.014404999999999979,0.0,0.0,0.11832699999999934,0.0,0.06710699999999975,0.0,0.0022770000000000004,0.0,0.0,0.0,0.0,0.3651779999999987,0.6038990000000108,0.603259000000011,0.0
21,1.0020769379631356,0.013845000000000001,0.0,0.0,0.13395299999999996,0.0,0.07528299999999954,0.0,0.0030229999999999996,0.0,0.0,0.0,0.0,0.3732289999999965,0.637353000000012,0.6361710000000125,0.0
22,1.0024948040462887,0.01448499999999998,0.0,0.0,0.1466520000000006,0.0,0.08589899999999963,0.0,0.004408000000000001,0.0,0.0,0.0,0.0,0.38764999999999683,0.6679690000000076,0.665977000000008,0.0
23,1.0029820165210843,0.014998999999999974,0.0,0.0,0.1645220000000019,0.0,0.09549999999999946,0.0,0.006288000000000006,0.0,0.0,0.0,0.0,0.3888019999999941,0.6996590000000168,0.6975490000000171,0.0
24,1.0034855134934217,0.014524999999999979,0.0,0.0,0.1787270000000026,0.0,0.09990499999999933,0.0,0.008823999999999995,0.0,0.0,0.0,0.0,0.39627599999999547,0.714459000000016,0.7123600000000161,0.0
25,1.0040605106926885,0.013945999999999991,0.0,0.0,0.19083200000000242,0.0,0.10996299999999945,0.0,0.01218499999999999,0.0,0.0,0.0,0.0,0.4020759999999911,0.7402400000000217,0.7369920000000214,0.0
26,1.0046187683366705,0.015468999999999993,0.0,0.0,0.2076770000000046,0.0,0.11825999999999906,6.7e-05,0.016959999999999992,0.0,0.0,0.0,0.0,0.41568399999999384,0.7617440000000318,0.7580920000000316,0.0
27,1.0052426365918503,0.014837999999999988,0.0,0.0,0.22551400000000432,0.0,0.12739799999999932,1.9e-05,0.021346000000000025,0.0,0.0,0.0,0.0,0.4194429999999884,0.7857060000000367,0.7813830000000362,0.0
28,1.0059111229452247,0.013959999999999997,0.0,0.0,0.23985200000000645,0.0,0.14195800000000014,0.000116,0.024492000000000028,0.0,0.0,0.0,0.0,0.420961999999991,0.8049680000000334,0.7999750000000331,0.0
29,1.0066323612204138,0.01441999999999999,0.0,8e-06,0.25766600000000334,0.0,0.1503010000000005,0.000262,0.029672000000000046,0.0,0.0,0.0,0.0,0.4340809999999916,0.8244310000000328,0.8195220000000351,0.0
30,1.0074326339476227,0.014643999999999971,0.0,0.0,0.2711120000000022,0.0,0.16287100000000132,0.000397,0.03687399999999998,0.0,0.0,0.0,0.0,0.43469399999998937,0.8392890000000396,0.8340300000000407,0.0
31,1.0082285057284823,0.01415099999999998,0.0,6.7e-05,0.2964300000000001,0.0,0.174460000000002,0.0005630000000000001,0.045167999999999986,0.0,0.0,0.0,0.0,0.43936599999998344,0.8615850000000463,0.8560370000000458,0.0
32,1.009082475272902,0.015049999999999975,0.0,8.6e-05,0.31899099999999664,0.0,0.18688700000000386,0.00046200000000000006,0.0547209999999999,0.0,0.0,0.0,0.0,0.4481499999999816,0.8793580000000542,0.8729440000000543,0.0
33,1.0100098220677405,0.016537999999999987,0.0,0.000305,0.33255299999999455,0.0,0.197767000000004,0.000903,0.06327599999999983,0.0,0.0,0.0,0.0,0.45159099999998736,0.8915480000000499,0.8853540000000507,0.0
34,1.0109511512219587,0.019117000000000012,0.0,0.001037,0.3482929999999931,0.0,0.20998900000000525,0.0010360000000000002,0.07177599999999973,0.0,0.0,0.0,0.0,0.45537399999998873,0.8991560000000534,0.8932350000000527,0.0
35,1.0118822372322906,0.02044700000000001,0.0,0.002444,0.363204999999991,0.0,0.21629300000000543,0.0013050000000000004,0.08080099999999965,0.0,0.0,0.0,0.0,0.4605129999999827,0.9101550000000431,0.9034930000000438,0.0
36,1.0127666223076819,0.020439999999999996,0.0,0.002582,0.37517599999998863,0.0,0.23584900000000653,0.0022159999999999997,0.09198199999999934,0.0,0.0,0.0,0.0,0.4622189999999849,0.9180680000000478,0.9105340000000498,0.0
37,1.013764197430715,0.02181800000000001,6.5e-05,0.0035749999999999988,0.4027049999999879,0.0,0.24676000000000775,0.0025599999999999998,0.10448099999999927,0.0,0.0,0.0,6.5e-05,0.47625799999998447,0.9290370000000574,0.9228660000000579,0.0
38,1.0147607276368529,0.024250000000000032,6.7e-05,0.004947000000000003,0.4214829999999861,0.0,0.2570570000000054,0.0027280000000000004,0.11206399999999928,0.0,0.0,0.0,0.000152,0.4865479999999828,0.9379020000000597,0.9319680000000616,0.0
39,1.0158028869042033,0.024930000000000042,0.0,0.007518000000000005,0.4382299999999851,0.0,0.26796700000000384,0.003067,0.1236629999999995,7e-05,1.8e-05,0.0,0.000267,0.49053999999998527,0.9484890000000564,0.9429700000000577,0.0
40,1.016717109502477,0.024682000000000048,0.0,0.010798999999999996,0.449590999999988,0.0,0.27936100000000263,0.005000000000000002,0.13764799999999996,0.00017,0.0,0.0,0.000533,0.4952819999999842,0.9539890000000547,0.9477170000000547,0.0
41,1.0176850241907818,0.025729000000000044,0.0,0.014787999999999978,0.47175399999997913,0.0,0.28540000000000076,0.005102000000000002,0.1480670000000007,0.000228,5.9e-05,0.0,0.00046699999999999997,0.4964769999999809,0.959980000000056,0.9534780000000567,0.0
42,1.0187139037502972,0.027181000000000056,0.0,0.019466999999999995,0.4847159999999838,0.0,0.2969000000000013,0.006192000000000003,0.16334500000000157,0.000267,0.000138,0.0,0.00043400000000000003,0.5087769999999868,0.9623160000000505,0.9556680000000513,0.0
43,1.0196714948198762,0.027922000000000037,0.0,0.025795000000000037,0.49567099999997905,0.0,0.30655699999999764,0.006281000000000006,0.18085800000000213,0.0006230000000000001,0.000309,0.0,0.0004270000000000001,0.5104079999999831,0.966723000000055,0.9603480000000559,0.0
44,1.0205779827788277,0.03074300000000008,0.0,0.03343000000000006,0.5105049999999801,0.0,0.318823999999995,0.007556000000000006,0.1992840000000036,0.000894,0.0007760000000000001,0.0,0.000606,0.5244889999999814,0.9721200000000616,0.9664250000000607,0.0
45,1.0215199762569962,0.028968000000000094,0.0,0.04230600000000001,0.5320469999999814,0.0,0.3344159999999945,0.008469999999999998,0.21316600000000355,0.0016370000000000002,0.000731,0.0,0.000977,0.5265979999999909,0.9767030000000655,0.9705440000000674,0.0
46,1.0224934847944362,0.02798700000000006,0.0,0.05029600000000004,0.5365869999999817,0.0,0.3450989999999925,0.008369000000000003,0.233792000000004,0.002102,0.0011870000000000001,0.0,0.0015850000000000003,0.5304159999999822,0.9795750000000578,0.9737060000000609,0.0
47,1.0234761010333837,0.027063000000000056,6.6e-05,0.0559349999999999,0.5511479999999853,0.0,0.35609999999999087,0.010316999999999993,0.24803900000000573,0.0025150000000000016,0.000961,0.0,0.00177,0.5325559999999843,0.9828910000000639,0.9771850000000628,0.0
48,1.024426910331311,0.02958300000000004,0.0,0.06758599999999974,0.5641739999999883,6.7e-05,0.3643029999999907,0.011220999999999984,0.2645570000000023,0.0037089999999999996,0.0019029999999999997,0.0,0.0023429999999999996,0.5394099999999841,0.9857040000000565,0.980097000000058,0.0
49,1.0253068930473443,0.029493000000000054,0.0,0.07909699999999957,0.5779209999999995,6.6e-05,0.3736489999999911,0.011864999999999985,0.2787740000000003,0.004128000000000002,0.0016479999999999995,0.0,0.003143,0.5467509999999941,0.9872290000000556,0.9809400000000569,0.0
50,1.0261917328961019,0.030513000000000057,0.0,0.0945259999999995,0.5884659999999958,5.8e-05,0.38569099999998885,0.013238999999999985,0.29727199999999593,0.005734000000000006,0.001831,0.0,0.0045330000000000014,0.5553569999999938,0.9878000000000509,0.9825730000000529,6.7e-05
51,1.0269521409702305,0.03159800000000007,2.5e-05,0.10584899999999946,0.6012909999999972,5.4e-05,0.39343799999998735,0.015061999999999983,0.30846599999999613,0.006672000000000004,0.0022029999999999992,0.0,0.005264000000000002,0.5548149999999904,0.9884790000000548,0.9833520000000571,0.000134
52,1.0279657427334257,0.03170200000000002,0.0,0.12108099999999924,0.6142490000000075,0.000133,0.39701899999998735,0.015249999999999982,0.31619299999999506,0.007776000000000003,0.0027920000000000024,0.0,0.005855000000000005,0.5552589999999931,0.988134000000052,0.9834680000000523,0.000201
53,1.0288045627795506,0.03353300000000005,0.0,0.13448399999999966,0.6225200000000054,6.7e-05,0.4019119999999855,0.018174000000000017,0.3303769999999933,0.006936000000000002,0.0033539999999999998,0.0,0.007687000000000004,0.5572289999999914,0.9894390000000545,0.9851150000000555,0.0005600000000000001
54,1.0296286352343933,0.03478700000000007,0.0,0.15578900000000112,0.6301290000000048,0.0,0.4128459999999869,0.020156999999999998,0.3435959999999934,0.009481,0.005245000000000004,0.0,0.009809,0.5663149999999906,0.9909670000000488,0.9867280000000507,0.000401
55,1.0306191379815404,0.034459000000000045,1.9e-05,0.1748120000000026,0.6431640000000055,0.0,0.4224219999999839,0.022364000000000057,0.35638899999999174,0.013569999999999981,0.0076420000000000056,0.0,0.011753999999999994,0.5748569999999947,0.9910720000000516,0.9872980000000527,0.000534
56,1.031405500383873,0.033389000000000064,0.0,0.1919370000000026,0.6474700000000164,0.000132,0.43397299999998457,0.023607999999999997,0.3666629999999916,0.016367999999999997,0.009648,0.0,0.01511799999999998,0.5764390000000031,0.9932590000000467,0.9896730000000494,0.000668
57,1.0322739438152442,0.03434900000000003,0.0,0.21675500000000375,0.6557300000000118,0.000133,0.4422199999999838,0.025691000000000058,0.37294199999999,0.018236000000000002,0.010979999999999988,0.0,0.017245999999999997,0.578391999999995,0.994559000000056,0.9911980000000595,0.000535
58,1.0330698270259837,0.033849000000000094,0.0,0.2413140000000048,0.6591310000000161,0.000209,0.4467529999999815,0.02789900000000005,0.39139299999998883,0.019808999999999993,0.015345999999999983,0.0,0.020933000000000004,0.5751749999999995,0.9950930000000507,0.9914500000000553,0.000467
59,1.0338838860497324,0.03388800000000004,0.0,0.25771100000000335,0.6676040000000136,0.00010899999999999999,0.45329699999998213,0.030771000000000076,0.4040979999999875,0.019563000000000004,0.017518999999999993,0.0,0.023259000000000033,0.5788709999999999,0.996579000000053,0.9931470000000543,0.000667
60,1.0347895683339665,0.03313200000000006,0.0,0.2781210000000019,0.6785590000000127,6.7e-05,0.4580869999999821,0.03376300000000007,0.4206179999999853,0.022912000000000037,0.022129000000000027,0.0,0.028126000000000054,0.5774749999999963,0.9964830000000499,0.9931870000000528,0.000735
61,1.0355159906109888,0.036033,0.0,0.2966489999999998,0.6921090000000113,4.7e-05,0.4673959999999806,0.035785000000000025,0.43224199999998725,0.02558500000000005,0.025131000000000046,0.0,0.03228300000000008,0.5781959999999994,0.9969130000000465,0.9936560000000485,0.0007909999999999999
62,1.036263633156258,0.03792100000000002,0.0,0.3202729999999952,0.7014240000000195,0.0001,0.4729569999999799,0.04052499999999995,0.4535959999999853,0.02755200000000002,0.028543000000000016,0.0,0.037124000000000004,0.5801079999999981,0.99745700000006,0.994348000000061,0.0008680000000000001
63,1.0371620737262663,0.040735,0.0,0.335415999999994,0.7086940000000201,0.00029899999999999995,0.4821679999999788,0.04297599999999998,0.46516999999998365,0.030427000000000048,0.03570000000000003,0.0,0.03936499999999997,0.5817990000000038,0.9975520000000552,0.9943190000000571,0.000735
64,1.0379565398747992,0.043967,5.9e-05,0.3487489999999915,0.7177430000000172,0.000427,0.4954339999999765,0.044916999999999964,0.48198599999998143,0.034367000000000036,0.039966,0.0,0.043493000000000025,0.5844290000000003,0.9977000000000465,0.9944050000000476,0.000797
65,1.0388585241079982,0.04382999999999996,0.0,0.37088999999999017,0.7223370000000201,0.000955,0.5044639999999772,0.05309199999999992,0.49338699999998054,0.03916299999999996,0.043248999999999975,0.0,0.04647399999999991,0.5895420000000013,0.9987300000000524,0.9954520000000552,0.001033
66,1.0397332429853519,0.04693400000000001,0.000193,0.39427499999998733,0.7291890000000202,0.0012690000000000002,0.5107289999999802,0.05306199999999984,0.5085529999999809,0.042988999999999916,0.048295999999999915,0.0,0.05304299999999983,0.5930419999999973,0.9990580000000496,0.995781000000052,0.001155
67,1.0405556719806055,0.04548099999999993,0.000277,0.4109879999999848,0.7330920000000202,0.0014200000000000005,0.5270449999999829,0.05730899999999987,0.5269549999999871,0.04578999999999994,0.0539369999999999,0.0,0.056719999999999896,0.5959299999999966,0.9994130000000453,0.9961160000000477,0.0012430000000000002
68,1.041566051538145,0.04657999999999996,0.00036300000000000004,0.4290749999999868,0.7338270000000198,0.0016339999999999998,0.5360769999999834,0.06213399999999981,0.5383909999999916,0.0504689999999999,0.05780599999999985,0.0,0.057237999999999845,0.5889159999999999,0.9997890000000462,0.9962870000000498,0.0014920000000000003
69,1.0421795339425488,0.04634599999999988,0.00065,0.43909199999998366,0.7440840000000233,0.002326000000000001,0.537398999999986,0.06599099999999987,0.5506979999999956,0.05489799999999988,0.06514299999999992,0.0,0.06279799999999978,0.5863809999999958,1.0002160000000484,0.9967640000000514,0.001734
70,1.0432102495016684,0.04594799999999998,0.000647,0.45396699999998374,0.744566000000022,0.0028009999999999997,0.5398649999999885,0.07215699999999985,0.5657329999999976,0.05802499999999994,0.07208599999999966,0.0,0.07135799999999974,0.5834789999999951,1.0004930000000487,0.9972070000000537,0.0012660000000000004
71,1.044051076962817,0.04869099999999997,0.0006050000000000001,0.4658319999999837,0.7468550000000298,0.0026129999999999994,0.5446049999999895,0.07668499999999957,0.5761479999999978,0.06505399999999972,0.07655999999999968,0.0,0.07676099999999977,0.5838319999999999,1.0002790000000552,0.9971930000000578,0.0009910000000000001
72,1.0446973445795147,0.04600599999999996,0.000512,0.4918249999999818,0.7524270000000252,0.002739,0.5487229999999895,0.0877899999999996,0.5930700000000027,0.07009499999999978,0.08602499999999955,0.0,0.08482799999999958,0.5852910000000019,1.0003290000000464,0.9969680000000503,0.000869
73,1.045453705457039,0.04752599999999996,0.001188,0.5038149999999796,0.7600300000000272,0.0021349999999999997,0.5656099999999924,0.09207699999999934,0.6060150000000011,0.07615699999999975,0.0934409999999994,0.0,0.08867599999999949,0.5883089999999978,1.0002500000000565,0.9972510000000588,0.0011
74,1.0463162047641006,0.04844099999999995,0.0021140000000000004,0.5196219999999862,0.76455100000002,0.0023900000000000015,0.5736019999999924,0.0948369999999995,0.6144110000000015,0.08223299999999974,0.10272299999999938,0.0,0.09470799999999935,0.5934149999999973,1.0000630000000386,0.9969670000000439,0.0015189999999999997
75,1.0470789692774132,0.0538239999999999,0.0023610000000000003,0.5328379999999896,0.7741600000000215,0.0028720000000000013,0.5876229999999975,0.09758899999999933,0.6304100000000056,0.08761899999999957,0.10807399999999946,0.0,0.09973399999999918,0.5952820000000011,1.000062000000047,0.9970370000000496,0.001134
76,1.0478611372675126,0.05913499999999989,0.002988999999999999,0.5487349999999903,0.7807040000000232,0.0035909999999999996,0.5980469999999996,0.10095599999999956,0.640719000000009,0.09271799999999962,0.11563399999999917,0.0,0.10695599999999933,0.6049379999999982,1.000069000000047,0.9968390000000502,0.001239
77,1.0481608255528205,0.059365999999999905,0.0036590000000000012,0.55591299999999,0.7853050000000243,0.004064,0.6082259999999998,0.1106159999999996,0.64663800000001,0.09695899999999949,0.11741499999999933,0.0,0.11501799999999957,0.6043710000000014,1.000406000000053,0.9971990000000563,0.001534
78,1.0490307990380847,0.05890699999999973,0.0049050000000000005,0.5690049999999942,0.786417000000026,0.0042,0.6101120000000002,0.11403099999999944,0.6538540000000085,0.10308499999999925,0.12386599999999924,0.0,0.11792199999999917,0.6106000000000024,1.0002150000000456,0.9970510000000491,0.0017110000000000003
79,1.0499749267572667,0.06090799999999986,0.006015000000000003,0.581970000000002,0.7867820000000297,0.004443000000000002,0.6153890000000088,0.11391599999999938,0.6609650000000165,0.10831599999999943,0.12942499999999954,0.0,0.12908499999999945,0.6098240000000082,1.0005280000000558,0.9971460000000585,0.0016240000000000002
80,1.0510553509569578,0.060383999999999965,0.005384000000000001,0.5844130000000001,0.7886520000000273,0.0051630000000000035,0.6180720000000054,0.11812799999999912,0.6658270000000156,0.1128689999999994,0.13737200000000008,0.0,0.13610699999999998,0.608679000000002,1.000532000000051,0.9972910000000547,0.0023360000000000004
81,1.0516712693926722,0.06366800000000002,0.005596,0.5905409999999953,0.7922190000000262,0.006212000000000003,0.6185380000000031,0.12732199999999924,0.6761800000000117,0.12109599999999938,0.13893999999999976,0.0,0.13864699999999974,0.6161000000000006,1.0007000000000477,0.9974060000000508,0.002511000000000001
82,1.0522686186737373,0.06575299999999988,0.006672000000000004,0.5967799999999999,0.7888850000000273,0.006426000000000003,0.6215360000000044,0.12880899999999967,0.6847150000000194,0.1270029999999993,0.14566700000000046,0.0,0.1418600000000003,0.619950000000004,1.0006660000000438,0.9973460000000479,0.002338
83,1.053232496728489,0.06265499999999984,0.007256000000000006,0.6092980000000027,0.7856350000000223,0.006577000000000006,0.6249610000000038,0.13258999999999993,0.6983960000000173,0.13334500000000032,0.15445600000000123,0.0,0.1506530000000013,0.6214360000000058,1.0006700000000446,0.9975500000000471,0.002011
84,1.0542025238580233,0.06760799999999989,0.008265000000000007,0.6266580000000067,0.7839220000000282,0.006392000000000005,0.6296830000000081,0.13421800000000006,0.7011050000000235,0.13853900000000025,0.15883200000000114,0.0,0.15882600000000144,0.6201610000000048,1.0004960000000476,0.9975970000000507,0.002071000000000001
85,1.0551207342563533,0.06889399999999973,0.009473999999999998,0.6372570000000064,0.782890000000027,0.0065290000000000036,0.6392170000000059,0.14258600000000038,0.707410000000017,0.1439530000000009,0.16168400000000166,0.0,0.16293800000000147,0.6129580000000048,1.0004430000000462,0.9971340000000507,0.0024290000000000006
86,1.0560534609854846,0.07068599999999986,0.00964299999999999,0.6508480000000102,0.7839600000000235,0.008560000000000003,0.6524050000000096,0.151879000000001,0.7153840000000183,0.15344500000000114,0.1714580000000021,0.0,0.17156400000000188,0.6086150000000043,1.0004340000000487,0.9973810000000526,0.003247000000000001
87,1.0567282791471062,0.07335599999999977,0.010660999999999995,0.6586330000000103,0.7829470000000265,0.008550999999999996,0.6599310000000113,0.15531300000000106,0.7281120000000199,0.16117700000000096,0.1835640000000022,0.0,0.1849610000000023,0.602226999999999,1.000534000000049,0.9972240000000526,0.003521
88,1.05774168156686,0.0746199999999998,0.010818999999999988,0.6778960000000106,0.7802160000000227,0.008471000000000008,0.6608270000000112,0.16047900000000187,0.7324860000000183,0.16888300000000186,0.19156400000000307,0.0,0.19490400000000327,0.5968250000000018,1.0004570000000448,0.9970540000000466,0.00395
89,1.0584292136599258,0.07338699999999977,0.011942999999999988,0.6931880000000201,0.7778760000000252,0.008493000000000006,0.665905000000014,0.16418900000000175,0.7338970000000217,0.17684200000000216,0.19418900000000325,0.0,0.20461400000000393,0.5898470000000012,1.0007080000000474,0.9974340000000526,0.004052000000000001
90,1.0591542376713328,0.0727899999999998,0.013519999999999985,0.7067000000000194,0.776860000000029,0.009245999999999996,0.6719850000000135,0.1733990000000023,0.7380850000000221,0.18392600000000264,0.20183000000000378,0.0,0.21155200000000346,0.5908090000000003,1.0006980000000525,0.9975080000000554,0.003947999999999999
91,1.0598320963834977,0.0692939999999999,0.01608599999999998,0.7139680000000166,0.7778310000000257,0.010168999999999994,0.6791610000000109,0.18198500000000203,0.7479330000000232,0.19295500000000335,0.21007200000000364,0.0,0.21937800000000476,0.5933160000000007,1.0007300000000525,0.9974320000000556,0.004272
92,1.0607276545049973,0.0720909999999999,0.019221000000000005,0.7177270000000217,0.7716530000000266,0.012659999999999982,0.6846010000000186,0.1878770000000029,0.752184000000029,0.19863400000000336,0.21738000000000413,0.0,0.22416700000000434,0.5907390000000013,1.000720000000054,0.9974420000000556,0.004935000000000003
93,1.0614913784162985,0.07319699999999982,0.022863000000000043,0.7307640000000211,0.7662500000000227,0.01370099999999999,0.6918580000000137,0.1964340000000038,0.7576410000000231,0.2026020000000035,0.2264640000000035,0.0,0.23039000000000448,0.5917599999999955,1.0006610000000529,0.9973790000000562,0.005165000000000005
94,1.0626101903292047,0.07466499999999988,0.023032000000000035,0.7297690000000235,0.7669610000000276,0.01600099999999998,0.6908670000000215,0.19595500000000374,0.7611860000000308,0.206976000000004,0.22782100000000421,0.0,0.22928900000000366,0.5944890000000039,1.0006190000000543,0.9974070000000576,0.004982000000000002
95,1.0632679460370762,0.07493899999999984,0.02661000000000006,0.7366750000000225,0.7657680000000249,0.017042,0.6930820000000163,0.20339300000000374,0.7669420000000258,0.20860100000000373,0.2322650000000043,0.0,0.2328680000000045,0.5903150000000029,1.0005980000000458,0.9973940000000513,0.006023000000000004
96,1.0644662490123087,0.07568799999999981,0.028262000000000048,0.7455680000000238,0.7651820000000208,0.01789699999999999,0.6972560000000185,0.213742000000004,0.7740480000000254,0.2188760000000037,0.242671000000004,0.0,0.24486400000000466,0.5976550000000043,1.0006240000000488,0.99757800000005,0.004592000000000001
97,1.0650506409830685,0.07304599999999982,0.030265000000000084,0.7554920000000214,0.7683000000000219,0.018687000000000013,0.7021310000000165,0.22807100000000444,0.775834000000022,0.2283200000000038,0.25611500000000337,0.0,0.2597900000000025,0.5940070000000013,1.000667000000043,0.9975350000000458,0.00467
98,1.0658792503817989,0.07419299999999986,0.03546800000000002,0.7615330000000223,0.7693300000000229,0.021077000000000016,0.7049890000000173,0.2323760000000043,0.7879500000000246,0.23674700000000437,0.2716650000000003,0.0,0.2700180000000007,0.5895630000000013,1.000592000000045,0.9972930000000476,0.004897000000000005
99,1.066802301812677,0.07211299999999977,0.04188799999999996,0.7682080000000231,0.7686790000000264,0.020106999999999983,0.7153350000000172,0.2451640000000052,0.791642000000027,0.24478500000000505,0.28142999999999946,0.0,0.2735340000000003,0.5847909999999984,1.0006400000000455,0.9972540000000472,0.005084000000000001
100,1.067822164813258,0.0727819999999999,0.04467799999999998,0.7752370000000258,0.7725540000000224,0.018784000000000012,0.7232690000000165,0.25370100000000384,0.8004490000000278,0.25784300000000293,0.2928629999999977,0.0,0.2797659999999996,0.5841529999999977,1.0006080000000441,0.9973180000000474,0.006158000000000003
101,1.0689497850193477,0.07209499999999985,0.051599999999999896,0.7831290000000262,0.7742300000000256,0.017986999999999996,0.7305250000000232,0.25951200000000246,0.8098780000000321,0.27351699999999934,0.30225099999999744,0.0,0.29653999999999836,0.5832019999999992,1.0006470000000496,0.9973230000000523,0.007538000000000003
102,1.0703265923425054,0.07238999999999991,0.05503899999999993,0.7852210000000229,0.7772470000000224,0.017920999999999982,0.7311270000000168,0.263459000000004,0.8137670000000297,0.2797699999999991,0.3098349999999977,0.0,0.3025759999999975,0.5858949999999966,1.000593000000045,0.9974020000000475,0.008918
103,1.0714911076750209,0.0698179999999997,0.06025299999999981,0.79405200000003,0.7795700000000261,0.016202999999999974,0.7370330000000229,0.2673430000000036,0.8230310000000299,0.29058599999999796,0.3202479999999954,0.0,0.31653099999999573,0.5786740000000001,1.0006490000000512,0.9973910000000539,0.009953999999999998
104,1.0723215132835233,0.07235399999999984,0.06441999999999982,0.7968460000000321,0.7743350000000281,0.016834999999999992,0.7420050000000273,0.27359200000000217,0.8252630000000357,0.29395199999999766,0.3239099999999951,0.0,0.3147799999999953,0.5755020000000014,1.0006330000000503,0.9976550000000518,0.010704999999999994
105,1.0730356794114235,0.0687669999999998,0.06971699999999988,0.7996320000000271,0.7803350000000209,0.016736999999999985,0.7489030000000207,0.2795120000000012,0.8306510000000281,0.30358599999999686,0.3307889999999946,0.0,0.32019299999999423,0.576273999999999,1.0006100000000446,0.9975070000000471,0.010032999999999999
106,1.0739230799183446,0.07090899999999983,0.07271800000000002,0.8137100000000274,0.7824030000000226,0.016161999999999992,0.7518810000000195,0.28408100000000164,0.828109000000029,0.3043769999999956,0.3434379999999928,0.0,0.32854299999999426,0.5763679999999974,1.0005840000000426,0.9972280000000472,0.010537
107,1.0745481031509019,0.07163699999999969,0.07712499999999972,0.8165230000000268,0.7892680000000205,0.01704,0.7567590000000178,0.28949900000000023,0.8332500000000311,0.31369399999999575,0.3469859999999931,0.0,0.3401009999999927,0.5751599999999972,1.0006500000000396,0.9973500000000421,0.009432000000000001
108,1.0751186881937171,0.0708179999999998,0.07886299999999984,0.8147370000000239,0.7908810000000214,0.01914400000000002,0.7585730000000154,0.2925459999999987,0.8360460000000266,0.3205869999999931,0.3509439999999909,0.0,0.3414819999999922,0.5764609999999973,1.000539000000042,0.9970770000000462,0.009112999999999996
109,1.0756734494368696,0.06702899999999991,0.08469099999999972,0.8201960000000316,0.7852660000000303,0.02185500000000001,0.7622800000000258,0.3018599999999972,0.840084000000033,0.32680299999999385,0.3558329999999922,0.0,0.3476849999999914,0.5804250000000024,1.0006380000000434,0.9975890000000454,0.008677
110,1.0769739386372845,0.06832899999999985,0.09185099999999956,0.8283550000000204,0.7888010000000173,0.021639000000000016,0.7663770000000154,0.31629699999999505,0.8412610000000206,0.33591699999999447,0.3623979999999917,0.0,0.3546929999999917,0.5782049999999964,1.0005580000000347,0.9971900000000375,0.008715
111,1.0780412198105105,0.07040099999999994,0.09834199999999978,0.828643000000027,0.781041000000024,0.02334000000000001,0.7686990000000228,0.3230949999999957,0.8436240000000278,0.3346459999999926,0.3640929999999913,0.0,0.3583039999999907,0.584355999999997,1.0005210000000393,0.9971010000000423,0.009655999999999993
112,1.079176397215013,0.07013799999999991,0.10268499999999975,0.8371480000000292,0.7767280000000243,0.024840000000000036,0.7692890000000239,0.33090299999999245,0.8542450000000296,0.35046899999999115,0.3778249999999896,0.0,0.37683199999999,0.5860950000000021,1.0005420000000413,0.9972300000000458,0.010527999999999992
113,1.0797515982347732,0.07057199999999983,0.11121999999999957,0.8393670000000347,0.7784130000000262,0.025430000000000053,0.7691570000000255,0.3331819999999952,0.8597970000000342,0.35009399999999186,0.3865269999999895,0.0,0.3829659999999894,0.5886990000000027,1.000569000000044,0.9974830000000474,0.012578999999999988
114,1.080495547086004,0.07505499999999994,0.12220799999999966,0.8473440000000267,0.7828150000000205,0.024358999999999992,0.7775180000000176,0.33770499999999354,0.8600340000000292,0.367673999999992,0.3989029999999906,0.0,0.39433599999998936,0.5866629999999999,1.0006180000000373,0.997282000000042,0.013386999999999986
115,1.0818396835466189,0.0714999999999999,0.1353160000000003,0.8522590000000213,0.7885090000000208,0.023165000000000022,0.7836060000000195,0.35264199999999113,0.857470000000024,0.37892299999999113,0.4054239999999897,0.0,0.39623699999998974,0.5852089999999991,1.000566000000035,0.9971410000000388,0.014166999999999978
116,1.083049180312862,0.07519399999999979,0.14429000000000053,0.8555400000000293,0.7913460000000223,0.02341400000000002,0.7888120000000224,0.3574689999999912,0.8641100000000321,0.3881149999999902,0.41639899999998947,0.0,0.40625799999999,0.5836029999999996,1.0005770000000374,0.9974120000000409,0.016186999999999976
117,1.0835473829358462,0.07672799999999995,0.1475590000000005,0.8562050000000232,0.7979950000000172,0.023815000000000027,0.7930700000000154,0.3630189999999906,0.8690950000000257,0.3957039999999896,0.4203149999999891,0.0,0.41288699999998885,0.5788519999999997,1.0005340000000356,0.9972900000000392,0.01597199999999997
118,1.0840003057419518,0.07515199999999991,0.15386700000000075,0.863437000000032,0.7980150000000215,0.024689000000000027,0.7928030000000229,0.3757119999999897,0.873127000000036,0.39907199999998916,0.42604099999998685,0.0,0.4156279999999871,0.5804549999999996,1.0004820000000427,0.9972990000000452,0.016947999999999994
119,1.0847829539627432,0.07766099999999981,0.16014200000000106,0.8688960000000319,0.7954250000000236,0.024868000000000032,0.7945860000000229,0.38514299999998886,0.8758870000000325,0.40470599999998785,0.43046999999998653,0.0,0.42641599999998786,0.5810170000000023,1.000600000000039,0.9972140000000449,0.017679999999999994
120,1.085673560767988,0.07955899999999981,0.1681280000000014,0.8737240000000349,0.7994210000000276,0.024072000000000014,0.7938900000000241,0.3982719999999896,0.885412000000036,0.4177169999999867,0.44337399999998645,0.0,0.43885499999998734,0.5833880000000009,1.0005320000000417,0.9973040000000446,0.018180000000000023
121,1.0865334142281604,0.07849799999999962,0.1771340000000019,0.8745320000000281,0.8032860000000231,0.023102000000000046,0.8024740000000239,0.4066049999999874,0.8876390000000319,0.4217219999999876,0.45031999999998645,0.0,0.44669999999998616,0.5820780000000034,1.0005540000000401,0.9971790000000449,0.019762000000000016
122,1.0883403192960648,0.0803169999999998,0.1801240000000018,0.8783630000000296,0.8053640000000234,0.022133999999999997,0.8069800000000207,0.40929199999998767,0.8940550000000316,0.44153299999998846,0.46607499999998725,0.0,0.45477899999998866,0.5803970000000038,1.0005420000000373,0.9971650000000406,0.02070900000000004
123,1.0900272467910128,0.08375099999999973,0.18571000000000187,0.8828800000000302,0.8091070000000223,0.023475000000000048,0.8068440000000215,0.4167059999999866,0.9020120000000345,0.45174299999998696,0.4732109999999853,0.0,0.46252199999998606,0.5791779999999995,1.000537000000039,0.997545000000044,0.019752000000000023
124,1.0910845732204426,0.08221399999999975,0.19924200000000233,0.887494000000029,0.8086110000000213,0.025351000000000023,0.8118210000000201,0.4223479999999864,0.9012170000000317,0.4619489999999871,0.47915199999998764,0.0,0.4677759999999859,0.5829229999999994,1.000487000000039,0.9973710000000422,0.020690000000000024
125,1.0918385126605803,0.0821939999999998,0.20348000000000274,0.8915940000000311,0.8113570000000252,0.02648800000000001,0.8150850000000225,0.4285389999999857,0.9047770000000326,0.4631869999999875,0.48730499999998583,0.0,0.47535199999998823,0.5798110000000019,1.0004730000000386,0.9972670000000414,0.020574000000000016
126,1.0929248919807188,0.08298599999999988,0.21040300000000287,0.8931350000000298,0.8128720000000229,0.027030000000000037,0.8175790000000202,0.4306939999999855,0.9047600000000323,0.4723489999999861,0.4923539999999857,0.0,0.47690999999998646,0.5716689999999996,1.0005430000000366,0.9972380000000395,0.021444000000000026
127,1.0934101506327978,0.0837459999999997,0.21639200000000292,0.89442800000003,0.812669000000025,0.027642000000000038,0.8190780000000207,0.4291859999999852,0.9056740000000308,0.4774459999999858,0.49458399999998504,0.0,0.4826889999999867,0.5724819999999964,1.0005550000000372,0.9972300000000418,0.02080700000000001
128,1.0941766311484311,0.08483599999999979,0.22949900000000334,0.9016670000000347,0.8143540000000243,0.028484000000000013,0.8173230000000229,0.4424809999999862,0.9104930000000363,0.48045499999998525,0.5036179999999858,0.0,0.4904539999999853,0.575422999999997,1.0004940000000417,0.9972630000000452,0.022527000000000005
129,1.0954710421031246,0.0850509999999998,0.23589100000000365,0.8996200000000312,0.8160940000000231,0.028540000000000034,0.8210600000000233,0.44952999999998444,0.9157760000000322,0.48981999999998505,0.5133609999999885,0.0,0.5001409999999863,0.5790770000000007,1.0005250000000367,0.9971600000000416,0.021396000000000012
130,1.0971065803690248,0.08527599999999975,0.24239500000000377,0.8963010000000288,0.8144580000000201,0.027107000000000037,0.8235680000000213,0.4540909999999854,0.9166020000000319,0.49258099999998517,0.5195419999999891,0.0,0.500424999999985,0.5847979999999988,1.0004900000000367,0.9973460000000389,0.022263000000000033
131,1.098119209742745,0.08703399999999983,0.24968500000000352,0.8953180000000317,0.8151340000000263,0.025399000000000033,0.830323000000023,0.4595069999999853,0.918405000000032,0.5001109999999842,0.5281139999999919,0.0,0.5122519999999878,0.5878160000000019,1.0005800000000362,0.9972350000000391,0.020940000000000018
132,1.0991437549654735,0.08440799999999975,0.2663439999999998,0.8991370000000305,0.81818500000002,0.023305000000000034,0.8280490000000188,0.47711099999998513,0.9175500000000331,0.5080489999999879,0.5380639999999932,0.0,0.5197069999999909,0.582895999999999,1.0004660000000372,0.9971960000000422,0.02503400000000001
133,1.0998845778563608,0.0847749999999997,0.2732629999999983,0.9054690000000268,0.8183910000000221,0.02101800000000003,0.8254830000000216,0.48252099999998516,0.9197930000000278,0.5192729999999933,0.5435989999999996,0.0,0.5249799999999942,0.5846210000000016,1.0004470000000347,0.9972480000000372,0.024047000000000048
134,1.1005874041016486,0.0870129999999998,0.2823270000000009,0.9065740000000255,0.8188350000000172,0.020455000000000025,0.8297590000000177,0.4831589999999845,0.9217700000000284,0.5231869999999903,0.5572289999999965,0.0,0.5388819999999918,0.5896280000000002,1.0005200000000323,0.9970010000000357,0.025909000000000026
135,1.1018376713927422,0.08809099999999968,0.28460199999999924,0.9053550000000307,0.8183630000000186,0.021931000000000013,0.8370760000000214,0.4868519999999872,0.9224630000000315,0.5238019999999929,0.5611849999999984,0.0,0.5403569999999939,0.5927560000000024,1.000504000000034,0.9973370000000374,0.023594000000000014
136,1.1026827808867372,0.08841999999999985,0.28986199999999734,0.9094240000000328,0.8206310000000253,0.02334100000000003,0.8408840000000225,0.48889099999998586,0.9265470000000331,0.5342669999999943,0.5714859999999988,0.0,0.5515579999999971,0.5874500000000007,1.000463000000038,0.9973660000000414,0.024281000000000025
137,1.104440457239512,0.08719599999999994,0.29716599999999677,0.9107620000000285,0.821727000000021,0.022151000000000032,0.84100800000002,0.4896209999999855,0.9281080000000311,0.5352109999999913,0.5710799999999977,0.0,0.5521469999999935,0.5918019999999986,1.0004690000000356,0.9970280000000393,0.024730000000000037
138,1.1055504198990762,0.0877999999999998,0.3049569999999983,0.9105130000000299,0.8208890000000206,0.02177800000000002,0.8430580000000217,0.49444399999998834,0.931248000000031,0.5468129999999983,0.5758869999999995,0.0,0.5552309999999998,0.5966940000000025,1.0004750000000324,0.9971290000000377,0.023503000000000024
139,1.106843913890393,0.09135499999999996,0.31091099999999655,0.9133310000000295,0.8248660000000198,0.019395000000000023,0.8469950000000209,0.5003219999999874,0.9326330000000308,0.5530089999999958,0.5872130000000009,0.0,0.5680109999999989,0.5920979999999993,1.0004360000000334,0.9972960000000372,0.02493700000000003
140,1.1077969065002886,0.09237699999999983,0.3234599999999974,0.9152510000000286,0.8286650000000183,0.01936300000000002,0.8545350000000251,0.5136819999999904,0.9334560000000306,0.5568549999999945,0.5888219999999988,0.0,0.5761979999999971,0.5892269999999998,1.0004660000000332,0.9969810000000366,0.02882900000000004
141,1.1089844647840923,0.09165799999999974,0.3326289999999961,0.9175530000000252,0.8308810000000146,0.020403999999999995,0.858775000000021,0.5230989999999915,0.9340860000000286,0.5623790000000006,0.5973780000000023,0.0,0.5826240000000023,0.586947000000002,1.0004200000000316,0.9970170000000345,0.02724800000000002
142,1.110115628938207,0.0914559999999998,0.33669699999999664,0.9190520000000332,0.8349780000000214,0.018335000000000008,0.8532970000000226,0.5237279999999918,0.9374290000000326,0.5675019999999983,0.6034060000000011,0.0,0.5952800000000014,0.587170999999998,1.0004540000000353,0.9970540000000383,0.027950000000000034
143,1.1120550009419992,0.0873269999999997,0.349279999999996,0.9229890000000226,0.836923000000015,0.02015200000000002,0.8579410000000177,0.5333179999999941,0.9388650000000232,0.5779560000000001,0.6100720000000031,0.0,0.6072300000000029,0.5870779999999989,1.0004370000000273,0.9974450000000313,0.03066000000000006
144,1.1134339491431975,0.08630299999999994,0.35840899999999454,0.9200880000000288,0.8382460000000218,0.022237,0.8559900000000267,0.5412009999999977,0.9427620000000305,0.5855370000000046,0.6139220000000065,0.0,0.6119500000000053,0.590160000000002,1.0004360000000314,0.9970800000000342,0.03285700000000003
145,1.1145284547152396,0.08925699999999995,0.3711709999999941,0.9221020000000283,0.8385870000000216,0.02301800000000002,0.860347000000021,0.5474769999999952,0.9442480000000283,0.5953470000000064,0.6180750000000063,0.0,0.6155650000000087,0.5894020000000024,1.0003990000000298,0.9970130000000321,0.03577100000000001
146,1.1159060118853,0.09061599999999982,0.3767839999999943,0.9256680000000278,0.8407030000000186,0.02269600000000001,0.8626790000000206,0.5477249999999965,0.9484720000000271,0.6050740000000067,0.6242370000000064,0.0,0.6220510000000059,0.5912640000000015,1.0003980000000303,0.9968880000000323,0.037017000000000015
147,1.1176267389556602,0.08737999999999987,0.3854489999999947,0.9306620000000226,0.8442680000000166,0.021224000000000014,0.8680180000000156,0.5577670000000002,0.9488010000000242,0.6130740000000041,0.6299790000000054,0.0,0.6353810000000071,0.589375000000003,1.000405000000027,0.9969540000000308,0.037849999999999995
148,1.118942185627441,0.08563999999999988,0.3883569999999923,0.9330140000000264,0.8479440000000178,0.021272000000000003,0.8708660000000221,0.5595009999999987,0.9532430000000298,0.6229100000000061,0.6377750000000091,0.0,0.6388070000000093,0.5777870000000013,1.0003820000000307,0.9968830000000325,0.037564000000000014
149,1.119989515513222,0.08660099999999991,0.39751899999999274,0.9351060000000231,0.8507710000000167,0.020093000000000024,0.8804580000000175,0.5701220000000005,0.9545990000000234,0.6365020000000066,0.6454820000000078,0.0,0.6469730000000075,0.5761410000000018,1.000374000000026,0.9970180000000293,0.03895399999999999
150,1.1210411856683176,0.09198699999999987,0.40615999999999497,0.9352460000000227,0.8498440000000146,0.020026000000000006,0.8796120000000156,0.5756820000000012,0.9568260000000228,0.6397540000000068,0.6488730000000065,0.0,0.648619000000008,0.572881000000001,1.000362000000024,0.9971970000000269,0.03998100000000002
151,1.1232485157629248,0.09305699999999988,0.41389999999999433,0.9356360000000213,0.8528450000000166,0.02201400000000002,0.8840370000000156,0.5778600000000021,0.9588480000000221,0.6398790000000081,0.6481290000000085,0.0,0.6480140000000079,0.5775250000000003,1.000306000000025,0.9969780000000276,0.03878499999999997
152,1.1245739490115512,0.09481399999999975,0.42401099999999375,0.9401540000000231,0.856267000000018,0.023606000000000016,0.8886150000000188,0.585930000000004,0.9588630000000239,0.6440890000000087,0.65495700000001,0.0,0.6522500000000102,0.5807750000000045,1.0003670000000262,0.9970880000000272,0.03862799999999995
153,1.1256782806295098,0.09799699999999968,0.4293449999999936,0.942574000000027,0.856943000000022,0.023171999999999998,0.8907400000000221,0.5902490000000032,0.9610210000000282,0.6429110000000091,0.6670110000000108,0.0,0.6557020000000098,0.5737709999999998,1.0003780000000309,0.9968420000000323,0.038687000000000034
154,1.1277157583174826,0.10064199999999998,0.43598399999999254,0.9440430000000313,0.8596470000000247,0.022627000000000015,0.8887430000000237,0.5935020000000041,0.9626280000000317,0.6506640000000112,0.6763140000000124,0.0,0.6617670000000114,0.5692829999999984,1.0003730000000326,0.9974270000000359,0.04052399999999996
155,1.1292054708342556,0.10455399999999976,0.4514999999999931,0.9424540000000251,0.8677500000000192,0.019101000000000003,0.89204500000002,0.607762000000006,0.9652040000000267,0.6613710000000103,0.6866820000000107,0.0,0.6787120000000109,0.5682539999999986,1.0003730000000286,0.9972150000000314,0.03978999999999992
156,1.1299834934036914,0.10530799999999972,0.45655299999999166,0.9444480000000297,0.8675660000000234,0.018883000000000004,0.8951660000000249,0.6115090000000063,0.9646610000000297,0.6645300000000102,0.6960040000000125,0.0,0.6809530000000116,0.5713970000000012,1.000351000000031,0.9972570000000334,0.04113599999999997
157,1.1328480015595033,0.10581499999999983,0.47066499999999284,0.9444180000000244,0.8677700000000172,0.019534000000000024,0.9004340000000193,0.6245100000000043,0.9667550000000233,0.667785000000009,0.7013830000000101,0.0,0.6895970000000085,0.5697050000000008,1.0003130000000247,0.9970840000000284,0.04219099999999997
158,1.134573329065905,0.10659399999999983,0.4850929999999903,0.9455520000000239,0.8676060000000199,0.02054400000000001,0.9003130000000188,0.6340190000000062,0.9706520000000239,0.6718030000000117,0.7075300000000109,0.0,0.6968020000000098,0.5699140000000008,1.0003510000000253,0.9967540000000282,0.04363399999999996
159,1.135800937407982,0.10976899999999983,0.5015639999999926,0.9483800000000192,0.8672280000000147,0.020036000000000023,0.9012230000000165,0.643378000000008,0.972949000000021,0.6771640000000108,0.7108380000000102,0.0,0.7096300000000085,0.572240999999999,1.0003620000000215,0.9970960000000233,0.048275999999999965
160,1.1374217253456862,0.11002099999999987,0.5020959999999933,0.947323000000019,0.8700610000000144,0.020133000000000043,0.899365000000016,0.6460910000000095,0.9724960000000178,0.6834230000000067,0.7139170000000071,0.0,0.7117110000000063,0.5678619999999986,1.000298000000019,0.9967480000000226,0.05056099999999997
161,1.1391870038634437,0.10982199999999984,0.5215249999999926,0.9512650000000255,0.87384900000002,0.020454000000000017,0.900266000000021,0.6627450000000074,0.9720600000000257,0.6935590000000093,0.7192300000000106,0.0,0.7148680000000104,0.5625130000000003,1.0003290000000271,0.9969850000000302,0.05250799999999993
162,1.1403888461525498,0.11076099999999985,0.5264169999999965,0.9493080000000199,0.8735970000000169,0.02007200000000001,0.9046910000000159,0.6660100000000075,0.9733580000000196,0.6980710000000113,0.728505000000011,0.0,0.7212110000000111,0.5625239999999979,1.0003530000000223,0.9969740000000257,0.052028999999999985
163,1.1423035590252637,0.11167399999999973,0.5313889999999933,0.951650000000028,0.8778090000000216,0.01910000000000002,0.9086250000000232,0.667662000000008,0.9729660000000281,0.7074270000000115,0.7344930000000103,0.0,0.7285880000000108,0.5590700000000005,1.0003080000000288,0.9970600000000318,0.05510599999999994
164,1.1450051069423903,0.11025499999999985,0.5366279999999941,0.9516270000000219,0.8782490000000167,0.018580000000000017,0.9113580000000178,0.6721200000000092,0.9747740000000215,0.7134290000000094,0.7371440000000099,0.0,0.7315300000000086,0.5537300000000003,1.0003470000000239,0.9971070000000254,0.056169999999999914
165,1.1468840603229091,0.11096399999999984,0.5481119999999969,0.9529840000000223,0.8756830000000175,0.02188100000000003,0.914144000000021,0.6762410000000103,0.9765610000000222,0.7129800000000122,0.7332830000000116,0.0,0.7315160000000122,0.5485459999999972,1.0002700000000233,0.9968230000000258,0.05772799999999993
166,1.1479265779337684,0.11057299999999977,0.5534600000000001,0.9564170000000227,0.8797930000000163,0.02163300000000002,0.915844000000018,0.6733150000000085,0.9778390000000228,0.7193050000000133,0.7412920000000115,0.0,0.7380610000000118,0.5482599999999992,1.0002930000000236,0.9968250000000262,0.061368999999999986
167,1.1498711655568141,0.10789399999999981,0.5601520000000018,0.9578600000000235,0.8789440000000188,0.02267300000000001,0.9168860000000206,0.68519700000001,0.9778980000000227,0.7235810000000126,0.7503530000000129,0.0,0.7394280000000132,0.5527720000000005,1.0002600000000232,0.9969160000000262,0.06567699999999999
168,1.1532540865259082,0.10746599999999995,0.5639149999999986,0.9567880000000192,0.8818200000000158,0.02105800000000001,0.9172580000000171,0.6843010000000092,0.9783370000000192,0.7335820000000113,0.7578260000000117,0.0,0.7423640000000087,0.5493099999999991,1.0002420000000203,0.9968870000000235,0.066844
169,1.1561176164227736,0.10832899999999983,0.5725560000000046,0.9584180000000213,0.8808800000000155,0.021810000000000017,0.9173360000000159,0.6911920000000118,0.980512000000021,0.7425530000000136,0.7629800000000129,0.0,0.7475760000000121,0.5505109999999992,1.0003010000000223,0.9970500000000246,0.06855699999999991
170,1.1590321889337993,0.1065389999999999,0.5820849999999995,0.9610950000000211,0.8858890000000131,0.021142000000000022,0.9184080000000169,0.6993390000000101,0.9819230000000212,0.7538250000000092,0.7696780000000093,0.0,0.7579400000000097,0.5451479999999993,1.000271000000021,0.9968830000000242,0.06834000000000003
171,1.160553998197893,0.10658399999999976,0.5938800000000019,0.9627480000000173,0.8878030000000131,0.020973000000000012,0.9200480000000139,0.704624000000007,0.9818160000000176,0.7621560000000098,0.7715480000000106,0.0,0.7659790000000094,0.5376300000000003,1.000267000000018,0.996918000000021,0.0698819999999999
172,1.1623586596651108,0.10560899999999993,0.5972520000000044,0.9650680000000197,0.8929280000000123,0.019915000000000033,0.9171840000000157,0.7028320000000108,0.9818400000000199,0.7675810000000097,0.7824990000000096,0.0,0.7719380000000085,0.5374840000000002,1.0002300000000213,0.9971300000000232,0.07548299999999998
173,1.1645892259330313,0.10478999999999992,0.601883000000002,0.9667180000000242,0.8912050000000159,0.02204100000000003,0.9223290000000213,0.708418000000011,0.9824820000000244,0.7673710000000105,0.7813980000000095,0.0,0.7739480000000097,0.5322359999999995,1.0002490000000248,0.997015000000026,0.07425899999999996
174,1.165426565586505,0.09997499999999981,0.6096450000000061,0.9699290000000211,0.890575000000016,0.021790000000000014,0.925270000000016,0.7110600000000101,0.9798860000000208,0.769538000000011,0.7896690000000124,0.0,0.7805080000000106,0.5406179999999993,1.0002200000000214,0.9968380000000235,0.07551099999999994
175,1.166890341352906,0.09834099999999997,0.6140140000000015,0.9711860000000169,0.8948840000000127,0.020435000000000012,0.928691000000015,0.7108930000000079,0.9800890000000174,0.768271000000008,0.7913220000000095,0.0,0.7821300000000087,0.5495089999999996,1.0001720000000178,0.996894000000022,0.07536599999999997
176,1.168807542183769,0.09860799999999979,0.6221290000000054,0.9726870000000204,0.8970570000000159,0.019622999999999995,0.9313820000000159,0.7159020000000116,0.97995400000002,0.7745340000000107,0.7992540000000113,0.0,0.7876420000000101,0.5552130000000036,1.00021000000002,0.9969050000000222,0.07851799999999995
177,1.170319979143377,0.09872799999999986,0.6338210000000035,0.9727540000000188,0.9017510000000136,0.019320999999999994,0.9360390000000157,0.7223440000000083,0.9809630000000192,0.7781530000000085,0.8052340000000074,0.0,0.7922350000000077,0.5524069999999959,1.0002080000000195,0.996836000000021,0.08194899999999994
178,1.1718285215965139,0.10282499999999986,0.6417690000000017,0.9742390000000193,0.8994680000000139,0.020478000000000014,0.9376820000000161,0.7301780000000103,0.9815320000000185,0.7783080000000092,0.8020730000000099,0.0,0.79242900000001,0.548912999999998,1.0001580000000192,0.9967110000000192,0.08190400000000002
179,1.174343265603881,0.10214099999999982,0.6513110000000059,0.9741980000000197,0.897300000000015,0.021604000000000012,0.9386520000000163,0.7356070000000118,0.9844040000000202,0.7781190000000102,0.8029030000000112,0.0,0.7952110000000123,0.548052,1.0001860000000198,0.9969510000000217,0.08418000000000002
180,1.1762539220970403,0.10242999999999994,0.6586030000000054,0.9756900000000157,0.9014020000000116,0.022622000000000017,0.941003000000014,0.7384780000000118,0.9846670000000158,0.7723210000000076,0.80180700000001,0.0,0.7957930000000094,0.5449809999999949,1.0002160000000162,0.996933000000019,0.08746699999999996
181,1.1773290181818556,0.10345899999999991,0.6657270000000033,0.9779730000000185,0.9021700000000141,0.023038000000000013,0.9429230000000154,0.7486950000000079,0.9855870000000192,0.7789510000000107,0.8087130000000101,0.0,0.8002730000000113,0.5459769999999959,1.0002110000000195,0.9968990000000211,0.08726999999999992
182,1.178576986941149,0.10417899999999994,0.668922000000004,0.9784230000000151,0.9057450000000126,0.02291000000000002,0.9439080000000131,0.7477360000000085,0.9839990000000156,0.7851090000000069,0.8105870000000082,0.0,0.8043660000000096,0.5369329999999969,1.0001890000000153,0.9970390000000169,0.09006299999999987
183,1.17979327839169,0.10396499999999992,0.6795810000000092,0.9791000000000185,0.9016530000000149,0.024493000000000008,0.945478000000016,0.7563840000000135,0.9865820000000186,0.792104000000011,0.8124760000000117,0.0,0.8152910000000118,0.5344409999999986,1.0002200000000188,0.9968600000000198,0.09247699999999993
184,1.1826401195724685,0.10090500000000004,0.6788950000000061,0.9796060000000136,0.9002250000000108,0.024050000000000012,0.9456170000000126,0.7529540000000094,0.9871890000000131,0.796677000000008,0.8184210000000067,0.0,0.8220660000000075,0.533767999999998,1.000192000000014,0.9969660000000166,0.09320099999999988
185,1.1850657144577266,0.09392400000000005,0.6839900000000044,0.9807480000000136,0.9026740000000103,0.022946000000000008,0.9421640000000123,0.7566060000000071,0.9877690000000143,0.8034620000000073,0.8237130000000069,0.0,0.8270690000000065,0.5320489999999969,1.000214000000014,0.996909000000016,0.09435199999999991
186,1.1878861708581507,0.094128,0.6914730000000061,0.981555000000014,0.9043190000000109,0.02297300000000001,0.9418480000000137,0.764641000000009,0.9879560000000146,0.8065590000000071,0.8219080000000081,0.0,0.8345280000000076,0.535458,1.0001490000000146,0.9968550000000166,0.09848599999999991
187,1.1906278121405072,0.09694499999999989,0.7005750000000072,0.9825060000000156,0.9060970000000117,0.02270200000000001,0.943844000000014,0.7676490000000104,0.9876880000000158,0.8126560000000093,0.8252130000000107,0.0,0.8333040000000088,0.5318109999999981,1.0001580000000154,0.9967910000000175,0.10112899999999986
188,1.1915731706233639,0.09951699999999994,0.7068570000000051,0.9842100000000124,0.9060550000000099,0.02277900000000003,0.9454350000000109,0.7711860000000076,0.9896530000000121,0.8168880000000075,0.8325420000000062,0.0,0.8370330000000067,0.5307459999999959,1.0001770000000125,0.9969210000000146,0.10378499999999995
189,1.1933676798183368,0.096956,0.7145130000000053,0.9818660000000123,0.909184000000009,0.02220800000000002,0.9462530000000107,0.7748250000000078,0.9903050000000124,0.8180880000000071,0.8371600000000061,0.0,0.8407270000000066,0.5263789999999985,1.0001640000000132,0.9968050000000154,0.10454899999999988
190,1.1952555874878237,0.100315,0.7149800000000069,0.981525000000014,0.9113470000000105,0.022967000000000008,0.9424470000000122,0.7744970000000094,0.9910820000000139,0.8218780000000082,0.8394230000000077,0.0,0.8436550000000078,0.5276480000000006,1.0001790000000144,0.9968490000000164,0.10963199999999994
191,1.197052056635834,0.09740799999999998,0.7193870000000061,0.9799660000000134,0.9179350000000099,0.021259,0.9448840000000113,0.7791760000000081,0.9914960000000129,0.8266770000000087,0.8420440000000075,0.0,0.8449450000000083,0.526416999999999,1.0001630000000128,0.9969280000000147,0.11083
192,1.1994473578011757,0.09927199999999985,0.7309730000000031,0.9794580000000122,0.9203690000000108,0.020828999999999993,0.9423130000000104,0.7869670000000056,0.991988000000013,0.8280820000000092,0.8404260000000076,0.0,0.8426800000000074,0.5232919999999974,1.000173000000013,0.9966320000000145,0.11967199999999993
193,1.202014175146884,0.10264899999999981,0.7323600000000069,0.9799470000000148,0.9206460000000118,0.019785000000000007,0.9453240000000126,0.7880450000000095,0.9910260000000146,0.8281260000000089,0.8381250000000096,0.0,0.8456660000000079,0.522915999999995,1.0001380000000148,0.9967870000000161,0.12165299999999994
194,1.2053581785821585,0.09721599999999997,0.7417170000000041,0.9804450000000098,0.9212190000000073,0.021501000000000017,0.9449650000000079,0.796544000000006,0.99181000000001,0.8334730000000042,0.8402660000000041,0.0,0.8515060000000048,0.5194179999999975,1.0001320000000102,0.9969490000000125,0.11837199999999996
195,1.206814251261897,0.095505,0.750471000000007,0.9813040000000155,0.9168410000000122,0.022836000000000013,0.9469110000000147,0.8005060000000086,0.9909130000000155,0.8336810000000086,0.8412360000000088,0.0,0.8477850000000083,0.5214769999999967,1.0001790000000157,0.996895000000017,0.11895399999999988
196,1.208638954409823,0.09730999999999983,0.7455010000000043,0.9812750000000088,0.916418000000007,0.023136000000000004,0.9470800000000088,0.7951900000000066,0.9927380000000101,0.834657000000005,0.8427130000000062,0.0,0.8495690000000068,0.5260939999999993,1.00013900000001,0.9969470000000115,0.11963599999999995
197,1.2103660994756853,0.09268199999999997,0.754744000000002,0.9806270000000081,0.9157090000000058,0.02375900000000001,0.9474210000000065,0.8025890000000039,0.993816000000008,0.838703000000004,0.8465680000000037,0.0,0.8505230000000057,0.5287069999999991,1.0001340000000083,0.9969460000000097,0.12403199999999993
198,1.2122736364484679,0.09352100000000005,0.761933000000003,0.979543000000011,0.9178130000000083,0.02507400000000003,0.9471850000000099,0.8077330000000044,0.9940070000000114,0.837867000000006,0.8493740000000054,0.0,0.8526150000000065,0.5283439999999977,1.0001330000000117,0.9968940000000133,0.12322199999999997
199,1.2142969211477137,0.09261199999999999,0.7604680000000061,0.9823120000000105,0.9207960000000089,0.024459000000000012,0.94750200000001,0.8059810000000083,0.9941190000000106,0.8422430000000061,0.8546210000000058,0.0,0.857578000000006,0.5244599999999972,1.0001230000000105,0.9966210000000121,0.126404
200,1.2173314491536738,0.09277999999999995,0.7718040000000039,0.9826910000000099,0.9193780000000075,0.024744000000000013,0.947301000000009,0.813797000000006,0.9948700000000106,0.8460580000000054,0.859026000000006,0.0,0.8627080000000051,0.5179459999999976,1.000143000000011,0.9969140000000124,0.13131100000000007
