,PopRatio,Diff_KC,Fibroblast,ILC3,M1,M2,Neutrophil,Prol_KC,Th0,Th1,Th17,Th2,Th22,Treg,iDC,pDC,preDiff_KC
0,1.0,0.00039,0.0,0.0,0.0,0.0,0.0,0.0,0.0,0.0,0.0,0.0,0.0,0.168673,0.0,0.0,0.0
1,0.9999979999999997,0.0013889999999999998,0.0,0.0,0.0,0.0,0.0,0.0,0.0,0.0,0.0,0.0,0.0,0.12293200000000001,5.599999999999999e-05,5.4e-05,0.0
2,0.9999970000019994,0.001754,0.0,0.0,0.0,0.0,0.0,0.0,0.0,0.0,0.0,0.0,0.0,0.12021100000000004,0.000694,0.000692,0.0
3,0.999997999999,0.0025380000000000003,0.0,0.0,4e-05,0.0,4.2000000000000004e-05,0.0,0.0,0.0,0.0,0.0,0.0,0.12440000000000002,0.0036249999999999998,0.0036279999999999993,0.0
4,0.9999940000069997,0.0036520000000000003,0.0,0.0,0.000473,0.0,0.00016599999999999997,0.0,0.0,0.0,0.0,0.0,0.0,0.1422910000000001,0.011249999999999993,0.011238999999999994,0.0
5,0.9999959999949996,0.004274,0.0,0.0,0.001403,0.0,0.0006190000000000001,0.0,0.0,0.0,0.0,0.0,0.0,0.16291700000000012,0.02511499999999999,0.025119999999999993,0.0
6,1.0000079999470002,0.005122000000000001,0.0,0.0,0.0022859999999999994,0.0,0.0016420000000000004,0.0,0.0,0.0,0.0,0.0,0.0,0.18384800000000007,0.04411799999999999,0.044105999999999985,0.0
7,1.000012999987,0.005923000000000001,0.0,0.0,0.004803,0.0,0.002308,0.0,0.0,0.0,0.0,0.0,0.0,0.19798000000000013,0.06810599999999983,0.06811199999999984,0.0
8,1.0000340002600001,0.005656,0.0,0.0,0.007782000000000004,0.0,0.0037620000000000015,0.0,0.0,0.0,0.0,0.0,0.0,0.20889400000000077,0.09781299999999976,0.09782799999999978,0.0
9,1.0000640012800113,0.005161,0.0,0.0,0.011680999999999992,0.0,0.006611000000000002,0.0,0.0,0.0,0.0,0.0,0.0,0.21233700000000047,0.13344000000000006,0.13345100000000004,0.0
10,1.0001040038400653,0.006549000000000002,0.0,0.0,0.016096999999999983,0.0,0.011165,0.0,0.0,0.0,0.0,0.0,0.0,0.226977,0.16886100000000043,0.16883000000000045,0.0
11,1.000169010600316,0.007850000000000003,0.0,0.0,0.02177000000000003,0.0,0.015031999999999988,0.0,0.0,0.0,0.0,0.0,0.0,0.24505300000000058,0.2078850000000008,0.20780400000000082,0.0
12,1.0002540249662206,0.007242000000000002,0.0,0.0,0.02928300000000008,0.0,0.022711000000000023,0.0,0.0,0.0,0.0,0.0,0.0,0.26429699999999945,0.24737400000000231,0.2475050000000023,0.0
13,1.0003150404617496,0.008550999999999994,0.0,0.0,0.03516200000000001,0.0,0.032443000000000013,0.0,0.0,0.0,0.0,0.0,0.0,0.2782299999999986,0.291835,0.2917250000000001,0.0
14,1.000428076061325,0.010452000000000001,0.0,0.0,0.042926000000000006,0.0,0.042016999999999985,0.0,0.000155,0.0,0.0,0.0,0.0,0.2849679999999984,0.3373109999999962,0.33721299999999615,0.0
15,1.0005771398446706,0.010730999999999997,0.0,0.0,0.05179299999999985,0.0,0.05037399999999998,0.0,0.000309,0.0,0.0,0.0,0.0,0.29973999999999845,0.3826719999999966,0.3823679999999966,0.0
16,1.000751240267016,0.010907999999999992,0.0,0.0,0.06573999999999978,0.0,0.060486999999999826,0.0,0.00048300000000000003,0.0,0.0,0.0,0.0,0.30788999999999944,0.4201439999999954,0.4196779999999957,0.0
17,1.0009583957737584,0.011786999999999987,0.0,0.0,0.07906699999999958,0.0,0.07386999999999998,0.0,0.0006580000000000001,0.0,0.0,0.0,0.0,0.3194579999999991,0.4638749999999937,0.4634979999999939,0.0
18,1.0012116382479062,0.011348999999999984,0.0,0.0,0.0896769999999995,0.0,0.09040199999999947,0.0,0.0012770000000000004,0.0,0.0,0.0,0.0,0.33829699999999746,0.5076359999999941,0.5067179999999938,0.0
19,1.0015400356652828,0.011526999999999996,0.0,0.0,0.10490399999999948,0.0,0.10414999999999941,0.0,0.002148,0.0,0.0,0.0,0.0,0.35179899999999814,0.5540989999999993,0.5527469999999993,0.0
20,1.0019176162587509,0.012795,0.0,0.0,0.11683099999999909,0.0,0.12057999999999909,0.0,0.0032290000000000014,0.0,0.0,0.0,0.0,0.36548899999999596,0.5939799999999981,0.5924879999999978,0.0
21,1.0023263986462159,0.012897999999999998,0.0,0.0,0.12748999999999927,0.0,0.1317779999999994,5.2000000000000004e-05,0.0041490000000000025,0.0,0.0,0.0,0.0,0.37190599999999885,0.6324140000000084,0.6303140000000088,0.0
22,1.002842596741543,0.014084999999999988,0.0,0.0,0.1456990000000006,0.0,0.1485040000000008,0.00011200000000000001,0.006916000000000004,0.0,0.0,0.0,0.0,0.3807859999999936,0.6690280000000144,0.6662990000000143,0.0
23,1.003400177225372,0.014695999999999989,0.0,0.0,0.16384300000000163,0.0,0.1637680000000015,0.000401,0.0066070000000000035,0.0,0.0,0.0,0.0,0.38360099999999536,0.6993260000000234,0.6955720000000231,0.0
24,1.004022285335289,0.015053999999999974,0.0,0.0,0.18572900000000284,0.0,0.18083400000000344,0.000378,0.010587999999999992,0.0,0.0,0.0,0.0,0.3993339999999923,0.7269620000000258,0.7216330000000243,0.0
25,1.004636746973953,0.016930999999999998,0.0,0.0,0.20016300000000373,0.0,0.2016840000000039,0.000334,0.014170999999999986,0.0,0.0,0.0,0.0,0.4119969999999907,0.7516810000000282,0.7459060000000273,0.0
26,1.005388215260739,0.01816800000000001,0.0,0.0,0.21336800000000408,0.0,0.22044600000000547,0.0005340000000000001,0.01771,0.0,0.0,0.0,0.0,0.42602099999998966,0.7832370000000363,0.7767840000000358,0.0
27,1.0062267090323174,0.020837000000000015,0.0,3.7000000000000005e-05,0.23170600000000552,0.0,0.2432780000000069,0.0006039999999999999,0.021864,0.0,0.0,0.0,0.0,0.4423979999999904,0.8039750000000421,0.79559500000004,0.0
28,1.0071695434587302,0.02314600000000002,0.0,0.000133,0.2512040000000067,0.0,0.2633870000000044,0.0008050000000000002,0.026901000000000022,0.0,0.0,0.0,0.0,0.45568899999998597,0.8298640000000458,0.819503000000044,0.0
29,1.0081545552722873,0.023385000000000013,0.0,0.000133,0.27109900000000375,0.0,0.28715300000000077,0.00105,0.032211000000000066,0.0,0.0,0.0,0.0,0.4686559999999852,0.8456700000000442,0.8352190000000449,0.0
30,1.009157669054838,0.02372400000000001,0.0,0.000333,0.2889790000000012,0.0,0.2996999999999992,0.0017170000000000002,0.040975999999999985,0.0,0.0,0.0,0.0,0.47744199999998416,0.8633240000000539,0.8534210000000519,0.0
31,1.0101738908276412,0.025716000000000017,0.0,0.000309,0.3057999999999989,0.0,0.3202099999999971,0.0019110000000000002,0.048365999999999916,0.0,0.0,0.0,0.0,0.4889659999999801,0.8787130000000604,0.8680890000000601,0.0
32,1.0112517463692239,0.026542000000000007,0.0,0.000334,0.3273979999999947,0.0,0.33875099999999375,0.0028930000000000006,0.0592929999999997,0.0,0.0,0.0,0.0,0.503604999999982,0.8922980000000557,0.8798990000000557,0.0
33,1.0123095156959887,0.02552200000000004,0.0,0.00107,0.3412349999999941,0.0,0.36035299999999293,0.004236000000000002,0.06734099999999975,0.0,0.0,0.0,0.0,0.5153229999999829,0.8987000000000557,0.884824000000055,0.0
34,1.0134463392821804,0.028437000000000094,0.0,0.0026080000000000005,0.3571169999999903,0.0,0.38035799999998887,0.005415000000000004,0.07596599999999963,0.0,0.0,0.0,0.0,0.5191889999999814,0.9070740000000604,0.8931630000000585,0.0
35,1.0146077487870715,0.03015100000000006,0.0,0.004234,0.3734259999999907,0.0,0.3992559999999866,0.0068189999999999995,0.0813239999999996,2e-06,0.0,0.0,0.0,0.5216059999999842,0.9193690000000659,0.9047350000000645,0.0
36,1.015778606129241,0.03148400000000008,0.0,0.005863000000000003,0.3902609999999894,0.0,0.4100759999999874,0.008014000000000002,0.09063999999999951,0.0,0.0,0.0,0.0,0.5217559999999867,0.930058000000061,0.9148490000000576,0.0
37,1.016901041489079,0.031925000000000064,0.0,0.008824999999999998,0.40993499999998456,0.0,0.4222419999999827,0.008836000000000004,0.09610499999999927,0.000118,0.0,0.0,2.2e-05,0.5288379999999867,0.9373160000000633,0.921011000000063,0.0
38,1.0181325086503905,0.03300500000000008,0.0,0.012566999999999984,0.42462999999998635,0.0,0.4436729999999828,0.01054100000000001,0.10436599999999924,6.7e-05,6.6e-05,0.0,1.8e-05,0.5426289999999905,0.9460370000000609,0.92796800000006,0.0
39,1.0194682985018038,0.03336700000000003,0.0,0.01807899999999999,0.4406609999999809,0.0,0.46588799999998,0.013490999999999987,0.1157099999999993,0.000255,0.000211,0.0,6.7e-05,0.5471789999999922,0.9520050000000597,0.9333970000000587,0.0
40,1.020725302913922,0.035753000000000056,0.0,0.023493000000000028,0.4600189999999815,0.0,0.483381999999977,0.015421999999999976,0.12740399999999918,0.000265,0.00033299999999999996,0.0,0.0,0.548530999999992,0.9607570000000633,0.9410450000000615,5.2000000000000004e-05
41,1.021982836487179,0.03566000000000001,0.0,0.03176700000000008,0.4721549999999809,0.0,0.49700199999997724,0.017767999999999985,0.1341569999999996,6.7e-05,0.000458,0.0,6.7e-05,0.5541939999999922,0.9653240000000546,0.9467610000000558,6.7e-05
42,1.023012995186417,0.036634000000000035,0.0,0.03757400000000001,0.49207399999997753,0.0,0.5060219999999755,0.017535000000000002,0.15009100000000083,0.000303,0.0006529999999999999,0.0,7.7e-05,0.5601999999999884,0.9700540000000606,0.9520140000000618,6.599999999999999e-05
43,1.0242641400795975,0.03682399999999997,0.0,0.043434000000000014,0.5008279999999807,0.0,0.52009099999998,0.019822000000000013,0.16152000000000155,0.0006000000000000002,0.000799,0.0,0.00011999999999999999,0.5625319999999979,0.9740450000000593,0.9552870000000598,0.000198
44,1.025463553387695,0.03618099999999999,0.000125,0.05277999999999989,0.511555999999981,0.0,0.528337999999982,0.022808000000000026,0.1820120000000023,0.00066,0.0015420000000000002,0.0,0.000236,0.5687779999999932,0.9763860000000637,0.9574460000000615,0.000268
45,1.026541315582374,0.034819000000000065,0.000134,0.06323199999999983,0.5245359999999823,0.0,0.5369049999999824,0.024834000000000044,0.19509400000000343,0.00076,0.001818,0.0,0.000372,0.5736399999999923,0.9795150000000593,0.9610450000000578,0.000267
46,1.0277536608761386,0.03578200000000006,0.000134,0.07816599999999967,0.53935999999999,0.0,0.5521559999999891,0.030669000000000102,0.20970900000000373,0.0010160000000000002,0.002404,0.0,0.001013,0.581152,0.9827730000000638,0.9648830000000647,0.000375
47,1.0287176938101057,0.038657,6.7e-05,0.09020299999999941,0.5568839999999919,0.0,0.5621289999999902,0.03341600000000007,0.2273440000000051,0.0012159999999999999,0.003733000000000003,0.0,0.0015870000000000003,0.5859159999999999,0.984838000000068,0.9672610000000708,0.000694
48,1.0299686145258502,0.03620400000000005,0.000234,0.1010729999999993,0.5634899999999986,4.1e-05,0.571369999999994,0.03645000000000006,0.2396130000000054,0.001422,0.004689000000000005,0.0,0.0018789999999999998,0.5899520000000051,0.9874840000000612,0.971226000000062,0.000333
49,1.0310315421361045,0.040504999999999965,0.000201,0.11719199999999912,0.571521999999996,0.0,0.5837789999999945,0.039345999999999985,0.25412200000000434,0.0017330000000000004,0.00657,0.0,0.0030310000000000016,0.591467999999998,0.9883620000000681,0.9722890000000675,0.00013299999999999998
50,1.032113094223877,0.039120999999999996,0.00040100000000000004,0.1261939999999993,0.5805179999999984,8.599999999999999e-05,0.5980159999999983,0.042922000000000016,0.27466599999999924,0.0015330000000000003,0.006616000000000004,0.0,0.003799000000000003,0.584475999999999,0.9915830000000594,0.9759270000000596,0.00016600000000000002
51,1.033221583687136,0.04158000000000003,0.00033200000000000005,0.13905499999999998,0.5949029999999995,0.000231,0.6118759999999986,0.04636799999999995,0.2825050000000007,0.0018740000000000002,0.00787400000000001,0.0,0.005251000000000006,0.5889449999999988,0.9921640000000493,0.9766560000000499,0.00025
52,1.0341287522376643,0.04236400000000002,0.000401,0.1576250000000011,0.6048540000000043,0.00038700000000000003,0.6265570000000056,0.045749,0.29541599999999857,0.0023860000000000014,0.008943999999999997,0.0,0.0055520000000000074,0.5915200000000019,0.9937380000000605,0.9809990000000606,0.000281
53,1.0352642256076843,0.04392999999999996,0.000333,0.17560200000000206,0.6156570000000015,0.0006760000000000001,0.6412560000000037,0.04921400000000004,0.3128149999999964,0.003453000000000001,0.01090599999999999,0.0,0.008031000000000007,0.5954869999999977,0.9934130000000622,0.9809210000000635,0.000268
54,1.0363978399347888,0.043941999999999905,0.000394,0.1963610000000033,0.6227609999999996,0.000478,0.6505120000000065,0.05131899999999999,0.33794899999999445,0.005082000000000001,0.013905999999999981,0.0,0.009216,0.5960439999999968,0.994443000000055,0.9820130000000548,0.000469
55,1.0372849964858297,0.04206799999999998,0.000374,0.21459200000000359,0.629276000000005,0.000468,0.6584830000000103,0.04970699999999989,0.35808399999999124,0.006470000000000004,0.01728,0.0,0.011649999999999997,0.6031650000000032,0.9947130000000575,0.9828760000000584,0.00043700000000000005
56,1.038411487992073,0.04333999999999995,0.00032600000000000006,0.2314570000000054,0.6414240000000104,0.000534,0.6658690000000158,0.05352699999999997,0.3739249999999914,0.007281000000000007,0.019862000000000015,0.0,0.014007999999999968,0.6056540000000009,0.9950980000000585,0.9839280000000594,0.00058
57,1.0394156319010226,0.04554799999999988,0.00046800000000000005,0.24759100000000525,0.6532630000000124,0.001002,0.6832230000000151,0.05511199999999991,0.3931829999999885,0.008071000000000005,0.021340000000000015,0.0,0.016014999999999967,0.6001090000000013,0.9959860000000615,0.9855410000000614,0.000335
58,1.0406660489062634,0.047558999999999976,0.000738,0.26347100000000273,0.6615560000000095,0.001453,0.6942500000000148,0.059491999999999906,0.4105009999999853,0.011512999999999995,0.024717000000000024,0.0,0.02040600000000001,0.6026319999999981,0.996543000000057,0.9862500000000589,0.000285
59,1.041631786999708,0.04708099999999996,0.0013540000000000002,0.2836990000000002,0.6652930000000129,0.0016979999999999999,0.7036300000000164,0.06663699999999982,0.42509299999998656,0.011843999999999993,0.029939000000000073,0.0,0.02259800000000001,0.6016769999999982,0.9966640000000577,0.9868630000000588,0.000245
60,1.0426161290384839,0.04631300000000006,0.0016500000000000002,0.31120099999999595,0.6832670000000134,0.001646,0.7070340000000143,0.0727119999999999,0.44614699999998453,0.014599999999999981,0.03457000000000005,0.0,0.028264000000000046,0.6007199999999989,0.9969130000000526,0.9878740000000541,0.000351
61,1.0435117362933832,0.04859199999999996,0.0015079999999999996,0.32638299999999454,0.6877030000000146,0.0015290000000000002,0.7169220000000195,0.07612099999999981,0.46564999999998086,0.017462000000000002,0.03862899999999997,0.0,0.03256100000000007,0.6082360000000013,0.9967890000000568,0.9891240000000586,0.0007559999999999999
62,1.0445009854194496,0.04875399999999999,0.0017190000000000003,0.347785999999993,0.6912800000000086,0.0020620000000000005,0.7306620000000181,0.08046299999999972,0.4863389999999804,0.019505,0.03984900000000002,0.0,0.03684700000000001,0.6160730000000006,0.9978940000000543,0.9893310000000574,0.000891
63,1.045336586207842,0.044918999999999924,0.0019630000000000003,0.36694799999999045,0.6949690000000163,0.002106000000000001,0.7440880000000256,0.08350399999999955,0.5030729999999788,0.02404400000000003,0.04608799999999994,0.0,0.04140199999999995,0.6134260000000058,0.9979620000000584,0.9900800000000615,0.0009740000000000001
64,1.0465157258771443,0.044984,0.0025129999999999996,0.38018999999998887,0.70563600000002,0.0023030000000000012,0.7488360000000216,0.0868139999999995,0.5195439999999856,0.02739300000000003,0.050546999999999995,0.0,0.04412599999999999,0.622671000000003,0.9983080000000578,0.9920900000000593,0.001193
65,1.047411543338555,0.04472799999999995,0.0028730000000000014,0.38880499999998913,0.7066970000000189,0.0027820000000000006,0.7561510000000209,0.09552299999999957,0.5317069999999902,0.0315910000000001,0.051019999999999975,0.0,0.04642800000000006,0.6297210000000081,0.9982360000000562,0.992104000000059,0.00134
66,1.0485312262784412,0.04381399999999992,0.003153000000000001,0.40666399999998837,0.7131470000000167,0.002707,0.7617160000000202,0.10062699999999941,0.5413959999999869,0.03433600000000008,0.055882999999999856,0.0,0.05081399999999993,0.6353180000000044,0.9984000000000519,0.9922810000000566,0.0018709999999999994
67,1.0494392543204534,0.047327999999999947,0.003031000000000001,0.42240099999998565,0.7148220000000193,0.003007000000000001,0.7683860000000279,0.10506799999999958,0.5516539999999939,0.038984,0.0560089999999999,0.0,0.05255799999999991,0.6422770000000099,0.9989460000000512,0.9931100000000536,0.002520000000000001
68,1.0503228821726451,0.048618999999999864,0.0038070000000000005,0.4437759999999847,0.7158570000000144,0.0033960000000000014,0.7710670000000213,0.11290199999999939,0.5702659999999946,0.04324799999999998,0.06437299999999972,0.0,0.060226999999999906,0.6513740000000103,0.9993330000000427,0.9938310000000461,0.003236000000000001
69,1.0513206889107547,0.05392999999999997,0.004343000000000001,0.45784299999998485,0.7192660000000161,0.004,0.7794250000000237,0.11809999999999954,0.5734599999999971,0.04613399999999998,0.06427999999999981,0.0,0.06489399999999994,0.6487390000000084,0.9999020000000501,0.9945360000000533,0.003604
70,1.0521648994240025,0.057481999999999915,0.005267,0.4752209999999819,0.7184370000000185,0.004409000000000002,0.785515000000031,0.11945499999999933,0.5832939999999968,0.050918999999999943,0.07013999999999972,0.0,0.07108699999999984,0.6492220000000081,0.9998760000000552,0.994324000000057,0.0037009999999999994
71,1.0533001853505395,0.05640899999999989,0.006167000000000005,0.490616999999981,0.7182390000000147,0.005369000000000002,0.7931490000000271,0.12070099999999907,0.5963039999999975,0.055948999999999895,0.0753989999999996,0.0,0.07536899999999973,0.6543780000000079,0.9994480000000537,0.9943440000000552,0.0037280000000000004
72,1.0544261632487353,0.05434600000000001,0.00846400000000001,0.5126849999999822,0.7202780000000163,0.004646000000000001,0.8032280000000299,0.13162699999999974,0.6073390000000011,0.062149999999999955,0.08586099999999955,0.0,0.08289099999999971,0.6552550000000092,0.9995250000000432,0.9949120000000478,0.0036419999999999994
73,1.055322425487542,0.05823599999999996,0.009982999999999992,0.5294329999999902,0.726035000000013,0.005190000000000005,0.8040760000000209,0.13600900000000024,0.6174320000000018,0.06851599999999973,0.09512299999999929,0.0,0.0912909999999995,0.6607680000000067,0.9997360000000409,0.9953400000000449,0.0035979999999999988
74,1.0560316021575125,0.05957199999999989,0.012537999999999994,0.5441559999999898,0.7262030000000187,0.005349000000000002,0.8101250000000337,0.1407850000000006,0.631895000000007,0.07104299999999973,0.10470699999999965,0.0,0.09611499999999969,0.6631970000000111,1.000152000000051,0.9957370000000557,0.0032489999999999993
75,1.057298840080155,0.05779299999999992,0.01267299999999999,0.5473079999999897,0.7267580000000171,0.004880000000000001,0.8172300000000257,0.14899400000000101,0.6380920000000083,0.07773599999999983,0.11271099999999946,0.0,0.10318999999999946,0.6622820000000057,1.0001340000000445,0.9961620000000482,0.0026179999999999997
76,1.0585083899532532,0.06245599999999995,0.012969999999999976,0.5592069999999968,0.7274390000000185,0.005009000000000001,0.8212120000000315,0.15443600000000113,0.6496480000000102,0.08294199999999949,0.11729199999999915,0.0,0.10625599999999923,0.6676450000000091,1.0001550000000463,0.9960180000000501,0.002262
77,1.0596473449808919,0.06134499999999983,0.01355299999999998,0.5712119999999955,0.7327540000000164,0.004645000000000004,0.8303560000000276,0.16600400000000184,0.6617740000000084,0.08680599999999955,0.12163799999999904,0.0,0.10830699999999926,0.6621890000000062,1.0002620000000435,0.996056000000046,0.002137
78,1.0604834067361275,0.05973399999999988,0.016765,0.584914000000001,0.7352500000000223,0.004796000000000002,0.8355450000000332,0.17354000000000214,0.6678380000000137,0.0894159999999996,0.13266599999999973,0.0,0.1132359999999993,0.6574230000000124,0.9998530000000492,0.9960950000000531,0.0026760000000000004
79,1.0612554386562834,0.0592749999999999,0.020039000000000022,0.5961459999999965,0.739573000000018,0.005623000000000003,0.8360180000000268,0.18318200000000262,0.6774830000000112,0.09212699999999964,0.14075700000000038,0.0,0.12613999999999945,0.6588820000000069,1.0004830000000402,0.9966400000000426,0.0039019999999999997
80,1.0621161168170756,0.0607479999999999,0.023745000000000027,0.619900000000006,0.7427870000000205,0.0063560000000000075,0.843017000000034,0.19115200000000315,0.6882820000000162,0.10032699999999946,0.1511470000000012,0.0,0.13445999999999972,0.6639720000000103,1.0001170000000488,0.9966980000000532,0.0038860000000000014
81,1.0628245482670444,0.061188999999999924,0.024940000000000042,0.6290050000000061,0.7434570000000155,0.007219000000000004,0.84631700000003,0.1946420000000034,0.6990650000000147,0.10713799999999929,0.15893800000000105,0.0,0.1385640000000003,0.6612930000000061,1.0000600000000424,0.9969010000000454,0.0046679999999999985
82,1.0633740285585433,0.0628749999999999,0.027418000000000057,0.632328000000004,0.743770000000015,0.008248,0.8516000000000284,0.20030000000000314,0.7061560000000114,0.10742699999999945,0.1647340000000021,0.0,0.1426750000000002,0.6646420000000115,0.9996960000000439,0.9964010000000468,0.004891000000000005
83,1.0645235358834615,0.06525599999999993,0.03192700000000007,0.6456650000000073,0.7424980000000194,0.007637000000000004,0.8600100000000293,0.21388600000000416,0.7095740000000158,0.11357599999999951,0.1674560000000021,0.0,0.15200900000000095,0.6665150000000073,0.9994430000000412,0.9961870000000439,0.0041810000000000016
84,1.0654017678006098,0.06845699999999978,0.035612000000000026,0.6557680000000089,0.7499520000000216,0.008502000000000004,0.862526000000029,0.22418100000000515,0.7150170000000163,0.12281599999999973,0.1753120000000023,0.0,0.16087200000000146,0.664241000000011,0.9998080000000447,0.996426000000049,0.003948000000000001
85,1.065880133194399,0.06766299999999982,0.03710900000000001,0.6674010000000122,0.7469160000000202,0.010883999999999994,0.8712690000000327,0.23094000000000414,0.7255560000000159,0.1314579999999999,0.18318400000000182,0.0,0.1747850000000022,0.6697150000000127,0.9996890000000453,0.9961600000000486,0.005006
86,1.0665420447571599,0.06812799999999987,0.042508,0.6733570000000081,0.7522160000000127,0.011284999999999991,0.8735850000000329,0.23627300000000453,0.7305170000000123,0.14096700000000045,0.19290500000000285,0.0,0.18282800000000204,0.6673270000000099,1.000314000000045,0.9965880000000479,0.005455000000000003
87,1.067395278393014,0.06862599999999996,0.04607499999999999,0.6754270000000108,0.7571390000000192,0.011379999999999982,0.8740310000000319,0.24365400000000437,0.7440920000000218,0.15061200000000066,0.2001270000000032,0.0,0.1877030000000024,0.6654960000000095,1.0004240000000473,0.9967880000000506,0.0066420000000000055
88,1.0682833512646872,0.06854999999999983,0.052649,0.6876300000000176,0.763827000000028,0.011856999999999979,0.8784440000000404,0.2556000000000041,0.7514850000000238,0.15627800000000128,0.21018700000000398,0.0,0.19672500000000293,0.6624510000000109,1.0004240000000513,0.9968560000000563,0.006185000000000002
89,1.0698131330237528,0.06746399999999991,0.054763999999999875,0.7049230000000172,0.7689350000000208,0.01327299999999998,0.8833950000000318,0.2606580000000034,0.7563150000000239,0.16429300000000147,0.2180920000000035,0.0,0.20934100000000327,0.6575560000000151,1.0005800000000455,0.9971380000000483,0.006502000000000006
90,1.0709193198033475,0.06427799999999982,0.06116399999999989,0.7156460000000145,0.7634560000000117,0.015300999999999978,0.8897610000000247,0.27193900000000054,0.7591850000000151,0.16876100000000172,0.2294300000000031,0.0,0.21504500000000276,0.6555080000000096,1.0004770000000305,0.9971410000000352,0.0059330000000000025
91,1.0715490203634246,0.06315099999999989,0.06285799999999987,0.7200910000000184,0.762124000000022,0.01627799999999999,0.8923440000000344,0.27642200000000244,0.7714500000000217,0.1799390000000025,0.23918700000000442,0.0,0.22467500000000365,0.6515100000000078,1.0006110000000417,0.9972910000000456,0.006396000000000003
92,1.0721480162658519,0.06297099999999987,0.0654489999999999,0.7308510000000193,0.7595920000000188,0.017332999999999994,0.8950630000000283,0.28208399999999945,0.7791490000000252,0.18818800000000258,0.2514830000000037,0.0,0.23203600000000366,0.6494810000000067,1.0005510000000357,0.9972410000000403,0.006416000000000004
93,1.0727559241911127,0.06474399999999986,0.06977699999999978,0.7315290000000181,0.7601590000000215,0.01604099999999998,0.8962320000000316,0.2911069999999989,0.7853350000000224,0.1895420000000026,0.2556470000000024,0.0,0.23940600000000364,0.6463860000000075,1.00055800000004,0.9972960000000417,0.007223000000000006
94,1.0733995777456704,0.06987099999999984,0.0759859999999997,0.737091000000022,0.761848000000026,0.017089999999999973,0.8979350000000353,0.2989599999999984,0.7913420000000259,0.19728600000000285,0.2645040000000023,0.0,0.2442210000000038,0.6496210000000097,1.0005590000000424,0.9972240000000463,0.008028000000000004
95,1.073981360316854,0.06672699999999986,0.07728499999999978,0.7495290000000222,0.7591170000000221,0.018207999999999985,0.9017670000000371,0.3020289999999986,0.8033520000000279,0.2097220000000033,0.27937200000000034,0.0,0.2583390000000034,0.6531110000000099,1.0005960000000462,0.9970510000000491,0.008388000000000001
96,1.0747846983744205,0.06502099999999998,0.07911399999999975,0.7557320000000262,0.7695140000000251,0.017116000000000003,0.9022410000000346,0.30568799999999774,0.8100170000000265,0.22368600000000344,0.2885609999999994,0.0,0.2672400000000021,0.6462500000000081,1.000558000000045,0.9971900000000482,0.010045999999999994
97,1.0752253601008024,0.06734299999999983,0.08473599999999964,0.7633450000000233,0.766378000000021,0.019036000000000018,0.9069040000000338,0.3079239999999954,0.8175500000000286,0.232965000000003,0.29392099999999666,0.0,0.27417600000000025,0.6477580000000136,1.000577000000041,0.997374000000044,0.009624999999999991
98,1.0757102867382515,0.06757799999999997,0.0886819999999996,0.7755930000000221,0.7677950000000219,0.01998100000000001,0.9091880000000313,0.3076469999999973,0.8276380000000267,0.24390200000000448,0.31146699999999644,0.0,0.2920379999999985,0.6463730000000059,1.0004710000000387,0.9971820000000431,0.010612999999999994
99,1.076531053687074,0.06698099999999986,0.09049699999999969,0.7818290000000206,0.7757820000000173,0.019879000000000015,0.9078480000000321,0.3118869999999957,0.8288480000000299,0.25461600000000434,0.3165209999999965,0.0,0.3005059999999969,0.6463330000000116,1.0005750000000435,0.9974170000000473,0.010326999999999994
100,1.0774181152753586,0.06566099999999991,0.09619499999999966,0.7895690000000254,0.7730480000000203,0.019936000000000013,0.909195000000032,0.3216239999999941,0.8301170000000306,0.26086800000000177,0.3221469999999941,0.0,0.3042559999999962,0.643994000000013,1.0004540000000384,0.9970400000000413,0.011596999999999988
101,1.0781583015205933,0.06897099999999977,0.10298699999999966,0.7985780000000251,0.7772750000000173,0.01810299999999999,0.9123830000000328,0.326852999999997,0.8325470000000251,0.2708660000000014,0.3346919999999954,0.0,0.31782699999999703,0.6432320000000081,1.0005300000000428,0.9975150000000446,0.01254499999999998
102,1.0787006151463043,0.07322599999999987,0.10822199999999954,0.8046490000000267,0.7718180000000187,0.01879300000000001,0.914349000000029,0.332417999999993,0.8368770000000262,0.28158399999999884,0.34526899999999366,0.0,0.3250069999999943,0.6471530000000086,1.0005720000000393,0.9971380000000432,0.013962999999999979
103,1.079798732372565,0.0762799999999999,0.11268699999999957,0.8129900000000226,0.7807260000000176,0.017799000000000013,0.9182370000000271,0.3375159999999958,0.8401080000000265,0.2942459999999977,0.35504299999999284,0.0,0.3341589999999938,0.6514540000000074,1.0005230000000331,0.9971860000000365,0.014253999999999989
104,1.0808007855962418,0.07656499999999997,0.11707399999999955,0.818451000000024,0.7805980000000184,0.01861400000000001,0.9185310000000311,0.3434729999999928,0.840543000000031,0.297832999999997,0.36124099999999154,0.0,0.3402139999999934,0.6498160000000103,1.0005440000000396,0.9971030000000428,0.014264999999999977
105,1.0815108717124209,0.07598999999999995,0.12676699999999977,0.8218590000000272,0.7844600000000225,0.01873600000000003,0.9238850000000333,0.34827799999999154,0.8455770000000291,0.3064519999999963,0.36344199999999033,0.0,0.34802499999999115,0.6435310000000094,1.000511000000037,0.9971220000000404,0.014796999999999973
106,1.0826561917256043,0.07865799999999974,0.13094699999999992,0.8263440000000245,0.781154000000021,0.017789000000000006,0.9264680000000347,0.35285099999999175,0.8555640000000319,0.3155169999999955,0.375131999999992,0.0,0.3539999999999941,0.6421930000000112,1.0005420000000427,0.9972900000000451,0.016439999999999993
107,1.0839986854033894,0.08178099999999962,0.13844300000000045,0.8344800000000244,0.7812460000000214,0.017515999999999997,0.9282980000000309,0.35406199999999255,0.8597750000000286,0.32214799999999416,0.38089999999999113,0.0,0.36594699999999214,0.634995000000011,1.0005740000000398,0.9975050000000426,0.01937800000000001
108,1.084146109224647,0.08254199999999985,0.1442540000000007,0.8438770000000303,0.7820890000000247,0.017425000000000006,0.9276470000000336,0.3626669999999923,0.8592360000000336,0.33601599999999404,0.38919699999999086,0.0,0.37871499999999203,0.6357020000000099,1.0005270000000406,0.9972920000000433,0.019949000000000012
109,1.0850340248881456,0.08417299999999994,0.1470890000000003,0.8545220000000285,0.7762980000000198,0.020502000000000034,0.927996000000031,0.3623139999999931,0.8636640000000303,0.34163899999999403,0.40255199999999136,0.0,0.38542499999999225,0.6379210000000071,1.0004960000000358,0.9973590000000396,0.020250000000000015
110,1.0855244602674337,0.08324199999999982,0.15236900000000095,0.857033000000027,0.7767550000000208,0.022295000000000027,0.9312780000000328,0.36844299999998825,0.864997000000032,0.34579599999999217,0.4064819999999887,0.0,0.3910539999999897,0.6340260000000056,1.0005420000000382,0.997070000000043,0.019691000000000018
111,1.0856775192163723,0.08303199999999986,0.15113000000000051,0.8608640000000278,0.7774450000000207,0.023444000000000045,0.9323790000000345,0.3686579999999914,0.8666890000000309,0.3611629999999926,0.41959799999998965,0.0,0.3969569999999912,0.6362760000000063,1.000565000000042,0.9971950000000461,0.020537000000000014
112,1.0873038641402035,0.08582399999999975,0.15523500000000087,0.8683170000000263,0.7712150000000182,0.023049000000000014,0.9336560000000299,0.3731099999999912,0.8739030000000292,0.37399999999999084,0.4347049999999882,0.0,0.4062939999999892,0.6365620000000034,1.0004990000000356,0.9971510000000399,0.02173800000000003
113,1.0879084050887036,0.09030699999999972,0.1604230000000011,0.8714810000000256,0.7728380000000216,0.024506000000000028,0.9350480000000306,0.37671799999998884,0.8777280000000294,0.3787169999999906,0.43832299999998864,0.0,0.4146159999999885,0.6351020000000074,1.0004600000000357,0.9971770000000395,0.024039000000000012
114,1.0890376540132245,0.09065899999999977,0.16393900000000106,0.8794980000000316,0.7805160000000214,0.02495100000000003,0.9383660000000348,0.37867299999998927,0.8808560000000331,0.3931569999999901,0.44948999999998634,0.0,0.43543899999998614,0.6299640000000046,1.000451000000041,0.9971040000000437,0.024887000000000038
115,1.0901201574413564,0.0906229999999997,0.16621700000000147,0.8809450000000271,0.777512000000018,0.02627100000000003,0.9418000000000323,0.3805259999999886,0.8862430000000296,0.39928799999999043,0.4523889999999882,0.0,0.444824999999988,0.6396090000000084,1.0005270000000346,0.9971380000000398,0.024765000000000034
116,1.091700831669684,0.08499599999999984,0.1768600000000016,0.8838300000000303,0.7782110000000193,0.024643000000000033,0.9462250000000343,0.39134899999998984,0.8903800000000337,0.40091299999998975,0.46271899999998817,0.0,0.4555809999999885,0.6399520000000083,1.0004640000000389,0.9971470000000427,0.02548700000000004
117,1.0922390401797393,0.08567599999999982,0.18468700000000163,0.883528000000034,0.7795640000000246,0.024638000000000035,0.9472080000000372,0.3982779999999896,0.8884790000000359,0.40106899999998924,0.471908999999986,0.0,0.45913499999998714,0.6369750000000098,1.0004460000000404,0.9972420000000429,0.026858000000000045
118,1.0927895286560332,0.08589099999999986,0.19132500000000144,0.8866250000000278,0.7770940000000174,0.025358000000000016,0.9465830000000324,0.40779499999999075,0.8934890000000293,0.41278399999999005,0.48306899999998826,0.0,0.47198799999998897,0.6406450000000078,1.000523000000035,0.9972720000000374,0.02980200000000003
119,1.0935435534308435,0.08659400000000003,0.19497200000000095,0.8889010000000231,0.7745440000000181,0.026762000000000025,0.9470750000000248,0.41239199999999243,0.8955840000000236,0.41729499999999214,0.4882359999999891,0.0,0.47645899999998986,0.6435350000000061,1.0004110000000295,0.997128000000032,0.028158000000000002
120,1.093741484814046,0.08819599999999972,0.208966000000002,0.8903940000000273,0.7795250000000212,0.026644000000000022,0.9488640000000317,0.4189049999999891,0.8998360000000285,0.42158099999999,0.49223099999998615,0.0,0.4833079999999863,0.6434080000000088,1.0004710000000352,0.997199000000038,0.029516000000000035
121,1.0942128873940387,0.0888329999999997,0.2134510000000024,0.8931290000000255,0.7800920000000169,0.025245000000000024,0.9516120000000258,0.41734599999998956,0.8991810000000257,0.4345319999999905,0.5018419999999898,0.0,0.48548599999998865,0.6424640000000037,1.00041800000003,0.997279000000035,0.02926600000000005
122,1.0956266104445844,0.09206799999999984,0.22093600000000188,0.8946630000000261,0.7802540000000189,0.026590000000000034,0.9531230000000265,0.43251499999999116,0.8981970000000277,0.4403509999999904,0.5034899999999902,0.0,0.48689799999998923,0.6403900000000062,1.0004350000000313,0.9969380000000334,0.030955000000000066
123,1.0965392674111183,0.09130199999999973,0.23491200000000256,0.8972590000000212,0.7893640000000143,0.025541000000000022,0.9539490000000264,0.446460999999988,0.9003300000000226,0.454961999999991,0.5034099999999886,0.0,0.49413699999998834,0.6359650000000049,1.0004230000000307,0.9970670000000337,0.033081000000000034
124,1.0977673913906518,0.09301399999999987,0.24616800000000244,0.897348000000023,0.7921200000000158,0.023384000000000012,0.9541330000000273,0.4609229999999894,0.9020570000000243,0.4658389999999896,0.5077189999999915,0.0,0.5011649999999889,0.6362370000000052,1.0004680000000312,0.997193000000034,0.03379
125,1.0985533928429214,0.09861999999999994,0.24935100000000235,0.9016380000000265,0.7868460000000188,0.024416000000000018,0.9550310000000275,0.465530999999988,0.9060960000000294,0.47041899999998954,0.5191659999999898,0.0,0.5077499999999882,0.6422100000000085,1.0004540000000308,0.9971300000000343,0.035065000000000054
126,1.0996684245366901,0.09763699999999965,0.2598440000000009,0.9070910000000248,0.7928080000000159,0.023870000000000006,0.9595270000000266,0.47499999999998616,0.9109580000000256,0.4790619999999874,0.5255099999999935,0.0,0.5076509999999896,0.639828000000005,1.0004560000000282,0.9970030000000323,0.037276999999999984
127,1.1011903656362794,0.09641699999999975,0.26800099999999966,0.9115770000000238,0.7925360000000135,0.025209,0.9607670000000254,0.4822629999999895,0.9137690000000239,0.48815799999998966,0.5334199999999947,0.0,0.5191019999999913,0.6408560000000032,1.000451000000028,0.9968820000000312,0.036540000000000024
128,1.1022320917222015,0.10013599999999981,0.2714779999999993,0.9184140000000237,0.7943670000000127,0.027930000000000014,0.9603350000000236,0.4835729999999849,0.9119240000000222,0.4951079999999903,0.5374879999999925,0.0,0.5290409999999925,0.6385880000000034,1.0004150000000291,0.9971920000000317,0.03843699999999999
129,1.1034059688999174,0.10433699999999964,0.27902199999999916,0.9208920000000255,0.7958660000000162,0.027885000000000014,0.9634260000000255,0.4927109999999875,0.9129770000000252,0.4987599999999899,0.5466559999999996,0.0,0.5371059999999986,0.6379880000000048,1.0003760000000292,0.9970210000000326,0.04162200000000002
130,1.1046384733672097,0.10323099999999966,0.2908249999999988,0.9240580000000246,0.7976800000000158,0.028739000000000032,0.9655860000000284,0.5035019999999873,0.9138220000000251,0.5072579999999907,0.5565049999999968,0.0,0.5449339999999965,0.6402340000000099,1.00039900000003,0.9970660000000339,0.04295199999999995
131,1.1059607256198625,0.10432799999999963,0.305154999999997,0.9312050000000289,0.7975050000000208,0.028496000000000042,0.9660230000000299,0.5118489999999898,0.9150130000000266,0.5190019999999923,0.5610889999999994,0.0,0.5521859999999993,0.6452400000000109,1.0003970000000308,0.9971610000000345,0.04299799999999994
132,1.1071861301038823,0.1039889999999999,0.3131559999999971,0.9355910000000237,0.8012030000000134,0.026995000000000016,0.9661870000000237,0.5127439999999918,0.9190380000000234,0.5340829999999959,0.5671740000000006,0.0,0.5610589999999993,0.6433550000000045,1.000390000000027,0.9972010000000299,0.041144999999999966
133,1.1083265318179185,0.1018699999999998,0.3161999999999965,0.9406710000000251,0.8025290000000167,0.031590000000000035,0.9669250000000252,0.51224099999999,0.9219280000000246,0.5430829999999942,0.5745419999999988,0.0,0.5681619999999986,0.645816000000006,1.0004590000000269,0.9970200000000293,0.044615999999999975
134,1.109621057207111,0.10289699999999966,0.3292939999999965,0.9401750000000245,0.8089820000000166,0.03377400000000001,0.9696560000000259,0.527644999999995,0.925874000000025,0.5506209999999946,0.5872469999999989,0.0,0.5760599999999961,0.6443860000000085,1.00038200000003,0.9969480000000319,0.04338000000000002
135,1.111356504540615,0.10061399999999977,0.3420389999999968,0.9427860000000271,0.8100440000000189,0.03593700000000001,0.969833000000026,0.543248999999995,0.9282570000000281,0.5560599999999969,0.5931960000000026,0.0,0.5833390000000006,0.6454850000000079,1.0003910000000291,0.9970940000000323,0.045248999999999956
136,1.1121866878495386,0.1024839999999998,0.345744999999995,0.9425630000000297,0.8078890000000181,0.03399500000000002,0.9697530000000296,0.538554999999994,0.9302410000000284,0.5621169999999986,0.5996750000000033,0.0,0.5932630000000021,0.6457990000000076,1.000350000000033,0.9971210000000355,0.044959000000000006
137,1.1133033232841751,0.10580499999999977,0.35923899999999515,0.9452270000000252,0.810755000000017,0.03399100000000003,0.9706090000000241,0.5470239999999998,0.9328340000000237,0.5725800000000016,0.6114590000000045,0.0,0.6027110000000038,0.6467610000000077,1.000399000000027,0.9972640000000303,0.04601099999999991
138,1.1147495043011497,0.10108899999999976,0.3632649999999955,0.9460980000000263,0.806798000000015,0.035803,0.9714100000000252,0.5456329999999973,0.9330490000000243,0.5766500000000018,0.6176250000000048,0.0,0.6095110000000044,0.6425480000000054,1.000405000000028,0.9972760000000311,0.04602699999999995
139,1.1161150724439493,0.10085499999999994,0.37333799999999534,0.948970000000029,0.8117320000000177,0.03600600000000004,0.9709490000000278,0.5511169999999961,0.9325910000000271,0.5798370000000007,0.6251880000000051,0.0,0.6117240000000047,0.638777000000007,1.0003510000000302,0.9971470000000315,0.04645100000000001
140,1.1167746964517966,0.1014679999999998,0.38777899999999543,0.9483640000000272,0.8173250000000201,0.03937999999999998,0.9720900000000275,0.5594419999999996,0.9346800000000279,0.5852470000000017,0.6259190000000046,0.0,0.619724000000003,0.6433750000000064,1.0003820000000296,0.9971960000000328,0.047067999999999895
141,1.1183292468292894,0.10056399999999965,0.3950669999999931,0.9511890000000219,0.8208200000000146,0.03768000000000001,0.9716460000000229,0.5659960000000008,0.9379850000000207,0.5940480000000041,0.6360000000000079,0.0,0.6299320000000066,0.6485530000000064,1.0004000000000253,0.9972090000000275,0.046100999999999934
142,1.120350067778337,0.09853299999999972,0.4050549999999928,0.953672000000026,0.8238110000000172,0.03994,0.9716530000000261,0.5697050000000016,0.9429110000000248,0.6001170000000042,0.6422650000000063,0.0,0.6391500000000063,0.6516190000000095,1.0003450000000282,0.9970380000000307,0.04435700000000001
143,1.1223084396968441,0.10135799999999967,0.41969099999999376,0.9568360000000251,0.8276030000000171,0.04180400000000002,0.9711220000000252,0.5780070000000037,0.9443520000000248,0.6064440000000034,0.6521390000000064,0.0,0.6521430000000057,0.6443560000000066,1.0003740000000263,0.9973400000000295,0.046205999999999935
144,1.1232332218511833,0.10084499999999975,0.4205519999999939,0.9572880000000222,0.8326370000000145,0.04022900000000005,0.9724980000000231,0.5703249999999975,0.9447770000000217,0.6099670000000055,0.6501720000000073,0.0,0.6507380000000096,0.6360390000000069,1.0003880000000267,0.9972820000000289,0.047111999999999966
145,1.1242710893482046,0.0993929999999998,0.4340199999999939,0.9570460000000213,0.834644000000014,0.040327000000000016,0.971896000000021,0.5763840000000007,0.9458700000000224,0.6125660000000045,0.6523550000000057,0.0,0.6515370000000057,0.6339460000000068,1.0003550000000236,0.9971120000000278,0.046800999999999975
146,1.1260159580788986,0.10087799999999979,0.4441209999999937,0.9575200000000218,0.8344120000000136,0.04287100000000002,0.9724890000000209,0.584438,0.9466190000000205,0.6155730000000037,0.6539160000000047,0.0,0.6568840000000046,0.6368410000000029,1.0003460000000228,0.9969160000000254,0.048422999999999945
147,1.1279932421013095,0.09887099999999978,0.44357999999999237,0.9601570000000225,0.8311600000000152,0.04360799999999999,0.9741860000000225,0.5882890000000032,0.9469880000000223,0.6295870000000034,0.6609800000000063,0.0,0.6630880000000069,0.6335890000000048,1.0003170000000259,0.9969260000000297,0.04730199999999998
148,1.1288099092086186,0.10040299999999977,0.4617629999999915,0.9597290000000259,0.8356240000000156,0.04108599999999994,0.9736560000000252,0.6039300000000042,0.9482750000000231,0.6371370000000066,0.6683400000000086,0.0,0.6697570000000089,0.6292390000000062,1.0003550000000279,0.9970220000000306,0.047766999999999976
149,1.1302705892311642,0.10135699999999975,0.46636499999999165,0.9582990000000259,0.8350640000000165,0.044553999999999996,0.9740800000000255,0.6087020000000013,0.9501810000000251,0.6412840000000001,0.6760640000000059,0.0,0.6739460000000035,0.629520000000003,1.0003090000000274,0.99701700000003,0.046730999999999925
150,1.1310414337730492,0.1041529999999998,0.4723609999999936,0.9574880000000197,0.8311150000000156,0.047319,0.9742090000000212,0.6129000000000018,0.95404500000002,0.6454910000000041,0.6772810000000065,0.0,0.6789470000000064,0.638085000000003,1.0003130000000229,0.9971060000000251,0.04809899999999997
151,1.131691782597494,0.10409699999999979,0.4720539999999937,0.9579890000000221,0.8306600000000139,0.04729399999999995,0.9771380000000222,0.610251000000005,0.958303000000021,0.6521410000000044,0.6862980000000066,0.0,0.686070000000005,0.6409640000000079,1.0003280000000234,0.9970410000000266,0.051345999999999975
152,1.1324964154549473,0.1053789999999998,0.4737749999999953,0.9582600000000246,0.8295200000000159,0.049125999999999954,0.9767050000000245,0.612183000000002,0.9601400000000241,0.6537640000000066,0.6893040000000095,0.0,0.6873240000000095,0.6426080000000094,1.0003240000000262,0.9971190000000291,0.04826
153,1.1343706970225547,0.10596899999999976,0.48099699999999257,0.9610070000000219,0.8277290000000115,0.04849000000000002,0.9776470000000226,0.6125200000000033,0.9611040000000209,0.6598960000000036,0.6946710000000049,0.0,0.6951400000000053,0.6409370000000044,1.0002880000000245,0.9971240000000268,0.05058499999999995
154,1.136075656180207,0.10670899999999978,0.49045399999999245,0.9608570000000206,0.8295460000000137,0.048767000000000005,0.9765580000000201,0.6141950000000016,0.9635270000000207,0.6635350000000048,0.6980250000000079,0.0,0.7013820000000066,0.6445280000000053,1.0002330000000224,0.9969010000000257,0.053658999999999936
155,1.136956114813772,0.10522999999999981,0.4978919999999932,0.9623950000000215,0.8306850000000152,0.050240000000000014,0.978126000000022,0.6202670000000038,0.9646850000000223,0.6657690000000062,0.7030690000000079,0.0,0.7065990000000085,0.6452300000000061,1.0002340000000238,0.997014000000026,0.05478299999999996
156,1.1382329165307337,0.10535099999999988,0.5078669999999965,0.9632800000000219,0.8337610000000157,0.05072,0.9795540000000212,0.6263200000000058,0.9623690000000219,0.6699280000000085,0.7024520000000101,0.0,0.7108020000000085,0.6444220000000075,1.0002750000000222,0.9968110000000251,0.05563899999999997
157,1.1394770051085252,0.10559199999999976,0.516211999999994,0.9615090000000166,0.8313190000000109,0.05038599999999999,0.9808300000000174,0.6370550000000038,0.9620570000000185,0.6735520000000055,0.6995630000000073,0.0,0.7104430000000098,0.6362640000000053,1.0003060000000188,0.9968880000000224,0.055742999999999966
158,1.1415736427979457,0.1056979999999998,0.5209769999999968,0.9621610000000203,0.8320820000000103,0.051607999999999925,0.9808100000000209,0.637202000000004,0.9611600000000206,0.6779600000000068,0.7011680000000075,0.0,0.7158390000000091,0.6350210000000056,1.0002650000000215,0.9968760000000246,0.054951999999999966
159,1.1423019667820749,0.10625299999999976,0.5272559999999943,0.9631210000000195,0.8369660000000146,0.049301999999999985,0.9811960000000192,0.6460700000000081,0.9635020000000195,0.6838300000000107,0.7066380000000074,0.0,0.7215320000000102,0.6370790000000066,1.00031000000002,0.9971410000000221,0.056971999999999974
160,1.1427634567766778,0.10294199999999967,0.532384999999994,0.9627730000000199,0.8390840000000124,0.050506999999999976,0.9815080000000195,0.6478280000000022,0.9646880000000194,0.6772510000000054,0.7054840000000068,0.0,0.7200040000000076,0.6427409999999992,1.0002470000000205,0.9970130000000229,0.05752399999999996
161,1.1436125300250857,0.10298399999999974,0.5399569999999981,0.9647740000000161,0.842242000000012,0.048860999999999974,0.9808220000000157,0.6518340000000036,0.9661830000000161,0.6795990000000054,0.7075030000000072,0.0,0.7282960000000085,0.6349980000000021,1.0003080000000173,0.9969360000000206,0.05855999999999997
162,1.1450420456876356,0.1032979999999998,0.5463260000000021,0.9643480000000175,0.8465610000000134,0.05057900000000001,0.980412000000018,0.654457000000012,0.9692710000000181,0.6809770000000082,0.712119000000008,0.0,0.733821000000008,0.6354770000000061,1.0002570000000186,0.9970420000000215,0.05801899999999998
163,1.1467733492607362,0.10482599999999995,0.549724000000001,0.9647690000000201,0.8484490000000116,0.04835499999999999,0.9806300000000201,0.6538880000000084,0.9677330000000194,0.6771590000000078,0.7160570000000073,0.0,0.7344550000000081,0.6371990000000078,1.0002650000000222,0.9967960000000243,0.05617899999999998
164,1.1482056691739873,0.10524100000000004,0.5519980000000002,0.9681700000000187,0.8498250000000143,0.05153199999999994,0.9810660000000189,0.6567990000000088,0.9689420000000194,0.6851360000000097,0.7231160000000084,0.0,0.7407820000000117,0.6418530000000078,1.000273000000019,0.9967580000000213,0.05701499999999997
165,1.1497821555577836,0.10456299999999981,0.5559260000000015,0.9696540000000211,0.8499000000000159,0.05081199999999997,0.9811160000000201,0.6589380000000084,0.9703230000000211,0.6871100000000108,0.7270450000000126,0.0,0.7417990000000129,0.6427130000000045,1.0002300000000226,0.9967790000000254,0.05699999999999994
166,1.151832217141167,0.10124599999999999,0.5600940000000033,0.9708270000000192,0.8481050000000111,0.053634,0.9827170000000185,0.6618130000000128,0.9711820000000191,0.6905500000000084,0.7289040000000089,0.0,0.7448660000000096,0.6466680000000105,1.0002470000000199,0.9968220000000219,0.05595100000000001
167,1.1539147297897803,0.09482399999999994,0.5693920000000003,0.9710000000000168,0.8464510000000107,0.058020000000000065,0.9825430000000174,0.6688820000000091,0.9755640000000174,0.6931130000000076,0.7288960000000064,0.0,0.7434100000000088,0.644651000000006,1.0002220000000182,0.9967590000000209,0.05430499999999995
168,1.1553201979306842,0.09172399999999986,0.5716090000000034,0.9717820000000215,0.8467360000000143,0.06045,0.982430000000022,0.6681650000000087,0.9752850000000224,0.6990930000000096,0.7335360000000101,0.0,0.7491870000000096,0.6387770000000065,1.0002550000000232,0.9969670000000265,0.05710899999999998
169,1.1572657571440255,0.08989499999999981,0.5738710000000011,0.9702910000000141,0.8499810000000113,0.05851000000000004,0.9833700000000153,0.6697200000000064,0.9750200000000154,0.7003050000000062,0.7340400000000069,0.0,0.7533890000000059,0.649295000000005,1.0002200000000159,0.9972160000000196,0.059641999999999966
170,1.1592724559669303,0.08605099999999984,0.5710079999999975,0.9707690000000168,0.853631000000012,0.05647499999999997,0.9844400000000166,0.6679600000000055,0.9759980000000165,0.6992890000000066,0.7394650000000074,0.0,0.7616900000000091,0.6486880000000043,1.0002340000000172,0.9967950000000205,0.06120399999999993
171,1.1610217981030033,0.08287299999999985,0.5790329999999997,0.9717780000000137,0.8507720000000101,0.05852199999999999,0.9850870000000145,0.6737460000000053,0.9793670000000144,0.7001680000000061,0.738694000000008,0.0,0.7640310000000097,0.6513109999999993,1.0002060000000152,0.997041000000018,0.06132999999999999
172,1.1611007475852915,0.08538299999999989,0.5861819999999991,0.9719880000000143,0.8513890000000089,0.05869899999999998,0.9852420000000139,0.6799070000000054,0.9816090000000132,0.7046640000000055,0.7444360000000044,0.0,0.7659580000000072,0.6449980000000036,1.0002070000000138,0.9969310000000152,0.06120900000000001
173,1.1624371745457762,0.08484399999999988,0.5967619999999945,0.974264000000019,0.8567460000000149,0.05756699999999997,0.9850710000000199,0.6856199999999989,0.9823090000000197,0.7151550000000025,0.7548310000000088,0.0,0.7745740000000106,0.645820999999998,1.00018000000002,0.9966820000000217,0.060842999999999973
174,1.163489180188761,0.08360899999999992,0.6006300000000018,0.9770980000000216,0.8624730000000164,0.056061999999999924,0.9844760000000213,0.68619300000001,0.9810990000000226,0.7239310000000093,0.7582500000000102,0.0,0.7802340000000129,0.6399540000000101,1.0002120000000223,0.9970030000000247,0.059767
175,1.1653961389551148,0.08560299999999985,0.6080880000000007,0.9783100000000179,0.8620580000000114,0.057569999999999934,0.9843090000000172,0.6914280000000093,0.9814480000000183,0.7264790000000078,0.7618390000000086,0.0,0.7788740000000085,0.6344030000000019,1.0002310000000196,0.9969850000000213,0.06309299999999998
176,1.1688072534538578,0.08371499999999982,0.6184860000000048,0.9794450000000197,0.8632910000000135,0.05738399999999996,0.9846620000000191,0.7017520000000099,0.9798210000000196,0.7305010000000085,0.7623950000000105,0.0,0.78133000000001,0.6345450000000055,1.0002140000000204,0.9967930000000227,0.06200699999999996
177,1.1700870973964121,0.08363999999999991,0.6150559999999995,0.9792160000000155,0.8614410000000103,0.059072000000000006,0.9836500000000155,0.6998160000000038,0.981081000000016,0.7297150000000051,0.7677180000000068,0.0,0.7836260000000076,0.632116,1.0002010000000163,0.9969470000000175,0.060943
178,1.1714888617391113,0.08360200000000004,0.6184250000000027,0.9812160000000125,0.8568520000000079,0.06411499999999991,0.9832620000000116,0.7003650000000059,0.9822400000000132,0.7339320000000058,0.7673360000000076,0.0,0.778864000000007,0.6335260000000068,1.0001960000000136,0.996703000000015,0.06032699999999996
179,1.1730715431913357,0.08308999999999989,0.6194680000000042,0.9822160000000169,0.8555210000000119,0.06355499999999999,0.9825030000000163,0.6970350000000118,0.9825690000000162,0.7384700000000098,0.7715440000000098,0.0,0.7843020000000102,0.6307960000000061,1.0001870000000173,0.9971710000000193,0.06229199999999998
180,1.1744381715391716,0.08305199999999995,0.6266670000000052,0.9822960000000162,0.8593480000000104,0.05979799999999995,0.9839550000000163,0.7039890000000094,0.9846220000000164,0.7473100000000062,0.7794170000000068,0.0,0.7898000000000072,0.6266860000000034,1.0002030000000173,0.9970200000000196,0.06448700000000002
181,1.17640652991469,0.08094599999999996,0.6241830000000022,0.9837630000000167,0.855932000000011,0.060276000000000045,0.9836570000000162,0.7033850000000089,0.986372000000017,0.7522230000000077,0.7775950000000078,0.0,0.7928110000000078,0.6221550000000025,1.000190000000017,0.9966610000000188,0.06699100000000004
182,1.17886639596876,0.07907599999999994,0.6345900000000028,0.9854320000000136,0.8563520000000094,0.061801999999999996,0.9827650000000138,0.7117550000000067,0.9869050000000137,0.7563880000000078,0.784819000000008,0.0,0.7983030000000082,0.6237310000000019,1.0001960000000139,0.9967970000000155,0.06494499999999999
183,1.1803871336195748,0.07395399999999991,0.6396630000000054,0.9866610000000093,0.853484000000007,0.06403299999999999,0.9819890000000097,0.7153030000000073,0.987862000000009,0.7605840000000046,0.785289000000005,0.0,0.7961920000000062,0.6308540000000074,1.0002040000000092,0.997043000000012,0.06301100000000001
184,1.1821742397398847,0.07591799999999999,0.643376,0.9876400000000114,0.8532470000000066,0.06508999999999993,0.981673000000011,0.7174540000000037,0.9864460000000114,0.7653430000000048,0.7862520000000061,0.0,0.7973290000000071,0.621936000000001,1.0001890000000115,0.9970690000000134,0.06665999999999994
185,1.1843068820683873,0.07610600000000001,0.6425520000000062,0.9874260000000161,0.8493100000000116,0.06261099999999994,0.9815450000000153,0.7153000000000096,0.9873210000000162,0.7683070000000091,0.7909200000000085,0.0,0.8020960000000087,0.6203380000000062,1.000172000000016,0.9968590000000167,0.06331900000000001
186,1.1867370797904089,0.08035299999999992,0.653884000000001,0.9890140000000135,0.8513070000000085,0.062201,0.9807760000000127,0.7279000000000049,0.988913000000013,0.7724480000000068,0.7977590000000069,0.0,0.8001000000000067,0.6189520000000025,1.000174000000014,0.9968460000000157,0.06400699999999995
187,1.1892292276579846,0.08077300000000001,0.6637940000000043,0.9908930000000172,0.8501390000000103,0.06629599999999991,0.9796810000000162,0.7350680000000095,0.989174000000017,0.7748610000000089,0.798652000000009,0.0,0.7983550000000093,0.6199610000000038,1.000190000000017,0.9968130000000189,0.062894
188,1.1908691747629452,0.0815309999999999,0.6762250000000054,0.9908260000000142,0.8557860000000104,0.06382900000000004,0.9787650000000142,0.7467600000000095,0.9911550000000151,0.7851590000000067,0.807751000000008,0.0,0.8096970000000085,0.615494000000005,1.0002130000000153,0.9968900000000166,0.06400199999999996
189,1.1924363585969513,0.08361799999999996,0.6802240000000064,0.9912060000000141,0.8559170000000106,0.0639649999999999,0.9801840000000137,0.7511220000000122,0.9919410000000151,0.7891290000000082,0.8102430000000087,0.0,0.8120770000000095,0.6153010000000049,1.0001810000000149,0.9968740000000154,0.06243299999999998
190,1.1943883769159902,0.08075199999999991,0.6805740000000003,0.9917990000000112,0.8512380000000069,0.06832399999999994,0.9803010000000106,0.7504390000000056,0.9921930000000114,0.7839800000000046,0.8072830000000055,0.0,0.8115520000000047,0.6099309999999999,1.0001530000000118,0.996898000000013,0.06407900000000004
191,1.1959195828152105,0.08796699999999996,0.676871000000003,0.9914610000000141,0.8543970000000084,0.06610799999999993,0.980207000000014,0.7448200000000085,0.9917070000000143,0.7861010000000076,0.8072640000000083,0.0,0.8144410000000077,0.6161590000000053,1.0001730000000146,0.9968400000000165,0.0640309999999999
192,1.1977911969623323,0.082113,0.6860810000000039,0.9921370000000101,0.8560010000000068,0.06396199999999999,0.9824430000000107,0.7533870000000068,0.9926940000000104,0.7897610000000045,0.8092830000000042,0.0,0.8181790000000042,0.6117020000000044,1.0001360000000104,0.9967280000000127,0.06729099999999999
193,1.19894466988502,0.08275200000000002,0.6972930000000012,0.9925020000000077,0.8575540000000057,0.06615599999999999,0.9825230000000083,0.7633040000000029,0.9926400000000075,0.7924490000000033,0.8096270000000033,0.0,0.8198770000000049,0.6048500000000031,1.0001430000000078,0.9970170000000096,0.07138300000000002
194,1.2000824683767495,0.0798299999999999,0.6995520000000034,0.9931160000000137,0.855889000000008,0.06514099999999994,0.9824930000000123,0.7651040000000071,0.9926370000000135,0.7953980000000056,0.8142730000000064,0.0,0.8197360000000063,0.5941830000000049,1.000162000000014,0.9969850000000162,0.06978999999999995
195,1.2019149943059755,0.07738399999999995,0.701638000000004,0.9936230000000122,0.8531910000000069,0.06562999999999991,0.9819790000000114,0.766217000000006,0.993106000000012,0.7983150000000052,0.8126740000000059,0.0,0.8179190000000047,0.5905450000000071,1.0001360000000121,0.996890000000013,0.06840299999999999
196,1.2043440645094823,0.07675699999999998,0.7075700000000043,0.9937690000000104,0.8539400000000054,0.06543699999999994,0.9829850000000092,0.7729260000000068,0.9926560000000098,0.8006400000000045,0.8125450000000048,0.0,0.8193100000000054,0.5948240000000043,1.00015100000001,0.9967940000000122,0.06688400000000005
197,1.205626690938197,0.07438400000000003,0.7195530000000037,0.9942360000000117,0.8556400000000068,0.06471899999999994,0.9820430000000102,0.7796450000000071,0.9938900000000117,0.8097320000000049,0.8187600000000056,0.0,0.827474000000006,0.6015740000000045,1.0001620000000122,0.9968730000000131,0.06681599999999999
198,1.206445311461358,0.07664299999999986,0.7269170000000036,0.9950560000000136,0.8578610000000059,0.06378199999999987,0.9806290000000131,0.7856810000000071,0.9953910000000138,0.8163380000000059,0.8267800000000056,0.0,0.8336350000000056,0.6004150000000055,1.000157000000014,0.9967480000000152,0.06467799999999997
199,1.2087809895843626,0.07555899999999996,0.7306550000000036,0.9957610000000133,0.8582610000000057,0.06254099999999996,0.9804640000000122,0.7892330000000075,0.9955290000000133,0.8198190000000041,0.8297950000000046,0.0,0.8367700000000043,0.598850000000004,1.0001400000000136,0.9969180000000147,0.06432199999999995
200,1.2114004179888078,0.07715699999999992,0.7315060000000039,0.9964110000000093,0.861205000000007,0.062958,0.9815280000000095,0.7889340000000058,0.995633000000009,0.8252340000000061,0.8355770000000052,0.0,0.8424160000000056,0.6053070000000049,1.000168000000009,0.9970080000000107,0.06503800000000001
