,PopRatio,Diff_KC,Fibroblast,ILC3,M1,M2,Neutrophil,Prol_KC,Th0,Th1,Th17,Th2,Th22,Treg,iDC,pDC,preDiff_KC
0,1.0,0.00039,0.0,0.0,0.0,0.0,0.0,0.0,0.0,0.0,0.0,0.0,0.0,0.16498200000000002,0.0,0.0,0.0
1,1.0000010000000001,0.001467,0.0,0.0,0.0,0.0,0.0,0.0,0.0,0.0,0.0,0.0,0.0,0.120989,0.0,0.0,0.0
2,0.9999989999980002,0.0027349999999999996,0.0,0.0,0.0,0.0,0.0,0.0,0.0,0.0,0.0,0.0,0.0,0.11876200000000002,0.001066,0.0010780000000000002,0.0
3,1.0000019999950005,0.0038050000000000002,0.0,0.0,0.000136,0.0,3.9e-05,0.0,0.0,0.0,0.0,0.0,0.0,0.12491399999999998,0.0043669999999999985,0.004409,0.0
4,1.0000039999990007,0.005436000000000001,0.0,0.0,0.00022199999999999998,0.0,0.000231,0.0,0.0,0.0,0.0,0.0,0.0,0.14139000000000002,0.010977000000000002,0.010978000000000002,0.0
5,0.999998999979001,0.007375,0.0,0.0,0.001023,0.0,0.000985,0.0,0.0,0.0,0.0,0.0,0.0,0.15701900000000005,0.023785000000000014,0.02379800000000002,0.0
6,1.0000149999630004,0.006673000000000002,0.0,0.0,0.001976,0.0,0.002731000000000001,0.0,0.0,0.0,0.0,0.0,0.0,0.17178600000000033,0.04311499999999997,0.04307999999999996,0.0
7,1.0000400003380014,0.006992999999999999,0.0,0.0,0.0044220000000000015,0.0,0.004546,0.0,0.0,0.0,0.0,0.0,0.0,0.18674600000000013,0.06681299999999984,0.06684199999999987,0.0
8,1.0000590010980102,0.008856,0.0,0.0,0.007072000000000005,0.0,0.007306000000000003,0.0,0.0,0.0,0.0,0.0,0.0,0.20451500000000053,0.09872599999999981,0.0987549999999998,0.0
9,1.000097003340058,0.010019999999999996,0.0,0.0,0.010728999999999994,0.0,0.009920999999999996,0.0,0.0,0.0,0.0,0.0,0.0,0.22059600000000035,0.13431300000000013,0.1342460000000001,0.0
10,1.0001410076082087,0.01068099999999999,0.0,0.0,0.014766999999999976,0.0,0.014468999999999992,0.0,0.0,0.0,0.0,0.0,0.0,0.23928700000000058,0.16829200000000052,0.16828800000000055,0.0
11,1.000211017478745,0.011789999999999991,0.0,0.0,0.019972000000000007,0.0,0.018633999999999994,0.0,4.6e-05,0.0,0.0,0.0,0.0,0.25047799999999987,0.209306000000001,0.209352000000001,0.0
12,1.0003160396355835,0.01321799999999999,0.0,0.0,0.026717000000000046,0.0,0.02437900000000001,0.0,0.00015700000000000002,0.0,0.0,0.0,0.0,0.266568,0.2559680000000006,0.25601600000000047,0.0
13,1.0004140706074764,0.01368199999999999,0.0,0.0,0.034653000000000045,0.0,0.033859000000000014,0.0,0.000189,0.0,0.0,0.0,0.0,0.2791949999999996,0.29363199999999956,0.29336899999999966,0.0
14,1.000503107459766,0.013168999999999993,0.0,0.0,0.041364000000000005,0.0,0.04011900000000003,0.0,0.00038100000000000005,0.0,0.0,0.0,0.0,0.2941949999999995,0.3353459999999972,0.33518399999999743,0.0
15,1.0006391758823883,0.013842999999999989,0.0,0.0,0.04969499999999991,0.0,0.04987699999999996,0.0,0.00033600000000000004,0.0,0.0,0.0,0.0,0.3046669999999982,0.38024799999999626,0.3798449999999962,0.0
16,1.000811285820653,0.013909999999999987,0.0,0.0,0.05976499999999981,0.0,0.06177599999999998,0.0,0.000449,0.0,0.0,0.0,0.0,0.32106399999999813,0.4229399999999946,0.4220389999999947,0.0
17,1.0010174529455484,0.014576999999999984,0.0,0.0,0.0692629999999997,0.0,0.07438899999999996,0.0,0.000477,0.0,0.0,0.0,0.0,0.3343269999999986,0.457334999999992,0.45617699999999184,0.0
18,1.0012907307102135,0.015718999999999997,0.0,0.0,0.08274999999999952,0.0,0.09259999999999942,0.0,0.000826,0.0,0.0,0.0,0.0,0.34324099999999735,0.5025299999999937,0.5011339999999931,0.0
19,1.0015730946962897,0.016154999999999996,0.0,0.0,0.09431899999999935,0.0,0.10628899999999956,0.0,0.0018670000000000002,0.0,0.0,0.0,0.0,0.3550449999999939,0.5299899999999984,0.5281959999999983,0.0
20,1.0019116264023278,0.017723999999999997,0.0,0.0,0.10957299999999916,0.0,0.11930099999999941,8.9e-05,0.002997,0.0,0.0,0.0,0.0,0.3714099999999969,0.5720910000000107,0.5697630000000096,0.0
21,1.0023444522249576,0.01806599999999999,0.0,0.0,0.11800899999999911,0.0,0.13697899999999968,6.7e-05,0.004264000000000001,0.0,0.0,0.0,0.0,0.3812919999999947,0.6066980000000111,0.6043170000000108,0.0
22,1.0028135494286274,0.020570000000000012,0.0,0.0,0.13787000000000035,0.0,0.15576600000000168,6.699999999999999e-05,0.0052650000000000014,0.0,0.0,0.0,0.0,0.3949769999999935,0.648495000000018,0.6457250000000185,0.0
23,1.0033249843388665,0.020927,0.0,0.0,0.1553500000000014,0.0,0.17322100000000304,0.000134,0.007265000000000005,0.0,0.0,0.0,0.0,0.4078079999999924,0.68058700000001,0.6765480000000101,0.0
24,1.0038938696050161,0.020834000000000005,0.0,0.0,0.1741340000000024,0.0,0.19169800000000298,5.2e-05,0.010717999999999998,0.0,0.0,0.0,0.0,0.4231409999999904,0.7121600000000281,0.7070480000000265,0.0
25,1.0046146654034402,0.021595000000000013,0.0,0.0,0.1869900000000034,0.0,0.20528000000000377,0.000134,0.014717999999999998,0.0,0.0,0.0,0.0,0.4347439999999893,0.7352000000000257,0.7300200000000244,0.0
26,1.0052294895787017,0.025008000000000044,0.0,0.0,0.19653800000000313,0.0,0.22550200000000567,6.7e-05,0.018032000000000003,0.0,0.0,0.0,0.0,0.44707299999998673,0.7580120000000421,0.7521240000000418,0.0
27,1.0060145738101185,0.02669900000000005,0.0,6.6e-05,0.2148340000000056,0.0,0.23936900000000716,0.000343,0.022415000000000018,0.0,0.0,0.0,0.0,0.45556199999998714,0.7848390000000302,0.7786530000000295,0.0
28,1.006825421556671,0.026494000000000077,0.0,0.00013299999999999998,0.2299570000000058,0.0,0.26062600000000535,0.000444,0.027413000000000076,0.0,0.0,0.0,0.0,0.45946199999998233,0.809596000000046,0.8022680000000448,0.0
29,1.007724516658173,0.02788100000000005,0.0,0.000146,0.2449850000000062,0.0,0.2786020000000022,0.00042300000000000004,0.03395300000000013,0.0,0.0,0.0,0.0,0.465998999999985,0.8254320000000458,0.8181300000000445,0.0
30,1.008690924469706,0.02982200000000008,0.0,0.0,0.2573090000000048,0.0,0.29134599999999966,0.0010669999999999996,0.03874600000000003,0.0,0.0,0.0,0.0,0.4712319999999871,0.8468570000000475,0.8372510000000476,0.0
31,1.0097903975774347,0.03225700000000004,0.0,0.0,0.2747300000000038,0.0,0.31127899999999686,0.0017189999999999994,0.04476999999999992,0.0,0.0,0.0,0.0,0.4867259999999823,0.8647180000000507,0.8539800000000486,0.0
32,1.010801197765479,0.03416900000000004,0.0,0.000353,0.2919460000000003,0.0,0.3285789999999968,0.0016170000000000002,0.055376999999999954,0.0,0.0,0.0,0.0,0.49899899999997743,0.8792240000000551,0.8673770000000541,0.0
33,1.011922176293869,0.03659899999999999,0.0,0.000751,0.31534299999999654,0.0,0.347414999999994,0.0015240000000000002,0.06893799999999967,0.0,0.0,0.0,0.0,0.5102999999999851,0.896079000000054,0.8823230000000507,0.0
34,1.0131071371623743,0.03635100000000007,0.0,0.0011650000000000002,0.33301899999999496,0.0,0.36478999999999356,0.002621000000000001,0.07814899999999975,1.4e-05,0.0,0.0,0.0,0.5269239999999867,0.9124890000000553,0.8966320000000544,0.0
35,1.0142539744417047,0.03606900000000001,0.0,0.0017400000000000004,0.34722599999999276,0.0,0.38022699999998977,0.0025990000000000006,0.08506499999999946,5e-05,0.0,0.0,0.0,0.5334649999999878,0.9254450000000578,0.9104010000000566,0.0
36,1.0154984640684084,0.03839399999999999,0.0,0.002009,0.369636999999988,0.0,0.4007429999999865,0.0035920000000000006,0.0946869999999994,0.000128,0.0,0.0,0.0,0.5378849999999915,0.9330340000000572,0.9174210000000544,0.0
37,1.0166774577852609,0.03918700000000001,0.0,0.0025190000000000004,0.3838319999999869,0.0,0.4210599999999823,0.004154,0.1025719999999995,6.7e-05,0.0,0.0,0.0,0.5453639999999905,0.93978900000006,0.92474100000006,0.0
38,1.017836470087201,0.04094500000000002,0.0,0.004767000000000005,0.40445499999998646,0.0,0.4449459999999816,0.004721999999999999,0.11863399999999906,0.000133,0.0,0.0,1.9e-05,0.5488889999999911,0.9469840000000622,0.9313050000000636,0.0
39,1.0190558381784316,0.041310999999999966,0.0,0.007848000000000006,0.4223669999999858,0.0,0.4605679999999793,0.005932000000000005,0.12916199999999953,6.7e-05,6.7e-05,0.0,0.0,0.5572499999999946,0.9547210000000625,0.9389800000000598,0.0
40,1.0202491525650086,0.04055900000000007,0.0,0.009183000000000004,0.433810999999984,0.0,0.4749979999999772,0.005896000000000005,0.14105600000000007,0.0,0.000126,0.0,6.9e-05,0.5627359999999959,0.9601680000000599,0.944507000000061,0.0
41,1.021454066814253,0.04276999999999993,0.0,0.01375399999999998,0.4502139999999826,0.0,0.490892999999976,0.007076000000000003,0.15670500000000134,0.0,6.7e-05,0.0,6.7e-05,0.5757699999999937,0.9660930000000584,0.9506360000000574,0.0
42,1.0226471251643539,0.04222199999999998,0.0,0.018831999999999995,0.46306899999997936,0.0,0.504242999999976,0.008207000000000006,0.16801600000000258,8.1e-05,0.000199,0.0,0.000267,0.5796909999999943,0.9684390000000593,0.9531470000000596,0.0
43,1.0238190787698545,0.04534199999999995,0.0,0.027064000000000057,0.4765269999999802,6.6e-05,0.5153799999999792,0.009359,0.18095600000000295,4.4999999999999996e-05,0.0005070000000000001,0.0,0.000534,0.5844529999999946,0.9730010000000652,0.9575410000000659,0.0
44,1.0249872563388007,0.04471999999999997,0.0,0.0351780000000001,0.493650999999978,6.6e-05,0.5279879999999822,0.011185999999999996,0.19495900000000335,2.2e-05,0.000699,0.0,0.0007480000000000001,0.593353999999993,0.9756700000000665,0.9616890000000694,0.0
45,1.0260901426266917,0.045994999999999876,0.0,0.04248100000000001,0.5055629999999801,0.0,0.5481399999999869,0.014212999999999988,0.20451900000000392,0.000123,0.0013779999999999999,0.0,0.00055,0.6003530000000006,0.9787270000000603,0.9659590000000594,0.0
46,1.0272393635864958,0.04720799999999995,0.0,0.05359699999999994,0.5293239999999816,0.0,0.5605439999999869,0.01724400000000001,0.22135800000000405,0.000157,0.001711,0.0,0.0009589999999999999,0.6067339999999969,0.9816400000000607,0.9695870000000609,0.0
47,1.0284504787962268,0.05066599999999994,6.7e-05,0.06512199999999985,0.5441999999999892,6.7e-05,0.583990999999995,0.02050000000000003,0.23668700000000556,0.00036599999999999995,0.0024090000000000006,0.0,0.0014819999999999998,0.6051290000000035,0.9846320000000608,0.972826000000061,0.0
48,1.029658908108874,0.051703999999999965,0.000235,0.0773789999999996,0.5568199999999895,6.8e-05,0.6015299999999972,0.025642000000000043,0.2560540000000048,0.000977,0.0027340000000000003,0.0,0.0016629999999999998,0.6049319999999997,0.9869490000000674,0.974593000000068,0.0
49,1.03069577462941,0.05285999999999994,0.000201,0.09298899999999959,0.5673329999999959,1.4e-05,0.6151219999999998,0.029422000000000084,0.2691900000000019,0.0013340000000000003,0.0036500000000000018,0.0,0.002752,0.6079170000000003,0.9880090000000622,0.9759800000000632,0.0
50,1.031815110240723,0.05578499999999995,6.7e-05,0.10424999999999933,0.572911999999996,0.0,0.6239360000000036,0.034217000000000136,0.28817299999999835,0.002251,0.0038849999999999987,0.0,0.0035110000000000002,0.6086710000000031,0.9905930000000596,0.9793600000000604,0.000134
51,1.032941852341168,0.05633899999999994,0.0,0.11734499999999909,0.5856899999999955,1e-06,0.6330590000000054,0.0371810000000001,0.3048009999999978,0.0032830000000000016,0.005814,0.0,0.005112000000000004,0.6127390000000025,0.9909980000000642,0.9805860000000653,0.000228
52,1.0340594954254678,0.05665899999999988,0.000154,0.13607999999999995,0.6031169999999944,6.7e-05,0.644998000000006,0.04249600000000001,0.322302999999996,0.003197000000000001,0.007853000000000011,0.0,0.006996000000000006,0.6189640000000003,0.9908800000000589,0.9810480000000606,0.000401
53,1.0349746380789815,0.058068999999999926,0.000602,0.1534170000000007,0.6119059999999976,0.000106,0.6552900000000061,0.04460299999999998,0.3473029999999923,0.003434000000000003,0.010168999999999987,0.0,0.008978,0.6159570000000013,0.992920000000055,0.9833850000000582,0.000201
54,1.0362756011991041,0.058812999999999845,0.000549,0.1697230000000014,0.6255510000000029,0.00044600000000000005,0.6657800000000073,0.052953999999999876,0.3644549999999924,0.004848000000000002,0.012373999999999987,0.0,0.012487999999999989,0.6101020000000004,0.9937970000000579,0.9852140000000592,0.000415
55,1.0372559179178984,0.06076299999999988,0.000577,0.19083300000000253,0.6353840000000051,0.000455,0.6794390000000103,0.0580219999999999,0.38234199999998897,0.006781000000000007,0.015507999999999968,0.0,0.015012999999999985,0.6112220000000014,0.9952710000000586,0.9877920000000607,0.000329
56,1.0384186818019456,0.0622129999999999,0.0007469999999999999,0.20844000000000368,0.6433200000000069,0.0007790000000000001,0.6842840000000123,0.06486499999999977,0.3969589999999887,0.007735000000000007,0.019953,0.0,0.01747500000000001,0.6177280000000012,0.9967320000000622,0.9903070000000646,0.000335
57,1.0396336316597192,0.063202,0.0008,0.2266140000000042,0.6601990000000129,0.0011779999999999998,0.6960080000000192,0.07118499999999978,0.415442999999986,0.008249000000000006,0.02394400000000004,0.0,0.020384000000000006,0.6211430000000036,0.9969070000000637,0.9902120000000665,0.000603
58,1.0409425304020445,0.06612699999999987,0.000976,0.24615000000000525,0.6743870000000114,0.0012950000000000001,0.7053300000000173,0.07527599999999966,0.42217599999998756,0.010297999999999996,0.026748000000000036,0.0,0.024179000000000055,0.621009000000006,0.9985650000000628,0.9919930000000664,0.000535
59,1.0421364914844806,0.0668389999999999,0.001114,0.260585000000005,0.6781200000000113,0.0012950000000000004,0.7121040000000165,0.08048299999999955,0.4378429999999823,0.014690999999999975,0.030026000000000122,0.0,0.026206000000000118,0.6242860000000047,0.9983990000000542,0.9911120000000571,0.000276
60,1.0427763632903095,0.0677499999999999,0.0014010000000000001,0.27707700000000146,0.6880170000000166,0.001568,0.7276900000000217,0.0867919999999996,0.4453759999999835,0.015548999999999988,0.031705000000000066,0.0,0.027814000000000075,0.6212310000000042,0.9987480000000584,0.992252000000062,0.0002
61,1.043715904793695,0.07151299999999983,0.0016970000000000002,0.298452999999998,0.6970940000000154,0.0018490000000000002,0.7393080000000234,0.0929029999999996,0.4638509999999849,0.02016500000000001,0.03564600000000007,0.0,0.03285800000000009,0.6203450000000073,0.9987250000000566,0.99230000000006,0.000264
62,1.044627068778639,0.07097699999999982,0.002195,0.3171759999999964,0.6983890000000194,0.001909,0.743059000000029,0.10077599999999945,0.4753109999999814,0.02224200000000002,0.040930999999999974,0.0,0.03729600000000006,0.6207280000000057,0.9993240000000614,0.9930700000000617,0.000454
63,1.0456184198669738,0.07457299999999968,0.0028110000000000006,0.33247799999999433,0.7050580000000148,0.0018269999999999998,0.7538950000000236,0.1059219999999992,0.48591399999998014,0.024748000000000037,0.04709199999999992,0.0,0.041449999999999966,0.635207000000005,0.9993630000000576,0.9930560000000596,0.000268
64,1.046719456063154,0.07921299999999974,0.003183,0.3571669999999924,0.720709000000014,0.001984,0.764394000000024,0.10918399999999913,0.4967539999999783,0.027019000000000067,0.050378999999999875,0.0,0.04711699999999993,0.6301710000000057,0.9998680000000633,0.9940120000000646,0.000814
65,1.0476730174876931,0.08556699999999962,0.003399,0.37992199999999227,0.7305950000000166,0.0024280000000000005,0.7684280000000242,0.1151519999999993,0.5162289999999825,0.03089300000000007,0.05783999999999981,0.0,0.05250999999999991,0.634408000000006,1.0000300000000562,0.9946670000000599,0.000833
66,1.0484744873461298,0.08766599999999958,0.003999000000000002,0.38733699999998805,0.739223000000021,0.002177,0.7732320000000308,0.12084999999999921,0.5286569999999868,0.03500900000000005,0.06119099999999982,0.0,0.05514199999999992,0.6346050000000072,0.9995770000000535,0.9942980000000575,0.0010650000000000002
67,1.0491465594925746,0.08910299999999972,0.004321,0.4062769999999873,0.7470670000000207,0.0016360000000000003,0.7767200000000252,0.12524399999999924,0.5393629999999912,0.039317000000000026,0.06346299999999978,0.0,0.06282199999999988,0.6343330000000055,0.9996820000000535,0.9948300000000572,0.0011350000000000004
68,1.0501401012844689,0.08979799999999977,0.006120000000000005,0.4202069999999856,0.7507380000000247,0.0020100000000000005,0.7859930000000298,0.12983799999999954,0.5471289999999944,0.04376299999999997,0.0692049999999998,0.0,0.06951999999999982,0.6393510000000118,0.9998670000000596,0.994616000000063,0.0012950000000000001
69,1.0511146312985225,0.08866399999999967,0.007203000000000005,0.4288669999999862,0.7544320000000198,0.00207,0.7965000000000295,0.14092000000000016,0.561237999999994,0.04961899999999991,0.07428399999999964,0.0,0.07109499999999981,0.6388630000000065,1.0000490000000513,0.9952830000000542,0.0014160000000000002
70,1.0519408073987775,0.09167099999999957,0.007940000000000004,0.4430449999999866,0.7641930000000197,0.0023179999999999997,0.803413000000026,0.14263100000000054,0.5673639999999958,0.05487199999999986,0.07946299999999953,0.0,0.0734799999999996,0.639124000000006,1.0000060000000464,0.9948810000000489,0.0018979999999999997
71,1.0528549439604555,0.09386899999999959,0.009394,0.46177299999998267,0.7658550000000194,0.0026019999999999993,0.8108810000000285,0.1514720000000009,0.5798319999999958,0.05684399999999984,0.08514599999999951,0.0,0.08237499999999967,0.640406000000007,0.9999880000000471,0.9953090000000508,0.0013689999999999998
72,1.0540383529175168,0.09200299999999961,0.009825999999999991,0.4776609999999826,0.7693940000000222,0.0031080000000000023,0.8184530000000289,0.15786400000000142,0.5864149999999988,0.06129599999999979,0.08656299999999961,0.0,0.08636499999999969,0.6413320000000065,1.0002940000000415,0.9959530000000462,0.0017360000000000001
73,1.0549342855175405,0.09446699999999965,0.010613999999999993,0.48865199999998327,0.768515000000023,0.0036439999999999997,0.8272490000000324,0.16483600000000126,0.5940510000000016,0.06723599999999992,0.09392699999999966,0.0,0.08807799999999952,0.6470330000000094,1.000454000000049,0.9966000000000524,0.0019509999999999998
74,1.0557149368888752,0.09412699999999936,0.012972999999999997,0.5040629999999804,0.7686570000000272,0.005687000000000001,0.8297980000000338,0.17075700000000185,0.6047050000000019,0.0726349999999998,0.0977659999999994,0.0,0.09317099999999948,0.6463950000000073,1.0005020000000504,0.996870000000054,0.002574999999999999
75,1.0565426173994492,0.1010939999999997,0.013312999999999988,0.5100179999999823,0.771063000000026,0.005862000000000003,0.8296100000000323,0.17525000000000193,0.6192210000000038,0.07283299999999979,0.0998899999999996,0.0,0.09426699999999959,0.6522900000000087,1.000553000000047,0.9965040000000509,0.002417
76,1.0573582683001312,0.09894699999999952,0.01480399999999999,0.5280509999999884,0.7693150000000235,0.005721000000000004,0.8316390000000309,0.18090200000000234,0.6307190000000054,0.07849499999999972,0.10817299999999927,0.0,0.10014499999999937,0.6552260000000079,1.0004320000000413,0.9958410000000458,0.002484
77,1.0581608032258147,0.09812999999999955,0.01660699999999999,0.5442719999999917,0.7716610000000248,0.005162000000000003,0.8429860000000321,0.1898260000000029,0.6457560000000109,0.08419399999999956,0.11411499999999934,0.0,0.10806599999999915,0.6559940000000117,1.000412000000048,0.99651200000005,0.002626999999999999
78,1.059057065426198,0.09922899999999943,0.018245000000000004,0.5515879999999918,0.776534000000021,0.005606000000000004,0.8467150000000283,0.1961640000000033,0.6661710000000096,0.09228899999999955,0.12277099999999924,0.0,0.11956399999999952,0.6598790000000081,1.0002510000000404,0.995946000000045,0.0022769999999999995
79,1.0598439448258514,0.10070199999999961,0.018847999999999997,0.5719629999999943,0.7744080000000214,0.007029000000000002,0.8513180000000277,0.20221900000000292,0.6729260000000076,0.09953999999999952,0.13100899999999976,0.0,0.1290259999999997,0.6630290000000071,1.000311000000047,0.9959480000000497,0.0029280000000000013
80,1.060755410618451,0.09900699999999966,0.021503000000000036,0.5879259999999982,0.776620000000028,0.006881000000000005,0.8519300000000342,0.211011000000004,0.6834320000000162,0.10812399999999948,0.14195200000000033,0.0,0.13900200000000024,0.6657220000000142,1.00048600000005,0.996191000000053,0.0029139999999999995
81,1.0615456733994149,0.0984569999999997,0.024481000000000027,0.6057690000000022,0.7816840000000287,0.006752000000000005,0.8577320000000345,0.21903400000000334,0.6912430000000132,0.11872699999999935,0.15606500000000134,0.0,0.14729000000000045,0.6577070000000096,1.000494000000049,0.9963020000000511,0.002432999999999999
82,1.0622505397266038,0.09973199999999967,0.02712100000000005,0.6221630000000046,0.779337000000026,0.008050000000000005,0.861438000000036,0.22198400000000426,0.6976980000000197,0.1279069999999996,0.16586600000000115,0.0,0.15415300000000096,0.6615440000000111,1.000549000000054,0.9963400000000568,0.0025970000000000012
83,1.062968621091516,0.10064499999999953,0.03193000000000007,0.6301990000000086,0.7820660000000257,0.008780999999999997,0.8658770000000373,0.23031600000000424,0.7065790000000174,0.13229899999999975,0.1750750000000019,0.0,0.16485600000000192,0.6595190000000074,1.0004360000000503,0.9964390000000519,0.0023369999999999997
84,1.063555379770412,0.09959399999999977,0.035825000000000086,0.6409980000000145,0.7801200000000299,0.00999699999999999,0.867642000000036,0.241304000000005,0.7186570000000225,0.13948400000000027,0.17891200000000215,0.0,0.17680800000000246,0.6531130000000153,1.0002530000000454,0.9965180000000496,0.0024100000000000002
85,1.064161606336929,0.1005049999999996,0.03700700000000005,0.6494610000000095,0.7784320000000262,0.012233999999999983,0.8703360000000326,0.25079300000000454,0.7343590000000202,0.14878800000000114,0.18993400000000285,0.0,0.18229400000000232,0.657242000000008,1.000490000000041,0.9968680000000456,0.003522000000000001
86,1.0651512766308653,0.09826299999999966,0.04118600000000003,0.6585550000000078,0.7758880000000207,0.012712999999999986,0.8712820000000281,0.25976700000000347,0.7479950000000197,0.15636000000000133,0.19854000000000271,0.0,0.19131200000000323,0.6527330000000089,1.0005360000000383,0.9965940000000433,0.0038160000000000004
87,1.0660630461237015,0.09708899999999963,0.044849999999999925,0.665718000000012,0.7783190000000232,0.01319299999999999,0.8748300000000337,0.26403300000000196,0.7565750000000238,0.167682000000002,0.2055200000000036,0.0,0.1984240000000033,0.6549170000000091,1.0004650000000463,0.9968140000000505,0.0036490000000000003
88,1.0674926366686022,0.10058299999999969,0.048763999999999974,0.6737280000000112,0.777910000000029,0.01476199999999998,0.872386000000037,0.26663900000000107,0.7626950000000271,0.17160900000000182,0.21187600000000353,0.0,0.20201300000000325,0.6536030000000125,1.0005450000000462,0.9969510000000485,0.0031990000000000005
89,1.0683220784473428,0.10042699999999977,0.05779999999999986,0.6810070000000151,0.7838160000000214,0.01563799999999998,0.8745990000000304,0.27592100000000186,0.7646180000000234,0.18106300000000178,0.21528300000000294,0.0,0.2123120000000027,0.6583850000000139,1.0005850000000411,0.9970640000000428,0.003914000000000001
90,1.0695923133986605,0.10473099999999946,0.06432699999999995,0.690591000000017,0.7825030000000257,0.014450999999999985,0.8763750000000359,0.28966799999999826,0.7715970000000273,0.1902140000000026,0.22472800000000387,0.0,0.22302300000000413,0.6578980000000108,1.0005790000000485,0.9969970000000504,0.0048410000000000016
91,1.0708587106977763,0.10399099999999972,0.06978799999999989,0.6985810000000167,0.7862980000000261,0.015245999999999987,0.8858760000000372,0.29484899999999725,0.771843000000028,0.19722800000000315,0.2340900000000038,0.0,0.22622100000000409,0.6561210000000115,1.0005650000000486,0.9972330000000511,0.005345000000000001
92,1.0717753657541853,0.10186399999999966,0.07742999999999979,0.7080410000000221,0.786179000000026,0.014254999999999978,0.8885420000000342,0.3060469999999959,0.7840160000000278,0.20848100000000347,0.24944700000000483,0.0,0.23455200000000473,0.6524240000000096,1.0006150000000478,0.9972600000000521,0.0055560000000000045
93,1.0726456473512287,0.09798999999999966,0.0801289999999997,0.7156960000000151,0.7816690000000239,0.012520999999999985,0.8900530000000295,0.3070169999999966,0.7838340000000238,0.21566700000000288,0.2606850000000007,0.0,0.24240100000000397,0.6523550000000087,1.0005660000000411,0.9974900000000444,0.0055600000000000024
94,1.0734007898870082,0.09683199999999956,0.08620099999999971,0.7287780000000149,0.786836000000018,0.012757999999999997,0.8929930000000302,0.3114379999999957,0.7929650000000257,0.2275700000000037,0.274606,0.0,0.2515340000000034,0.656673000000006,1.0005640000000426,0.9973640000000454,0.0061070000000000004
95,1.0740620047736238,0.0980729999999998,0.09363299999999976,0.7325600000000194,0.7836560000000182,0.012062999999999983,0.89542000000003,0.3206299999999953,0.7933110000000231,0.22910300000000391,0.27790799999999993,0.0,0.25977300000000286,0.6562040000000082,1.0005850000000396,0.9972190000000438,0.006715000000000005
96,1.0746430723182483,0.10027299999999958,0.09985799999999967,0.7435210000000178,0.7771890000000179,0.012640999999999982,0.900477000000031,0.3219829999999941,0.7954250000000233,0.2362950000000044,0.27596300000000085,0.0,0.2694030000000012,0.6503010000000096,1.0005610000000387,0.9974950000000428,0.006465000000000002
97,1.075548996428254,0.1032829999999997,0.1062559999999995,0.7508810000000193,0.7741430000000199,0.012918999999999986,0.9063540000000315,0.3262899999999948,0.803247000000023,0.24760000000000446,0.2780679999999985,0.0,0.28453599999999823,0.6517460000000069,1.0005560000000369,0.9971610000000405,0.008426
98,1.0761437750233191,0.10214099999999958,0.11334599999999949,0.7660430000000209,0.7807440000000169,0.012683999999999978,0.9079770000000333,0.33508399999999405,0.8053370000000234,0.26360900000000165,0.29110099999999844,0.0,0.2895749999999982,0.6477540000000065,1.0005660000000425,0.9973170000000459,0.008980999999999998
99,1.0774598988602178,0.09975299999999983,0.11704399999999952,0.7712740000000208,0.7819500000000217,0.01180699999999999,0.9100100000000336,0.3410379999999944,0.8082510000000229,0.2656380000000017,0.29377799999999793,0.0,0.2957209999999978,0.6499510000000089,1.0005420000000402,0.9971530000000449,0.009903999999999998
100,1.0780988325802847,0.09879999999999974,0.12477699999999943,0.778446000000027,0.7813060000000228,0.010795999999999998,0.914397000000031,0.3486279999999928,0.8131820000000283,0.2705330000000009,0.30275599999999736,0.0,0.30239299999999675,0.6452630000000114,1.0005440000000407,0.9972160000000442,0.009709000000000002
101,1.0785969142409808,0.0985579999999995,0.1285409999999998,0.7904960000000242,0.7839960000000215,0.011080999999999992,0.9193940000000319,0.35415299999999067,0.8174340000000284,0.27849099999999954,0.31261399999999606,0.0,0.3162469999999953,0.6410500000000076,1.000554000000037,0.996916000000041,0.009621000000000005
102,1.079180435171625,0.0992299999999997,0.13853300000000043,0.7963820000000221,0.7860450000000182,0.012002999999999993,0.9211730000000342,0.3624239999999913,0.8256870000000265,0.2838629999999986,0.3212589999999947,0.0,0.32132099999999447,0.6382150000000014,1.00052200000004,0.9971750000000432,0.010556999999999997
103,1.0801333514959233,0.09679299999999978,0.14442000000000066,0.8044950000000277,0.779268000000024,0.013392999999999992,0.9254120000000384,0.37277999999999006,0.8316040000000331,0.2933309999999979,0.33218299999999307,0.0,0.32807499999999373,0.6391780000000079,1.0005930000000451,0.9971310000000482,0.012423999999999984
104,1.0807382261728093,0.09661499999999976,0.1566170000000012,0.8101070000000232,0.7817280000000193,0.014558999999999989,0.9276310000000308,0.38326599999998934,0.8306700000000274,0.2980519999999979,0.33707399999999355,0.0,0.330973999999994,0.6458990000000038,1.000524000000038,0.9972650000000415,0.013679999999999973
105,1.080919790194847,0.10244599999999979,0.16218000000000143,0.8179190000000245,0.7825170000000228,0.015361999999999989,0.9309920000000319,0.3953169999999885,0.8333830000000279,0.3053919999999968,0.34683699999999124,0.0,0.3335419999999928,0.6461970000000071,1.0005980000000378,0.997267000000042,0.015172999999999982
106,1.0816980524438282,0.10132999999999963,0.1664680000000018,0.8280260000000317,0.7809760000000261,0.017317999999999983,0.934381000000041,0.39844499999998906,0.8428800000000396,0.3188769999999963,0.35657199999999173,0.0,0.3482439999999916,0.6492210000000089,1.0005010000000476,0.9971590000000511,0.015668999999999975
107,1.0826791525774444,0.10091399999999993,0.17877500000000177,0.8323120000000254,0.7845800000000179,0.016909,0.9356210000000326,0.4045079999999895,0.8429580000000263,0.320690999999996,0.35452099999999354,0.0,0.35441699999999327,0.6462300000000089,1.0005250000000385,0.9970780000000421,0.017788
108,1.0832248228703851,0.10132099999999965,0.1868180000000019,0.8402240000000302,0.7868950000000248,0.016834999999999992,0.9354060000000342,0.4125489999999862,0.8466980000000311,0.3297189999999932,0.362778999999991,0.0,0.36336399999999125,0.6489260000000113,1.0005880000000424,0.9973950000000457,0.020023
109,1.083914837082599,0.1042769999999996,0.19523000000000232,0.83921100000003,0.7929330000000249,0.01602499999999998,0.9369030000000359,0.41936299999998644,0.8523060000000325,0.33180699999999363,0.3697669999999909,0.0,0.36969099999999067,0.6448510000000106,1.0005120000000387,0.9973130000000424,0.022169000000000032
110,1.085013926727442,0.10561599999999964,0.20268400000000308,0.842641000000026,0.7915320000000202,0.016603000000000003,0.9383700000000317,0.41686699999998755,0.8613070000000292,0.3390779999999955,0.3787869999999915,0.0,0.379113999999992,0.6471770000000131,1.0005120000000391,0.9972980000000412,0.02424500000000004
111,1.0858558975346244,0.10988299999999968,0.21285600000000296,0.8401720000000276,0.7941840000000223,0.01634299999999999,0.9358960000000351,0.4218119999999858,0.8705260000000339,0.3507069999999931,0.3823869999999911,0.0,0.3858389999999904,0.6492920000000096,1.0004760000000403,0.9971170000000429,0.025405000000000035
112,1.0867875618947516,0.10941399999999964,0.21844600000000292,0.8474960000000265,0.7909560000000213,0.018640000000000014,0.9394550000000333,0.42736399999998725,0.8737070000000299,0.3522789999999916,0.38856099999999066,0.0,0.3965139999999909,0.6463400000000102,1.0005230000000387,0.9972560000000419,0.026483000000000048
113,1.0885372898694425,0.10782799999999966,0.22701200000000288,0.849783000000025,0.7904170000000191,0.019975000000000007,0.9375250000000311,0.43908999999998605,0.88089100000003,0.35908299999999166,0.40012999999999,0.0,0.4103749999999894,0.6378280000000065,1.0004990000000376,0.9974270000000411,0.025291000000000032
114,1.0893558699114638,0.11023299999999968,0.23968200000000298,0.8572550000000275,0.7995330000000223,0.01844699999999999,0.9409830000000329,0.44522699999998533,0.8858610000000324,0.3658689999999926,0.4080899999999903,0.0,0.4201719999999884,0.6367470000000043,1.0004830000000402,0.997111000000042,0.02686800000000006
115,1.0895268987830833,0.11051599999999971,0.24441100000000357,0.8628620000000289,0.7965600000000225,0.018411000000000014,0.9449050000000332,0.44465699999998665,0.8877840000000318,0.3766119999999912,0.41754899999998957,0.0,0.42675399999998714,0.6353780000000057,1.0004680000000377,0.9971950000000416,0.02771300000000005
116,1.0906240523701975,0.10830799999999965,0.25268500000000277,0.866513000000026,0.7975920000000207,0.018454000000000005,0.9468920000000296,0.4519209999999858,0.886850000000028,0.3878019999999903,0.41835399999998896,0.0,0.4349139999999883,0.6359680000000058,1.0004580000000336,0.9972880000000397,0.02862300000000006
117,1.0911715456445241,0.10645899999999964,0.2579310000000021,0.869618000000023,0.7970520000000162,0.02022200000000002,0.9474690000000285,0.4491479999999855,0.8887800000000269,0.4018139999999894,0.42844499999998886,0.0,0.4454749999999877,0.6415100000000084,1.000445000000032,0.9969500000000365,0.03086500000000006
118,1.0925802481099862,0.10636499999999974,0.26018900000000145,0.874267000000023,0.789422000000015,0.022433000000000012,0.9510010000000256,0.4576589999999878,0.8934420000000238,0.41168699999999153,0.43559699999999074,0.0,0.4492789999999893,0.6414480000000059,1.0004660000000307,0.9970460000000341,0.031996000000000045
119,1.0935297003456266,0.10911099999999965,0.26813200000000076,0.8731260000000292,0.7904050000000187,0.021705999999999996,0.9495740000000331,0.4644339999999867,0.8904050000000318,0.4124749999999907,0.4372029999999902,0.0,0.44986899999998886,0.6349170000000062,1.0004700000000382,0.9971930000000407,0.03211100000000004
120,1.0939714863446073,0.11075599999999974,0.28109799999999874,0.8759250000000314,0.7894610000000205,0.020602000000000016,0.9492360000000334,0.4751419999999871,0.8912640000000335,0.4173119999999901,0.4496119999999887,0.0,0.46060099999998866,0.632999000000007,1.0004860000000377,0.9970180000000394,0.03174600000000004
121,1.0954822609672898,0.1119409999999996,0.28837599999999936,0.8807720000000225,0.7875480000000175,0.022147000000000014,0.9513210000000231,0.4854589999999876,0.8925140000000217,0.4296489999999907,0.4541529999999896,0.0,0.46947099999998954,0.634088000000005,1.0004320000000289,0.9972790000000326,0.032009000000000065
122,1.096652236022033,0.11193299999999966,0.29402299999999854,0.8855900000000242,0.7920380000000175,0.02257000000000002,0.9525340000000285,0.48778099999998475,0.8919190000000284,0.44060599999999045,0.4628459999999884,0.0,0.4742709999999876,0.6278410000000044,1.0004620000000328,0.997212000000037,0.02977500000000007
123,1.097143536223807,0.11248499999999975,0.2996449999999987,0.8904900000000256,0.7926160000000223,0.021576000000000022,0.9547550000000286,0.4931849999999874,0.8977020000000262,0.4463549999999892,0.471788999999988,0.0,0.484626999999988,0.6317320000000043,1.0004530000000327,0.9971440000000366,0.02857800000000006
124,1.0973168849025654,0.1143209999999994,0.31099299999999735,0.8962460000000233,0.7952590000000178,0.02109700000000001,0.9547810000000256,0.5025069999999867,0.904974000000024,0.46181799999999035,0.4880049999999899,0.0,0.5013719999999892,0.6304900000000018,1.0003950000000292,0.996925000000033,0.03018300000000005
125,1.0987752190426319,0.11184999999999971,0.32097799999999677,0.9028340000000338,0.8005360000000252,0.024589000000000017,0.9577930000000365,0.5076709999999853,0.9100800000000363,0.4763209999999877,0.49970399999998727,0.0,0.5138689999999889,0.6244180000000059,1.0004180000000404,0.9970480000000438,0.033987000000000045
126,1.1000256252419462,0.11621399999999976,0.32574399999999665,0.9051180000000232,0.8068480000000192,0.02422100000000002,0.9598270000000236,0.5092309999999897,0.9156420000000234,0.48005899999998947,0.507264999999992,0.0,0.5171789999999926,0.617871000000001,1.0004370000000264,0.9970200000000318,0.03444599999999999
127,1.1016272625523262,0.11891599999999979,0.3419239999999967,0.9044690000000208,0.8168460000000123,0.023285000000000004,0.9597270000000243,0.5145349999999922,0.9189590000000215,0.4847369999999903,0.5197189999999898,0.0,0.5237909999999907,0.622696000000002,1.0004270000000288,0.9969340000000304,0.03152500000000004
128,1.1037600129326581,0.11599199999999966,0.3512419999999959,0.9069760000000228,0.818059000000016,0.023425,0.9600000000000253,0.5209109999999946,0.9199790000000239,0.4936999999999889,0.5196779999999924,0.0,0.5306309999999939,0.6177290000000036,1.0004010000000305,0.997105000000033,0.032238000000000044
129,1.1046540585431672,0.11624699999999963,0.3616829999999942,0.9074580000000282,0.822815000000021,0.024787000000000014,0.9615560000000277,0.5268569999999908,0.9229190000000276,0.5003069999999876,0.5259759999999937,0.0,0.5390839999999942,0.6199780000000022,1.0004110000000301,0.9970800000000344,0.03397600000000006
130,1.1061972602629846,0.1099999999999997,0.3678939999999939,0.9106760000000266,0.8184710000000196,0.025656000000000033,0.9651750000000288,0.5341159999999925,0.9265090000000279,0.5087969999999882,0.5299789999999949,0.0,0.5420479999999964,0.6258680000000055,1.000424000000034,0.9969150000000354,0.035360999999999976
131,1.1078499189698545,0.10948299999999989,0.37899999999999523,0.9163860000000241,0.8213730000000148,0.02476300000000001,0.9660860000000233,0.5430479999999924,0.9271560000000222,0.518927999999992,0.5361979999999918,0.0,0.5499109999999954,0.6197440000000004,1.0003880000000267,0.9969910000000295,0.03703800000000001
132,1.1089234255413651,0.1090979999999997,0.3893789999999948,0.9176150000000236,0.8244120000000166,0.023949000000000012,0.9683580000000246,0.5509689999999976,0.932383000000024,0.5359799999999958,0.5493739999999993,0.0,0.5549919999999995,0.6187980000000032,1.0004240000000277,0.9971750000000297,0.03685100000000002
133,1.1104659380263233,0.10612899999999968,0.39321499999999426,0.9204470000000226,0.8258060000000155,0.023755000000000026,0.969463000000024,0.5517639999999966,0.9377050000000223,0.543196999999997,0.5617889999999998,0.0,0.5636920000000001,0.6197049999999998,1.0003740000000265,0.997023000000029,0.03783500000000001
134,1.1114031712780466,0.1051469999999997,0.40321699999999444,0.9228210000000281,0.8254770000000194,0.02371000000000003,0.9724290000000282,0.5595409999999997,0.936494000000028,0.5451600000000003,0.567240000000003,0.0,0.5705800000000033,0.6306630000000097,1.00041500000003,0.9971930000000324,0.041486
135,1.1127357436804417,0.10833899999999977,0.410892999999994,0.922934000000026,0.8281660000000164,0.024887000000000013,0.9744790000000277,0.5630319999999966,0.9372730000000263,0.5522769999999966,0.5718739999999993,0.0,0.567233999999999,0.6278980000000027,1.0003980000000314,0.9969090000000355,0.03826600000000002
136,1.1128770611199237,0.11024899999999975,0.40903999999999596,0.9264150000000215,0.8284290000000145,0.02555900000000001,0.9742800000000218,0.565868,0.9382040000000222,0.5615960000000005,0.5746550000000022,0.0,0.5700590000000019,0.6251580000000028,1.0003810000000248,0.9970020000000284,0.04112799999999999
137,1.1150416070038291,0.11448299999999977,0.41323699999999386,0.9305890000000261,0.8275040000000186,0.02809800000000001,0.9761180000000262,0.5714739999999972,0.9395320000000253,0.5719270000000012,0.5863230000000014,0.0,0.5768610000000016,0.627344000000001,1.000419000000027,0.9970910000000291,0.04141500000000001
138,1.1164432143038625,0.11269299999999977,0.42103299999999255,0.9286660000000267,0.8266360000000178,0.0287,0.9758510000000273,0.5746549999999984,0.9402930000000266,0.5726889999999998,0.5905170000000028,0.0,0.5765850000000005,0.6240230000000027,1.0003980000000283,0.9968040000000328,0.043466000000000005
139,1.1177181924546284,0.11279399999999969,0.4301629999999936,0.9296170000000237,0.8317650000000159,0.029939000000000007,0.9766180000000249,0.5840929999999998,0.9413680000000246,0.5756549999999987,0.5987410000000004,0.0,0.5796279999999994,0.6234370000000016,1.0003250000000283,0.9970880000000312,0.043688
140,1.1187375514461775,0.1123669999999997,0.43420899999999374,0.9283200000000218,0.830046000000014,0.03147800000000004,0.9774530000000237,0.5857330000000008,0.9445430000000214,0.5900110000000007,0.6133770000000027,0.0,0.5830770000000004,0.6245960000000039,1.0003840000000244,0.9970190000000269,0.04752599999999995
141,1.1201617043491952,0.11092899999999983,0.4432139999999932,0.9254870000000229,0.8292720000000152,0.03333899999999999,0.9786920000000247,0.5906450000000014,0.9463000000000229,0.5891580000000016,0.6147050000000038,0.0,0.5881189999999993,0.6210140000000014,1.000340000000028,0.9967370000000317,0.047388999999999966
142,1.120957019159314,0.11024699999999994,0.4493779999999937,0.9255950000000209,0.832984000000013,0.02948600000000001,0.9809130000000225,0.592065000000002,0.9460360000000221,0.5950420000000015,0.619710000000002,0.0,0.5959750000000014,0.6195900000000023,1.0003520000000248,0.9971880000000278,0.04779700000000001
143,1.1220477103389817,0.11094999999999973,0.45780399999999366,0.9292210000000194,0.8342660000000135,0.03022700000000002,0.9823080000000214,0.6010270000000056,0.9455750000000193,0.6045980000000049,0.6305770000000056,0.0,0.6033010000000031,0.6261610000000042,1.0003860000000222,0.9970360000000249,0.04894099999999995
144,1.1234132424024883,0.10720699999999998,0.46681899999999255,0.9322130000000209,0.8407210000000132,0.028957,0.981799000000022,0.6060720000000043,0.9464080000000208,0.610710000000004,0.6355020000000059,0.0,0.6048890000000041,0.6281270000000024,1.0003050000000226,0.9970850000000244,0.050275999999999904
145,1.1251073495720543,0.10897499999999984,0.4697099999999933,0.9307610000000254,0.8386530000000153,0.029065000000000042,0.9817660000000257,0.611148000000006,0.9481470000000248,0.6153950000000058,0.6364960000000076,0.0,0.6054090000000049,0.6274340000000098,1.000281000000027,0.9972290000000292,0.0482
146,1.126840014890424,0.1102169999999999,0.4693409999999939,0.9327410000000207,0.8340400000000137,0.03029500000000002,0.9814770000000225,0.6118870000000031,0.9509540000000223,0.6238950000000036,0.6452920000000043,0.0,0.6183910000000027,0.6276500000000043,1.0003320000000224,0.9969890000000243,0.04805400000000001
147,1.128168559268004,0.11047699999999983,0.47652699999999265,0.9361120000000203,0.8371090000000114,0.031060000000000063,0.9805640000000215,0.6181920000000021,0.9513710000000202,0.6285790000000028,0.6483190000000045,0.0,0.6226920000000038,0.6310920000000012,1.000278000000021,0.996858000000025,0.04902000000000001
148,1.129112836352134,0.10977299999999968,0.48295399999999383,0.9367350000000164,0.8373490000000126,0.03445100000000001,0.9803360000000175,0.6235970000000056,0.9547470000000183,0.6379110000000059,0.6513510000000056,0.0,0.6274450000000054,0.6271180000000041,1.00033100000002,0.9969190000000222,0.050608999999999967
149,1.1298975697734206,0.10971999999999987,0.4948459999999933,0.935771000000018,0.8428330000000123,0.03296500000000004,0.9800750000000182,0.6302650000000048,0.9558890000000201,0.642451000000007,0.6561360000000068,0.0,0.6298600000000053,0.6341650000000066,1.0002930000000194,0.9967880000000224,0.04993099999999995
150,1.1315528697131598,0.10970699999999996,0.5118289999999937,0.935601000000021,0.8423440000000169,0.03374299999999998,0.9805710000000223,0.6377410000000044,0.9546850000000222,0.642410000000005,0.6600010000000051,0.0,0.633786000000003,0.6293430000000056,1.0003700000000244,0.9971610000000256,0.049018999999999986
151,1.1338103176882648,0.10640799999999984,0.5121549999999948,0.9344090000000204,0.8446020000000155,0.03304000000000002,0.9810540000000204,0.6386800000000094,0.9536450000000206,0.6446470000000076,0.6602300000000085,0.0,0.6349880000000055,0.6240770000000063,1.0003060000000215,0.9971700000000236,0.050251999999999956
152,1.1350416356932975,0.10676599999999989,0.5234829999999958,0.9348600000000232,0.8454000000000147,0.03128200000000003,0.9822390000000234,0.6476590000000086,0.9574180000000244,0.6553440000000078,0.668283000000007,0.0,0.6487740000000053,0.6262360000000081,1.000274000000024,0.9969770000000264,0.050711999999999965
153,1.1365784820680525,0.10700799999999983,0.5288099999999991,0.9365500000000205,0.8483940000000149,0.032338000000000006,0.98040600000002,0.6464360000000103,0.95870000000002,0.6545900000000092,0.6715880000000097,0.0,0.6512490000000083,0.6169300000000071,1.000279000000022,0.9968190000000244,0.05174599999999993
154,1.1374263696156992,0.10889899999999972,0.5270349999999956,0.9400650000000246,0.8499260000000162,0.032987000000000016,0.981273000000026,0.6403080000000028,0.9584950000000253,0.6590560000000046,0.6782780000000046,0.0,0.6563440000000025,0.6119620000000026,1.0003160000000286,0.9970010000000299,0.052834999999999945
155,1.1389653074938213,0.10723499999999983,0.5362679999999989,0.9415900000000194,0.8510060000000115,0.03358,0.9818820000000191,0.6483870000000032,0.9567180000000187,0.667592000000007,0.6814830000000063,0.0,0.6613410000000067,0.6091710000000031,1.0003060000000201,0.9969770000000233,0.05778399999999996
156,1.1409641916084947,0.10360799999999988,0.539274000000001,0.9457910000000248,0.8492560000000164,0.03302800000000002,0.9830600000000268,0.6488070000000089,0.9570880000000263,0.6742990000000094,0.6880390000000088,0.0,0.6656820000000081,0.6114180000000053,1.0002640000000291,0.9970160000000301,0.058253999999999966
157,1.143394445336653,0.10340799999999982,0.5419309999999976,0.9462150000000192,0.8542410000000138,0.03436999999999999,0.9833720000000197,0.6516380000000073,0.9589980000000201,0.6774140000000052,0.6933570000000072,0.0,0.6722060000000056,0.6064830000000028,1.00025400000002,0.9970210000000224,0.05858799999999998
158,1.1456252078995266,0.10790699999999981,0.5521130000000006,0.9480600000000236,0.8544310000000176,0.035274,0.985259000000023,0.6583080000000094,0.9602610000000231,0.6798670000000113,0.6880850000000103,0.0,0.6702800000000108,0.6131360000000058,1.0002850000000243,0.9972890000000268,0.06394499999999996
159,1.1475418388723695,0.10911599999999985,0.5547620000000011,0.9502290000000208,0.8531910000000189,0.03560000000000002,0.9848180000000218,0.6622040000000099,0.9598540000000226,0.6818390000000106,0.6948350000000104,0.0,0.6792800000000102,0.6129310000000056,1.0002790000000228,0.9970550000000243,0.06512299999999997
160,1.1489923317567299,0.10928099999999988,0.5554190000000009,0.9524770000000199,0.8541960000000136,0.035783000000000044,0.9840900000000217,0.6577080000000071,0.9602600000000205,0.6879050000000083,0.6989670000000087,0.0,0.6883670000000083,0.6131440000000057,1.0002770000000216,0.996859000000024,0.066584
161,1.1512006950183897,0.10988099999999994,0.5696559999999983,0.9551730000000174,0.8548640000000126,0.03573899999999999,0.9860210000000179,0.6683640000000072,0.9630050000000183,0.6921130000000069,0.7071850000000084,0.0,0.6967550000000068,0.6124050000000023,1.0002430000000195,0.9969100000000233,0.06782899999999989
162,1.1533983371452006,0.10574999999999989,0.5846490000000042,0.9553620000000198,0.8545670000000141,0.03622400000000008,0.9871430000000208,0.6814170000000118,0.9639920000000204,0.7000790000000102,0.71044500000001,0.0,0.7044740000000075,0.6158430000000061,1.000228000000021,0.9969770000000231,0.06823399999999999
163,1.1560280853539147,0.10283000000000003,0.5896960000000006,0.9573330000000153,0.8550090000000125,0.03662100000000007,0.9868260000000152,0.6849070000000079,0.9628750000000161,0.7042710000000055,0.7123000000000046,0.0,0.7035340000000047,0.6144130000000022,1.0002520000000172,0.9968950000000182,0.06741999999999995
164,1.1569413475413628,0.10238099999999997,0.5979510000000008,0.959989000000019,0.8517220000000116,0.03706700000000002,0.98601600000002,0.6882630000000071,0.966143000000019,0.710221000000007,0.7204230000000063,0.0,0.7118320000000053,0.6098070000000002,1.0002080000000209,0.9968570000000238,0.06496799999999996
165,1.1588537715888723,0.10683799999999988,0.6038480000000027,0.9595220000000194,0.8590680000000142,0.037089,0.9840480000000185,0.6909300000000096,0.9676770000000193,0.7164550000000091,0.7246520000000094,0.0,0.717131000000007,0.6097600000000045,1.0002290000000191,0.9970870000000213,0.06324099999999998
166,1.1609501380616976,0.10628399999999993,0.6099180000000021,0.9612990000000176,0.8574990000000143,0.03804599999999997,0.9837790000000183,0.6979370000000091,0.9679080000000171,0.7218370000000095,0.7252930000000092,0.0,0.7227590000000106,0.6016150000000001,1.000228000000018,0.9968240000000216,0.06283199999999993
167,1.1616281329423461,0.10553399999999992,0.615310000000001,0.9645230000000183,0.8600950000000157,0.03696299999999996,0.9822730000000177,0.701186000000008,0.9689780000000183,0.7331670000000112,0.7373390000000108,0.0,0.7283890000000106,0.6020360000000028,1.000201000000019,0.9968490000000204,0.060993999999999965
168,1.16448806140567,0.10331899999999992,0.6233230000000027,0.965413000000015,0.8608700000000115,0.03777200000000002,0.9832750000000147,0.7073890000000101,0.9712090000000136,0.7395590000000083,0.7480320000000088,0.0,0.731026000000008,0.6018660000000048,1.0002270000000155,0.9972100000000179,0.06282499999999998
169,1.166164924214111,0.10253099999999976,0.6279070000000041,0.9660750000000135,0.8614020000000117,0.036900999999999996,0.9849960000000145,0.7083440000000083,0.975567000000013,0.7482940000000078,0.7570970000000083,0.0,0.739943000000008,0.6009880000000035,1.0002120000000152,0.9967670000000175,0.06341699999999993
170,1.1681602323994598,0.10618299999999996,0.6313460000000026,0.9670030000000193,0.8636820000000142,0.036100000000000014,0.9853700000000194,0.7093660000000099,0.9768460000000185,0.7513050000000108,0.7596740000000121,0.0,0.7443350000000102,0.6002030000000007,1.00018900000002,0.9969160000000211,0.065276
171,1.1692840025430509,0.10239699999999993,0.6384010000000017,0.9677560000000169,0.8641010000000112,0.035392,0.9849400000000174,0.7143220000000091,0.979543000000018,0.7600960000000075,0.7646860000000086,0.0,0.7480850000000073,0.5912179999999991,1.0002430000000182,0.9970010000000193,0.06914599999999994
172,1.1713594816475839,0.10304899999999993,0.6420590000000023,0.9689510000000163,0.8661060000000114,0.037191,0.9823660000000163,0.7175120000000078,0.9822590000000166,0.7609020000000091,0.7706770000000079,0.0,0.7535220000000079,0.5885140000000012,1.0002140000000164,0.996995000000019,0.06674899999999995
173,1.172945502385753,0.10813199999999999,0.6483880000000043,0.9704710000000141,0.8672190000000081,0.03649599999999998,0.9828980000000136,0.7235620000000088,0.9852770000000138,0.768024000000008,0.7828250000000084,0.0,0.7645230000000074,0.5898870000000034,1.0002200000000143,0.9969300000000174,0.06813400000000003
174,1.175046247780541,0.1068109999999999,0.6483420000000025,0.9711500000000143,0.8698960000000093,0.035694999999999984,0.9821710000000144,0.7229090000000077,0.9845400000000154,0.7726860000000073,0.7908150000000076,0.0,0.7712600000000074,0.5836629999999989,1.000165000000016,0.9969320000000181,0.06875899999999996
175,1.1763423237918602,0.10557599999999995,0.6508500000000014,0.9736850000000123,0.8685080000000088,0.035872999999999974,0.9806670000000118,0.7240420000000028,0.9866780000000124,0.779240000000005,0.7974890000000059,0.0,0.7761490000000038,0.5781730000000013,1.0001970000000127,0.996605000000015,0.07076299999999998
176,1.1788197007257784,0.10389799999999981,0.6476909999999994,0.9745860000000149,0.8720500000000112,0.035029000000000005,0.9794130000000147,0.7182500000000065,0.9873510000000153,0.785999000000009,0.8027790000000096,0.0,0.7824120000000083,0.5751889999999976,1.000170000000016,0.9969410000000175,0.07060300000000001
177,1.179730928354458,0.10826999999999988,0.6476410000000016,0.9750670000000148,0.8722880000000106,0.03611600000000001,0.9796140000000153,0.7187180000000071,0.9871130000000158,0.7847050000000075,0.8047220000000085,0.0,0.7798270000000076,0.5832529999999985,1.0001440000000157,0.9966740000000177,0.07249099999999997
178,1.1814344598150188,0.10888199999999987,0.6537310000000045,0.976484000000012,0.8755240000000091,0.03509000000000001,0.9805300000000116,0.7252710000000056,0.9889980000000124,0.7903470000000081,0.8122420000000086,0.0,0.7882950000000065,0.5826000000000011,1.0001870000000126,0.9968810000000153,0.07305199999999998
179,1.1832952190892412,0.107283,0.6549940000000063,0.9793950000000133,0.8849390000000106,0.03287200000000002,0.9799290000000139,0.7269750000000084,0.9884080000000143,0.7938580000000067,0.8187740000000087,0.0,0.7952350000000076,0.5784270000000045,1.0001710000000141,0.9968300000000161,0.07384900000000001
180,1.1843093030920169,0.10647399999999989,0.6582970000000038,0.9803130000000119,0.8870220000000089,0.03594699999999998,0.9797750000000113,0.7254430000000057,0.9898840000000118,0.7930340000000055,0.8224380000000062,0.0,0.8035300000000056,0.5762670000000045,1.0001830000000118,0.9967870000000151,0.07706999999999996
181,1.1866198905423617,0.10490899999999997,0.6587800000000038,0.981377000000013,0.8870590000000094,0.03433800000000004,0.9796820000000135,0.7240500000000055,0.9912600000000142,0.793308000000006,0.8280500000000057,0.0,0.8076710000000055,0.5736500000000023,1.0001810000000149,0.9969590000000161,0.07977999999999993
182,1.1891663768274823,0.10740299999999997,0.6639430000000057,0.9814970000000147,0.8876030000000091,0.035452000000000004,0.9824000000000154,0.7256150000000067,0.9921180000000158,0.799325000000006,0.8307510000000068,0.0,0.8078860000000069,0.569710000000001,1.0001720000000163,0.9969330000000173,0.08131499999999994
183,1.1913556321272398,0.10458599999999986,0.6691820000000056,0.9816820000000129,0.8856950000000104,0.03675399999999999,0.9839020000000133,0.7298140000000084,0.9917460000000136,0.7976090000000085,0.828115000000008,0.0,0.8088780000000083,0.5699440000000029,1.000195000000013,0.9968570000000151,0.084701
184,1.1935262820889905,0.1072109999999998,0.6731980000000035,0.9829580000000152,0.8894710000000092,0.03653100000000002,0.9839050000000159,0.7336760000000069,0.9929240000000159,0.8009620000000066,0.8328860000000071,0.0,0.8117280000000066,0.5737959999999995,1.000165000000016,0.9969860000000167,0.08854899999999996
185,1.1954502464557362,0.10414799999999982,0.680273000000004,0.983428000000014,0.8898480000000082,0.03756700000000001,0.9839750000000145,0.7396490000000074,0.993416000000015,0.8030510000000075,0.8371890000000082,0.0,0.8124800000000072,0.5761490000000001,1.0001590000000153,0.9968130000000169,0.08794899999999999
186,1.196890764002733,0.1028899999999999,0.6904150000000047,0.9827710000000138,0.8959390000000104,0.035301999999999986,0.9829050000000134,0.7493050000000077,0.993769000000014,0.8081420000000068,0.8413880000000078,0.0,0.8173440000000071,0.5819510000000037,1.0001830000000143,0.9968470000000152,0.0914909999999999
187,1.1985101572064438,0.10413199999999988,0.6924860000000049,0.9849120000000148,0.8973340000000124,0.03499300000000002,0.9847920000000147,0.7516490000000075,0.9942120000000154,0.8183150000000088,0.8496400000000095,0.0,0.8255090000000083,0.5833200000000017,1.0001820000000154,0.9969890000000164,0.09474599999999997
188,1.1992304618109424,0.10303899999999998,0.7006260000000059,0.9856990000000131,0.8942760000000097,0.03746300000000002,0.9846340000000124,0.7599400000000084,0.9942880000000129,0.8200410000000068,0.8477150000000067,0.0,0.8259620000000076,0.585849000000004,1.000191000000013,0.9968540000000147,0.09602199999999997
189,1.2006323622208144,0.10172499999999997,0.7006760000000044,0.9857990000000145,0.8894320000000102,0.039642999999999956,0.9847090000000147,0.7617210000000086,0.9940220000000147,0.8169050000000068,0.8444240000000072,0.0,0.8233130000000078,0.5871190000000023,1.0001560000000145,0.9969610000000169,0.09460199999999995
190,1.2023636740871544,0.09587599999999985,0.7093280000000052,0.9862310000000144,0.892101000000011,0.040068999999999994,0.985342000000014,0.764938000000007,0.9948340000000148,0.820069000000007,0.8493510000000092,0.0,0.8274700000000091,0.5823360000000015,1.000171000000015,0.9967410000000162,0.09614499999999991
191,1.2034265635750647,0.1011539999999999,0.7139570000000023,0.9831650000000091,0.8912070000000059,0.04032400000000002,0.9858640000000095,0.7688190000000044,0.9941230000000104,0.8181370000000054,0.849738000000006,0.0,0.8242720000000052,0.5853790000000019,1.0001320000000105,0.9967520000000121,0.10097400000000005
192,1.2048044869903698,0.09994099999999977,0.713010000000005,0.9826440000000152,0.8886150000000111,0.04263299999999997,0.9864590000000155,0.7669190000000078,0.9940290000000154,0.8131280000000074,0.8443190000000084,0.0,0.8227320000000076,0.5832670000000052,1.000168000000016,0.9968110000000174,0.09666599999999996
193,1.207335781217554,0.10019199999999995,0.7188570000000049,0.9818090000000133,0.889545000000009,0.046513999999999986,0.9865670000000132,0.7729030000000086,0.9955520000000136,0.8119670000000071,0.8432940000000084,0.0,0.8223070000000077,0.579170000000002,1.0001300000000137,0.9969260000000155,0.10032699999999989
194,1.2100208959949965,0.10146099999999991,0.720257000000003,0.9830870000000096,0.8930790000000064,0.04641899999999997,0.9854200000000096,0.7755150000000054,0.9964000000000106,0.8139290000000039,0.8456460000000044,0.0,0.831974000000005,0.5811319999999999,1.0001550000000108,0.9967590000000119,0.10353899999999998
195,1.211482601237371,0.10161699999999993,0.7251370000000034,0.9826460000000075,0.8952040000000061,0.049001999999999934,0.9841560000000076,0.7790310000000058,0.996783000000008,0.8098430000000032,0.8461220000000037,0.0,0.8306970000000033,0.5857309999999982,1.0001300000000077,0.9971340000000097,0.10571400000000002
196,1.2131156797838487,0.10106199999999985,0.7233780000000054,0.9825810000000127,0.8984620000000095,0.04711499999999994,0.9855680000000135,0.7777720000000073,0.9972190000000142,0.8132410000000061,0.8518330000000074,0.0,0.8366980000000068,0.5807750000000044,1.000152000000014,0.996892000000015,0.10307300000000005
197,1.214664828506948,0.10073900000000004,0.7252060000000056,0.9845140000000125,0.9001020000000098,0.046072999999999996,0.984840000000012,0.7785430000000081,0.9972550000000127,0.8175700000000073,0.8578660000000083,0.0,0.842075000000008,0.5761290000000033,1.000142000000013,0.9968780000000141,0.09913100000000007
198,1.216081127697002,0.09964799999999997,0.7315850000000083,0.9839560000000148,0.8974860000000114,0.04855900000000002,0.986073000000016,0.7837250000000098,0.9974600000000161,0.8162790000000076,0.8538240000000081,0.0,0.8386780000000087,0.5784480000000032,1.0001260000000158,0.9968210000000173,0.09661699999999995
199,1.2189097324000442,0.10500999999999998,0.7335000000000026,0.9856150000000111,0.9014690000000084,0.04793799999999994,0.9856900000000108,0.7878260000000048,0.9976700000000119,0.8226830000000068,0.8577240000000071,0.0,0.8420620000000071,0.5712110000000027,1.0001060000000117,0.9966130000000132,0.09904900000000003
200,1.220505285239769,0.10067099999999994,0.7406410000000035,0.9858720000000104,0.9029540000000081,0.047973000000000016,0.9876330000000109,0.7937250000000057,0.9977090000000113,0.827252000000006,0.8564660000000064,0.0,0.8438400000000048,0.5661340000000031,1.0001070000000112,0.9967950000000123,0.10234199999999996
