,PopRatio,Diff_KC,Fibroblast,ILC3,M1,M2,Neutrophil,Prol_KC,Th0,Th1,Th17,Th2,Th22,Treg,iDC,pDC,preDiff_KC
0,1.0,0.00034300000000000004,0.0,0.0,0.0,0.0,0.0,0.0,0.0,0.0,0.0,0.0,0.0,0.16021900000000006,0.0,0.0,0.0
1,0.9999989999999997,0.0020129999999999996,0.0,0.0,0.0,0.0,0.0,0.0,0.0,0.0,0.0,0.0,0.0,0.12137900000000001,1.4999999999999999e-05,1.1e-05,0.0
2,1.0000019999969998,0.0026850000000000003,0.0,0.0,0.0,0.0,0.0,0.0,0.0,0.0,0.0,0.0,0.0,0.12069899999999999,0.0004689999999999999,0.00047099999999999996,0.0
3,1.000007000006999,0.0037290000000000005,0.0,0.0,0.000126,0.0,3.1e-05,0.0,0.0,0.0,0.0,0.0,0.0,0.12518499999999996,0.003685999999999999,0.003673999999999999,0.0
4,1.0000019999719987,0.0043539999999999985,0.0,0.0,0.0005939999999999999,0.0,0.000257,0.0,0.0,0.0,0.0,0.0,0.0,0.13791600000000007,0.010300000000000004,0.010279000000000005,0.0
5,1.0000039999759982,0.004993,0.0,0.0,0.001102,0.0,0.0006550000000000001,0.0,0.0,0.0,0.0,0.0,0.0,0.15867200000000004,0.021744000000000013,0.021850000000000012,0.0
6,1.0000029999719993,0.006726,0.0,0.0,0.001354,0.0,0.0018139999999999996,0.0,0.0,0.0,0.0,0.0,0.0,0.17576800000000015,0.04096499999999993,0.041064999999999935,0.0
7,1.0000140000049988,0.007899,0.0,0.0,0.0027859999999999994,0.0,0.0030610000000000012,0.0,0.0,0.0,0.0,0.0,0.0,0.18726200000000015,0.06591099999999994,0.06581499999999994,0.0
8,1.0000390003549988,0.008803,0.0,0.0,0.005213000000000001,0.0,0.006163000000000002,0.0,0.0,0.0,0.0,0.0,0.0,0.20642800000000042,0.09702799999999985,0.09700699999999984,0.0
9,1.000072001642013,0.010840999999999998,0.0,0.0,0.007802000000000004,0.0,0.008725999999999996,0.0,0.0,0.0,0.0,0.0,0.0,0.21735700000000008,0.13134699999999996,0.131345,0.0
10,1.0001000036580598,0.011165999999999999,0.0,0.0,0.013724999999999989,0.0,0.012925999999999993,0.0,0.0,0.0,0.0,0.0,0.0,0.23359400000000047,0.17090300000000086,0.17083600000000085,0.0
11,1.0001730109583327,0.01271399999999999,0.0,0.0,0.019059999999999987,0.0,0.018754000000000024,0.0,0.0,0.0,0.0,0.0,0.0,0.24704900000000043,0.21495600000000062,0.2149340000000006,0.0
12,1.0002270203009271,0.013991000000000005,0.0,0.0,0.025999000000000053,0.0,0.025724000000000028,0.0,0.0,0.0,0.0,0.0,0.0,0.2605480000000001,0.260469,0.260389,0.0
13,1.0003340445921054,0.013598000000000004,0.0,0.0,0.03218700000000003,0.0,0.033803000000000055,6.1e-05,7e-06,0.0,0.0,0.0,0.0,0.2740959999999998,0.30707999999999785,0.3069239999999979,0.0
14,1.0004640880179054,0.015355999999999979,0.0,0.0,0.043623000000000016,0.0,0.04224200000000002,6.6e-05,0.0,0.0,0.0,0.0,0.0,0.2918489999999981,0.35617799999999694,0.3558609999999968,0.0
15,1.0006251627360856,0.015625,0.0,0.0,0.05558099999999995,0.0,0.05530899999999995,0.0,0.000176,0.0,0.0,0.0,0.0,0.30626499999999907,0.3977359999999974,0.3971839999999976,0.0
16,1.0008252877686397,0.01513899999999999,0.0,0.0,0.06900399999999983,0.0,0.06358899999999983,0.0,0.000568,0.0,0.0,0.0,0.0,0.31508099999999983,0.44440299999999416,0.4437779999999945,0.0
17,1.0010514742836891,0.015846999999999986,0.0,0.0,0.08083499999999962,0.0,0.07387599999999978,0.0,0.000863,0.0,0.0,0.0,0.0,0.3152329999999989,0.4779379999999933,0.47759299999999344,0.0
18,1.0012687024536244,0.018270000000000012,0.0,0.0,0.09199499999999937,0.0,0.08666999999999948,0.0,0.0015489999999999996,0.0,0.0,0.0,0.0,0.32712099999999744,0.5176389999999961,0.516873999999996,0.0
19,1.001577093214003,0.020387000000000037,0.0,0.0,0.10541499999999936,0.0,0.10147999999999924,0.0,0.0020630000000000006,0.0,0.0,0.0,0.0,0.33064999999999894,0.5549800000000056,0.5537780000000057,0.0
20,1.0019076136547915,0.020166000000000007,0.0,0.0,0.12084899999999944,0.0,0.11306299999999926,0.0,0.003060000000000002,0.0,0.0,0.0,0.0,0.33472299999999977,0.5902629999999995,0.5884379999999997,0.0
21,1.0022592832272144,0.02218200000000002,0.0,0.0,0.13452399999999984,0.0,0.12828999999999927,3e-06,0.005061000000000003,0.0,0.0,0.0,0.0,0.3501979999999948,0.6253530000000151,0.6233050000000145,0.0
22,1.0027072931268481,0.02357000000000005,0.0,0.0,0.14676700000000084,0.0,0.14663500000000063,0.0,0.006932000000000005,0.0,0.0,0.0,0.0,0.3543489999999983,0.6553420000000147,0.6519120000000153,0.0
23,1.0032748254547972,0.023568000000000047,0.0,0.0,0.1627800000000019,0.0,0.16738700000000203,0.0,0.008482999999999996,0.0,0.0,0.0,0.0,0.36745299999999637,0.6835630000000159,0.6790100000000158,0.0
24,1.003877793624939,0.025416000000000046,0.0,0.0,0.17933500000000277,0.0,0.18499200000000343,0.00014600000000000003,0.011341999999999996,0.0,0.0,0.0,0.0,0.3758299999999937,0.7144270000000219,0.7099140000000216,0.0
25,1.004503209490399,0.026343000000000023,0.0,0.0,0.19373600000000404,0.0,0.199062000000004,0.00019999999999999998,0.014155999999999988,0.0,0.0,0.0,0.0,0.38223399999998997,0.7385890000000266,0.7323540000000249,0.0
26,1.0052274563044814,0.02610700000000003,0.0,0.0,0.21179000000000422,0.0,0.2138960000000044,0.000201,0.01879800000000001,0.0,0.0,0.0,0.0,0.3944229999999933,0.7657200000000387,0.7582130000000366,0.0
27,1.005946193935781,0.025569000000000036,0.0,6.6e-05,0.2280560000000055,0.0,0.22825200000000614,0.00013299999999999998,0.022010999999999996,0.0,0.0,0.0,0.0,0.40394899999999484,0.7889930000000334,0.7821120000000334,0.0
28,1.0067911887387386,0.026589000000000047,0.0,6.7e-05,0.24457100000000717,0.0,0.23936800000000663,0.00010899999999999999,0.025225000000000043,0.0,0.0,0.0,0.0,0.4066019999999908,0.8087650000000431,0.8023040000000428,0.0
29,1.007612730348798,0.028083000000000025,0.0,8.8e-05,0.2613710000000055,0.0,0.2571850000000066,0.0007319999999999999,0.03013200000000008,0.0,0.0,0.0,0.0,0.41961699999999064,0.8311680000000419,0.8240150000000412,0.0
30,1.0085800385699903,0.031290000000000054,0.0,6.7e-05,0.28258100000000275,0.0,0.27071800000000396,0.0009069999999999999,0.03667200000000005,0.0,0.0,0.0,0.0,0.42212599999999045,0.851822000000045,0.8437540000000442,0.0
31,1.0095644126876928,0.03249100000000006,0.0,0.000199,0.30323399999999956,0.0,0.2871650000000006,0.001384,0.04159500000000002,0.0,0.0,0.0,0.0,0.4337299999999872,0.8692080000000438,0.8608880000000415,0.0
32,1.0106173883701868,0.03269200000000007,0.0,0.00023600000000000002,0.3221799999999962,0.0,0.3060429999999995,0.001499,0.04967199999999984,0.0,0.0,0.0,0.0,0.44236599999998594,0.8783960000000518,0.8695380000000522,0.0
33,1.0116876321845323,0.03280000000000004,0.0,0.000481,0.3368789999999961,0.0,0.3220469999999963,0.0015300000000000001,0.058538999999999876,0.0,0.0,0.0,0.0,0.4466969999999849,0.8921560000000545,0.8827480000000527,0.0
34,1.0129137975948015,0.03348500000000005,0.0,0.001269,0.3505199999999951,0.0,0.3387609999999959,0.00166,0.06203499999999976,0.0,0.0,0.0,0.0,0.45361599999998387,0.9045230000000627,0.8943460000000617,0.0
35,1.0139824216513358,0.033178000000000055,0.0,0.00234,0.3637489999999929,0.0,0.35449699999999273,0.0018629999999999996,0.07318899999999957,0.0,0.0,0.0,0.0,0.4604659999999852,0.9160010000000579,0.9053860000000555,0.0
36,1.015134305682396,0.03694599999999999,0.0,0.004738,0.37664999999999166,0.0,0.3717679999999914,0.002243,0.08337199999999971,0.0,0.0,0.0,0.0,0.46665299999998494,0.9240630000000551,0.9133400000000541,0.0
37,1.0162834377164938,0.03564900000000005,0.0,0.0075539999999999965,0.400698999999989,0.0,0.3892209999999867,0.0024950000000000007,0.09566199999999923,0.0,0.0,0.0,0.0,0.4771249999999793,0.9323080000000585,0.9209900000000572,0.0
38,1.0174348868514942,0.03591500000000007,0.0,0.010180000000000003,0.4194029999999841,0.0,0.4033069999999837,0.003947000000000001,0.10616799999999926,0.0,0.0,0.0,6.7e-05,0.47851799999997885,0.9387590000000661,0.9284570000000657,0.0
39,1.018624268234294,0.03641600000000001,0.0,0.01301599999999998,0.4415969999999813,0.0,0.4252169999999855,0.004844000000000001,0.11506199999999916,0.0,0.0,0.0,1e-06,0.4891569999999808,0.9481890000000597,0.9379420000000613,0.0
40,1.0198282821194113,0.03734500000000005,0.0,0.017743999999999985,0.4548819999999825,0.0,0.44597899999998125,0.005410000000000005,0.12803999999999915,0.0,1.1e-05,0.0,6.7e-05,0.4976289999999795,0.9560360000000683,0.9458440000000685,6.699999999999999e-05
41,1.0210408579469252,0.03881300000000005,0.0,0.02200800000000001,0.4699339999999822,0.0,0.4657819999999795,0.006660000000000006,0.13654499999999992,0.0,6.2e-05,0.0,9.8e-05,0.503334999999981,0.9631630000000656,0.9527430000000655,6.7e-05
42,1.0222426230367991,0.03942099999999998,0.0,0.028298000000000097,0.48437499999997974,0.0,0.4840669999999782,0.007637000000000005,0.1468590000000007,7e-05,0.000333,0.0,0.000133,0.508970999999981,0.96792600000006,0.9579050000000606,0.0
43,1.0234120685976174,0.042285999999999976,0.0,0.03701400000000006,0.4954069999999758,0.0,0.49845199999997547,0.008792000000000003,0.15971500000000163,8.7e-05,0.0006270000000000001,0.0,0.000269,0.5172929999999831,0.9710880000000661,0.9610030000000654,0.0
44,1.0245142833955672,0.043578,0.0,0.045434999999999934,0.5121989999999804,0.0,0.5165509999999773,0.010021999999999993,0.17522500000000216,6.7e-05,0.001144,0.0,0.000437,0.5240919999999862,0.9753200000000554,0.9662900000000585,0.0
45,1.0256934993358182,0.047725000000000024,0.0,0.05613199999999987,0.530289999999982,0.0,0.5282919999999806,0.01244899999999999,0.18906900000000257,0.000192,0.00133,0.0,0.000737,0.5233819999999844,0.9776460000000591,0.9695140000000606,6.7e-05
46,1.026843301748635,0.04995199999999997,0.0,0.06656799999999972,0.5491049999999899,0.0,0.5440309999999845,0.01539499999999998,0.2078330000000044,0.000468,0.0016470000000000002,0.0,0.001157,0.5280829999999835,0.9793540000000649,0.971503000000066,0.000142
47,1.028028278918922,0.04906599999999997,0.0,0.07862599999999971,0.5687839999999923,0.0,0.5570149999999884,0.018180000000000005,0.22212900000000418,0.0005059999999999999,0.002375000000000001,0.0,0.0017760000000000005,0.5315389999999875,0.9813440000000594,0.9747690000000618,6.7e-05
48,1.0291735024217001,0.04871,6.7e-05,0.09338599999999937,0.5771219999999962,3e-05,0.5720009999999924,0.020060000000000022,0.24399200000000604,0.000984,0.0028390000000000004,0.0,0.0031240000000000005,0.5370689999999883,0.9831740000000642,0.9770750000000658,0.000133
49,1.0303025057539252,0.04977799999999992,0.0,0.10749399999999927,0.5891369999999969,0.000133,0.5891749999999979,0.02512000000000004,0.2590900000000044,0.0014590000000000002,0.004575,0.0,0.004151,0.5477049999999887,0.9843350000000642,0.9790360000000665,0.00019999999999999998
50,1.0314471718378855,0.049768999999999945,0.0,0.1210759999999991,0.5961139999999948,6.699999999999999e-05,0.5994389999999944,0.029429000000000073,0.2743670000000009,0.002026,0.005276000000000001,0.0,0.005454000000000005,0.5552919999999879,0.9854500000000647,0.9806910000000658,0.0004
51,1.0327282292253779,0.05032399999999987,0.0,0.14028399999999988,0.6037779999999965,0.0002,0.6144479999999984,0.03071700000000006,0.29193899999999945,0.0028740000000000007,0.007536000000000005,0.0,0.005820000000000004,0.5503539999999918,0.9876840000000567,0.9825580000000579,6.7e-05
52,1.033739270161851,0.050447999999999917,6.7e-05,0.16152900000000128,0.623897000000007,0.00026700000000000004,0.6296010000000026,0.03513500000000007,0.3106969999999951,0.004281999999999999,0.008474000000000002,0.0,0.008445000000000006,0.5509539999999923,0.9890510000000579,0.9839960000000608,0.000267
53,1.0348205614385002,0.05232699999999994,0.00025499999999999996,0.17626800000000192,0.632951,0.00036,0.6366770000000032,0.03768200000000006,0.32484299999999583,0.006019000000000007,0.011586999999999986,0.0,0.009850999999999999,0.5548219999999917,0.990101000000053,0.9855210000000559,0.000401
54,1.035843998973818,0.05258199999999994,0.000557,0.19423100000000298,0.6410180000000097,0.00045000000000000004,0.6481970000000088,0.040239999999999956,0.3363909999999941,0.007405000000000003,0.012829999999999982,0.0,0.011744999999999986,0.5587759999999933,0.9899150000000628,0.9855550000000638,0.000535
55,1.036943029456795,0.054426999999999885,0.00033,0.2143340000000039,0.6520470000000088,0.0005200000000000001,0.6531440000000089,0.04155499999999999,0.35619899999999316,0.010022999999999995,0.016084999999999974,0.0,0.01403599999999998,0.5619819999999922,0.9912430000000662,0.9861190000000684,0.000334
56,1.0382195063261244,0.055513999999999855,0.000335,0.23873300000000588,0.6579840000000107,0.0006540000000000001,0.660361000000009,0.04561400000000002,0.3680139999999914,0.010489999999999998,0.019496,0.0,0.01539999999999997,0.5717319999999966,0.9908630000000579,0.9861410000000586,0.000524
57,1.0391269101747143,0.05459299999999993,0.000571,0.25956200000000484,0.6709710000000083,0.0008939999999999999,0.6783040000000108,0.05059399999999994,0.38537299999998914,0.01142399999999999,0.020398,0.0,0.019901000000000016,0.569472999999993,0.9909450000000575,0.9861720000000607,0.000406
58,1.0400195201906148,0.05466899999999999,0.000478,0.2799010000000018,0.6816300000000173,0.0008770000000000001,0.6830850000000159,0.05687099999999989,0.401021999999989,0.013118999999999987,0.022824000000000056,0.0,0.02090900000000002,0.5630019999999941,0.9913300000000606,0.9868220000000626,0.000288
59,1.0410980204331166,0.05681199999999997,0.000773,0.2987939999999983,0.6949890000000114,0.0016010000000000004,0.6924320000000124,0.06196899999999994,0.41556999999998523,0.01427399999999997,0.024890000000000044,0.0,0.023509000000000044,0.5633709999999901,0.9914380000000591,0.9864770000000623,0.00041600000000000003
60,1.0421110088070604,0.059256999999999865,0.00061,0.316953999999997,0.701143000000017,0.0017580000000000002,0.7085870000000181,0.06658599999999981,0.4317099999999852,0.017973999999999997,0.029541000000000078,0.0,0.02818200000000006,0.5675149999999954,0.992064000000059,0.9874210000000612,0.000827
61,1.0429186448389474,0.05989199999999987,0.0008100000000000002,0.3451909999999937,0.7023690000000142,0.0017079999999999997,0.7205280000000182,0.06881799999999977,0.44826999999998507,0.021394000000000014,0.03288100000000007,0.0,0.03301600000000006,0.5649689999999945,0.9927030000000551,0.9882650000000593,0.000649
62,1.0442660957281376,0.05985599999999983,0.000595,0.3620259999999937,0.7075470000000104,0.0018000000000000002,0.7315750000000173,0.07423799999999964,0.46037199999998396,0.02397100000000002,0.03823100000000002,0.0,0.03886200000000005,0.5660899999999924,0.992961000000046,0.9880560000000513,0.001055
63,1.0451860941585227,0.05980599999999984,0.0007390000000000001,0.37734999999999014,0.7115010000000157,0.00159,0.7402940000000234,0.08229499999999973,0.47197799999998086,0.028285000000000084,0.04064099999999996,0.0,0.041315,0.5746929999999953,0.9934420000000572,0.9894680000000594,0.0015990000000000002
64,1.0458989110747994,0.05645599999999991,0.0015000000000000002,0.39130299999999013,0.7125830000000164,0.0014020000000000003,0.7474660000000207,0.08589399999999958,0.48662599999997963,0.033604000000000106,0.04575199999999996,0.0,0.04547699999999995,0.5786029999999974,0.9925920000000532,0.988056000000056,0.002138
65,1.046957360772863,0.05805299999999985,0.0016660000000000002,0.4075409999999872,0.7204750000000156,0.0020349999999999995,0.7591760000000253,0.09002399999999973,0.4961739999999783,0.03897399999999995,0.05200399999999994,0.0,0.05193699999999996,0.5806589999999948,0.9945410000000608,0.9897710000000637,0.0027309999999999995
66,1.0479990833468973,0.058498999999999815,0.002258,0.4262099999999844,0.7221930000000207,0.0022059999999999996,0.7717770000000307,0.09835099999999963,0.5112309999999823,0.04279900000000004,0.056256999999999856,0.0,0.061325999999999804,0.5789709999999957,0.9959240000000626,0.9912740000000638,0.0036880000000000007
67,1.048969530498143,0.05900499999999988,0.0025870000000000008,0.4427469999999846,0.725565000000018,0.002287999999999999,0.7819460000000288,0.10595099999999931,0.5256889999999849,0.046612,0.061436999999999846,0.0,0.06908699999999975,0.5733819999999963,0.996560000000061,0.9913400000000636,0.004002
68,1.050222000117621,0.06042699999999982,0.003379000000000002,0.46128599999998676,0.7292870000000192,0.002251,0.7828520000000255,0.11153999999999929,0.5339359999999892,0.048403999999999996,0.0682839999999998,0.0,0.07477399999999966,0.5744859999999977,0.9974000000000548,0.992677000000057,0.004738000000000001
69,1.0512669710077962,0.05880699999999995,0.003436000000000001,0.47279499999998265,0.7332180000000212,0.002045,0.7852340000000254,0.11648399999999953,0.5445219999999894,0.04924399999999993,0.07516599999999962,0.0,0.07652599999999964,0.5763049999999953,0.9980430000000537,0.9925160000000566,0.0045600000000000016
70,1.0521227023222532,0.05852299999999984,0.004101000000000001,0.49029999999998264,0.7378700000000181,0.002698,0.7957230000000269,0.11920399999999917,0.5599409999999949,0.053845999999999894,0.08032299999999958,0.0,0.0836469999999995,0.5818979999999982,0.9989010000000488,0.9938380000000508,0.004563000000000005
71,1.0529885993063164,0.05843399999999994,0.003945,0.5049219999999836,0.7436090000000207,0.003998999999999999,0.8052870000000277,0.12601999999999958,0.5766449999999922,0.05960599999999988,0.0852939999999996,0.0,0.08831399999999953,0.5778799999999945,0.9990290000000472,0.9932240000000505,0.004714000000000001
72,1.0539815675555118,0.05605499999999986,0.005332000000000002,0.5226419999999856,0.7490180000000238,0.004337000000000002,0.807642000000029,0.13430500000000023,0.5862479999999958,0.06413399999999987,0.09411999999999954,0.0,0.09530599999999945,0.5851889999999982,0.9997110000000473,0.9942040000000502,0.004919000000000003
73,1.0549617704133887,0.05224699999999995,0.0053240000000000015,0.5332429999999901,0.7512190000000168,0.005831,0.814514000000027,0.13995100000000057,0.5980470000000023,0.06881899999999973,0.10068799999999928,0.0,0.0999219999999995,0.5868249999999983,0.9994220000000478,0.9939330000000508,0.005039000000000002
74,1.0558426634917335,0.05466799999999995,0.006059000000000004,0.5404279999999907,0.75758500000002,0.005990000000000004,0.8206150000000324,0.1446330000000012,0.6057720000000046,0.07422599999999967,0.10448999999999921,0.0,0.10437599999999932,0.588264000000001,0.9994880000000509,0.9939150000000534,0.005799
75,1.0568710542460287,0.05475699999999992,0.007426000000000006,0.5472209999999879,0.7586670000000185,0.005940000000000003,0.8229060000000274,0.15350400000000114,0.6162840000000022,0.0751389999999997,0.11099499999999943,0.0,0.11088999999999948,0.5832259999999939,0.9998090000000451,0.9940890000000489,0.0060830000000000025
76,1.0576256601788085,0.055581,0.009583999999999992,0.5670999999999992,0.7599740000000185,0.005813000000000001,0.828261000000026,0.16316300000000172,0.6354730000000092,0.08083299999999972,0.12386899999999945,0.0,0.11685399999999939,0.580707999999998,0.9997220000000405,0.9952550000000429,0.005961000000000002
77,1.0581914899070468,0.05446899999999986,0.012757999999999988,0.5726080000000006,0.7644700000000324,0.006390000000000006,0.8320640000000407,0.16920800000000233,0.6440450000000126,0.08827899999999947,0.12710599999999952,0.0,0.12509199999999934,0.5742169999999979,0.9997530000000586,0.9957420000000611,0.005752000000000006
78,1.0588740234180993,0.05590399999999987,0.014020999999999985,0.5809849999999972,0.7663390000000208,0.007069000000000003,0.8448480000000278,0.1782770000000021,0.6528700000000103,0.09145699999999962,0.13078199999999968,0.0,0.1303299999999997,0.5757699999999943,0.999942000000044,0.9960970000000472,0.005422000000000002
79,1.0593685175870822,0.05873699999999987,0.01465499999999999,0.592863999999998,0.7621410000000193,0.007874000000000006,0.8505360000000304,0.18256800000000217,0.6622180000000097,0.10063999999999962,0.13904900000000034,0.0,0.13619499999999968,0.5743339999999948,1.000132000000043,0.9957020000000477,0.0043000000000000035
80,1.060086769442052,0.055835999999999886,0.017055999999999998,0.6040649999999997,0.7637440000000254,0.008873000000000002,0.8573550000000352,0.18776800000000213,0.6676000000000126,0.10879799999999944,0.1429240000000002,0.0,0.1428920000000003,0.5821989999999957,0.9999860000000477,0.9956870000000504,0.005140000000000004
81,1.0608203494865571,0.05748599999999997,0.020594000000000025,0.6232990000000024,0.7612040000000238,0.009894999999999989,0.8633390000000368,0.19361100000000275,0.674200000000014,0.11526499999999971,0.15106700000000114,0.0,0.14862100000000106,0.5879199999999993,1.000193000000048,0.9961060000000507,0.005289
82,1.0615003353306285,0.05879699999999989,0.02168200000000002,0.6381680000000081,0.7581260000000279,0.011632999999999984,0.8641160000000394,0.20158300000000343,0.6843870000000155,0.11931299999999946,0.15803900000000107,0.0,0.16093900000000153,0.5882210000000001,1.0005380000000534,0.9970910000000573,0.0058820000000000035
83,1.0624408246277877,0.0587869999999999,0.024201000000000045,0.6447980000000102,0.7560020000000247,0.013372999999999986,0.8689040000000398,0.20995200000000364,0.6930190000000156,0.1290429999999996,0.16670500000000157,0.0,0.16625200000000148,0.587337999999997,1.0006250000000505,0.9971960000000527,0.005463000000000003
84,1.0630527905428266,0.05829499999999991,0.02740400000000004,0.6545170000000157,0.7547440000000197,0.013588999999999988,0.8749640000000354,0.2120760000000037,0.704844000000017,0.13379800000000014,0.17302100000000184,0.0,0.17470300000000166,0.5924560000000026,1.000671000000046,0.9972690000000498,0.006196000000000004
85,1.0638692150860125,0.05792299999999999,0.029431000000000065,0.6661110000000127,0.7620210000000203,0.013084999999999996,0.8762890000000373,0.21725800000000392,0.7198540000000163,0.1403180000000007,0.1790630000000023,0.0,0.18477800000000213,0.5923550000000022,1.0006670000000473,0.9973820000000502,0.006956000000000002
86,1.0645596662066532,0.06149299999999995,0.034216000000000024,0.6702400000000056,0.7676370000000255,0.01228299999999999,0.881308000000036,0.2280490000000039,0.7280430000000189,0.1463380000000003,0.1852530000000026,0.0,0.18872800000000284,0.5852550000000005,1.0006290000000428,0.9973150000000459,0.006769000000000002
87,1.0654421861699837,0.06523999999999984,0.039631999999999994,0.6802980000000104,0.7664640000000171,0.013278999999999997,0.8876320000000322,0.24188000000000456,0.7351160000000165,0.1529310000000011,0.18982900000000258,0.0,0.20003800000000282,0.5861819999999967,1.0006580000000391,0.9968550000000436,0.007989000000000001
88,1.0659099152897549,0.06256499999999988,0.04445000000000003,0.6893450000000133,0.7693280000000211,0.013234999999999985,0.8929410000000323,0.24942500000000525,0.748141000000018,0.15581200000000114,0.20053500000000296,0.0,0.20663500000000312,0.5819849999999955,1.0005710000000436,0.9972630000000481,0.008850999999999998
89,1.0665505271488902,0.0641869999999999,0.047503999999999956,0.695368000000016,0.7623800000000193,0.014317999999999992,0.8937620000000334,0.25514500000000456,0.7461520000000189,0.1616910000000014,0.2044180000000031,0.0,0.2114690000000034,0.5865590000000017,1.0006210000000402,0.9972910000000436,0.009303999999999995
90,1.067234186036835,0.06298499999999992,0.05409399999999994,0.7098810000000166,0.7673660000000241,0.014858999999999976,0.9035570000000301,0.2640930000000041,0.7518870000000213,0.1682880000000025,0.2112480000000035,0.0,0.22080700000000353,0.5869310000000021,1.0006210000000413,0.9973560000000461,0.011278999999999994
91,1.0677678031298972,0.065046,0.05350899999999991,0.718931000000014,0.7715130000000207,0.015116999999999976,0.9055060000000319,0.2641020000000012,0.7556520000000202,0.17358700000000196,0.21505100000000368,0.0,0.22778900000000318,0.5843699999999995,1.00056400000004,0.9972980000000433,0.01230999999999999
92,1.0685974587129714,0.06320299999999983,0.058453999999999916,0.7253240000000165,0.7705490000000191,0.016299999999999995,0.9099560000000322,0.2756570000000019,0.7630590000000186,0.1743790000000022,0.22630600000000364,0.0,0.23249400000000373,0.5824970000000022,1.0006170000000396,0.9975540000000448,0.01131699999999999
93,1.069174501340719,0.06657499999999977,0.06087899999999984,0.7306590000000228,0.775677000000019,0.01617099999999999,0.9141800000000329,0.2858609999999996,0.7767440000000219,0.18681000000000234,0.231895000000004,0.0,0.23868400000000395,0.5856129999999997,1.0005860000000426,0.9973790000000459,0.01243899999999999
94,1.0702682668556356,0.06912099999999984,0.06282299999999996,0.7426600000000196,0.7729440000000233,0.01790099999999999,0.9155690000000348,0.2882499999999971,0.7785430000000252,0.19194500000000247,0.23669900000000382,0.0,0.2448350000000039,0.590708000000001,1.0004990000000429,0.9972400000000463,0.011492999999999995
95,1.071311778415866,0.07018599999999983,0.06753099999999979,0.7515180000000212,0.7720730000000195,0.01774999999999999,0.9181820000000314,0.29957999999999735,0.7841460000000249,0.19873800000000308,0.23897800000000413,0.0,0.24958900000000372,0.5862249999999978,1.0005490000000414,0.9971540000000437,0.012823999999999986
96,1.0718902867762545,0.06924699999999993,0.07234599999999976,0.7606150000000215,0.76905300000002,0.017859999999999997,0.9212440000000324,0.3044019999999962,0.7901200000000239,0.2055670000000025,0.24400700000000403,0.0,0.25518800000000247,0.5836010000000017,1.0005540000000392,0.9973420000000414,0.011925999999999997
97,1.07225151380294,0.07292499999999981,0.07974499999999977,0.7709010000000244,0.7702780000000226,0.01689299999999998,0.921213000000032,0.31101599999999835,0.796332000000025,0.21667400000000317,0.26008200000000214,0.0,0.267036000000001,0.5865899999999993,1.000465000000037,0.9972620000000402,0.012128999999999985
98,1.0724970593996401,0.07791399999999987,0.08248599999999974,0.7738780000000224,0.7714370000000166,0.016958,0.922856000000027,0.3104839999999984,0.8043140000000216,0.22237000000000423,0.2717860000000007,0.0,0.275756,0.5885400000000022,1.0005740000000325,0.9973750000000372,0.014480999999999999
99,1.0734054644089868,0.0796439999999999,0.08899599999999971,0.7776130000000211,0.7739950000000206,0.01882000000000002,0.9231640000000311,0.32206899999999505,0.8129470000000236,0.23091900000000337,0.28577499999999834,0.0,0.2866359999999982,0.5921419999999964,1.0005470000000378,0.9971210000000402,0.016241999999999986
100,1.0742824366734487,0.07989999999999974,0.09469599999999959,0.7798220000000238,0.7744800000000203,0.019492000000000013,0.9224860000000321,0.3299229999999925,0.8203850000000236,0.23654200000000364,0.29103599999999596,0.0,0.2944829999999964,0.588356000000003,1.0005150000000387,0.9971470000000423,0.018387999999999995
101,1.0753631648047832,0.07878399999999991,0.10580499999999954,0.7892810000000262,0.7797760000000191,0.01896100000000001,0.9233990000000298,0.33778799999999515,0.8274710000000258,0.24581900000000373,0.3048679999999976,0.0,0.3044439999999973,0.5844240000000008,1.0005430000000388,0.9972060000000416,0.02296700000000003
102,1.076656826692084,0.07515799999999977,0.1075779999999996,0.7992570000000228,0.7805730000000185,0.01836099999999999,0.9217850000000315,0.34055499999999356,0.8344040000000229,0.2569290000000025,0.32338899999999443,0.0,0.31750299999999426,0.578669,1.0004910000000389,0.9972250000000413,0.023283000000000026
103,1.0775009256442518,0.07410599999999981,0.11495299999999954,0.8099720000000287,0.7839610000000229,0.018129000000000013,0.924342000000039,0.3498699999999922,0.834740000000035,0.26188300000000203,0.32773099999999367,0.0,0.3286689999999937,0.5789760000000004,1.0005000000000477,0.9972820000000507,0.023421000000000042
104,1.0781269536821023,0.07599599999999987,0.12610099999999938,0.8166520000000288,0.7796540000000246,0.018891000000000005,0.9270610000000372,0.3630289999999932,0.8434900000000315,0.2739820000000003,0.339095999999994,0.0,0.336162999999994,0.5845210000000011,1.0005380000000423,0.9971330000000451,0.02499700000000004
105,1.0786843453172015,0.07795499999999986,0.1358720000000002,0.8256510000000251,0.7793350000000198,0.019124000000000026,0.924841000000029,0.3688999999999922,0.8469650000000241,0.2768039999999992,0.353746999999994,0.0,0.34659999999999425,0.5850920000000022,1.0005320000000373,0.9973660000000406,0.023905000000000044
106,1.0797209609730911,0.07923799999999985,0.14488600000000051,0.8357000000000191,0.7806080000000143,0.019085000000000015,0.9289410000000257,0.38127999999999,0.85029800000002,0.2860749999999997,0.36403599999999364,0.0,0.35513199999999395,0.5914609999999989,1.0005160000000313,0.9973220000000366,0.025693000000000032
107,1.0807164636991415,0.07906199999999991,0.14914900000000086,0.8406340000000296,0.7826840000000235,0.020585000000000023,0.9317090000000359,0.3909459999999891,0.852912000000031,0.2975339999999971,0.37339899999999165,0.0,0.36074599999999285,0.5965650000000031,1.000451000000042,0.9973140000000454,0.025938000000000034
108,1.0813832657572884,0.07912599999999984,0.15518100000000068,0.849306000000032,0.7841570000000234,0.023042000000000035,0.9339250000000333,0.39740599999998943,0.8568410000000325,0.3112809999999954,0.38521799999998974,0.0,0.37023299999998976,0.6000340000000002,1.0005630000000385,0.9971950000000422,0.026432000000000032
109,1.0821175249947785,0.07804799999999978,0.1683110000000014,0.8528990000000372,0.7886300000000317,0.02469100000000002,0.936596000000041,0.4065529999999871,0.8622840000000362,0.3178559999999957,0.3938599999999891,0.0,0.3764219999999891,0.5980150000000007,1.0005360000000472,0.9972270000000505,0.026976000000000062
110,1.082748399511901,0.0738159999999998,0.17687900000000198,0.8608110000000283,0.7957990000000218,0.024074000000000026,0.9340230000000327,0.4210099999999868,0.8632940000000262,0.3258559999999945,0.40135499999999036,0.0,0.386128999999992,0.5945070000000042,1.0004980000000392,0.9969090000000415,0.029997000000000065
111,1.0836784803871233,0.07550799999999978,0.18209500000000203,0.8670950000000182,0.796562000000012,0.02628300000000002,0.9375550000000219,0.42927599999998484,0.8688350000000195,0.33323699999999384,0.4148269999999897,0.0,0.3934869999999927,0.5932799999999973,1.0005310000000294,0.997328000000034,0.030876000000000056
112,1.0851392789787162,0.0764239999999999,0.19225700000000226,0.8721890000000271,0.7945370000000191,0.025759000000000015,0.9388460000000333,0.43276199999998527,0.873104000000025,0.34141699999999386,0.42319699999998944,0.0,0.40416999999998965,0.5931909999999975,1.000500000000038,0.9971950000000422,0.02992200000000004
113,1.0857458718357058,0.07637199999999976,0.20030100000000317,0.8771310000000305,0.7906080000000201,0.02443200000000003,0.9404290000000313,0.4312849999999851,0.8757210000000294,0.35215899999999184,0.4326359999999894,0.0,0.4129599999999882,0.5919920000000035,1.0005500000000382,0.9973770000000408,0.030141000000000074
114,1.0871681989278514,0.07839099999999993,0.2018800000000027,0.8783250000000306,0.7908050000000217,0.02539500000000002,0.9426780000000348,0.4296169999999857,0.8806200000000322,0.35529599999999184,0.43882599999998734,0.0,0.41904099999998945,0.5912470000000026,1.000488000000039,0.9972370000000432,0.031314000000000036
115,1.0877607055963092,0.07651999999999977,0.21084700000000278,0.8817980000000274,0.7943300000000189,0.027874000000000027,0.94326300000003,0.4414859999999858,0.886315000000028,0.3670809999999918,0.4478119999999888,0.0,0.4260269999999904,0.5918119999999985,1.0004770000000331,0.9971480000000357,0.03045300000000006
116,1.0877041420396534,0.07771299999999996,0.2156850000000025,0.8885560000000257,0.7913920000000186,0.027834000000000046,0.9438160000000282,0.4367099999999886,0.893668000000024,0.38032899999999226,0.459678999999989,0.0,0.43959699999999124,0.5973850000000018,1.0004670000000337,0.9971890000000366,0.029894000000000073
117,1.0888114248562852,0.07617799999999983,0.22373700000000288,0.8938260000000277,0.796983000000023,0.02753700000000002,0.9438030000000314,0.44480399999998804,0.893030000000029,0.3865699999999908,0.4643889999999884,0.0,0.4443589999999884,0.597061000000001,1.000465000000035,0.9971570000000373,0.030678000000000056
118,1.0902138139715365,0.07430299999999988,0.23354700000000198,0.8970270000000253,0.7972130000000177,0.027911000000000047,0.9444510000000262,0.45674399999998716,0.8995550000000265,0.3982339999999916,0.46956099999998935,0.0,0.4528839999999896,0.6028410000000036,1.0004770000000305,0.997322000000035,0.03250500000000003
119,1.0913258320618202,0.07253399999999986,0.241990000000003,0.8953740000000254,0.7953650000000172,0.029781000000000033,0.9500910000000278,0.4623989999999895,0.8982230000000254,0.4020639999999919,0.47187399999998975,0.0,0.4518589999999911,0.5968959999999978,1.0004180000000347,0.9971730000000368,0.035600000000000034
120,1.0926965373069275,0.07391199999999978,0.24815100000000284,0.8977800000000261,0.7943310000000148,0.032743999999999995,0.9521610000000261,0.46630599999998656,0.9011540000000255,0.4173719999999902,0.4772099999999875,0.0,0.454915999999988,0.6003789999999984,1.0003990000000296,0.9969270000000348,0.03615200000000004
121,1.093486556903432,0.074575,0.2570010000000011,0.9030210000000247,0.7917360000000168,0.03241700000000004,0.9534400000000249,0.4683879999999899,0.9039600000000222,0.42244499999999213,0.47956699999998925,0.0,0.45759399999999084,0.600756,1.0003540000000277,0.9971050000000324,0.036107999999999994
122,1.0945789499738083,0.07687999999999985,0.2605030000000013,0.9069440000000275,0.7848980000000172,0.03339699999999998,0.9545640000000297,0.46224399999998955,0.9058690000000289,0.4302169999999904,0.48559199999998826,0.0,0.4582559999999891,0.6035150000000047,1.0005190000000328,0.9969110000000371,0.036326000000000025
123,1.0951404689751798,0.08010899999999994,0.26814600000000094,0.902833000000031,0.7885000000000222,0.03500300000000005,0.9572480000000325,0.4689219999999848,0.9111740000000317,0.43865899999998836,0.4955329999999871,0.0,0.46264699999998754,0.6111970000000051,1.0004490000000346,0.9974460000000375,0.039317999999999985
124,1.0958391685944238,0.08085599999999991,0.27751499999999907,0.9023400000000233,0.7904570000000133,0.03494400000000001,0.9567520000000231,0.4757649999999882,0.9083910000000207,0.44465099999999025,0.49833299999998765,0.0,0.47078099999998874,0.6074420000000007,1.0004200000000267,0.9969960000000301,0.03971199999999999
125,1.0964922887389348,0.08117899999999988,0.29141299999999865,0.8996220000000302,0.7967490000000202,0.03533299999999998,0.9570790000000298,0.48565399999998615,0.9139500000000306,0.44978299999998905,0.5048119999999882,0.0,0.47819199999998785,0.6071530000000036,1.000488000000032,0.9971540000000345,0.03947100000000005
126,1.0976096143811946,0.07707299999999988,0.3001569999999982,0.8990540000000221,0.7968230000000173,0.034122000000000034,0.9580860000000265,0.4909229999999879,0.921336000000025,0.4625079999999899,0.5068489999999918,0.0,0.48413599999998963,0.6017089999999995,1.0004040000000312,0.9970130000000337,0.03953500000000001
127,1.098743445112884,0.0742159999999999,0.30822599999999695,0.9031660000000217,0.8021300000000168,0.033291,0.9602170000000263,0.5011289999999862,0.9194110000000263,0.4716789999999905,0.5190459999999913,0.0,0.4932989999999884,0.5998080000000015,1.000443000000029,0.9972080000000318,0.03927600000000005
128,1.0986885079406599,0.0748969999999999,0.3150239999999973,0.9038690000000237,0.8031680000000166,0.03013300000000001,0.963038000000022,0.506495999999988,0.925833000000023,0.48672799999999034,0.5323539999999923,0.0,0.507562999999989,0.6002510000000006,1.000462000000026,0.997113000000028,0.04165299999999993
129,1.1001662439838678,0.0744599999999999,0.31896499999999667,0.905272000000025,0.8020200000000194,0.03244500000000003,0.9614340000000275,0.5124549999999892,0.9279270000000261,0.4906479999999872,0.5289069999999927,0.0,0.504773999999988,0.5965800000000017,1.0004470000000323,0.9973930000000346,0.042794
130,1.1016943748967951,0.07369499999999982,0.32347299999999723,0.9026470000000263,0.8060010000000186,0.03051100000000003,0.962403000000029,0.5175659999999923,0.9332740000000287,0.49429399999998797,0.5335419999999947,0.0,0.5112499999999912,0.5903240000000003,1.000438000000031,0.9973830000000343,0.04170800000000002
131,1.103307255461677,0.07118099999999987,0.33280999999999605,0.9073290000000247,0.8092470000000186,0.02939800000000003,0.9626540000000258,0.5250809999999902,0.933113000000026,0.5018659999999883,0.5376989999999972,0.0,0.5194829999999918,0.588179000000002,1.000455000000031,0.9972140000000324,0.03931799999999999
132,1.104324504751246,0.0705629999999999,0.3391279999999963,0.9100340000000217,0.810807000000014,0.028235000000000024,0.9611590000000252,0.5336799999999925,0.9349150000000238,0.5106619999999912,0.5481099999999934,0.0,0.5211299999999931,0.5824879999999992,1.0003710000000285,0.9969810000000323,0.040243000000000015
133,1.105883810951986,0.07088000000000001,0.3520909999999955,0.9115700000000256,0.8045720000000168,0.030934000000000055,0.9636180000000272,0.5399199999999977,0.9404710000000275,0.5187849999999958,0.5552419999999963,0.0,0.523995999999996,0.5872220000000024,1.0003740000000296,0.9971790000000318,0.04154900000000004
134,1.107697460401979,0.07135099999999986,0.35663999999999474,0.9096980000000219,0.8019440000000165,0.03396200000000004,0.9660280000000238,0.5375679999999964,0.9389320000000229,0.517764999999993,0.5584089999999985,0.0,0.5231449999999922,0.5876810000000035,1.0003580000000252,0.9970710000000297,0.04128699999999997
135,1.1094243607427716,0.07108299999999995,0.36610299999999507,0.9116200000000234,0.8080080000000157,0.03431800000000002,0.9664560000000251,0.5444029999999979,0.9412950000000255,0.5250619999999974,0.5664219999999972,0.0,0.5306929999999958,0.587002000000002,1.0004070000000274,0.9970540000000299,0.04303899999999995
136,1.1100622797502278,0.06848699999999987,0.3786499999999947,0.9141620000000188,0.8099450000000129,0.036349,0.9683020000000208,0.5516569999999956,0.9471000000000208,0.5363009999999955,0.5766299999999994,0.0,0.5340769999999954,0.5876579999999997,1.0003860000000222,0.9972890000000267,0.04510299999999998
137,1.1109148075811,0.06765499999999997,0.3836959999999945,0.9192530000000237,0.8162030000000149,0.03485000000000003,0.9697060000000243,0.5539999999999955,0.948915000000025,0.5503669999999957,0.5950499999999992,0.0,0.5451479999999941,0.5880649999999997,1.000372000000026,0.9968850000000293,0.04744399999999998
138,1.1125845125369227,0.06897199999999995,0.38889099999999305,0.9227570000000229,0.8195950000000148,0.03133200000000003,0.9701640000000231,0.5584960000000002,0.9496780000000244,0.5593959999999981,0.6065260000000021,0.0,0.5559739999999993,0.5838740000000019,1.0003390000000258,0.9970270000000305,0.046405999999999926
139,1.1140030577904356,0.06761600000000002,0.39298699999999515,0.9232800000000217,0.8285290000000146,0.03220800000000003,0.9686670000000215,0.5642450000000004,0.9519500000000239,0.5628989999999994,0.6189060000000031,0.0,0.5656120000000004,0.5857080000000001,1.000371000000024,0.9973720000000285,0.04953200000000002
140,1.1147706058972788,0.06489300000000002,0.40578499999999484,0.9252810000000241,0.8279850000000174,0.03274800000000001,0.9667050000000257,0.5736640000000011,0.9537040000000258,0.5705539999999998,0.6257830000000059,0.0,0.5732090000000013,0.5817039999999992,1.000389000000027,0.9971640000000297,0.05234899999999996
141,1.1165586979491684,0.06673099999999994,0.4116049999999933,0.9297220000000183,0.8275300000000149,0.033070000000000044,0.9705720000000192,0.5765789999999993,0.9557770000000192,0.5816429999999996,0.6275490000000055,0.0,0.586343000000002,0.5796819999999989,1.0003410000000221,0.9970440000000245,0.05280199999999993
142,1.118126346361112,0.06930799999999986,0.41816099999999357,0.9297640000000242,0.8349580000000167,0.03044200000000003,0.9730950000000249,0.5822920000000037,0.9579370000000265,0.5863380000000024,0.6364080000000052,0.0,0.591510000000002,0.5819320000000027,1.0003280000000274,0.9970810000000302,0.05367899999999996
143,1.1196872507406617,0.06826999999999989,0.42909299999999273,0.9267320000000213,0.8391290000000169,0.028939000000000027,0.9734430000000215,0.5872029999999998,0.9617980000000214,0.5929009999999991,0.6449590000000006,0.0,0.6029199999999998,0.5812629999999992,1.0003310000000236,0.9968940000000259,0.05562499999999997
144,1.1215369740789103,0.07064299999999993,0.43869099999999184,0.9290000000000244,0.8445540000000198,0.03000400000000001,0.9731090000000266,0.592237,0.962146000000026,0.5972610000000023,0.649368000000006,0.0,0.6072870000000034,0.5735189999999986,1.0003420000000278,0.9970460000000316,0.05956699999999994
145,1.122446540564919,0.07215199999999995,0.4448759999999928,0.927737000000023,0.8441760000000177,0.03092100000000002,0.9706030000000233,0.5965290000000028,0.9618360000000241,0.5982690000000037,0.645025000000007,0.0,0.6094460000000065,0.5738019999999998,1.0003250000000268,0.9967920000000297,0.06311599999999996
146,1.1233781711936177,0.07338699999999995,0.45697799999999217,0.9292980000000224,0.8529660000000142,0.029381000000000036,0.972962000000024,0.6093650000000045,0.9657560000000242,0.6056200000000034,0.6512590000000026,0.0,0.6158210000000038,0.5651289999999992,1.0003170000000252,0.9968870000000284,0.06576999999999994
147,1.1245105363902077,0.07317499999999996,0.4612779999999919,0.9301710000000245,0.8575760000000177,0.028289000000000005,0.9758530000000257,0.6105830000000089,0.9668240000000262,0.6178130000000057,0.6556430000000095,0.0,0.6224110000000059,0.5620489999999996,1.000319000000027,0.9970070000000284,0.07121599999999989
148,1.1265211612293018,0.0769979999999999,0.47413399999999345,0.9296820000000215,0.8621570000000146,0.026735000000000012,0.9764500000000235,0.615871000000006,0.9672040000000235,0.6242740000000044,0.6608910000000073,0.0,0.6281990000000046,0.568809000000001,1.0003300000000257,0.996954000000028,0.07394899999999989
149,1.12723650216671,0.07699899999999998,0.4855859999999925,0.9325430000000214,0.8663880000000157,0.027189,0.9783340000000212,0.6232030000000048,0.9708860000000227,0.6356790000000028,0.6704170000000049,0.0,0.645126000000003,0.5615900000000014,1.0002650000000237,0.9971350000000254,0.07585199999999999
150,1.1287909613032228,0.07610299999999993,0.4998409999999909,0.9362120000000212,0.864804000000017,0.026068000000000018,0.9787200000000232,0.629943000000004,0.9739610000000238,0.6456840000000065,0.6823430000000091,0.0,0.648358000000008,0.5586819999999989,1.0002620000000255,0.996990000000029,0.07534899999999987
151,1.128748067246721,0.07606499999999992,0.504112999999993,0.9379230000000227,0.8661570000000163,0.024253000000000028,0.9780990000000225,0.6315680000000049,0.9757860000000229,0.6544350000000044,0.6892150000000069,0.0,0.6568610000000026,0.5615250000000003,1.0003160000000246,0.997101000000027,0.07173999999999989
152,1.1310145933657803,0.0743659999999999,0.5165789999999953,0.9384750000000223,0.8679650000000182,0.024195000000000015,0.9792600000000224,0.6374360000000087,0.9748470000000233,0.6591960000000079,0.6905060000000107,0.0,0.6636540000000088,0.5524459999999971,1.0003400000000244,0.9970650000000278,0.0717579999999999
153,1.1326364682926933,0.07524199999999986,0.5203129999999929,0.9427630000000229,0.869019000000018,0.02435600000000002,0.9814630000000221,0.6372180000000072,0.9749410000000228,0.670294000000009,0.6965150000000087,0.0,0.6690440000000091,0.5506009999999986,1.0002900000000232,0.9970400000000257,0.07413499999999987
154,1.1340975693368165,0.07568199999999986,0.5316720000000015,0.9465530000000242,0.8707440000000177,0.023986000000000035,0.9807980000000244,0.6450210000000117,0.9772120000000246,0.6795680000000124,0.7086370000000118,0.0,0.6742780000000105,0.5442689999999993,1.0002840000000264,0.9970940000000278,0.07754799999999987
155,1.1354913752495588,0.0776609999999999,0.5367820000000003,0.947394000000021,0.8725310000000149,0.02161500000000002,0.9802040000000217,0.6483670000000101,0.9791260000000216,0.687056000000009,0.7157580000000108,0.0,0.682763000000009,0.5485720000000011,1.000266000000023,0.9967740000000246,0.07922699999999987
156,1.1366938606159727,0.07394899999999992,0.5434489999999983,0.9477510000000215,0.8761750000000171,0.021738,0.9795330000000223,0.6531170000000092,0.9801430000000219,0.6914210000000114,0.7240220000000123,0.0,0.6856040000000095,0.5463519999999967,1.0002530000000238,0.9970390000000255,0.0820939999999999
157,1.1377657629265603,0.07353999999999992,0.5463210000000012,0.9466360000000205,0.8802750000000147,0.021610000000000018,0.9788220000000202,0.6560320000000085,0.9814250000000201,0.6975090000000075,0.7295260000000074,0.0,0.6901870000000071,0.5372569999999959,1.0002610000000214,0.9970580000000245,0.0846869999999998
158,1.1390821579142896,0.06899099999999993,0.5553410000000014,0.944415000000016,0.8840400000000135,0.021212000000000026,0.9794310000000173,0.666139000000008,0.9818470000000185,0.7010260000000086,0.7303190000000069,0.0,0.6886210000000067,0.5326639999999977,1.000270000000019,0.9972530000000216,0.08791799999999983
159,1.1406894028391283,0.07112399999999988,0.5655010000000041,0.9473960000000271,0.8831840000000221,0.02132000000000003,0.9783860000000266,0.6729720000000109,0.9836700000000282,0.7050210000000114,0.7342490000000114,0.0,0.6996090000000101,0.5254259999999946,1.0002610000000294,0.9970550000000319,0.08852600000000002
160,1.1426377003392105,0.07203099999999989,0.5697390000000001,0.9467870000000167,0.8855610000000127,0.02238200000000002,0.9781060000000158,0.6756160000000089,0.9847390000000157,0.7072050000000087,0.7330660000000095,0.0,0.6993860000000075,0.5292329999999976,1.0003170000000163,0.9970620000000204,0.08596999999999991
161,1.1448532748401856,0.06858099999999982,0.5738389999999998,0.9495340000000194,0.888163000000013,0.023488000000000023,0.9791000000000195,0.680480000000007,0.9836200000000207,0.7089230000000082,0.7361840000000076,0.0,0.7062410000000089,0.524950999999993,1.000260000000021,0.9970070000000237,0.084441
162,1.1462225193569178,0.07131099999999987,0.5842850000000009,0.9493650000000179,0.8896970000000133,0.021143000000000006,0.9803390000000186,0.6891130000000084,0.9842330000000192,0.7154470000000086,0.7443800000000106,0.0,0.7132750000000092,0.5181279999999967,1.000252000000019,0.997144000000022,0.08914499999999986
163,1.1468414795173913,0.07035299999999985,0.5854940000000006,0.9515670000000218,0.8907840000000122,0.020498000000000023,0.9810390000000205,0.6878760000000083,0.9852240000000224,0.7233270000000075,0.7517340000000083,0.0,0.7183070000000085,0.5167759999999939,1.0002410000000228,0.9970460000000256,0.09053299999999995
164,1.1483725128925717,0.07073999999999997,0.5921170000000017,0.9532570000000146,0.8949320000000105,0.020422000000000006,0.9803410000000146,0.6887830000000082,0.9859490000000165,0.7323500000000055,0.7573670000000072,0.0,0.7204010000000058,0.5188039999999912,1.000241000000017,0.9969360000000195,0.09303299999999999
165,1.1501134456221358,0.07255199999999996,0.6024190000000061,0.9556980000000178,0.8969970000000134,0.018282999999999994,0.979693000000018,0.6937580000000124,0.9841230000000187,0.7392830000000118,0.75981700000001,0.0,0.7291370000000088,0.5166789999999944,1.0002190000000184,0.9968030000000201,0.09534799999999993
166,1.1517753595510791,0.07394899999999995,0.6084840000000051,0.95674500000002,0.8990220000000186,0.019948000000000018,0.9798370000000205,0.6957770000000132,0.9833740000000208,0.7480600000000113,0.7663870000000109,0.0,0.7334660000000119,0.506854999999992,1.000241000000021,0.9970940000000232,0.09860199999999998
167,1.1528015913964624,0.07404999999999991,0.6085330000000064,0.956624000000019,0.8953140000000159,0.021546000000000013,0.9806060000000183,0.6948890000000125,0.9847700000000186,0.7431470000000124,0.7700790000000125,0.0,0.7374850000000109,0.5055559999999908,1.0002300000000193,0.9970550000000209,0.10115499999999998
168,1.1534932723513207,0.07338499999999998,0.6144350000000036,0.9566840000000207,0.8922220000000156,0.022688000000000014,0.9801690000000202,0.6972750000000111,0.9858970000000213,0.7457710000000118,0.7708100000000104,0.0,0.7357920000000098,0.5015729999999905,1.0002020000000211,0.9970330000000235,0.1028919999999999
169,1.1563170238820584,0.07140699999999997,0.6174760000000041,0.9569470000000129,0.8945780000000098,0.02335000000000002,0.9806440000000128,0.7017590000000098,0.9855370000000133,0.7489190000000081,0.7777060000000088,0.0,0.7403390000000071,0.49689199999999134,1.0001990000000136,0.9971080000000165,0.10449499999999987
170,1.1570339404368795,0.071667,0.6186400000000037,0.956863000000016,0.8940770000000102,0.023228000000000016,0.9821880000000155,0.69808200000001,0.9842110000000163,0.7478360000000075,0.7809640000000089,0.0,0.7454500000000093,0.4900529999999916,1.0002160000000162,0.9971030000000183,0.10140799999999993
171,1.1585299853218813,0.06774299999999997,0.6216380000000034,0.9574220000000148,0.8940020000000095,0.021168000000000024,0.9817330000000141,0.7007730000000089,0.983769000000015,0.7502940000000061,0.7886060000000076,0.0,0.7499500000000079,0.4841319999999894,1.0002030000000155,0.9969670000000179,0.09811699999999998
172,1.159709368846955,0.0660039999999999,0.6183610000000059,0.9550260000000164,0.8948220000000132,0.02052900000000001,0.9815710000000165,0.6987780000000119,0.9864880000000175,0.753877000000009,0.7893300000000105,0.0,0.75573400000001,0.4816249999999908,1.0001610000000178,0.9967820000000198,0.09754299999999992
173,1.1606533722732162,0.06709999999999992,0.6268490000000045,0.9581200000000172,0.9001360000000145,0.018438000000000006,0.9798560000000178,0.7046250000000098,0.9870520000000174,0.7617850000000091,0.7954550000000095,0.0,0.7677410000000102,0.4801549999999924,1.0002550000000177,0.9969650000000188,0.09844599999999996
174,1.161904556608546,0.0650419999999999,0.635429000000004,0.9608620000000103,0.9080320000000093,0.016147999999999985,0.9790180000000104,0.7142020000000084,0.9885210000000108,0.7718260000000086,0.8013400000000066,0.0,0.7751270000000068,0.4793459999999945,1.0001950000000108,0.9969930000000128,0.09883399999999996
175,1.163635794397904,0.06493399999999995,0.638999000000004,0.962720000000014,0.9108940000000104,0.01671599999999999,0.9811420000000143,0.7184560000000061,0.9899450000000145,0.7823100000000086,0.8038970000000077,0.0,0.7828420000000083,0.47410699999999256,1.000209000000015,0.9966890000000164,0.09610099999999998
176,1.1646865575202618,0.06566499999999992,0.6423400000000021,0.966563000000012,0.9092990000000101,0.01647499999999999,0.9833070000000127,0.7201500000000081,0.9902970000000129,0.7905160000000082,0.8110010000000066,0.0,0.7934450000000064,0.4751169999999932,1.0001810000000135,0.9969460000000151,0.09807899999999999
177,1.1669378966359625,0.06398799999999998,0.6455050000000029,0.967803000000012,0.9153350000000089,0.016598999999999996,0.9841190000000116,0.7262850000000055,0.991278000000012,0.7918390000000068,0.8173320000000085,0.0,0.8013210000000063,0.47603899999999405,1.0002080000000122,0.9970200000000153,0.09666200000000001
178,1.169349957268323,0.06633099999999996,0.6457430000000037,0.967484000000015,0.9124010000000129,0.017912999999999995,0.9847180000000162,0.7269760000000088,0.9915330000000163,0.7935120000000083,0.8172950000000101,0.0,0.8010690000000069,0.479489999999993,1.0002240000000164,0.9969270000000177,0.09871699999999997
179,1.1717447859808252,0.06516800000000002,0.6487010000000039,0.9666890000000162,0.9109830000000104,0.018271,0.9858020000000146,0.7277020000000061,0.9911640000000158,0.7915850000000105,0.8200790000000118,0.0,0.800893000000009,0.4801589999999937,1.0001670000000165,0.9970530000000173,0.10359099999999999
180,1.1732985195670549,0.06524999999999996,0.6538710000000005,0.9673670000000139,0.9124070000000107,0.017549,0.985105000000013,0.7291620000000052,0.9917710000000134,0.7989720000000065,0.8220480000000078,0.0,0.8040540000000055,0.4798969999999924,1.0001540000000138,0.9969260000000155,0.11146300000000005
181,1.1748249809410272,0.06031199999999992,0.6523100000000042,0.9694570000000139,0.9135140000000107,0.014349999999999996,0.9863170000000147,0.7294170000000093,0.992162000000015,0.8040840000000078,0.8299310000000087,0.0,0.8107690000000078,0.478504999999994,1.0001810000000158,0.9969870000000172,0.11328
182,1.176637735886637,0.059084999999999936,0.6610510000000039,0.9678400000000115,0.9141330000000089,0.013307999999999987,0.986215000000011,0.7367800000000049,0.9914270000000115,0.8045320000000058,0.828464000000006,0.0,0.8117390000000058,0.4782309999999926,1.0001610000000116,0.9967270000000124,0.11653899999999999
183,1.1781720714942439,0.06348599999999995,0.6640650000000052,0.9669190000000144,0.9128050000000121,0.013922999999999993,0.9872000000000151,0.7375630000000081,0.9908530000000149,0.8069020000000089,0.8293710000000081,0.0,0.8138440000000078,0.47593899999999445,1.0001850000000156,0.9970200000000167,0.11753899999999987
184,1.179783810888065,0.066034,0.6701620000000043,0.9653610000000115,0.9177230000000091,0.012407999999999994,0.9875110000000111,0.7400310000000081,0.9903840000000121,0.8110960000000064,0.8283960000000075,0.0,0.8156110000000079,0.4737089999999936,1.000175000000012,0.9966170000000141,0.1257319999999999
185,1.1817304541760443,0.06756499999999999,0.6708480000000031,0.9692100000000128,0.9211690000000093,0.012790999999999995,0.9888530000000129,0.7423620000000066,0.9901350000000128,0.8168420000000057,0.8341740000000072,0.0,0.8190660000000071,0.46556299999999295,1.000160000000013,0.9969140000000135,0.12275899999999997
186,1.1844129823070393,0.07115699999999996,0.6715100000000005,0.9676890000000103,0.9230430000000083,0.013130999999999993,0.9876570000000098,0.7427920000000039,0.9893920000000104,0.8170110000000053,0.8371450000000051,0.0,0.8192450000000049,0.45944699999999405,1.0001670000000111,0.9967840000000127,0.12048300000000003
187,1.1857869013665274,0.07104099999999994,0.6745660000000017,0.9674890000000116,0.9235340000000103,0.013074999999999986,0.9870840000000127,0.7448020000000029,0.9885640000000127,0.8168370000000051,0.8359000000000054,0.0,0.8201970000000037,0.4603359999999939,1.000151000000012,0.9967420000000136,0.11541599999999994
188,1.1887928711615043,0.06981499999999993,0.6858750000000041,0.9681590000000131,0.9252830000000106,0.012339999999999999,0.9874560000000143,0.7551820000000067,0.9892370000000136,0.8197690000000064,0.8376260000000075,0.0,0.8273910000000054,0.4555489999999939,1.0001310000000143,0.9966790000000154,0.11533700000000002
189,1.190433405323722,0.07165099999999995,0.6915870000000041,0.9704150000000116,0.9269290000000099,0.011487999999999995,0.9875000000000118,0.7581820000000075,0.9898570000000126,0.8229090000000064,0.8437990000000071,0.0,0.8300340000000073,0.4565099999999937,1.000156000000013,0.9967880000000141,0.11612799999999997
190,1.1901774621415921,0.07022199999999994,0.6943920000000035,0.9723150000000127,0.9259370000000093,0.009589999999999996,0.9871170000000129,0.7629960000000061,0.9898860000000134,0.8242090000000073,0.8473720000000073,0.0,0.8349370000000055,0.45539499999999383,1.0001110000000135,0.9969130000000148,0.1176490000000001
191,1.1924054743507355,0.07083599999999993,0.7026810000000066,0.9751810000000142,0.9277940000000103,0.009869000000000001,0.9892500000000147,0.7687220000000097,0.9895000000000148,0.8322040000000096,0.8505990000000083,0.0,0.841949000000008,0.45517699999999495,1.000162000000015,0.9968470000000159,0.11532499999999994
192,1.1948665992498126,0.07216699999999998,0.7050670000000064,0.9764580000000124,0.9260830000000098,0.010723999999999997,0.9895730000000124,0.7743180000000075,0.9894390000000126,0.8330470000000072,0.8477080000000066,0.0,0.8392320000000065,0.4573959999999944,1.000156000000013,0.9966930000000143,0.11580799999999992
193,1.1962908802361323,0.07375700000000003,0.7048240000000049,0.9777650000000104,0.923824000000008,0.01137599999999999,0.9890950000000105,0.7747070000000066,0.9897670000000112,0.8343300000000045,0.8482370000000053,0.0,0.8459200000000046,0.4560679999999951,1.0001290000000111,0.9969690000000133,0.1147329999999999
194,1.1972538943947346,0.07199399999999992,0.708842000000004,0.9792930000000102,0.9255810000000086,0.011798999999999995,0.9910300000000106,0.776268000000007,0.9907840000000111,0.8366860000000086,0.8539490000000081,0.0,0.8498140000000068,0.4548849999999949,1.0001040000000112,0.9968000000000132,0.11656499999999996
195,1.1993478914560438,0.0688609999999999,0.7128640000000009,0.9802120000000085,0.9283180000000054,0.012867999999999992,0.9913780000000083,0.7753530000000046,0.9920600000000083,0.8401080000000054,0.8590120000000045,0.0,0.854363000000004,0.4546999999999942,1.0001050000000087,0.9965580000000112,0.11922699999999996
196,1.2022251270476563,0.06745999999999995,0.7138710000000035,0.9801600000000057,0.9321790000000025,0.011972999999999989,0.9914450000000061,0.7757990000000045,0.9929150000000062,0.8490910000000045,0.8650780000000037,0.0,0.858886000000004,0.45497899999999564,1.0001170000000061,0.9969010000000083,0.11691599999999994
197,1.2040272625131079,0.06540699999999992,0.7198390000000051,0.981711000000009,0.9367290000000063,0.01260199999999999,0.9932270000000093,0.780896000000007,0.9929330000000094,0.8565960000000051,0.8662920000000058,0.0,0.8630380000000057,0.44934799999999453,1.0000920000000095,0.9967370000000118,0.11921700000000007
198,1.2066664902725461,0.06516299999999993,0.7226180000000046,0.9825800000000117,0.9378240000000096,0.012330999999999996,0.9938800000000114,0.7829240000000073,0.9916500000000117,0.8574470000000075,0.8643690000000077,0.0,0.8622550000000067,0.4477299999999954,1.0001070000000118,0.9967770000000137,0.11694699999999979
199,1.2083377233615857,0.06374900000000003,0.7183320000000032,0.982345000000011,0.9413230000000087,0.012888999999999994,0.9936970000000114,0.7778240000000056,0.9913030000000115,0.8607770000000068,0.8639170000000067,0.0,0.8662580000000076,0.44497399999999415,1.0001020000000114,0.9971070000000132,0.11450200000000002
200,1.2102771054075943,0.06367799999999994,0.726772000000004,0.9838840000000099,0.9422810000000077,0.012753999999999993,0.9932260000000109,0.7839090000000062,0.9905560000000113,0.8671590000000062,0.8613910000000057,0.0,0.8715770000000056,0.4488119999999951,1.0001030000000115,0.9970240000000125,0.11561700000000003
