,PopRatio,Diff_KC,Fibroblast,ILC3,M1,M2,Neutrophil,Prol_KC,Th0,Th1,Th17,Th2,Th22,Treg,iDC,pDC,preDiff_KC
0,1.0,0.00033800000000000003,0.0,0.0,0.0,0.0,0.0,0.0,0.0,0.0,0.0,0.0,0.0,0.16534200000000002,0.0,0.0,0.0
1,0.9999960000000003,0.001192,0.0,0.0,0.0,0.0,0.0,0.0,0.0,0.0,0.0,0.0,0.0,0.13103299999999998,6.7e-05,6.7e-05,0.0
2,0.9999969999960004,0.001776,0.0,0.0,0.0,0.0,1.4e-05,0.0,0.0,0.0,0.0,0.0,0.0,0.12836100000000003,0.000717,0.0007170000000000001,0.0
3,0.9999959999990004,0.0023710000000000003,0.0,0.0,4.9000000000000005e-05,0.0,6.7e-05,0.0,0.0,0.0,0.0,0.0,0.0,0.14110200000000003,0.004250000000000001,0.004281,0.0
4,0.9999950000030011,0.002879,0.0,0.0,0.000295,0.0,0.000261,0.0,0.0,0.0,0.0,0.0,0.0,0.160589,0.010721000000000001,0.010688,0.0
5,0.9999940000080014,0.004282,0.0,0.0,0.0008859999999999999,0.0,0.0005170000000000001,0.0,0.0,0.0,0.0,0.0,0.0,0.17755900000000002,0.023836999999999997,0.023759,0.0
6,1.0000019999600027,0.004575,0.0,0.0,0.0023099999999999996,0.0,0.001681,0.0,0.0,0.0,0.0,0.0,0.0,0.1911280000000001,0.04029800000000002,0.040219000000000026,0.0
7,1.0000199999960027,0.005207999999999999,0.0,0.0,0.003823000000000002,0.0,0.003795000000000001,0.0,0.0,0.0,0.0,0.0,0.0,0.208463,0.06782000000000006,0.06783500000000006,0.0
8,1.000044000476005,0.007015,0.0,0.0,0.006970000000000009,0.0,0.006754000000000002,0.0,0.0,0.0,0.0,0.0,0.0,0.22105500000000022,0.10061799999999989,0.10053699999999989,0.0
9,1.0000660014440166,0.007270000000000003,0.0,0.0,0.011838999999999992,0.0,0.009720999999999997,0.0,0.0,0.0,0.0,0.0,0.0,0.23655900000000027,0.13554900000000047,0.1355980000000005,0.0
10,1.0001120044800837,0.008694999999999991,0.0,0.0,0.017188000000000005,0.0,0.015400999999999991,0.0,0.0,0.0,0.0,0.0,0.0,0.24740300000000046,0.17391100000000054,0.17396600000000056,0.0
11,1.0001670106403335,0.010382999999999998,0.0,0.0,0.02217400000000002,0.0,0.023713,0.0,0.0,0.0,0.0,0.0,0.0,0.2628459999999995,0.21615800000000035,0.2161610000000004,0.0
12,1.0002610263393403,0.010803999999999989,0.0,0.0,0.029486000000000054,0.0,0.029182000000000027,0.0,0.0,0.0,0.0,0.0,0.0,0.2765369999999989,0.26558699999999996,0.26556699999999983,0.0
13,1.000359051919929,0.011063000000000003,0.0,0.0,0.03584899999999998,0.0,0.036913999999999975,0.0,1.5e-05,0.0,0.0,0.0,0.0,0.2920769999999994,0.3085609999999977,0.3084579999999977,0.0
14,1.0004800953652206,0.011156,0.0,0.0,0.04486099999999995,0.0,0.049101999999999944,0.0,6.6e-05,0.0,0.0,0.0,0.0,0.3067789999999986,0.3524949999999974,0.35215399999999725,0.0
15,1.0006191620984881,0.012223000000000003,0.0,0.0,0.056225999999999866,0.0,0.06124199999999996,0.0,7.4e-05,0.0,0.0,0.0,0.0,0.3210850000000002,0.3995189999999968,0.399099999999997,0.0
16,1.000828291503377,0.014954999999999998,0.0,0.0,0.06615499999999983,0.0,0.0724929999999998,0.0,0.00042899999999999997,0.0,0.0,0.0,0.0,0.3329679999999987,0.4406099999999954,0.4397659999999951,0.0
17,1.0010604836670147,0.01535899999999999,0.0,0.0,0.07808099999999957,0.0,0.08579399999999977,0.0,0.0009320000000000001,0.0,0.0,0.0,0.0,0.34581499999999715,0.4826139999999932,0.4807789999999937,0.0
18,1.0013287678766543,0.013827999999999984,0.0,0.0,0.09281599999999934,0.0,0.0992269999999993,6.8e-05,0.0017620000000000003,0.0,0.0,0.0,0.0,0.36500499999999697,0.521910999999998,0.5198389999999968,0.0
19,1.0016471904248572,0.01618699999999998,0.0,0.0,0.10602799999999937,0.0,0.1153279999999991,0.0,0.002479,0.0,0.0,0.0,0.0,0.380052999999996,0.5559610000000011,0.553728000000001,0.0
20,1.002033826240394,0.01773199999999999,0.0,0.0,0.11797499999999923,0.0,0.13034699999999946,0.0,0.003461,0.0,0.0,0.0,0.0,0.38321199999999883,0.5899980000000048,0.5873660000000047,0.0
21,1.0024306316356169,0.01924000000000001,0.0,0.0,0.12968599999999944,0.0,0.14877900000000036,5.3e-05,0.005638000000000003,0.0,0.0,0.0,0.0,0.38714799999999455,0.6280690000000095,0.6249520000000088,0.0
22,1.0029037788937787,0.020097999999999994,0.0,0.0,0.1439910000000002,0.0,0.1656730000000012,0.0,0.008123000000000005,0.0,0.0,0.0,0.0,0.3915549999999948,0.666007000000014,0.6624650000000137,0.0
23,1.0034142569172826,0.02097200000000001,0.0,0.0,0.16012700000000188,0.0,0.18115300000000328,6.8e-05,0.01085499999999999,0.0,0.0,0.0,0.0,0.40401999999999216,0.6962820000000147,0.6920680000000156,0.0
24,1.003984196215253,0.023981000000000023,0.0,0.0,0.18341500000000274,0.0,0.19645000000000393,2.2e-05,0.012829999999999979,0.0,0.0,0.0,0.0,0.4150049999999903,0.7260520000000279,0.7216840000000281,0.0
25,1.0046910010894294,0.024910000000000036,0.0,0.0,0.19736400000000334,0.0,0.2139420000000053,1.7e-05,0.016011999999999988,0.0,0.0,0.0,0.0,0.4243209999999917,0.7494100000000254,0.7441340000000255,0.0
26,1.0055088195643527,0.025946000000000063,0.0,0.0,0.21552200000000427,0.0,0.22762300000000465,0.0,0.02029399999999999,0.0,0.0,0.0,0.0,0.4300919999999975,0.768915000000027,0.764130000000026,0.0
27,1.0063393698493472,0.02646200000000002,0.0,0.0,0.23076700000000577,0.0,0.24522500000000683,0.000213,0.024621000000000035,0.0,0.0,0.0,0.0,0.43285299999999094,0.7939450000000352,0.7879780000000342,0.0
28,1.0072128724224256,0.029221000000000084,0.0,6.9e-05,0.2461630000000062,0.0,0.25995100000000565,0.000774,0.030479000000000107,0.0,0.0,0.0,0.0,0.440995999999989,0.8156980000000404,0.8076890000000396,0.0
29,1.0081244000720126,0.030727000000000084,0.0,0.000204,0.2648020000000051,0.0,0.2715870000000032,0.000829,0.035246000000000034,0.0,0.0,0.0,0.0,0.4433439999999895,0.8332200000000443,0.8237890000000423,0.0
30,1.0090891751229418,0.03133000000000008,0.0,0.000451,0.2820680000000018,0.0,0.2915340000000006,0.0014250000000000003,0.04379899999999995,0.0,0.0,0.0,0.0,0.448347999999986,0.8540750000000532,0.8442900000000536,0.0
31,1.0100841370496696,0.03405600000000006,0.0,0.001037,0.30711199999999805,0.0,0.3090099999999998,0.001744,0.05281499999999981,0.0,0.0,0.0,0.0,0.45825199999998534,0.8637630000000502,0.8524820000000498,0.0
32,1.0111578564874104,0.03388000000000002,0.0,0.00155,0.32165399999999794,0.0,0.3213079999999989,0.0018520000000000003,0.0629879999999998,0.0,3.8e-05,0.0,0.0,0.4592189999999822,0.8780350000000542,0.8666210000000535,0.0
33,1.012222605710357,0.03561300000000005,0.0,0.0026489999999999994,0.3435229999999939,0.0,0.3373579999999956,0.0026309999999999992,0.07396599999999966,0.0,0.0,0.0,0.0,0.46138399999998114,0.8947450000000575,0.8812720000000548,0.0
34,1.0131953516345138,0.03202000000000004,0.0,0.003761999999999999,0.35675399999999197,0.0,0.3452809999999932,0.002352000000000001,0.08218599999999951,0.0,6.7e-05,0.0,0.0,0.460888999999982,0.9057460000000463,0.8930040000000447,0.0
35,1.0142987213724997,0.03063100000000008,0.0,0.005897000000000004,0.3776609999999897,0.0,0.36600499999999214,0.003956000000000002,0.08855099999999937,0.0,0.0,0.0,6.6e-05,0.46671899999998456,0.9155360000000606,0.9038710000000606,0.0
36,1.0155239942279808,0.03060000000000008,0.0,0.008619000000000003,0.391102999999989,0.0,0.3803879999999891,0.004763,0.09760799999999958,0.0,0.0,0.0,7.199999999999999e-05,0.4704589999999851,0.9227710000000572,0.9097800000000555,0.0
37,1.0166288843337643,0.027674000000000063,0.0,0.010887000000000004,0.40731699999998927,0.0,0.39758699999998937,0.0059280000000000044,0.11078099999999941,0.0,0.000134,0.0,0.000134,0.4786729999999843,0.9339530000000512,0.9215340000000499,0.0
38,1.0178203733862574,0.028732000000000073,0.0,0.014038999999999975,0.4235349999999847,0.0,0.41741799999998613,0.007528000000000004,0.12495999999999902,0.0,0.00020700000000000002,0.0,0.000201,0.48305599999998305,0.9401760000000587,0.9293320000000573,0.0
39,1.0189582965637651,0.02932900000000006,0.0,0.018464999999999992,0.4402389999999846,0.0,0.43895899999998533,0.008971000000000003,0.1399510000000003,0.0,0.00026700000000000004,0.0,3.5e-05,0.4856979999999828,0.9464070000000574,0.9348720000000574,0.0
40,1.0200424681913725,0.031743000000000084,0.0,0.024727000000000013,0.4623469999999822,0.0,0.4592629999999807,0.009151999999999997,0.15932100000000193,0.00011,0.000254,0.0,0.000199,0.48869799999998065,0.9543130000000613,0.942231000000062,1.9999999999999998e-05
41,1.021081891466525,0.03231700000000005,0.0,0.030070000000000076,0.47183799999998216,0.0,0.4689429999999785,0.010405999999999995,0.1732170000000025,0.000201,0.00017999999999999998,0.0,0.000506,0.49985699999998046,0.95937800000006,0.9472350000000608,0.0
42,1.0222561356417768,0.03212400000000004,0.0,0.037960000000000105,0.4857669999999787,6.3e-05,0.4918699999999741,0.011725999999999983,0.18737900000000293,0.000429,0.000554,0.0,0.0008200000000000002,0.5048809999999809,0.9620680000000608,0.9490560000000619,0.0
43,1.0234572866012213,0.03422900000000005,0.0,0.046938999999999974,0.5054579999999812,0.000134,0.4981719999999762,0.013197999999999986,0.1987040000000035,0.000693,0.000545,0.0,0.001377,0.5107959999999856,0.9655760000000585,0.9525630000000591,0.0
44,1.024655755083892,0.034455000000000034,0.000123,0.05485199999999995,0.5164339999999824,0.000266,0.5139939999999789,0.015152999999999984,0.21142500000000364,0.0008970000000000002,0.001487,0.0,0.0016549999999999996,0.5174589999999819,0.9667080000000633,0.955836000000063,0.0
45,1.0258597255961832,0.03726600000000002,0.000201,0.06416499999999992,0.5273809999999804,0.00046699999999999997,0.5262379999999814,0.017342000000000003,0.22397100000000447,0.000914,0.0019500000000000001,0.0,0.0019049999999999998,0.5161269999999771,0.9736710000000681,0.9623220000000666,6.6e-05
46,1.0268773784440486,0.03834500000000001,6.599999999999999e-05,0.08074999999999963,0.5410459999999857,0.0006670000000000001,0.5481949999999859,0.02115000000000003,0.24211800000000566,0.0014030000000000002,0.0025610000000000016,0.0,0.002039,0.522209999999984,0.9766860000000562,0.9654370000000567,0.0
47,1.0280665024483469,0.039468,6e-05,0.08983999999999945,0.5435599999999887,0.0005979999999999999,0.5570719999999885,0.021581000000000024,0.24931300000000595,0.0026469999999999996,0.002626000000000001,0.0,0.0021010000000000004,0.5209679999999849,0.9775870000000642,0.9668530000000652,9.8e-05
48,1.0291490564754922,0.03926200000000005,6.7e-05,0.10055999999999936,0.5547069999999925,0.000803,0.5686899999999918,0.024333000000000042,0.2635540000000047,0.0033460000000000004,0.003247,0.0,0.0023950000000000004,0.5245689999999843,0.9815960000000578,0.9710210000000603,0.000268
49,1.0300279497697835,0.039715999999999974,4.4999999999999996e-05,0.1148479999999992,0.5673319999999923,0.0013469999999999997,0.581943999999993,0.027424000000000025,0.276893000000001,0.003997000000000001,0.0040160000000000005,0.0,0.003425,0.5342769999999881,0.9827680000000659,0.9728540000000676,0.00014499999999999997
50,1.0313731662722516,0.03978600000000001,0.0,0.13257299999999952,0.582812999999996,0.0011370000000000002,0.5931159999999941,0.03127900000000008,0.30053699999999867,0.004791000000000001,0.004856,0.0,0.005001000000000003,0.5364409999999873,0.984198000000055,0.9753260000000566,0.000201
51,1.032395257080085,0.04299099999999993,0.0,0.1492660000000007,0.5888199999999986,0.00078,0.6081219999999993,0.03417800000000004,0.3193059999999962,0.005009000000000003,0.006123000000000009,0.0,0.00778200000000001,0.545432999999987,0.9856110000000542,0.9759640000000569,0.000132
52,1.0334204255704222,0.04386299999999995,0.0,0.16401600000000144,0.6075740000000043,0.000602,0.6161790000000036,0.03613300000000005,0.33472599999999325,0.005479000000000001,0.007702000000000005,0.0,0.010125999999999998,0.5534049999999954,0.9880890000000598,0.9792610000000607,0.000333
53,1.034516884642017,0.04516599999999999,0.000111,0.18098100000000159,0.6095099999999984,0.001198,0.6239140000000024,0.04069900000000005,0.35462099999999086,0.005845000000000007,0.009379000000000002,0.0,0.012550999999999988,0.5603069999999962,0.988254000000058,0.9788350000000604,0.000535
54,1.035556574111142,0.045202999999999945,0.000171,0.1998830000000035,0.6223610000000066,0.0012590000000000001,0.6363320000000046,0.04241199999999994,0.3669389999999915,0.006522000000000004,0.01018499999999999,0.0,0.01488999999999997,0.5664939999999954,0.9910470000000545,0.9827710000000565,0.000468
55,1.0365693484406804,0.045077000000000034,0.000268,0.20980400000000454,0.6427560000000024,0.001402,0.647723000000009,0.04518899999999999,0.38297699999999046,0.008449000000000003,0.013908999999999977,0.0,0.017227999999999986,0.5667889999999942,0.9928490000000556,0.9846190000000579,0.0006680000000000001
56,1.0374328107079889,0.04793499999999981,0.0006410000000000001,0.23003700000000424,0.6553520000000113,0.0014670000000000004,0.6610500000000104,0.0481349999999999,0.39902399999998883,0.009993999999999992,0.01653399999999999,0.0,0.021580000000000023,0.5721459999999928,0.9940110000000496,0.9859080000000529,0.0007330000000000001
57,1.0383042542690346,0.04857799999999992,0.0012000000000000001,0.24786700000000433,0.663545000000009,0.0018009999999999999,0.6682680000000125,0.05221499999999991,0.4132929999999895,0.011326999999999993,0.019872000000000004,0.0,0.02492600000000002,0.5741779999999997,0.994650000000053,0.9871800000000552,0.000535
58,1.0391639701916247,0.05144599999999991,0.0014000000000000006,0.26586900000000296,0.6737310000000114,0.0018660000000000003,0.6753540000000126,0.0572299999999999,0.428330999999986,0.013042999999999989,0.021644000000000007,0.0,0.028748000000000055,0.5782499999999978,0.9954780000000533,0.9888690000000562,0.000668
59,1.0399703614325493,0.05121899999999996,0.001839,0.2945899999999991,0.683675000000011,0.001998,0.6869000000000148,0.06285899999999982,0.443604999999985,0.015492999999999974,0.02570700000000005,0.0,0.03684300000000003,0.5781009999999981,0.9969830000000517,0.9903440000000553,0.0007850000000000001
60,1.0412495249771652,0.052581999999999886,0.002195,0.31552399999999553,0.6968400000000136,0.002360000000000001,0.697831000000017,0.06602099999999984,0.4583809999999828,0.018362999999999987,0.02948900000000008,0.0,0.038766000000000043,0.5826269999999976,0.99728800000006,0.9911500000000624,0.0008780000000000001
61,1.0422293407802297,0.053441999999999955,0.002398999999999999,0.3316019999999948,0.7005560000000137,0.0022510000000000004,0.711753000000019,0.07091099999999981,0.47176999999998026,0.020325000000000024,0.03402400000000007,0.0,0.04401599999999993,0.5905249999999975,0.9973670000000555,0.9912350000000592,0.0006850000000000002
62,1.0432079941312804,0.05218299999999993,0.003008000000000001,0.3499319999999942,0.7041710000000135,0.0016690000000000001,0.715655000000017,0.07644299999999984,0.48339499999998053,0.02555200000000006,0.03775000000000004,0.0,0.050591000000000046,0.5871419999999974,0.9970040000000536,0.9908770000000576,0.00035900000000000005
63,1.0442094738057022,0.05427899999999997,0.0029909999999999997,0.3584969999999941,0.7140320000000185,0.0017750000000000003,0.7170290000000161,0.08068199999999966,0.49042299999998057,0.02511300000000005,0.041727000000000014,0.0,0.05248799999999994,0.5929780000000003,0.997028000000055,0.9912820000000584,0.000311
64,1.0448579278889931,0.05350199999999988,0.0035710000000000013,0.3735159999999907,0.7213310000000192,0.001737,0.722627000000022,0.0878259999999996,0.5049139999999802,0.028047000000000058,0.043953999999999945,0.0,0.059129999999999856,0.5958100000000003,0.9976630000000566,0.9908040000000613,0.0006990000000000001
65,1.0456300778977616,0.05216399999999991,0.0038060000000000004,0.390547999999989,0.7258700000000179,0.0022640000000000004,0.737027000000021,0.0939109999999996,0.5188019999999893,0.0318070000000001,0.04722499999999995,0.0,0.06288799999999975,0.6038320000000018,0.9986920000000543,0.991254000000057,0.0008400000000000003
66,1.0462219045219086,0.04999599999999996,0.004389000000000001,0.4007029999999882,0.7298740000000169,0.0032580000000000005,0.7418080000000228,0.09874499999999942,0.5348539999999907,0.03862900000000005,0.0532549999999999,0.0,0.07205899999999986,0.6047680000000004,0.9988240000000546,0.9925130000000564,0.0006720000000000001
67,1.0472022144465032,0.04968599999999995,0.004857000000000003,0.41466099999998685,0.735331000000019,0.0031090000000000007,0.7492400000000207,0.10084699999999941,0.5418169999999894,0.043009999999999986,0.056660999999999954,0.0,0.07931699999999965,0.601134000000002,0.9992720000000468,0.9928450000000498,0.0007570000000000001
68,1.048095477935474,0.04784199999999996,0.005519000000000001,0.42530199999998636,0.7403510000000223,0.0025159999999999996,0.7607840000000262,0.11051799999999927,0.5565969999999956,0.04700799999999992,0.06166399999999996,0.0,0.08596599999999952,0.6042880000000042,0.9994770000000519,0.9925440000000545,0.0011829999999999998
69,1.0489779743279501,0.04977699999999996,0.006111000000000002,0.43959499999998564,0.7397080000000176,0.002465,0.7692720000000186,0.11570899999999923,0.5592799999999932,0.051892000000000015,0.07046099999999986,0.0,0.09394299999999971,0.6073080000000035,0.9994650000000509,0.9920680000000527,0.0014499999999999997
70,1.0498297444431584,0.05219199999999991,0.007473000000000005,0.4595339999999818,0.7355330000000204,0.0029820000000000007,0.7744710000000273,0.12122299999999919,0.5736729999999949,0.05871899999999986,0.07936299999999961,0.0,0.1024309999999994,0.6124850000000027,0.9993780000000512,0.9915460000000532,0.0014160000000000002
71,1.0509509626102778,0.05730499999999992,0.007941000000000007,0.47495799999998495,0.7354250000000166,0.002781,0.7843720000000259,0.1247819999999991,0.5898950000000003,0.06282699999999992,0.08450899999999975,0.0,0.11075599999999934,0.6081230000000033,0.9998120000000471,0.9912960000000524,0.001355
72,1.0518768504083866,0.05693099999999988,0.008941000000000001,0.4854969999999812,0.7350780000000283,0.003217000000000001,0.7972750000000339,0.1352889999999998,0.5983810000000033,0.06678499999999982,0.08704699999999957,0.0,0.1150759999999992,0.6001800000000029,0.9998830000000537,0.9913800000000564,0.002203
73,1.0528340583423144,0.05877299999999991,0.009488999999999997,0.4954449999999808,0.7363130000000198,0.004761,0.7998100000000302,0.139152,0.6091370000000013,0.07195999999999976,0.0916779999999995,0.0,0.1216729999999993,0.5916790000000051,0.9996680000000543,0.9918070000000552,0.002402
74,1.0539416397717478,0.06343299999999992,0.010648,0.5077069999999831,0.7371810000000166,0.0055280000000000025,0.8099890000000235,0.1457060000000006,0.6206890000000022,0.07769999999999971,0.10046399999999941,0.0,0.13063799999999948,0.5978229999999972,0.9998040000000449,0.9921010000000472,0.0027919999999999998
75,1.055085166450947,0.06571599999999976,0.013587999999999984,0.5214539999999855,0.7429130000000211,0.005133000000000001,0.8172900000000324,0.15420900000000165,0.6343320000000101,0.0856609999999996,0.1049359999999993,0.0,0.1393560000000004,0.6014240000000035,1.0001630000000539,0.9926030000000569,0.002947
76,1.0560305227601439,0.06441199999999994,0.015831999999999975,0.537402999999991,0.7476470000000217,0.004863000000000003,0.8188860000000302,0.1631540000000014,0.6442590000000112,0.09444399999999958,0.11176399999999946,0.0,0.14640100000000075,0.6057500000000036,1.0003120000000443,0.9928540000000458,0.0025870000000000003
77,1.0568679549647388,0.060988999999999946,0.01691899999999998,0.551421999999995,0.7572500000000266,0.005017,0.8257480000000341,0.17123300000000213,0.650857000000011,0.09974699999999967,0.11772899999999942,0.0,0.15163800000000036,0.6062370000000059,1.000352000000052,0.9937910000000537,0.0018460000000000002
78,1.0577271886121797,0.06339299999999987,0.01855199999999999,0.5605959999999984,0.7592300000000195,0.006176000000000001,0.8353090000000286,0.1802820000000026,0.6662940000000069,0.1033599999999996,0.12317599999999927,0.0,0.15836400000000111,0.6058960000000017,1.0003890000000402,0.9947540000000448,0.002495
79,1.0587426067132895,0.06482899999999985,0.020185000000000012,0.5707749999999968,0.763526000000027,0.0062870000000000035,0.8398630000000353,0.1842240000000026,0.6837920000000187,0.11156899999999927,0.1307329999999997,0.0,0.17049400000000173,0.6088460000000022,1.0003210000000464,0.9953950000000492,0.0022370000000000007
80,1.0591692799838437,0.06444199999999994,0.019215000000000013,0.5801170000000007,0.7702110000000293,0.005613000000000005,0.8414280000000373,0.18913600000000322,0.6936200000000193,0.11577699999999944,0.13836100000000032,0.0,0.18221800000000307,0.602376000000004,1.0002620000000448,0.9956470000000504,0.0025900000000000003
81,1.060052627163397,0.06819499999999992,0.021329000000000042,0.5848259999999933,0.7676890000000248,0.006413000000000005,0.8429870000000305,0.1975760000000034,0.7010280000000153,0.11813099999999917,0.14446099999999987,0.0,0.18842800000000265,0.6048060000000021,1.0002500000000465,0.9955020000000493,0.002823000000000001
82,1.0609335308966195,0.07050999999999974,0.022938000000000035,0.6009210000000008,0.7651210000000217,0.005529000000000002,0.8480420000000279,0.20517200000000355,0.7094310000000129,0.12661299999999914,0.15321100000000096,0.0,0.20251400000000244,0.6003090000000021,1.0002290000000464,0.99542500000005,0.003794999999999999
83,1.0618480556003016,0.07388799999999988,0.02532700000000003,0.6135410000000041,0.7635290000000218,0.0065080000000000025,0.8536420000000332,0.21288300000000435,0.7148890000000154,0.13283399999999984,0.16524700000000173,0.0,0.2166910000000038,0.5993810000000013,1.0004300000000461,0.9958640000000489,0.0036969999999999998
84,1.0628589349492823,0.07385899999999981,0.028283000000000065,0.6287480000000069,0.7618230000000227,0.007560000000000012,0.8583610000000347,0.2240370000000041,0.7218500000000194,0.13963200000000012,0.17247400000000182,0.0,0.2274100000000033,0.6057380000000044,1.000556000000047,0.9959290000000494,0.0034750000000000007
85,1.0633276557396447,0.07789999999999994,0.03315800000000005,0.636119000000008,0.7614120000000251,0.007330000000000004,0.8615290000000358,0.23167000000000462,0.7316210000000246,0.14587000000000078,0.17760200000000256,0.0,0.23182700000000492,0.6001730000000025,1.0006160000000455,0.9964500000000482,0.0041490000000000025
86,1.0640400852690384,0.07708999999999978,0.03498300000000002,0.638799000000008,0.7560500000000191,0.008221000000000001,0.8617770000000297,0.23602400000000454,0.7388540000000174,0.15534400000000115,0.18368900000000282,0.0,0.23680000000000442,0.6051360000000016,1.0005260000000413,0.9962580000000446,0.004546000000000004
87,1.0646519083181119,0.07797299999999976,0.03788500000000003,0.649176000000009,0.7529270000000192,0.009007000000000001,0.8632210000000277,0.24316500000000627,0.7467200000000167,0.16393600000000164,0.19482500000000322,0.0,0.2452480000000053,0.5995840000000057,1.000570000000041,0.9964360000000448,0.0048430000000000036
88,1.0654834014585517,0.0781819999999998,0.03923599999999999,0.6620920000000128,0.7583750000000271,0.009742999999999995,0.8656830000000342,0.2480660000000055,0.756800000000028,0.179346000000002,0.2056980000000036,0.0,0.263576000000001,0.5930420000000031,1.0006420000000513,0.9964380000000547,0.005558000000000003
89,1.0661706382525469,0.07903199999999969,0.040665999999999994,0.6641760000000143,0.7521470000000229,0.011129999999999987,0.8732450000000378,0.2506110000000048,0.7696820000000282,0.19087700000000282,0.21647100000000463,0.0,0.2744000000000003,0.5891410000000036,1.0006180000000515,0.9966030000000539,0.005578000000000006
90,1.0669158915287396,0.08152299999999979,0.04764899999999993,0.6781360000000138,0.7508370000000271,0.011414999999999993,0.8737560000000362,0.26176100000000313,0.774586000000028,0.20129200000000372,0.22342000000000428,0.0,0.28337699999999894,0.5931930000000025,1.000623000000046,0.9966130000000512,0.005906000000000004
91,1.0668774825566938,0.0837999999999998,0.04893199999999997,0.6942400000000192,0.7566940000000264,0.012479999999999996,0.874757000000041,0.2648610000000037,0.7843720000000323,0.20933600000000416,0.23598700000000478,0.0,0.2958299999999973,0.5962610000000035,1.0006190000000545,0.9962250000000589,0.006253000000000005
92,1.068008372688262,0.08142399999999958,0.05356999999999999,0.6998880000000189,0.7574230000000248,0.01225599999999999,0.8765510000000372,0.27336300000000086,0.7915520000000301,0.2155980000000035,0.24524900000000432,0.0,0.3079939999999965,0.5974120000000077,1.0005790000000447,0.9967840000000457,0.0061520000000000056
93,1.0689396759892935,0.0822299999999997,0.058836999999999855,0.705308000000017,0.7563260000000211,0.013954999999999976,0.8824470000000298,0.2809719999999998,0.7965840000000244,0.2217680000000034,0.24952500000000455,0.0,0.3161619999999953,0.5987220000000035,1.0005960000000405,0.9967000000000447,0.0053870000000000055
94,1.0698611019900393,0.0805069999999998,0.06148499999999983,0.7136580000000183,0.761956000000022,0.013730999999999991,0.8846090000000296,0.28675000000000206,0.8035120000000262,0.2312810000000043,0.26027900000000354,0.0,0.3279399999999936,0.5988460000000022,1.00060900000004,0.9970810000000436,0.006156000000000002
95,1.0701574535153335,0.07776799999999988,0.06619499999999975,0.7216950000000157,0.7613300000000176,0.013791999999999983,0.8930140000000321,0.2928459999999987,0.803924000000027,0.2339590000000047,0.2694290000000012,0.0,0.3371079999999953,0.5965220000000029,1.0005840000000428,0.9968470000000456,0.006532000000000004
96,1.0709440192437123,0.07557799999999981,0.06739499999999977,0.7349280000000193,0.7632540000000185,0.014307999999999984,0.8976070000000325,0.2948709999999987,0.804013000000027,0.2453050000000045,0.278325,0.0,0.3453209999999915,0.5971040000000025,1.0006020000000442,0.9971910000000473,0.006876000000000007
97,1.071923933021368,0.07751299999999993,0.0726409999999999,0.7399840000000205,0.7680830000000208,0.014556999999999988,0.9012550000000309,0.30088599999999854,0.8110470000000289,0.2504580000000044,0.28237699999999943,0.0,0.3506439999999924,0.5949289999999993,1.0005950000000465,0.9972460000000498,0.007833000000000003
98,1.0731051931956064,0.07784899999999971,0.07800899999999965,0.7478550000000239,0.7699810000000223,0.015528999999999975,0.9044030000000369,0.30737799999999854,0.810167000000031,0.25804700000000225,0.29080199999999884,0.0,0.3569559999999905,0.5900419999999995,1.0006060000000447,0.9972150000000495,0.010156999999999998
99,1.0738681709880165,0.07891699999999971,0.08375699999999972,0.7508670000000218,0.77136600000002,0.015486999999999987,0.9044110000000327,0.3125959999999955,0.8168730000000268,0.2621430000000036,0.30451499999999676,0.0,0.36940099999999115,0.591648000000001,1.00059700000004,0.997173000000041,0.009936999999999998
100,1.0748647206507351,0.0823139999999998,0.08911599999999967,0.7590360000000206,0.7737640000000222,0.01576999999999998,0.9077820000000297,0.3188319999999932,0.8268880000000273,0.2699730000000009,0.31354799999999444,0.0,0.38384399999998964,0.5916700000000046,1.0005910000000384,0.9973460000000416,0.011270999999999988
101,1.0757181632389723,0.08384299999999974,0.0945869999999995,0.7640630000000226,0.7728060000000238,0.016162999999999983,0.9090840000000353,0.3308469999999922,0.8321610000000321,0.26716500000000076,0.3215479999999949,0.0,0.3933029999999882,0.5978350000000034,1.0005550000000418,0.997277000000047,0.012124999999999985
102,1.0762925967381862,0.08107899999999983,0.10217299999999961,0.76800100000002,0.7751290000000212,0.016271999999999995,0.9154240000000338,0.3345469999999951,0.8349600000000309,0.2704650000000004,0.3222029999999959,0.0,0.4028699999999909,0.5929879999999985,1.000508000000039,0.9972680000000433,0.012175999999999985
103,1.076999720974285,0.07881599999999987,0.10774499999999948,0.7734060000000258,0.7728030000000257,0.017451000000000005,0.9209320000000385,0.33778899999999557,0.837533000000036,0.27015100000000225,0.320136999999995,0.0,0.4044859999999886,0.5908520000000053,1.0004920000000448,0.9973660000000478,0.012471999999999978
104,1.078254425649268,0.08194499999999975,0.11620299999999938,0.7865790000000318,0.7732180000000296,0.017410000000000002,0.9244670000000393,0.3483099999999931,0.8443330000000343,0.28203299999999865,0.33599699999999366,0.0,0.4150079999999892,0.5942490000000081,1.0005550000000483,0.997397000000051,0.013335999999999982
105,1.0790997771190283,0.07868199999999977,0.12329699999999959,0.7969200000000276,0.7694990000000208,0.01799100000000001,0.9247410000000345,0.35515599999999187,0.8444040000000321,0.2910879999999984,0.34592799999999274,0.0,0.424692999999988,0.5890900000000017,1.0005270000000426,0.9972460000000445,0.014317999999999975
106,1.0800278029273966,0.08012399999999976,0.13261399999999982,0.8040500000000284,0.7741830000000239,0.019104000000000017,0.9297530000000351,0.3651119999999894,0.8550810000000321,0.3009999999999964,0.3567419999999913,0.0,0.4361509999999855,0.5916400000000016,1.0005690000000418,0.9971160000000444,0.01514299999999998
107,1.0811942329546023,0.07660099999999992,0.14425700000000066,0.8094880000000252,0.7804420000000237,0.01984600000000001,0.9318410000000347,0.37428899999999105,0.8610660000000298,0.30900899999999626,0.3643829999999932,0.0,0.44814099999998785,0.593630000000004,1.0005060000000423,0.9971890000000462,0.016206999999999985
108,1.0829695538851578,0.07677799999999978,0.14923500000000095,0.8128980000000259,0.7838740000000191,0.021177000000000012,0.9319670000000313,0.37458899999999135,0.8655920000000299,0.3177469999999964,0.37750899999999155,0.0,0.4533969999999871,0.5922600000000016,1.0005070000000351,0.9969910000000393,0.01727100000000001
109,1.083767702446409,0.07915799999999984,0.1565870000000011,0.8169500000000238,0.7855750000000207,0.020992000000000007,0.9331310000000294,0.3805539999999903,0.8665450000000271,0.32598599999999445,0.3845869999999908,0.0,0.4609929999999864,0.5914520000000009,1.000535000000034,0.9972220000000366,0.017412000000000004
110,1.0847799414805308,0.07789899999999987,0.1642560000000012,0.822869000000023,0.7837800000000211,0.02051600000000004,0.9371300000000313,0.38671399999998823,0.8739330000000279,0.34077599999999336,0.3944459999999898,0.0,0.4714299999999862,0.5901289999999949,1.000519000000036,0.9973530000000383,0.018749
111,1.0857703455671417,0.08111799999999988,0.17123300000000166,0.8290760000000292,0.785479000000023,0.02100900000000003,0.9413850000000352,0.39147799999998917,0.8801670000000317,0.35220599999999275,0.399940999999991,0.0,0.4833989999999871,0.5946120000000054,1.0004810000000395,0.9970500000000425,0.020715000000000025
112,1.0863599188648267,0.08442399999999976,0.17360100000000167,0.8369720000000268,0.7876580000000248,0.02175500000000003,0.9447200000000286,0.38832799999999146,0.87960800000003,0.3549459999999924,0.40599299999999056,0.0,0.4922029999999862,0.5921460000000013,1.0004450000000331,0.9970440000000379,0.021397000000000013
113,1.0874680059821036,0.08468099999999977,0.176415000000001,0.845810000000023,0.7815350000000196,0.021693000000000004,0.9473230000000259,0.3962909999999917,0.8804100000000249,0.36109099999999267,0.41310999999999115,0.0,0.5066219999999886,0.5932450000000021,1.0004410000000312,0.9972540000000353,0.021984000000000028
114,1.088839303137681,0.08736099999999984,0.18545800000000123,0.847319000000024,0.7837530000000215,0.022567000000000004,0.948810000000027,0.4061419999999922,0.8762400000000289,0.3644839999999925,0.4155619999999906,0.0,0.5050809999999877,0.5996830000000015,1.0003940000000344,0.9970460000000355,0.021559000000000016
115,1.0895198277021794,0.08890499999999982,0.19614900000000163,0.8487580000000238,0.7893760000000196,0.023727000000000012,0.9494090000000323,0.4092019999999916,0.8819380000000284,0.36707699999999316,0.4207259999999913,0.0,0.5106109999999882,0.5974530000000013,1.0005160000000364,0.9971390000000385,0.022944000000000023
116,1.0906812558385481,0.09312299999999957,0.20678600000000244,0.849877000000027,0.7950050000000196,0.022680000000000016,0.9520900000000309,0.41714899999998856,0.88753100000003,0.3785969999999922,0.4262359999999894,0.0,0.5163249999999877,0.5936800000000031,1.0004470000000343,0.9967930000000379,0.021032
117,1.0910313645217093,0.0926659999999998,0.21841800000000197,0.855940000000024,0.795774000000016,0.023287999999999993,0.9549090000000264,0.42690299999999004,0.895130000000025,0.3904269999999907,0.43625699999998935,0.0,0.5293259999999932,0.5919090000000016,1.0004640000000316,0.9972110000000339,0.021838000000000024
118,1.0923340559709824,0.0895959999999996,0.2222350000000023,0.8589430000000309,0.8005610000000227,0.022332000000000022,0.9568960000000319,0.4300659999999875,0.9011930000000328,0.4027269999999887,0.4455729999999873,0.0,0.540299999999995,0.5931480000000028,1.0004290000000358,0.9971490000000384,0.022469000000000017
119,1.093558562447765,0.08406599999999982,0.23116000000000217,0.8627810000000284,0.7995580000000211,0.02232400000000001,0.9581500000000308,0.4368769999999901,0.9035870000000308,0.4075629999999903,0.4500899999999894,0.0,0.541518999999998,0.5868250000000035,1.000468000000035,0.9974220000000373,0.022743000000000024
120,1.0941786101527113,0.08435199999999977,0.24546100000000273,0.8671730000000226,0.7964840000000192,0.023461000000000006,0.9580980000000258,0.44255499999998865,0.9060670000000248,0.41377199999999137,0.4610039999999885,0.0,0.5503439999999981,0.584062000000001,1.0004230000000305,0.9971770000000331,0.022134000000000015
121,1.0950878725777808,0.08574199999999987,0.25262000000000207,0.8676770000000209,0.7994020000000133,0.024343000000000014,0.9593240000000252,0.4458779999999881,0.907260000000022,0.42692199999999125,0.4659259999999891,0.0,0.553337999999995,0.5823280000000002,1.0004030000000292,0.9971260000000314,0.023628000000000038
122,1.0969988009154594,0.08776199999999987,0.26379,0.8681470000000191,0.7987220000000164,0.026176000000000022,0.9620670000000212,0.4497359999999882,0.9092990000000211,0.43013599999999075,0.4739119999999893,0.0,0.561114000000001,0.5816380000000033,1.0003920000000237,0.9970530000000252,0.023712000000000014
123,1.098237312561719,0.08897699999999976,0.27270200000000017,0.8702940000000174,0.8046670000000129,0.026141000000000025,0.9631060000000229,0.4574659999999888,0.9107580000000186,0.4360859999999917,0.47720899999999006,0.0,0.5647550000000012,0.5785590000000009,1.0004300000000252,0.9970050000000273,0.024956000000000016
124,1.098722733453899,0.08980399999999969,0.2810319999999988,0.8756870000000267,0.8110410000000182,0.024798000000000035,0.9632590000000318,0.46521499999998733,0.9156460000000296,0.44245499999998955,0.4936569999999882,0.0,0.5751650000000021,0.5771400000000034,1.0004340000000322,0.9973440000000349,0.025397000000000027
125,1.0993116488390644,0.09263299999999988,0.2957969999999981,0.8795390000000244,0.8162500000000182,0.023130000000000022,0.9637960000000279,0.47783699999998736,0.9183610000000265,0.4545439999999891,0.5029559999999883,0.0,0.5861270000000027,0.577167,1.0003780000000326,0.9973320000000354,0.028286000000000023
126,1.0998810922731983,0.0914389999999997,0.3063419999999976,0.8783850000000232,0.8249560000000167,0.020519000000000016,0.9666800000000251,0.4873669999999863,0.9231250000000226,0.4682069999999893,0.5095499999999902,0.0,0.5941230000000034,0.5735529999999991,1.0003550000000292,0.9969400000000321,0.030796000000000035
127,1.1007499983361253,0.09028199999999975,0.31667299999999726,0.8775980000000227,0.8298580000000162,0.02137300000000001,0.9689860000000253,0.49215799999998894,0.9264180000000241,0.47356199999999105,0.5209669999999912,0.0,0.6009540000000018,0.5692809999999989,1.0003830000000307,0.9971830000000336,0.03265800000000005
128,1.1025045938335067,0.09139599999999964,0.32636499999999546,0.8789910000000236,0.8354080000000185,0.021099000000000017,0.9693520000000245,0.4984209999999875,0.9299320000000236,0.4810609999999894,0.5351469999999939,0.0,0.6105690000000052,0.5709400000000016,1.0003610000000256,0.9969650000000286,0.036216999999999985
129,1.1035288206012053,0.08670999999999976,0.33602499999999497,0.8806500000000268,0.8400170000000207,0.02073500000000001,0.968926000000029,0.5041739999999895,0.9310680000000271,0.4923309999999907,0.5381719999999957,0.0,0.616423000000004,0.5694420000000008,1.0004170000000305,0.9971580000000343,0.03678700000000005
130,1.1048232599078036,0.08057999999999972,0.35133499999999596,0.884969000000026,0.8437500000000175,0.02152400000000003,0.9720640000000264,0.518072999999993,0.9336970000000258,0.4969369999999904,0.5510789999999998,0.0,0.6179350000000081,0.565059000000001,1.0003920000000293,0.9970440000000321,0.038173
131,1.1064462452766406,0.0803029999999999,0.3621199999999945,0.8897530000000211,0.8455900000000172,0.021906000000000012,0.9745400000000243,0.5256769999999945,0.933706000000023,0.5100189999999921,0.5562829999999976,0.0,0.6241710000000052,0.5642339999999993,1.0003560000000264,0.9969810000000282,0.03984999999999999
132,1.1076600168077373,0.08022899999999986,0.3708479999999941,0.893314000000026,0.8464980000000178,0.021083000000000015,0.9759790000000279,0.5390989999999917,0.9377470000000255,0.5211729999999914,0.5649459999999975,0.0,0.6326490000000033,0.5598679999999988,1.0003570000000295,0.9970230000000313,0.039647999999999975
133,1.1085826976017692,0.07833799999999995,0.3824159999999943,0.8983730000000251,0.8468540000000191,0.022268000000000007,0.9758490000000267,0.5512519999999947,0.9382660000000248,0.5253419999999941,0.5717400000000004,0.0,0.6470940000000076,0.5593649999999973,1.0003130000000298,0.9969960000000323,0.04196500000000003
134,1.1089806787902412,0.07793999999999983,0.3898399999999954,0.9033070000000192,0.8504520000000116,0.02241200000000002,0.976226000000022,0.5507559999999956,0.941585000000018,0.5365439999999962,0.5800480000000013,0.0,0.6582930000000065,0.5510269999999974,1.0003030000000228,0.9970240000000263,0.04473099999999993
135,1.1098235041061468,0.07925599999999978,0.39854899999999416,0.9043980000000216,0.8525180000000172,0.02076100000000002,0.9768160000000256,0.552986999999997,0.9449760000000225,0.5472229999999941,0.5916699999999994,0.0,0.6695410000000043,0.5521179999999936,1.0003140000000268,0.9969940000000298,0.046754
136,1.1111552923111019,0.08133999999999973,0.4040879999999944,0.905561000000026,0.8534920000000213,0.020817000000000006,0.9770260000000278,0.5561419999999947,0.9485240000000259,0.5528559999999973,0.599534000000001,0.0,0.68247500000001,0.5476749999999947,1.0003580000000285,0.9972270000000317,0.047773999999999955
137,1.1124431212949208,0.07957599999999987,0.4160699999999936,0.9040270000000171,0.8563510000000125,0.02170700000000001,0.9783850000000204,0.5662939999999997,0.9490600000000187,0.5503819999999968,0.5977350000000001,0.0,0.688947000000005,0.547580999999996,1.0003480000000227,0.9969930000000249,0.048813999999999975
138,1.113941582179329,0.07486499999999985,0.41857599999999395,0.9089560000000236,0.8588560000000165,0.021195000000000006,0.9774320000000254,0.5642340000000015,0.9513540000000253,0.5571719999999992,0.6068480000000043,0.0,0.6963620000000104,0.5428299999999957,1.0003420000000265,0.9969900000000296,0.04754399999999996
139,1.1153496043392328,0.07275799999999982,0.42816699999999325,0.9121940000000178,0.8628410000000127,0.021326000000000022,0.9793310000000179,0.5666199999999982,0.9530270000000183,0.5626819999999997,0.6148850000000047,0.0,0.7002200000000076,0.5414129999999964,1.0002980000000214,0.997103000000025,0.05189299999999995
140,1.1165374516678768,0.07458999999999996,0.4290279999999943,0.9188870000000203,0.863499000000014,0.021618000000000002,0.9785400000000214,0.5667379999999987,0.9562070000000213,0.569265,0.6218020000000023,0.0,0.7058220000000079,0.5467769999999946,1.0003080000000237,0.9971220000000278,0.052879999999999996
141,1.117303396359747,0.07849699999999987,0.43288299999999363,0.9219270000000215,0.8635530000000152,0.02121200000000002,0.9802560000000204,0.566625999999999,0.9590620000000212,0.5822850000000032,0.6373250000000057,0.0,0.71963000000001,0.5483390000000005,1.0003330000000223,0.996927000000025,0.057005999999999966
142,1.119243035055851,0.07722099999999989,0.4321309999999937,0.9201680000000194,0.8640820000000172,0.021133000000000006,0.9808890000000203,0.5629219999999993,0.9602400000000216,0.5889910000000036,0.6382560000000049,0.0,0.7220470000000083,0.5474229999999961,1.0002840000000228,0.9969570000000259,0.05462
143,1.1198104912746492,0.07872499999999989,0.445687999999994,0.9249630000000189,0.8643390000000143,0.021578000000000003,0.9815140000000182,0.5720369999999989,0.96334300000002,0.5971360000000026,0.6446610000000074,0.0,0.7361390000000104,0.5489839999999964,1.0002800000000198,0.9970200000000227,0.057894
144,1.1208888687777685,0.07872999999999986,0.45191199999999243,0.9258180000000215,0.8696550000000149,0.02113500000000002,0.9850090000000228,0.5764940000000015,0.9631360000000218,0.6075620000000053,0.6500430000000071,0.0,0.7404610000000101,0.5478749999999967,1.0003350000000235,0.9969470000000258,0.059516999999999966
145,1.1227932589658463,0.07976399999999989,0.45595699999999256,0.9275520000000221,0.8693960000000172,0.022655000000000022,0.9856590000000222,0.5786820000000019,0.9647020000000218,0.6107180000000059,0.6538890000000073,0.0,0.7446390000000125,0.5428599999999945,1.0003050000000235,0.9968560000000264,0.06333199999999997
146,1.1242506446160094,0.07504199999999979,0.46325099999999303,0.9267910000000218,0.8671050000000157,0.02632700000000003,0.9861140000000216,0.5835379999999958,0.9651640000000219,0.6129300000000018,0.6595860000000051,0.0,0.7456460000000106,0.5409169999999955,1.0003000000000226,0.9970320000000253,0.06455799999999999
147,1.126617192222951,0.07403399999999995,0.4740119999999944,0.9270370000000162,0.8686990000000113,0.026161000000000025,0.9870680000000168,0.5869069999999997,0.9660100000000156,0.6207530000000049,0.6615210000000075,0.0,0.7467930000000106,0.5443349999999936,1.0002930000000176,0.9968980000000195,0.06587
148,1.1276097419693187,0.07612299999999987,0.4788909999999936,0.9302970000000241,0.8675940000000164,0.02596500000000002,0.9862430000000254,0.5970770000000034,0.9663020000000249,0.6308810000000082,0.6712070000000075,0.0,0.7530240000000116,0.5404339999999942,1.0003070000000265,0.9968870000000288,0.06678099999999995
149,1.129663119309472,0.07598499999999976,0.4865379999999924,0.9317550000000209,0.8650660000000143,0.027587000000000025,0.9865990000000207,0.6040830000000073,0.9679990000000216,0.634507000000009,0.6760660000000092,0.0,0.7590800000000125,0.5406189999999997,1.0002830000000225,0.9968940000000265,0.06266699999999997
150,1.1309034894144978,0.07977799999999986,0.4972599999999925,0.9329720000000203,0.8665130000000156,0.02723200000000002,0.9865760000000208,0.6092880000000028,0.9687290000000218,0.648211000000005,0.6846370000000064,0.0,0.7687160000000087,0.5418829999999972,1.0002890000000222,0.9970250000000254,0.064037
151,1.1328362034779296,0.07902499999999993,0.5066469999999927,0.9344030000000202,0.8721330000000148,0.025913000000000016,0.9867820000000211,0.614841000000005,0.9709040000000211,0.6495610000000073,0.6948770000000093,0.0,0.7737160000000116,0.5385629999999973,1.0003040000000225,0.9967130000000233,0.06680899999999994
152,1.1348016742909883,0.0771279999999999,0.5125999999999973,0.9345160000000187,0.8708550000000134,0.02680600000000003,0.9866100000000194,0.6200030000000052,0.9693830000000198,0.6498320000000088,0.6940170000000081,0.0,0.7728700000000088,0.5377749999999955,1.0002790000000201,0.9970640000000237,0.07124299999999988
153,1.1366162221682012,0.07652600000000007,0.521618999999998,0.9335140000000186,0.8716190000000129,0.02525400000000003,0.9864790000000199,0.6289870000000062,0.9695770000000195,0.6525470000000071,0.6975260000000091,0.0,0.7750520000000098,0.5410719999999996,1.00026400000002,0.9968800000000226,0.06987499999999996
154,1.1385120980267995,0.07501599999999997,0.5278449999999962,0.9323680000000143,0.8698230000000107,0.026450000000000005,0.9871190000000134,0.6323640000000034,0.9726010000000141,0.6556800000000037,0.6920650000000067,0.0,0.773814000000007,0.5332369999999935,1.0002330000000148,0.9970910000000174,0.068428
155,1.1395458670118241,0.07504599999999995,0.5314260000000007,0.9332210000000153,0.8722280000000101,0.025443000000000035,0.9876200000000156,0.6351760000000071,0.9732960000000151,0.659499000000007,0.6969990000000079,0.0,0.7780020000000085,0.5275219999999967,1.0002130000000162,0.9970350000000193,0.06834200000000006
156,1.1413987685916025,0.07500599999999988,0.5392499999999986,0.9365660000000168,0.8728100000000137,0.02724100000000001,0.9880650000000191,0.6405400000000079,0.9737160000000188,0.6615640000000066,0.6971980000000075,0.0,0.7818010000000082,0.5297779999999953,1.0002400000000196,0.9968180000000226,0.06908899999999989
157,1.1419717507734568,0.0762999999999999,0.5418679999999978,0.93848100000002,0.8712040000000146,0.027548000000000024,0.9892750000000216,0.6386860000000071,0.9733150000000221,0.6698750000000087,0.7034780000000083,0.0,0.7822120000000113,0.5310899999999914,1.0002850000000232,0.996909000000025,0.06796899999999999
158,1.1434483202472328,0.07524799999999993,0.5492719999999978,0.9415760000000161,0.8706450000000124,0.02575700000000002,0.9898910000000148,0.6460110000000053,0.9740060000000161,0.6744050000000072,0.7063050000000083,0.0,0.7873920000000093,0.5259679999999904,1.0002420000000158,0.9970130000000184,0.068935
159,1.1444065299396173,0.07537499999999982,0.5652249999999971,0.9405660000000153,0.8756560000000113,0.02424300000000002,0.9888510000000168,0.6599920000000077,0.9741370000000177,0.680899000000008,0.7122140000000076,0.0,0.7914850000000095,0.5179749999999894,1.0002280000000174,0.9967320000000197,0.07349499999999991
160,1.1460647750015192,0.07696599999999995,0.5735620000000052,0.9454650000000162,0.8781330000000113,0.02358900000000001,0.9887970000000172,0.6652510000000113,0.9777190000000177,0.6939490000000067,0.7221390000000066,0.0,0.8032760000000089,0.5204489999999926,1.0002520000000183,0.9971170000000212,0.07239599999999997
161,1.1474045247235163,0.07776500000000001,0.5786120000000032,0.9459230000000185,0.8776090000000129,0.022774000000000016,0.9887140000000182,0.6692030000000101,0.9788820000000178,0.70078200000001,0.7295650000000077,0.0,0.8093830000000127,0.5189749999999915,1.000221000000019,0.9971870000000209,0.07407199999999996
162,1.1491428425784938,0.07474499999999983,0.5871170000000018,0.9493130000000138,0.8812010000000112,0.023008,0.9881310000000151,0.6736710000000097,0.9806540000000141,0.712162000000007,0.7358850000000062,0.0,0.8168650000000092,0.5139199999999925,1.000209000000015,0.996983000000019,0.07327999999999989
163,1.150536752846558,0.07367099999999994,0.5889700000000049,0.9508390000000136,0.8842140000000106,0.02174200000000003,0.9881800000000129,0.6745450000000114,0.9813980000000134,0.719667000000009,0.7458960000000081,0.0,0.8186820000000101,0.5110389999999941,1.000207000000013,0.9967000000000152,0.07255699999999993
164,1.1516884401361709,0.07596499999999998,0.5963810000000014,0.9502050000000161,0.8886930000000125,0.021455000000000033,0.988180000000017,0.6799660000000082,0.9814060000000174,0.7206300000000057,0.7486650000000049,0.0,0.8242900000000087,0.5083079999999922,1.0001760000000175,0.9970230000000199,0.07203799999999994
165,1.152987544696663,0.07355699999999986,0.608395000000002,0.9514770000000156,0.8864980000000101,0.020049000000000008,0.9881410000000149,0.6883140000000082,0.9820690000000161,0.730603000000007,0.7515690000000064,0.0,0.8297470000000106,0.5046029999999921,1.0002050000000162,0.9970380000000172,0.07277299999999991
166,1.1545383129442977,0.06945499999999995,0.6152580000000033,0.9534820000000147,0.8913370000000105,0.01953499999999999,0.9878580000000172,0.6943660000000079,0.9827650000000179,0.7389010000000065,0.755322000000005,0.0,0.8330170000000071,0.4948979999999908,1.0002060000000175,0.9967480000000191,0.07474000000000004
167,1.157003252242453,0.0693519999999999,0.6178960000000037,0.953421000000016,0.8896030000000115,0.020134000000000013,0.9873890000000164,0.6941580000000092,0.984983000000016,0.7382790000000087,0.7523550000000092,0.0,0.8318590000000102,0.49655299999998975,1.0001960000000165,0.9967380000000184,0.07317899999999992
168,1.1585131414866474,0.06993499999999996,0.6263810000000047,0.9559470000000156,0.8853580000000131,0.01946000000000001,0.9867200000000168,0.696203000000008,0.985681000000017,0.7434980000000061,0.7575990000000059,0.0,0.8348150000000093,0.4923609999999902,1.0002040000000183,0.9970860000000186,0.07137599999999991
169,1.1612449154742928,0.06825099999999991,0.6390120000000047,0.955441000000012,0.8863070000000094,0.021617000000000008,0.9844800000000131,0.7069460000000073,0.9852130000000131,0.741169000000007,0.7546090000000071,0.0,0.8325860000000079,0.4880889999999922,1.000214000000014,0.9966700000000146,0.07483999999999996
170,1.1633699936696247,0.06900299999999991,0.6452470000000058,0.9557550000000166,0.8875370000000138,0.021098000000000023,0.9846940000000177,0.7114670000000104,0.9861240000000182,0.7477000000000074,0.7575160000000083,0.0,0.8380260000000109,0.47898299999999194,1.0001800000000185,0.9970850000000203,0.07286799999999996
171,1.1652755937192762,0.06426099999999996,0.6538760000000057,0.9562640000000158,0.8928110000000125,0.020547000000000003,0.9875490000000158,0.7170840000000075,0.9865210000000164,0.7529340000000075,0.7586200000000071,0.0,0.8379780000000102,0.4728989999999928,1.0001970000000164,0.996794000000018,0.07605700000000001
172,1.1678741582932868,0.06107199999999998,0.6617420000000048,0.956314000000014,0.8963500000000099,0.02066800000000001,0.9895020000000134,0.7220200000000063,0.9842170000000139,0.7526550000000056,0.7627340000000061,0.0,0.8367920000000096,0.4667959999999931,1.000210000000014,0.9967800000000155,0.07746299999999995
173,1.1698443619983432,0.05979899999999999,0.6677710000000022,0.9558690000000106,0.897243000000006,0.02294899999999999,0.9906720000000122,0.7293480000000045,0.9852930000000122,0.7564110000000049,0.7644840000000044,0.0,0.8373110000000067,0.4638629999999935,1.0001880000000127,0.9965440000000141,0.08281300000000003
174,1.17211736959372,0.05947699999999994,0.6727380000000052,0.956733000000012,0.8994240000000102,0.023731000000000023,0.9913760000000128,0.7318900000000088,0.9860530000000132,0.7660760000000063,0.7708100000000068,0.0,0.8400940000000072,0.46069699999999164,1.0001490000000135,0.996685000000014,0.08402799999999995
175,1.174561234309338,0.06018599999999995,0.6762230000000056,0.9565010000000155,0.8986950000000127,0.02260500000000001,0.9917840000000159,0.7322290000000089,0.9861810000000156,0.7658870000000076,0.7714630000000066,0.0,0.8385220000000085,0.4615039999999936,1.0001580000000156,0.9969270000000174,0.08611799999999999
176,1.1751532131714468,0.05965199999999989,0.6818720000000033,0.9591680000000123,0.9026080000000098,0.023330999999999998,0.9925300000000136,0.7374030000000069,0.9879020000000135,0.7723500000000058,0.7807490000000056,0.0,0.8455130000000076,0.46111099999999317,1.0001590000000136,0.9969750000000163,0.08727899999999988
177,1.1770123055547008,0.06048399999999995,0.6826930000000069,0.9598590000000152,0.9027340000000129,0.02562800000000002,0.9923670000000151,0.7375010000000112,0.9878460000000151,0.7796130000000088,0.7837640000000086,0.0,0.8453960000000108,0.4596769999999938,1.0001410000000157,0.996956000000018,0.09244799999999996
178,1.1788048952960788,0.05885000000000002,0.6892420000000055,0.9589410000000153,0.9028510000000127,0.02719500000000002,0.9934880000000161,0.7444610000000097,0.9886780000000167,0.7791360000000089,0.7888850000000093,0.0,0.8436730000000098,0.464332999999994,1.0001610000000165,0.9968680000000169,0.09608399999999997
179,1.1799129718976749,0.05889999999999994,0.6953680000000044,0.9604630000000115,0.9015620000000094,0.029697000000000022,0.9946780000000134,0.7511200000000059,0.988661000000013,0.7838950000000041,0.7916230000000051,0.0,0.847401000000007,0.4638389999999934,1.0001640000000136,0.9965680000000143,0.09727799999999996
180,1.181711159266862,0.05745799999999991,0.6963450000000032,0.9600130000000102,0.9020790000000068,0.032043,0.9946560000000105,0.7526400000000049,0.989452000000011,0.7861650000000067,0.7891160000000051,0.0,0.8461490000000059,0.4618159999999943,1.0001470000000103,0.996938000000012,0.10036499999999994
181,1.183086671056261,0.058722999999999956,0.7010250000000066,0.9594700000000117,0.9037310000000104,0.030282000000000024,0.9941620000000132,0.756494000000009,0.9894070000000136,0.7900670000000064,0.7864340000000063,0.0,0.8453840000000082,0.4615059999999933,1.0001570000000133,0.9965750000000149,0.10136999999999997
182,1.1852517196643086,0.05841799999999998,0.7032980000000069,0.9596270000000159,0.9089970000000113,0.029317000000000024,0.9948680000000174,0.7575940000000111,0.992000000000017,0.7950270000000083,0.7932470000000084,0.0,0.8526240000000102,0.4590689999999933,1.0001580000000174,0.9968130000000186,0.10447299999999997
183,1.1868577357444732,0.05994699999999999,0.7069590000000023,0.9603990000000091,0.909226000000007,0.02820200000000002,0.9958410000000102,0.7621920000000045,0.9926240000000104,0.7975940000000046,0.7920070000000035,0.0,0.8552310000000038,0.4601529999999956,1.0001620000000104,0.9967980000000121,0.10460399999999999
184,1.1891293814506996,0.05814799999999992,0.7147150000000048,0.9604240000000108,0.9139740000000084,0.02654200000000001,0.9969630000000118,0.7679630000000067,0.9926840000000118,0.8058620000000064,0.801910000000004,0.0,0.8624560000000061,0.45990699999999296,1.0001160000000122,0.9967340000000132,0.10690899999999995
185,1.191049825401755,0.05593599999999991,0.7162990000000032,0.959163000000013,0.9176140000000098,0.026705000000000013,0.9964850000000127,0.7684350000000059,0.9919780000000126,0.8055110000000082,0.806348000000007,0.0,0.8628660000000077,0.4546459999999931,1.0001440000000126,0.9968740000000142,0.109013
186,1.1941334533997345,0.05795099999999992,0.7228570000000036,0.959259000000011,0.9225670000000079,0.025851000000000027,0.99686300000001,0.7730730000000059,0.99326200000001,0.8090200000000048,0.8115060000000043,0.0,0.8689970000000058,0.44900299999999405,1.0001210000000107,0.9968690000000114,0.10943800000000005
187,1.1968071182019075,0.060802000000000016,0.7257620000000037,0.9610550000000084,0.9261970000000075,0.024111999999999995,0.9974980000000092,0.7762440000000052,0.9920400000000096,0.8144480000000042,0.8183270000000046,0.0,0.8687200000000066,0.4516709999999947,1.0000940000000096,0.9967890000000109,0.11037199999999997
188,1.1984982066599368,0.06078899999999997,0.7230590000000049,0.9619190000000098,0.9243600000000067,0.025943000000000015,0.9979330000000106,0.772997000000006,0.9932050000000108,0.8116160000000043,0.8216890000000053,0.0,0.8721300000000064,0.45063499999999485,1.0001670000000107,0.9968880000000128,0.11047999999999986
189,1.20044217075115,0.060006000000000004,0.7276680000000048,0.9643590000000113,0.9264540000000075,0.025806000000000003,0.997940000000013,0.7746520000000074,0.9943300000000129,0.8178180000000057,0.8243350000000061,0.0,0.8710240000000053,0.44855799999999324,1.0001460000000126,0.9968720000000153,0.11313599999999996
190,1.202692999821323,0.06283699999999992,0.7226280000000052,0.9637560000000114,0.9252010000000092,0.027409000000000034,0.9981860000000121,0.7701870000000065,0.9940640000000119,0.8172740000000056,0.8214910000000061,0.0,0.8691580000000072,0.44640299999999283,1.0001390000000119,0.9968730000000134,0.11056099999999994
191,1.20448982316307,0.06574099999999997,0.7208480000000023,0.9648350000000095,0.9251990000000059,0.025497000000000016,0.9988220000000101,0.7678160000000047,0.9932480000000101,0.8181480000000037,0.8244560000000025,0.0,0.8728860000000045,0.4477899999999941,1.0001460000000102,0.9968000000000115,0.10994499999999999
192,1.206777149337269,0.06510599999999993,0.7185110000000052,0.9658890000000083,0.9253840000000068,0.027942000000000022,0.9987320000000093,0.7668680000000073,0.993809000000009,0.8248500000000056,0.8259620000000046,0.0,0.8751870000000056,0.4395499999999963,1.0001340000000087,0.9968380000000104,0.11273299999999997
193,1.208675409793186,0.062389999999999966,0.7243770000000048,0.9678880000000099,0.926538000000008,0.02803700000000001,0.9988560000000113,0.7739420000000067,0.9945460000000115,0.8292980000000043,0.8320190000000044,0.0,0.8787750000000055,0.4391799999999943,1.0001700000000115,0.996999000000012,0.1134079999999999
194,1.2098925459308612,0.062122,0.7334580000000016,0.9720150000000057,0.9265100000000044,0.028082000000000034,0.9990020000000066,0.7829780000000035,0.9946720000000067,0.8368770000000026,0.8394210000000029,0.0,0.8865090000000038,0.4392839999999945,1.0001390000000066,0.9967070000000083,0.11337999999999995
195,1.2118174849714445,0.06312999999999998,0.7360880000000042,0.9706870000000114,0.9298630000000102,0.027351000000000025,0.9991370000000127,0.7866330000000069,0.9948060000000125,0.838159000000006,0.8439920000000041,0.0,0.8862530000000056,0.4412769999999946,1.0001070000000123,0.9966040000000147,0.112496
196,1.2133092322954577,0.061947999999999954,0.7408670000000048,0.9694420000000102,0.9337260000000075,0.026691000000000038,0.99936800000001,0.7869510000000067,0.99453400000001,0.8441460000000052,0.8485810000000052,0.0,0.887128000000007,0.4406759999999933,1.00012000000001,0.9968760000000114,0.11493499999999998
197,1.2166239931180995,0.06593299999999992,0.7462480000000036,0.9706670000000094,0.9342290000000075,0.026735000000000016,0.9992870000000101,0.792023000000005,0.99545400000001,0.8465260000000051,0.849911000000004,0.0,0.8922450000000054,0.4354919999999952,1.0001200000000101,0.9970030000000112,0.11332599999999993
198,1.218886913745311,0.06508899999999997,0.7514910000000026,0.9720330000000101,0.9356110000000077,0.024723000000000033,0.999137000000011,0.7971250000000042,0.994470000000011,0.8526800000000038,0.8523730000000035,0.0,0.8961050000000067,0.43446899999999583,1.0001360000000108,0.996848000000012,0.11670999999999994
199,1.221178421143164,0.06446499999999991,0.7573570000000026,0.9756680000000063,0.9356860000000056,0.025351000000000005,0.998934000000007,0.8034370000000042,0.9955800000000069,0.8534820000000048,0.8571330000000037,0.0,0.898368000000005,0.43668699999999583,1.0001360000000072,0.996842000000009,0.12052000000000004
200,1.2229588992811988,0.06479199999999999,0.7555250000000043,0.9768130000000081,0.9381390000000067,0.02300899999999999,0.9985970000000091,0.8031980000000076,0.9944760000000089,0.855880000000004,0.862654000000004,0.0,0.9030790000000056,0.4313789999999943,1.0001120000000088,0.9967270000000101,0.1240729999999999
