,PopRatio,Diff_KC,Fibroblast,ILC3,M1,M2,Neutrophil,Prol_KC,Th0,Th1,Th17,Th2,Th22,Treg,iDC,pDC,preDiff_KC
0,1.0,0.00030099999999999994,0.0,0.0,0.0,0.0,0.0,0.0,0.0,0.0,0.0,0.0,0.0,0.16672499999999993,0.0,0.0,0.0
1,1.0000019999999996,0.001256,0.0,0.0,0.0,0.0,0.0,0.0,0.0,0.0,0.0,0.0,0.0,0.12542800000000004,0.0,0.0,0.0
2,0.9999999999959996,0.002406,0.0,0.0,4.8e-05,0.0,0.0,0.0,0.0,0.0,0.0,0.0,0.0,0.12489299999999996,0.00027499999999999996,0.000276,0.0
3,0.9999999999959996,0.0034919999999999994,0.0,0.0,4.2e-05,0.0,6.7e-05,0.0,0.0,0.0,0.0,0.0,0.0,0.13663399999999998,0.002729,0.00271,0.0
4,0.9999989999959996,0.004582999999999999,0.0,0.0,0.00019999999999999998,0.0,0.000227,0.0,0.0,0.0,0.0,0.0,0.0,0.152788,0.009687,0.009687,0.0
5,0.9999999999949998,0.0058080000000000015,0.0,0.0,0.001006,0.0,0.0009110000000000001,0.0,0.0,0.0,0.0,0.0,0.0,0.16642100000000004,0.02135200000000001,0.02130800000000001,0.0
6,1.0000129999950003,0.007148999999999999,0.0,0.0,0.001646,0.0,0.0022739999999999995,0.0,0.0,0.0,0.0,0.0,0.0,0.18301700000000012,0.039145999999999966,0.039142999999999956,0.0
7,1.0000220001120006,0.008429999999999998,0.0,0.0,0.0033159999999999995,0.0,0.004243,0.0,0.0,0.0,0.0,0.0,0.0,0.2028030000000001,0.063832,0.06391799999999997,0.0
8,1.0000550008380082,0.009678999999999995,0.0,0.0,0.0068970000000000056,0.0,0.008117000000000006,0.0,0.0,0.0,0.0,0.0,0.0,0.21776000000000026,0.09695699999999983,0.09700099999999985,0.0
9,1.0001140040830612,0.01394799999999999,0.0,0.0,0.009122,0.0,0.012423999999999985,0.0,0.0,0.0,0.0,0.0,0.0,0.23921500000000007,0.12715899999999988,0.12724299999999986,0.0
10,1.000145007617188,0.016153999999999998,0.0,0.0,0.012531999999999991,0.0,0.01806800000000001,0.0,0.0,0.0,0.0,0.0,0.0,0.2563900000000003,0.16621100000000028,0.16628000000000026,0.0
11,1.0002030160276327,0.016513000000000007,0.0,0.0,0.01922300000000002,0.0,0.02568600000000004,0.0,0.0,0.0,0.0,0.0,0.0,0.2737559999999992,0.20403200000000127,0.20398100000000124,0.0
12,1.0002990355171761,0.016340000000000004,0.0,0.0,0.026753000000000023,0.0,0.03260100000000008,0.0,6.7e-05,0.0,0.0,0.0,0.0,0.28249899999999895,0.25512300000000143,0.25511500000000137,0.0
13,1.000401066018805,0.01656200000000001,0.0,0.0,0.03373400000000006,0.0,0.03902700000000001,0.0,0.00015000000000000001,0.0,0.0,0.0,0.0,0.2964309999999979,0.2959609999999987,0.29584599999999867,0.0
14,1.0005271165531326,0.01752800000000001,0.0,0.0,0.04213499999999999,0.0,0.05093199999999994,0.0,0.000172,0.0,0.0,0.0,0.0,0.3163679999999996,0.3383319999999984,0.33808499999999864,0.0
15,1.0006811977290908,0.017256000000000004,0.0,0.0,0.052673999999999895,0.0,0.0627659999999999,0.0,0.00020099999999999998,0.0,0.0,0.0,0.0,0.33156199999999647,0.381806999999995,0.38172099999999526,0.0
16,1.0008603196634986,0.01813900000000001,0.0,0.0,0.06233299999999973,0.0,0.07600299999999988,0.0,0.00026700000000000004,0.0,0.0,0.0,0.0,0.3492209999999986,0.42761199999999644,0.4272489999999965,0.0
17,1.0010174547336952,0.017602000000000024,0.0,0.0,0.07305399999999967,0.0,0.0858249999999995,6.7e-05,0.000357,0.0,0.0,0.0,0.0,0.36260399999999615,0.47196699999999336,0.4713819999999935,0.0
18,1.0013037457257687,0.016840000000000008,0.0,0.0,0.08692599999999948,0.0,0.09842499999999942,0.00019699999999999996,0.000797,0.0,0.0,0.0,0.0,0.37444599999999534,0.5073569999999913,0.5059119999999911,0.0
19,1.0016181551019607,0.017424000000000012,0.0,0.0,0.09964899999999939,0.0,0.11964699999999957,0.00029,0.000994,0.0,0.0,0.0,0.0,0.3820909999999966,0.5455130000000009,0.5431650000000003,0.0
20,1.0020268153092642,0.018980000000000025,0.0,0.0,0.11119299999999925,0.0,0.1320099999999997,0.000335,0.00189,0.0,0.0,0.0,0.0,0.38419799999999416,0.5720410000000062,0.5691070000000052,0.0
21,1.0024877476443448,0.019751999999999985,0.0,0.0,0.12782699999999939,0.0,0.1473270000000005,0.000268,0.0024980000000000007,0.0,0.0,0.0,0.0,0.38690999999999504,0.6105570000000058,0.6064160000000054,0.0
22,1.0029779641529784,0.02065700000000002,0.0,0.0,0.14614500000000077,0.0,0.16025100000000114,0.00026399999999999997,0.00392,0.0,0.0,0.0,0.0,0.39680399999999394,0.6585000000000091,0.6541310000000093,0.0
23,1.0035346169231245,0.019413000000000027,0.0,0.0,0.15885000000000118,0.0,0.18090500000000279,0.0007189999999999999,0.005913000000000003,0.0,0.0,0.0,0.0,0.4097459999999928,0.693150000000022,0.6870000000000219,0.0
24,1.0041829002857021,0.018932999999999995,0.0,0.0,0.18119000000000338,0.0,0.19539500000000357,0.0009739999999999997,0.007230000000000005,0.0,0.0,0.0,0.0,0.42178399999998895,0.7225470000000294,0.7152250000000296,0.0
25,1.0048838199501393,0.017760000000000022,0.0,0.0,0.2006130000000036,0.0,0.218386000000005,0.001487,0.009594000000000002,0.0,0.0,0.0,0.0,0.43083399999999034,0.7515480000000332,0.7429090000000308,0.0
26,1.0056013069976293,0.016791999999999994,0.0,0.0,0.21564000000000524,0.0,0.23477200000000645,0.001538,0.013963999999999994,0.0,0.0,0.0,0.0,0.4383129999999869,0.7783400000000248,0.7696390000000246,0.0
27,1.0064389728864023,0.017431,0.0,0.0,0.22893600000000522,0.0,0.24832200000000662,0.0023090000000000007,0.019992000000000017,0.0,0.0,0.0,0.0,0.4484359999999835,0.7965470000000402,0.7856160000000392,0.0
28,1.007282368745728,0.017816999999999993,0.0,2.2999999999999997e-05,0.25365800000000527,0.0,0.2656410000000047,0.0036349999999999993,0.025243000000000026,0.0,0.0,0.0,0.0,0.44734599999998836,0.8181400000000306,0.8059970000000302,0.0
29,1.0081234495236735,0.017822999999999995,0.0,0.000386,0.2636600000000043,0.0,0.2944570000000007,0.004438000000000001,0.03133600000000008,0.0,0.0,0.0,0.0,0.45215799999998757,0.8386200000000468,0.8245250000000451,0.0
30,1.0090690693193842,0.019062000000000003,0.0,0.00038,0.28487700000000143,0.0,0.30760199999999915,0.004358,0.03644600000000004,0.0,0.0,0.0,0.0,0.4582309999999861,0.8551770000000474,0.8393820000000445,6.7e-05
31,1.0100892381485234,0.021485000000000025,0.0,0.0008430000000000001,0.3047809999999995,0.0,0.3213189999999957,0.004907000000000002,0.0442869999999999,0.0,0.0,0.0,0.0,0.4687839999999859,0.8711890000000437,0.8553710000000425,6.7e-05
32,1.0110730650665383,0.022866000000000043,0.0,0.000934,0.3241179999999968,0.0,0.3432059999999954,0.004931000000000001,0.053684999999999844,0.0,0.0,0.0,0.0,0.478380999999981,0.8829680000000526,0.86672900000005,6.7e-05
33,1.0121872675843153,0.024512000000000055,0.0,0.0015010000000000004,0.33774799999999594,0.0,0.35182799999999326,0.005378000000000002,0.06273699999999989,0.0,6.7e-05,0.0,0.0,0.47860799999998244,0.8956170000000556,0.8792930000000518,2e-05
34,1.0133927826200768,0.02631100000000006,5.7e-05,0.0030609999999999995,0.34659599999999574,0.0,0.3731799999999916,0.0069280000000000045,0.0732899999999996,0.0,0.0,0.0,0.0,0.49357399999998286,0.9098170000000553,0.8935620000000547,0.0
35,1.0146068271737159,0.026571000000000067,0.0,0.0036720000000000017,0.36455799999999017,0.0,0.3862309999999887,0.0070380000000000035,0.08551399999999937,0.0,0.0,0.0,0.0,0.5008189999999794,0.9205240000000646,0.9040830000000613,0.0
36,1.015827399186879,0.028101000000000046,0.0,0.0051980000000000064,0.3802179999999882,0.0,0.40012799999998644,0.007962000000000009,0.0928939999999993,0.0,0.0,0.0,0.0,0.5142459999999823,0.9331170000000634,0.9166350000000608,0.0
37,1.0169895057316154,0.028853000000000042,0.0,0.007435000000000001,0.38908399999998694,0.0,0.4138139999999859,0.008993999999999997,0.10275999999999932,0.0,8.6e-05,0.0,0.0,0.5160429999999845,0.9380720000000582,0.9219260000000564,0.0
38,1.0181112451565022,0.027698000000000052,0.0,0.010508999999999994,0.4009929999999857,0.0,0.4291609999999835,0.009930999999999995,0.11245699999999928,8.6e-05,0.000133,0.0,1.9e-05,0.5236489999999848,0.9464730000000604,0.9296340000000607,0.0
39,1.0193675944330927,0.029015000000000055,0.0,0.014946999999999983,0.4262299999999878,0.0,0.4432459999999831,0.01219399999999999,0.1290479999999996,0.000243,0.00038300000000000004,0.0,0.000238,0.5311169999999906,0.9567720000000633,0.9406650000000631,0.0
40,1.0205184604472768,0.028803000000000085,0.0,0.020947000000000014,0.43942599999998655,0.0,0.4544529999999816,0.012595999999999982,0.14031799999999992,0.0002,0.00041300000000000006,0.0,0.000134,0.5366929999999904,0.96129000000006,0.9438270000000598,9.3e-05
41,1.0216114357184851,0.027446000000000022,0.0,0.025994000000000055,0.4618559999999807,0.0,0.465402999999979,0.012895999999999996,0.15144800000000133,0.000311,0.000661,0.0,0.00018,0.5394979999999886,0.9641490000000625,0.9468360000000605,0.000133
42,1.0227014951204625,0.026411000000000046,0.0,0.032892000000000074,0.48026099999998234,0.0,0.48384199999997607,0.014689999999999991,0.16815800000000203,0.00040100000000000004,0.0007910000000000001,0.0,0.00011,0.5400149999999887,0.9681620000000604,0.951430000000061,0.000199
43,1.0236781750483666,0.027405000000000033,0.0,0.04145899999999995,0.4982109999999807,0.0,0.49948999999997523,0.016134999999999972,0.18230600000000216,0.000402,0.0013099999999999997,0.0,0.00037300000000000007,0.5462079999999888,0.9728410000000665,0.9576600000000647,6.6e-05
44,1.0248287893171901,0.02765200000000006,0.0,0.049545999999999896,0.5174539999999836,0.0,0.5132469999999786,0.019051999999999982,0.2056330000000036,0.000656,0.0016930000000000003,0.0,0.000727,0.5508999999999917,0.9772370000000623,0.9618060000000624,0.000134
45,1.026078055611432,0.025804000000000042,3.4e-05,0.05814299999999983,0.5233229999999843,0.0,0.5299029999999845,0.023803000000000005,0.221272000000005,0.00067,0.0022890000000000007,0.0,0.0007340000000000001,0.5545939999999925,0.980080000000062,0.9649660000000612,0.000354
46,1.027322688292954,0.025374000000000056,0.0,0.07349999999999965,0.5418229999999881,0.0,0.5471199999999898,0.026739000000000044,0.2419430000000052,0.000665,0.0031300000000000017,0.0,0.000867,0.5584189999999918,0.9823420000000592,0.9675760000000619,0.000334
47,1.0284332241190592,0.02465900000000004,0.0,0.09058699999999956,0.5580519999999893,0.0,0.5627309999999917,0.029892000000000064,0.25774600000000425,0.001502,0.0037260000000000014,0.0,0.001218,0.5626269999999906,0.9856270000000602,0.9719770000000612,0.00033299999999999996
48,1.029551131033741,0.02651100000000001,1.8e-05,0.10648399999999947,0.568064999999993,0.0,0.5719059999999956,0.03063100000000007,0.27251400000000225,0.0021459999999999995,0.004423000000000001,0.0,0.0011269999999999997,0.5691289999999944,0.9864070000000604,0.9727270000000618,0.000366
49,1.0306033322897217,0.026429000000000064,0.000108,0.12174999999999898,0.5808349999999941,0.0,0.586172999999995,0.03347900000000006,0.2880529999999996,0.002709,0.005469000000000003,0.0,0.001694,0.5745849999999952,0.9878690000000577,0.975593000000059,0.000209
50,1.0318029545685685,0.02792800000000003,7.500000000000001e-05,0.13869099999999981,0.5962019999999992,0.0,0.5924029999999959,0.03789400000000006,0.3044799999999982,0.0029820000000000003,0.007121000000000006,0.0,0.0022429999999999993,0.5669749999999956,0.9894980000000544,0.9790090000000558,0.000133
51,1.032913174547743,0.029081000000000072,0.00029099999999999997,0.1570070000000012,0.6113090000000065,6.7e-05,0.6070450000000014,0.041575999999999946,0.3220849999999967,0.003452000000000002,0.008470000000000004,0.0,0.0025250000000000003,0.5699769999999947,0.9900680000000575,0.9803460000000594,0.000339
52,1.0341020576117097,0.02882500000000006,0.00015000000000000001,0.1713930000000018,0.6228329999999987,5.6e-05,0.6163060000000012,0.045233999999999996,0.3352139999999943,0.0035170000000000006,0.009718000000000003,0.0,0.002930000000000001,0.5684809999999879,0.9907460000000544,0.9809340000000568,0.000216
53,1.035127886852917,0.029434000000000064,0.000256,0.1935070000000035,0.63722200000001,0.000173,0.6293630000000069,0.050001999999999894,0.34993499999999267,0.004904999999999999,0.011497999999999996,0.0,0.003117000000000001,0.5740109999999962,0.9911160000000573,0.9817080000000589,0.000401
54,1.0362458249707776,0.028836000000000094,0.000352,0.21302200000000412,0.649120000000009,0.000268,0.6401350000000083,0.05288599999999989,0.36766999999999084,0.0058550000000000026,0.01461699999999998,0.0,0.005515000000000002,0.5752499999999957,0.9930180000000631,0.9838500000000653,0.0007980000000000001
55,1.037166011263416,0.027908000000000068,0.000754,0.23036900000000457,0.6614450000000086,0.000134,0.6514260000000063,0.059462999999999974,0.38019899999998896,0.006985000000000007,0.018645999999999992,0.0,0.006743000000000006,0.5827479999999928,0.9944760000000603,0.9858280000000611,0.000555
56,1.0381762109584491,0.026534000000000054,0.001059,0.25021100000000557,0.6688350000000098,6.7e-05,0.6630820000000092,0.0617969999999998,0.39485699999998763,0.008332000000000004,0.021470000000000006,0.0,0.008340000000000004,0.5764689999999945,0.9958200000000608,0.9862570000000616,0.00046699999999999997
57,1.0391043404911093,0.026157000000000038,0.0009860000000000001,0.26976900000000176,0.6698240000000117,0.00015000000000000001,0.6732250000000117,0.07074199999999985,0.4059789999999883,0.009688000000000007,0.024207000000000038,0.0,0.009021999999999999,0.5820690000000005,0.9959830000000474,0.9862750000000501,0.00028300000000000005
58,1.0400125176847477,0.025464000000000077,0.0013970000000000002,0.2894889999999992,0.6804290000000145,9.8e-05,0.6895480000000133,0.07610299999999964,0.4212099999999881,0.011248999999999993,0.02995500000000008,0.0,0.010783999999999998,0.5733089999999949,0.9968640000000513,0.9882570000000536,0.00019
59,1.0409485289507168,0.027853000000000055,0.0015119999999999999,0.3104239999999965,0.692277000000016,0.00023500000000000002,0.7022050000000167,0.08154599999999959,0.4320929999999849,0.01495299999999997,0.03295600000000009,0.0,0.011435999999999991,0.5755859999999925,0.9973790000000553,0.9894360000000563,0.000368
60,1.0416188998034182,0.03009100000000007,0.001515,0.32072299999999593,0.6968650000000122,0.000324,0.7110380000000175,0.08644399999999958,0.44375099999998474,0.017704999999999978,0.03513600000000008,0.0,0.013688999999999986,0.5771929999999948,0.9973690000000603,0.9907970000000622,0.000535
61,1.0424667775879202,0.029685000000000048,0.001648,0.3362959999999949,0.7019850000000162,0.000469,0.7206950000000177,0.08899299999999957,0.45739399999998565,0.01844999999999999,0.03747600000000004,0.0,0.017197999999999995,0.5784149999999959,0.9981680000000499,0.9925670000000528,0.00046499999999999997
62,1.0433351524137031,0.030554000000000074,0.001638,0.36396699999999166,0.7014640000000139,0.000941,0.7322690000000189,0.09143099999999968,0.47200899999998497,0.024251000000000036,0.04563200000000001,0.0,0.017984999999999984,0.5746029999999974,0.9988440000000535,0.993224000000055,0.000693
63,1.0442125972769385,0.03313400000000008,0.002284,0.37610699999999003,0.7095040000000181,0.0010840000000000001,0.7434120000000242,0.09901599999999941,0.4829869999999817,0.026664000000000063,0.04661999999999995,0.0,0.019869000000000015,0.5784249999999967,0.9992740000000524,0.9941930000000547,0.0006010000000000001
64,1.0453184184175095,0.03191100000000005,0.0035830000000000002,0.3939029999999887,0.7207910000000143,0.0017350000000000004,0.7524810000000188,0.1045629999999993,0.49659799999998305,0.030050000000000066,0.051315999999999994,0.0,0.024694000000000046,0.5829139999999925,0.9996170000000455,0.9945310000000495,0.000829
65,1.046014600484223,0.032817000000000034,0.004959000000000002,0.4083789999999872,0.7277990000000175,0.0017680000000000003,0.76216000000002,0.11155199999999933,0.5107169999999835,0.034897000000000046,0.056073999999999895,0.0,0.02654200000000005,0.585892,0.9999890000000489,0.9956340000000525,0.0005840000000000001
66,1.0473294408370826,0.034723000000000004,0.005875000000000002,0.4211849999999871,0.7289530000000143,0.0027319999999999996,0.7676250000000218,0.11695999999999937,0.5171159999999861,0.0366710000000001,0.0602459999999999,0.0,0.02668600000000005,0.5958679999999985,1.0005480000000504,0.9960920000000529,0.00033400000000000004
67,1.0480856126934195,0.03370100000000007,0.006927000000000005,0.44252799999998754,0.7292850000000222,0.0031980000000000008,0.7654750000000269,0.12267599999999942,0.5319599999999852,0.03969700000000004,0.0678479999999998,0.0,0.029452000000000072,0.5961240000000028,1.0005090000000534,0.9962010000000564,0.00038
68,1.0489943029196804,0.03719500000000006,0.007743000000000007,0.45193699999998393,0.7305090000000152,0.0036580000000000015,0.7719150000000262,0.12768199999999946,0.5423059999999909,0.042191999999999966,0.06963499999999988,0.0,0.031526000000000075,0.6030820000000018,0.9999990000000554,0.9958550000000572,0.0006819999999999999
69,1.04976006876087,0.04063899999999999,0.008082000000000002,0.458007999999983,0.7403540000000232,0.003054999999999999,0.777897000000029,0.1337139999999996,0.5582049999999936,0.04473699999999998,0.07506599999999969,0.0,0.03620400000000005,0.601422000000003,1.000137000000053,0.9959480000000566,0.0010679999999999997
70,1.0507856843481047,0.04223599999999998,0.009047000000000003,0.47734299999998187,0.7466290000000187,0.003357000000000001,0.7856450000000249,0.13631200000000024,0.5701779999999922,0.0519289999999999,0.0801339999999996,0.0,0.03760300000000005,0.6024219999999998,1.0005070000000458,0.9966450000000509,0.0011699999999999996
71,1.0518827046026116,0.04584799999999993,0.010710999999999991,0.4977369999999806,0.7527830000000162,0.003983,0.7925540000000211,0.1430730000000005,0.5834699999999969,0.059525999999999954,0.08920199999999959,0.0,0.04178799999999995,0.6039170000000035,1.000449000000048,0.9965750000000513,0.0014699999999999997
72,1.0525169898735374,0.04434799999999996,0.011435999999999986,0.5141439999999844,0.7533030000000221,0.004804000000000001,0.7979220000000308,0.14774800000000035,0.5982259999999968,0.06318299999999984,0.09812599999999937,0.0,0.048138999999999904,0.6040050000000036,1.0004380000000497,0.9968040000000531,0.0015130000000000002
73,1.0531390274146049,0.04604699999999997,0.013397999999999985,0.5275589999999879,0.7493450000000209,0.004702000000000003,0.8028400000000271,0.15073600000000098,0.6048299999999993,0.07239099999999986,0.10812099999999934,0.0,0.05174099999999992,0.6059030000000006,1.0004020000000506,0.996959000000055,0.0029360000000000002
74,1.054447026086707,0.04189500000000003,0.013821999999999987,0.5420749999999896,0.7522930000000241,0.005174000000000003,0.8109590000000343,0.15652600000000128,0.6130790000000015,0.07527199999999964,0.11679499999999927,0.0,0.05528799999999992,0.6113160000000004,1.0006670000000506,0.997221000000053,0.0029790000000000007
75,1.055409736221577,0.04152899999999996,0.014664999999999984,0.5539129999999926,0.7564700000000163,0.006256000000000003,0.8135110000000265,0.15742800000000115,0.6265930000000008,0.07949999999999958,0.11788699999999937,0.0,0.05854899999999984,0.6205440000000049,1.0005860000000473,0.9972770000000506,0.0030970000000000017
76,1.0561928502459035,0.042067999999999973,0.015215999999999978,0.562642999999993,0.761355000000018,0.006459000000000001,0.8169500000000249,0.1604010000000012,0.6323510000000034,0.08312099999999976,0.12242199999999932,0.0,0.0631319999999998,0.6202050000000047,1.0006220000000468,0.9971940000000494,0.0029080000000000004
77,1.0572807288817057,0.04598899999999999,0.015495999999999975,0.575999999999995,0.7612780000000234,0.007185000000000002,0.8291660000000285,0.1676000000000021,0.6476320000000032,0.09097799999999961,0.1274829999999996,0.0,0.0724789999999998,0.6194540000000011,1.000625000000045,0.9971300000000487,0.0033570000000000015
78,1.05789818082742,0.044909999999999936,0.017603999999999998,0.5903429999999977,0.7607070000000221,0.008103000000000003,0.8328120000000335,0.17301000000000252,0.6601150000000082,0.0963009999999996,0.13405499999999987,0.0,0.0786959999999997,0.6208970000000054,1.0005710000000458,0.9973780000000486,0.0036630000000000013
79,1.0589148209792425,0.046890000000000036,0.019992000000000027,0.601168000000003,0.7512650000000209,0.008915999999999999,0.8410720000000308,0.1788680000000025,0.6696610000000129,0.10705899999999946,0.1412430000000005,0.0,0.08478199999999968,0.6225780000000058,1.000458000000046,0.9970960000000509,0.004401
80,1.0597217140728772,0.04775899999999994,0.022243000000000027,0.6192970000000068,0.7517670000000195,0.010151999999999991,0.8478150000000299,0.1866520000000027,0.6805030000000157,0.1150539999999994,0.14871400000000098,0.0,0.08589899999999974,0.630666000000008,1.000338000000039,0.9967700000000423,0.0045720000000000005
81,1.060197529122537,0.05037899999999999,0.025167000000000044,0.6326310000000056,0.7548180000000219,0.010946999999999988,0.8579920000000317,0.19445600000000277,0.6940270000000145,0.12461299999999963,0.15894900000000095,0.0,0.09164099999999964,0.6302950000000072,1.000462000000039,0.9969740000000418,0.005040000000000004
82,1.0608612127758086,0.050250999999999865,0.02745600000000005,0.6435230000000146,0.758356000000024,0.012025999999999985,0.8629550000000359,0.2045000000000037,0.7096680000000192,0.12863099999999994,0.1684280000000019,0.0,0.0979549999999998,0.6429630000000086,1.0006640000000482,0.9973060000000502,0.005410000000000004
83,1.0616218502654198,0.051406999999999925,0.029349000000000045,0.6584070000000137,0.7562180000000218,0.011686999999999996,0.8689280000000291,0.2116150000000034,0.7195930000000181,0.13776300000000025,0.17667700000000178,0.0,0.10063299999999956,0.6512120000000126,1.0005750000000415,0.9968210000000473,0.005676000000000001
84,1.062058176845923,0.0543069999999999,0.03230100000000005,0.6647980000000123,0.7556240000000246,0.01191899999999999,0.8721860000000364,0.21951300000000407,0.7245930000000227,0.14252000000000026,0.1829820000000019,0.0,0.10881099999999945,0.6498740000000082,1.0005900000000456,0.9973330000000473,0.006739000000000004
85,1.0627601973008667,0.05871299999999987,0.03416500000000007,0.6798080000000122,0.7580350000000213,0.012357999999999982,0.8703200000000306,0.22255600000000442,0.7375390000000215,0.1543460000000013,0.18822800000000303,0.0,0.1143729999999994,0.6488760000000111,1.0006340000000418,0.997070000000046,0.007966
86,1.0638505892633414,0.057665999999999884,0.03808500000000002,0.6872130000000121,0.7540360000000162,0.011558999999999998,0.8732380000000275,0.2321330000000044,0.7428310000000142,0.15620600000000115,0.19413300000000233,0.0,0.11638299999999957,0.6472270000000067,1.00056900000004,0.9968830000000439,0.008946000000000003
87,1.0646665626653489,0.061064999999999904,0.03790700000000001,0.692421000000015,0.7571820000000241,0.011300999999999995,0.8784140000000332,0.23758100000000448,0.7483170000000202,0.16892700000000213,0.20193000000000286,0.0,0.12246199999999927,0.6495870000000106,1.0005590000000426,0.9967230000000461,0.009288999999999999
88,1.0656460559030465,0.06229799999999978,0.04236699999999998,0.7017210000000167,0.7608490000000174,0.01190499999999998,0.884640000000029,0.24687400000000462,0.7510860000000167,0.17373600000000186,0.21121200000000265,0.0,0.12962199999999977,0.6533710000000084,1.0005390000000414,0.9967290000000458,0.010256
89,1.0663749578053279,0.06346599999999995,0.046468999999999976,0.7111210000000184,0.7705250000000213,0.012582999999999981,0.8883470000000347,0.254736000000003,0.7537560000000194,0.17788900000000166,0.217752000000003,0.0,0.13689800000000013,0.6545170000000131,1.00058400000004,0.9967280000000434,0.010016999999999991
90,1.0669710614067835,0.06704099999999984,0.05025499999999998,0.7108660000000201,0.770113000000025,0.011960999999999979,0.8924800000000352,0.25685200000000274,0.7656430000000224,0.18565700000000235,0.22810300000000377,0.0,0.14055300000000012,0.6458770000000098,1.000623000000048,0.9970320000000514,0.010359999999999987
91,1.0680284297286886,0.06551999999999986,0.05259399999999998,0.7148880000000188,0.765765000000025,0.01284199999999999,0.895826000000031,0.25835400000000214,0.7807630000000257,0.1947100000000026,0.23970400000000375,0.0,0.1400640000000003,0.6449390000000076,1.0005610000000407,0.9971020000000427,0.009843999999999997
92,1.0686446821326854,0.0651279999999998,0.05666799999999996,0.7205260000000128,0.7588100000000128,0.012734999999999988,0.8992010000000258,0.26720600000000266,0.7870060000000143,0.20140400000000214,0.25143900000000385,0.0,0.14550900000000083,0.6477510000000073,1.000518000000033,0.9965750000000376,0.012167999999999995
93,1.0698404955320266,0.06598699999999987,0.058295999999999897,0.7219320000000198,0.7635080000000247,0.01428699999999998,0.9066250000000295,0.27455799999999986,0.7961930000000236,0.20871100000000334,0.2536760000000032,0.0,0.15031400000000084,0.6517530000000105,1.000588000000038,0.9969200000000411,0.012231999999999988
94,1.0704770506269086,0.06958799999999984,0.06513899999999988,0.725049000000018,0.7646620000000265,0.014445999999999987,0.9114620000000356,0.28161300000000045,0.7989800000000294,0.2153150000000035,0.2617520000000018,0.0,0.1499250000000009,0.6546810000000045,1.0005000000000441,0.9968330000000475,0.011546999999999993
95,1.0713023884329893,0.07252099999999978,0.06870799999999977,0.7308620000000197,0.7644640000000208,0.015198999999999983,0.9128420000000353,0.29096199999999933,0.8078740000000254,0.22893300000000374,0.2683310000000008,0.0,0.15363400000000152,0.661297000000011,1.000517000000043,0.9971460000000452,0.011466999999999995
96,1.0720094480094005,0.07293999999999981,0.06896399999999975,0.7374240000000181,0.7611750000000176,0.014233999999999983,0.9182760000000316,0.295614999999997,0.8103870000000227,0.2317590000000043,0.2743689999999996,0.0,0.1582610000000016,0.6661130000000068,1.0005330000000392,0.996942000000044,0.011464999999999994
97,1.0727716467269774,0.07169799999999989,0.07592599999999983,0.7462760000000227,0.7613970000000259,0.014302999999999996,0.916288000000031,0.3006669999999974,0.8155290000000253,0.24270300000000344,0.2837219999999978,0.0,0.16656800000000127,0.6600240000000105,1.000559000000035,0.9971150000000379,0.011404999999999993
98,1.0732640489128622,0.0737169999999999,0.08239399999999975,0.7518400000000127,0.7595130000000127,0.014464999999999999,0.9174310000000252,0.30808599999999586,0.8205370000000191,0.25213300000000244,0.2926269999999966,0.0,0.17078800000000163,0.6614920000000076,1.000597000000036,0.997141000000039,0.011653999999999994
99,1.0739852823537703,0.07303599999999981,0.08600199999999966,0.7564240000000158,0.7566560000000145,0.015534999999999983,0.9196940000000311,0.31843399999999744,0.8314160000000239,0.25720600000000327,0.3031009999999969,0.0,0.17631100000000147,0.6592980000000104,1.000521000000037,0.9970400000000407,0.012764999999999995
100,1.0748917259321158,0.07723099999999984,0.0913039999999998,0.7623700000000241,0.7604460000000223,0.015517999999999987,0.9265220000000334,0.3248659999999957,0.8375440000000265,0.2624440000000019,0.31279799999999575,0.0,0.1841930000000025,0.65966900000001,1.0004770000000345,0.9966460000000374,0.01432099999999999
101,1.0755312865090823,0.07598499999999989,0.0958469999999997,0.7619180000000193,0.7608960000000181,0.016478999999999994,0.9308560000000358,0.32906499999999206,0.8452570000000301,0.26938499999999976,0.3181109999999947,0.0,0.1922300000000028,0.6605000000000115,1.0005330000000412,0.9967710000000441,0.01618699999999999
102,1.076103469153549,0.07574699999999986,0.10459399999999983,0.7697780000000211,0.7640480000000197,0.01719799999999998,0.9319680000000302,0.3346249999999953,0.8514610000000262,0.27856799999999876,0.3231979999999939,0.0,0.19456300000000246,0.6529690000000063,1.0005210000000377,0.9971060000000413,0.017344000000000002
103,1.0764133869527055,0.07856699999999978,0.10682999999999956,0.7720870000000202,0.7656490000000156,0.017859,0.9373010000000327,0.3418289999999911,0.8538790000000263,0.2780399999999994,0.3319729999999926,0.0,0.19615600000000302,0.6478120000000093,1.0004690000000371,0.9971360000000407,0.015888999999999976
104,1.0775446974224325,0.07823799999999981,0.11488199999999969,0.7795420000000278,0.7721200000000251,0.01719600000000001,0.9380330000000349,0.3519349999999922,0.8619510000000308,0.2847109999999973,0.344343999999993,0.0,0.20602500000000246,0.6506710000000118,1.00046000000004,0.9971140000000418,0.016879000000000005
105,1.078786028913906,0.08097699999999977,0.12112599999999966,0.7850870000000199,0.7782750000000198,0.016861999999999988,0.9378620000000324,0.35436299999999155,0.8709790000000313,0.2925449999999976,0.35055399999999287,0.0,0.21228000000000247,0.6567400000000077,1.0005180000000353,0.9972120000000382,0.019822000000000013
106,1.079337288574719,0.08117699999999994,0.13088200000000016,0.7893590000000223,0.7796240000000191,0.016159999999999987,0.9403520000000335,0.3656319999999905,0.8756150000000298,0.303915999999997,0.35857099999999215,0.0,0.217245000000004,0.6569790000000089,1.0004990000000376,0.997076000000041,0.022197000000000047
107,1.080296819424303,0.08861899999999985,0.1375500000000002,0.7848280000000267,0.7787420000000239,0.01699800000000002,0.9406090000000364,0.3716779999999902,0.8810000000000352,0.30630499999999583,0.3617299999999918,0.0,0.21822900000000378,0.6668990000000087,1.0004970000000453,0.9970710000000499,0.023733000000000018
108,1.0819539947453474,0.0898499999999998,0.1429020000000005,0.789858000000026,0.7796970000000256,0.01834300000000001,0.942134000000039,0.3800579999999903,0.8870400000000366,0.31875199999999543,0.37117299999999204,0.0,0.2278600000000033,0.6622330000000098,1.0004720000000404,0.9970790000000457,0.02345600000000003
109,1.0821335991085184,0.09184399999999962,0.15123400000000056,0.7973550000000192,0.7787050000000177,0.019106,0.9437790000000299,0.3820129999999924,0.8911630000000278,0.3245539999999961,0.3824649999999932,0.0,0.23296100000000314,0.6558520000000052,1.0004850000000343,0.9971650000000362,0.024658000000000024
110,1.0835014159778285,0.09291399999999962,0.15769900000000076,0.800967000000026,0.781364000000024,0.018427,0.9446860000000356,0.38595399999999014,0.8965980000000334,0.32246999999999365,0.3896009999999896,0.0,0.2412980000000037,0.6495180000000101,1.0004470000000394,0.9971820000000421,0.024437000000000052
111,1.0843812191276447,0.0894989999999999,0.16891400000000154,0.8071070000000248,0.7850430000000241,0.019834000000000022,0.9474220000000332,0.39531599999999045,0.9000760000000322,0.32902599999999455,0.3927789999999887,0.0,0.2497530000000039,0.6474590000000073,1.0005230000000365,0.9970650000000401,0.025900000000000038
112,1.0851522141744832,0.09208199999999965,0.1776300000000013,0.8141450000000281,0.7863290000000241,0.019137000000000005,0.9485900000000348,0.4031299999999875,0.9041180000000341,0.3402699999999928,0.41041199999998834,0.0,0.2634600000000015,0.6500970000000099,1.0004600000000394,0.9969880000000412,0.02469300000000002
113,1.085843456134955,0.0952489999999995,0.18455700000000186,0.8199150000000232,0.7828980000000165,0.02001500000000002,0.9502640000000308,0.4107889999999886,0.9039650000000291,0.34381899999999505,0.4105839999999914,0.0,0.27198200000000095,0.6513060000000099,1.0004560000000349,0.997099000000038,0.02542600000000003
114,1.0865459968511118,0.09322499999999977,0.18857600000000208,0.8312110000000263,0.7892360000000215,0.021077000000000012,0.9554170000000326,0.41542299999998744,0.9084760000000317,0.3612319999999914,0.42645799999998873,0.0,0.2873339999999977,0.6540840000000075,1.000483000000038,0.99732700000004,0.025025000000000044
115,1.0878389865874056,0.09717699999999968,0.1993440000000022,0.8328260000000186,0.7876810000000123,0.020730000000000012,0.9576160000000278,0.41804199999998726,0.9154220000000268,0.374228999999993,0.4329389999999909,0.0,0.29698399999999736,0.6558650000000047,1.0004490000000323,0.9973500000000363,0.02736300000000003
116,1.0883274262924185,0.09969199999999971,0.20867800000000244,0.8338320000000238,0.7868420000000196,0.019973000000000022,0.9612180000000292,0.42299799999998616,0.9197830000000307,0.38296999999999176,0.43855399999998845,0.0,0.2987359999999969,0.6546750000000099,1.0005180000000329,0.997147000000037,0.03046900000000003
117,1.0889260063769144,0.09733299999999961,0.21858800000000247,0.839752000000026,0.7862920000000202,0.02083600000000002,0.9630630000000315,0.43385899999998573,0.9247650000000294,0.3924599999999921,0.4485279999999876,0.0,0.3058939999999973,0.6492600000000093,1.0004520000000365,0.9970070000000393,0.030812000000000093
118,1.0891927932485161,0.09853799999999961,0.22427900000000311,0.8435710000000282,0.783531000000019,0.023747000000000018,0.9641100000000304,0.44532199999998673,0.9283880000000295,0.3975789999999909,0.45558599999998783,0.0,0.3020759999999975,0.6571980000000082,1.000472000000034,0.9969610000000384,0.034139
119,1.090497646214864,0.10030699999999974,0.22978200000000246,0.8489920000000258,0.7874410000000149,0.02431100000000002,0.9676260000000331,0.4496989999999844,0.9311560000000321,0.40525699999998965,0.4619539999999867,0.0,0.3113519999999965,0.6570850000000097,1.000460000000036,0.9971930000000397,0.03427300000000001
120,1.0915783293823014,0.09732099999999977,0.23763200000000365,0.8543050000000271,0.7950160000000215,0.02414800000000002,0.9705060000000363,0.4682179999999837,0.9320680000000339,0.41666299999998996,0.4797729999999874,0.0,0.31927999999999696,0.6491500000000112,1.000484000000038,0.9971620000000413,0.03566700000000004
121,1.0929428022940701,0.09868199999999976,0.24339600000000355,0.8601570000000288,0.8012480000000215,0.024606000000000027,0.9694080000000361,0.46812299999998436,0.9342750000000346,0.4273839999999897,0.48612499999998715,0.0,0.33292199999999467,0.6501460000000101,1.000469000000039,0.9972260000000422,0.036886000000000016
122,1.0933209605037066,0.10236599999999975,0.2496940000000024,0.8589910000000257,0.8045300000000184,0.02304000000000001,0.9716340000000295,0.47469899999998766,0.9346290000000307,0.4339159999999899,0.4895939999999875,0.0,0.33123999999999676,0.6518610000000057,1.0004490000000335,0.9973800000000365,0.03664500000000004
123,1.0944897206105213,0.10714599999999977,0.26074100000000133,0.8639100000000247,0.8084380000000184,0.024974000000000027,0.9710290000000292,0.4848229999999872,0.93698300000003,0.44523799999999103,0.5024789999999887,0.0,0.3414469999999963,0.6520580000000098,1.000468000000034,0.9970850000000357,0.03832700000000002
124,1.0952274066822485,0.11015599999999977,0.27391999999999944,0.8683350000000264,0.8080430000000212,0.02527900000000002,0.9703040000000324,0.49167199999998557,0.9395260000000316,0.4559249999999887,0.5129629999999881,0.0,0.34134599999999576,0.6480740000000088,1.0004800000000342,0.9971050000000379,0.03863700000000002
125,1.095944780633663,0.10846199999999954,0.2932469999999983,0.8734370000000239,0.8137540000000199,0.02732200000000003,0.9704140000000306,0.5082329999999874,0.9420030000000286,0.4664409999999893,0.5214499999999934,0.0,0.34970799999999547,0.6444070000000071,1.0004950000000332,0.9971550000000363,0.04031999999999993
126,1.0967130379249233,0.11273499999999965,0.3040329999999982,0.8753310000000242,0.8085250000000196,0.02940500000000002,0.9712770000000325,0.5103969999999863,0.9433710000000313,0.4697959999999884,0.526457999999992,0.0,0.35297599999999435,0.6456780000000044,1.0004790000000348,0.9973120000000395,0.03937199999999992
127,1.0977658824413687,0.11304899999999975,0.31386299999999806,0.8765690000000261,0.8095130000000175,0.02770800000000004,0.9718580000000325,0.5133219999999903,0.9427710000000307,0.47259299999998905,0.5267749999999902,0.0,0.35456199999999427,0.6435520000000088,1.0004530000000347,0.9970940000000363,0.04157699999999998
128,1.0993982603085963,0.11607899999999954,0.32409399999999583,0.8818380000000218,0.8097910000000136,0.028663000000000032,0.9733160000000269,0.5230779999999943,0.9463990000000256,0.48504899999999035,0.5373859999999945,0.0,0.36255499999999513,0.6432080000000051,1.0004220000000288,0.9970000000000324,0.04376200000000005
129,1.1006405803427755,0.11709199999999967,0.3381059999999979,0.8876410000000198,0.8100950000000139,0.02918300000000001,0.9733470000000248,0.5337279999999925,0.9464110000000242,0.48847899999998995,0.538496999999992,0.0,0.362680999999996,0.6418820000000075,1.000391000000027,0.9970770000000309,0.04549599999999999
130,1.1016069427723458,0.11910999999999972,0.35011799999999554,0.893565000000025,0.8077000000000142,0.031575000000000034,0.9742900000000287,0.5438929999999972,0.9506500000000269,0.49175499999998945,0.543764999999998,0.0,0.3745079999999941,0.6471440000000047,1.0004110000000306,0.9974250000000335,0.04576699999999999
131,1.1031965615907993,0.12025799999999984,0.3601929999999958,0.8924090000000229,0.819109000000017,0.030305000000000058,0.9745310000000253,0.5478699999999948,0.9526370000000258,0.4965579999999898,0.5483099999999956,0.0,0.3851139999999936,0.6466390000000067,1.0003880000000276,0.9970090000000309,0.045656999999999975
132,1.1047454495633031,0.11924199999999961,0.3640559999999946,0.8968090000000271,0.8210160000000197,0.03301,0.9749740000000328,0.5468869999999961,0.956258000000032,0.5044639999999877,0.5582160000000007,0.0,0.394618999999993,0.6477570000000102,1.0003740000000356,0.9970470000000372,0.04826400000000003
133,1.1064500717920176,0.11708099999999967,0.3738219999999938,0.8980500000000199,0.8235810000000113,0.034473000000000045,0.9773420000000234,0.5508139999999963,0.9567690000000211,0.50527299999999,0.5585029999999924,0.0,0.39795299999999284,0.6430410000000051,1.0004150000000254,0.9971410000000285,0.05144899999999995
134,1.1077944086292721,0.12059399999999956,0.3816829999999943,0.9028570000000231,0.8182910000000163,0.03602200000000001,0.9771700000000244,0.5539979999999999,0.9586120000000244,0.5036399999999913,0.5602590000000005,0.0,0.3996689999999934,0.6510420000000072,1.0004250000000279,0.9970990000000303,0.05262199999999993
135,1.1094173274379435,0.12195099999999971,0.3841719999999933,0.9042080000000212,0.8163080000000166,0.04059800000000001,0.9772900000000252,0.5566879999999975,0.9587850000000236,0.5039669999999898,0.5599399999999973,0.0,0.3984449999999928,0.649233000000003,1.0003650000000275,0.99696900000003,0.049841999999999984
136,1.1103658792529336,0.1261649999999994,0.38757499999999473,0.9026490000000245,0.8196400000000175,0.03930300000000002,0.9782600000000292,0.5581399999999983,0.9608320000000283,0.5124959999999925,0.5684490000000004,0.0,0.4076649999999939,0.6507140000000081,1.0004180000000338,0.9971420000000368,0.04916999999999994
137,1.1118160170912752,0.12379899999999934,0.390939999999993,0.906060000000031,0.8213890000000229,0.042090999999999996,0.9781020000000334,0.5640570000000017,0.9634030000000335,0.5227069999999943,0.5736950000000001,0.0,0.41479999999999206,0.6596650000000103,1.000381000000035,0.996920000000037,0.048056999999999885
138,1.1126343136798926,0.12213799999999984,0.39421099999999304,0.9103200000000256,0.8221290000000164,0.04318599999999995,0.978534000000027,0.5645359999999994,0.9657140000000284,0.5384749999999968,0.5832010000000003,0.0,0.42086999999999325,0.6625130000000066,1.0003780000000306,0.9969800000000335,0.04574600000000002
139,1.1137113436955677,0.12163999999999983,0.40632299999999366,0.9125660000000244,0.8224230000000158,0.04441700000000001,0.9782890000000276,0.5770670000000024,0.9662320000000285,0.5419989999999956,0.5816960000000021,0.0,0.4287969999999928,0.6574560000000063,1.000321000000029,0.9970090000000329,0.045850999999999975
140,1.1156892950420019,0.11895499999999959,0.41895399999999217,0.9135860000000261,0.8227940000000181,0.045859999999999936,0.9800310000000277,0.5857600000000013,0.9645990000000277,0.5489899999999962,0.5833959999999994,0.0,0.4330349999999902,0.6566940000000108,1.0003720000000311,0.9971450000000337,0.04380599999999996
141,1.1167893646869473,0.1171329999999996,0.4336759999999929,0.9146580000000228,0.8185420000000173,0.051116000000000016,0.9818370000000288,0.592937000000001,0.9632010000000276,0.5514499999999948,0.581387,0.0,0.4323979999999923,0.6546510000000051,1.00033400000003,0.997112000000034,0.04580000000000001
142,1.1169166786745544,0.1135469999999998,0.44381199999999404,0.9174890000000219,0.8217530000000158,0.05335600000000004,0.9805270000000239,0.5975630000000033,0.9653050000000227,0.554506999999999,0.5900219999999989,0.0,0.4436349999999916,0.6530820000000074,1.000348000000025,0.9968760000000271,0.04694099999999993
143,1.1177186248498707,0.11104099999999976,0.44922199999999274,0.9185800000000183,0.8205010000000112,0.052758000000000006,0.9804470000000199,0.6000910000000007,0.9657850000000205,0.5596729999999961,0.590675999999998,0.0,0.4445959999999926,0.6536930000000031,1.0004040000000207,0.996854000000023,0.046151999999999985
144,1.1184809089520413,0.11002199999999972,0.4640009999999924,0.9199210000000209,0.832528000000013,0.04949899999999998,0.980586000000024,0.6116610000000048,0.9636990000000237,0.5665979999999993,0.5899250000000009,0.0,0.44860599999999295,0.6459570000000048,1.0003470000000256,0.9971410000000278,0.04740299999999995
145,1.1197134749137347,0.11491699999999963,0.4744689999999933,0.9227350000000217,0.8351800000000187,0.048584000000000016,0.9799440000000222,0.6183030000000068,0.962209000000023,0.5695140000000007,0.6005680000000015,0.0,0.45328599999999286,0.6401750000000054,1.0003360000000248,0.997114000000027,0.04769599999999993
146,1.1205902105646186,0.12006299999999939,0.4739659999999904,0.9296310000000296,0.83821800000002,0.04485600000000004,0.981892000000029,0.6196810000000051,0.9659120000000305,0.5811630000000034,0.610395000000006,0.0,0.4626529999999909,0.6378390000000078,1.0003690000000314,0.9968610000000327,0.046986999999999966
147,1.1224515109044007,0.11699199999999975,0.48552799999999297,0.9309150000000225,0.8380870000000132,0.04337099999999998,0.9833550000000231,0.6285960000000074,0.9660000000000228,0.5883380000000036,0.6167040000000037,0.0,0.4705609999999936,0.6361830000000073,1.0003370000000247,0.9971290000000277,0.04906399999999999
148,1.1241071268830116,0.11653699999999963,0.4944279999999914,0.9337170000000274,0.8425010000000193,0.04183700000000001,0.98334700000003,0.6289370000000103,0.9664790000000304,0.5968460000000033,0.6283970000000042,0.0,0.4804639999999903,0.6342450000000078,1.0003470000000318,0.9971640000000348,0.04924099999999994
149,1.1261743598893839,0.1151659999999996,0.4986029999999908,0.9354600000000193,0.8409920000000125,0.042494000000000004,0.9838190000000202,0.6294000000000051,0.9649300000000194,0.5993160000000023,0.6351380000000023,0.0,0.4858519999999906,0.6340220000000047,1.0003430000000206,0.9969200000000241,0.051599999999999945
150,1.1275449140853897,0.11129799999999976,0.5088069999999911,0.9399000000000215,0.8484980000000166,0.04232400000000001,0.9836280000000225,0.6360560000000063,0.9675420000000214,0.6098040000000036,0.6412770000000044,0.0,0.4958579999999908,0.6297940000000058,1.000315000000023,0.9969330000000254,0.05032500000000003
151,1.128503327262387,0.11007599999999976,0.5179709999999961,0.9404130000000281,0.8463460000000185,0.04369499999999999,0.9849340000000282,0.6425200000000109,0.9695120000000282,0.6208130000000064,0.6440580000000088,0.0,0.5036149999999927,0.6319030000000057,1.000331000000029,0.9970660000000308,0.051045
152,1.1297491949357166,0.11062999999999973,0.521648999999995,0.9450860000000186,0.8444450000000133,0.04610599999999998,0.9847250000000198,0.639711000000004,0.9665250000000196,0.6261070000000034,0.6452740000000029,0.0,0.5022659999999928,0.6211110000000031,1.000288000000021,0.9970700000000248,0.04947
153,1.1306733297771965,0.10776099999999966,0.5248769999999967,0.9477680000000182,0.8398830000000133,0.049662000000000074,0.9845870000000194,0.6408390000000084,0.9672680000000187,0.6314920000000077,0.6468060000000071,0.0,0.5096639999999957,0.6167690000000039,1.0003690000000198,0.9970280000000228,0.050886
154,1.1317915657003674,0.10531799999999994,0.5224739999999944,0.9495850000000193,0.8369400000000136,0.04973999999999997,0.9863470000000212,0.6371050000000066,0.9667910000000188,0.6325640000000082,0.6545280000000104,0.0,0.5177199999999936,0.6142760000000039,1.0003020000000216,0.9970880000000244,0.05221199999999995
155,1.1342611348967486,0.10850199999999963,0.5304869999999956,0.9478070000000232,0.8370160000000174,0.050657999999999995,0.985056000000025,0.6392050000000069,0.9687020000000243,0.636301000000005,0.6587870000000059,0.0,0.5226399999999938,0.614080000000005,1.0002630000000265,0.9969040000000288,0.05421699999999996
156,1.136023776700407,0.10511899999999971,0.5412269999999972,0.9481680000000245,0.8402580000000166,0.052351999999999954,0.9844630000000242,0.645891000000009,0.9688430000000253,0.6450980000000086,0.6687980000000089,0.0,0.5279519999999942,0.6161340000000066,1.0002540000000257,0.9967780000000294,0.054827999999999884
157,1.137407453660455,0.1029169999999999,0.541432999999995,0.948871000000022,0.8381880000000158,0.053499999999999985,0.9849960000000212,0.6439210000000078,0.9695650000000227,0.6470050000000078,0.6746830000000086,0.0,0.5231099999999955,0.6149490000000031,1.0002810000000224,0.9971880000000257,0.05104100000000001
158,1.1382991811041494,0.09683899999999974,0.5533929999999995,0.9515150000000231,0.844139000000016,0.05330999999999998,0.9852960000000246,0.6489660000000073,0.9704800000000253,0.6511220000000078,0.6797510000000073,0.0,0.5292159999999947,0.6176020000000033,1.0002780000000249,0.996914000000027,0.05192199999999995
159,1.1402058322325255,0.09840399999999992,0.5526590000000006,0.9519260000000173,0.8426600000000127,0.056442999999999924,0.9853310000000175,0.6485610000000078,0.9697620000000181,0.6476260000000069,0.6771240000000088,0.0,0.5290389999999983,0.620344000000005,1.0002970000000189,0.9970010000000217,0.05411399999999993
160,1.1426219283910448,0.09611899999999973,0.5626549999999977,0.9540190000000218,0.8449950000000168,0.055112000000000015,0.9873280000000239,0.6538450000000097,0.969690000000024,0.6550450000000088,0.6811030000000096,0.0,0.5346859999999957,0.619830000000004,1.000250000000025,0.9967550000000271,0.05527199999999998
161,1.143826251903597,0.09465599999999982,0.565009999999997,0.9562240000000188,0.8442450000000143,0.05665299999999997,0.9876600000000199,0.6515110000000054,0.9704150000000203,0.6625350000000064,0.6873920000000062,0.0,0.5366119999999959,0.6156930000000008,1.0002670000000218,0.997048000000023,0.057222000000000016
162,1.1460063847397486,0.0963919999999998,0.5714140000000006,0.9609290000000211,0.8453800000000149,0.056301,0.9883350000000223,0.6596830000000097,0.9699030000000223,0.6668060000000102,0.6893090000000086,0.0,0.5456689999999979,0.6120250000000074,1.0002380000000226,0.9971530000000235,0.06004699999999994
163,1.1471879173224406,0.09880899999999988,0.5798170000000005,0.9632680000000174,0.8465890000000107,0.054841,0.9875170000000166,0.6624590000000071,0.9696140000000172,0.6689000000000066,0.691369000000007,0.0,0.545713999999995,0.6145020000000017,1.0002250000000168,0.9967120000000189,0.06032899999999995
164,1.1485381575011469,0.10278799999999978,0.5818209999999985,0.9654550000000195,0.8446420000000143,0.054754,0.9892220000000197,0.6625320000000072,0.9687460000000202,0.6708930000000083,0.6967620000000083,0.0,0.5423969999999927,0.6155929999999988,1.0002380000000202,0.9967970000000229,0.06242799999999995
165,1.1495144149350451,0.1032359999999998,0.5835840000000017,0.9679050000000153,0.8449470000000117,0.054878999999999914,0.9881310000000157,0.663734000000009,0.969909000000016,0.6780580000000074,0.7025250000000062,0.0,0.5459709999999972,0.6131960000000031,1.0002140000000166,0.9967880000000178,0.06525200000000006
166,1.1497627100486891,0.1109309999999999,0.5864540000000019,0.969600000000017,0.8455890000000121,0.05323199999999996,0.9883480000000173,0.6674180000000072,0.970558000000017,0.6846470000000047,0.7039890000000074,0.0,0.5581399999999994,0.6169540000000016,1.0002170000000172,0.9968880000000195,0.062363999999999975
167,1.1515850839441344,0.10817099999999989,0.5904380000000018,0.9700290000000177,0.8457100000000148,0.05433499999999999,0.9886150000000179,0.668520000000009,0.9712160000000177,0.6887020000000086,0.7098280000000082,0.0,0.5666930000000009,0.6164420000000039,1.000198000000018,0.9971060000000207,0.06572099999999992
168,1.1534587128757303,0.10257699999999999,0.5980579999999998,0.9706800000000148,0.8479100000000082,0.05073399999999998,0.989735000000015,0.6731180000000049,0.972858000000015,0.692720000000007,0.7154130000000067,0.0,0.5682649999999982,0.6154810000000019,1.0002270000000164,0.9968890000000192,0.06606299999999991
169,1.155662972476054,0.10264599999999992,0.6009610000000034,0.9720020000000159,0.8458660000000114,0.05154299999999997,0.9898750000000153,0.6735900000000105,0.9738350000000165,0.7002400000000082,0.7196530000000083,0.0,0.5750860000000036,0.6139730000000023,1.0002370000000163,0.9970570000000191,0.06484999999999996
170,1.1571953815775742,0.10667699999999974,0.6030220000000026,0.9739900000000202,0.8458160000000157,0.05326,0.9894920000000189,0.6762660000000101,0.9743300000000201,0.7054400000000076,0.7239620000000078,0.0,0.5823580000000018,0.6174920000000066,1.00022300000002,0.997146000000022,0.06591899999999987
171,1.1587714816873054,0.10623799999999961,0.6113700000000005,0.9764100000000125,0.8524640000000102,0.051315000000000034,0.9905010000000125,0.6830500000000062,0.9745180000000129,0.7131330000000075,0.7333240000000065,0.0,0.5950460000000009,0.6194390000000033,1.0002100000000131,0.9968410000000146,0.06541299999999987
172,1.159905918967893,0.1036619999999999,0.6095790000000025,0.9753920000000176,0.8572290000000113,0.05035899999999997,0.9910630000000185,0.6861700000000075,0.9750900000000189,0.7136730000000079,0.7380710000000071,0.0,0.6009120000000036,0.6135710000000054,1.000204000000019,0.9967820000000213,0.06351999999999995
173,1.1616330188812576,0.10039899999999964,0.6126870000000049,0.9767040000000229,0.8565760000000177,0.05208899999999994,0.991526000000023,0.6888470000000113,0.9746380000000235,0.7198720000000112,0.7413590000000105,0.0,0.6017220000000042,0.6155640000000067,1.0002690000000225,0.9972650000000239,0.06585099999999994
174,1.1632325875482827,0.10138599999999966,0.6159580000000036,0.978682000000022,0.8619950000000168,0.051534999999999984,0.9923430000000221,0.6915240000000099,0.9751570000000227,0.725193000000009,0.7483400000000081,0.0,0.6082300000000035,0.6100910000000042,1.000214000000023,0.9968820000000245,0.06782499999999994
175,1.164225988178074,0.09740999999999983,0.6207570000000059,0.9790890000000139,0.8654570000000099,0.05310800000000002,0.992096000000013,0.6989710000000099,0.9752970000000128,0.7302260000000086,0.7538920000000073,0.0,0.6090810000000049,0.6115190000000056,1.0002190000000133,0.9967410000000165,0.070001
176,1.16697821841414,0.10148399999999977,0.6164719999999992,0.9813570000000137,0.8634010000000107,0.05555699999999996,0.9918960000000141,0.6961250000000037,0.9762250000000132,0.7302770000000055,0.7557930000000059,0.0,0.6104999999999984,0.6119989999999994,1.0001990000000136,0.9968850000000172,0.07148999999999993
177,1.1673808258995093,0.10510899999999986,0.6207900000000011,0.9810790000000162,0.8664220000000075,0.05617000000000007,0.9921880000000166,0.6952820000000081,0.976904000000016,0.7334340000000069,0.7576690000000053,0.0,0.6107290000000005,0.6110930000000021,1.0002420000000167,0.9971730000000188,0.07110399999999999
178,1.1688669016908977,0.10647299999999972,0.6220980000000057,0.9823350000000168,0.8640530000000126,0.05732399999999996,0.992050000000017,0.69495400000001,0.9754500000000174,0.737318000000008,0.7581690000000062,0.0,0.613417000000006,0.6083430000000076,1.0001730000000177,0.9968580000000191,0.07087599999999998
179,1.1700766789341683,0.10523499999999981,0.6333230000000062,0.9831290000000176,0.8667160000000148,0.054609000000000005,0.9932450000000181,0.7053860000000106,0.977345000000018,0.7426560000000093,0.7639830000000105,0.0,0.6198040000000037,0.6045960000000081,1.000215000000018,0.9967720000000205,0.07358200000000002
180,1.1726742491614215,0.10501799999999982,0.6320150000000041,0.9839730000000171,0.8671720000000114,0.053363999999999974,0.9933870000000169,0.7079760000000115,0.978913000000016,0.7433770000000091,0.7676370000000102,0.0,0.6265790000000055,0.6022930000000059,1.0002040000000172,0.9968070000000198,0.076547
181,1.1744098070501987,0.10530199999999984,0.636898000000006,0.983204000000016,0.8727110000000127,0.05398399999999996,0.9927130000000162,0.7117670000000095,0.9778000000000158,0.748946000000009,0.7734740000000084,0.0,0.6261960000000049,0.6019620000000067,1.0002030000000166,0.9969320000000179,0.078962
182,1.175514926678651,0.10215099999999973,0.6398970000000046,0.9851420000000144,0.8778090000000108,0.052933999999999995,0.9939270000000145,0.7123440000000091,0.9790090000000145,0.7554610000000086,0.782072000000009,0.0,0.6333110000000043,0.5915990000000035,1.0002120000000148,0.996959000000016,0.08208399999999998
183,1.1772640928895661,0.10606499999999973,0.6438460000000058,0.9854580000000149,0.8859260000000093,0.05142899999999996,0.993224000000016,0.7176770000000084,0.9812770000000158,0.7616380000000063,0.7892140000000067,0.0,0.6374630000000049,0.5966470000000026,1.0001960000000167,0.9970350000000179,0.08381099999999986
184,1.180151921709443,0.10588499999999987,0.6500590000000029,0.9869020000000142,0.8877140000000096,0.05334499999999997,0.9929290000000143,0.7237830000000085,0.9831920000000137,0.7647320000000053,0.7938900000000061,0.0,0.6401160000000025,0.5995150000000032,1.0001580000000148,0.9968080000000167,0.08244499999999995
185,1.1816518948019525,0.1037269999999998,0.6526950000000048,0.9869220000000153,0.8890930000000096,0.05382599999999993,0.9935730000000152,0.7250140000000075,0.9853080000000155,0.7698230000000068,0.7981370000000075,0.0,0.6424520000000026,0.5958010000000057,1.0001680000000157,0.9968750000000166,0.08344199999999996
186,1.184168813337899,0.10167499999999964,0.6600300000000012,0.9878860000000139,0.8894570000000093,0.053353999999999936,0.9942510000000141,0.7302680000000054,0.9858840000000137,0.7726660000000064,0.8006690000000055,0.0,0.646676000000001,0.5990940000000032,1.0001890000000146,0.9967310000000157,0.08760599999999992
187,1.1860101958426554,0.09968799999999978,0.6690850000000046,0.9880470000000141,0.8901260000000119,0.055281000000000004,0.9953510000000148,0.7360570000000096,0.9852920000000142,0.7748100000000094,0.8029760000000097,0.0,0.6468360000000039,0.5919860000000005,1.0001680000000148,0.9968180000000176,0.08619799999999994
188,1.1872495764973283,0.0983849999999998,0.6795090000000061,0.9875450000000162,0.8917650000000112,0.05482399999999996,0.9957910000000156,0.7433680000000095,0.9859550000000158,0.7797580000000087,0.8045010000000106,0.0,0.653713000000005,0.5932630000000051,1.000201000000016,0.9971840000000175,0.08779499999999997
189,1.1886612162438008,0.09516999999999996,0.6813790000000053,0.9868120000000168,0.8916780000000132,0.054053000000000025,0.9960460000000166,0.7460220000000085,0.9883820000000171,0.7867850000000081,0.8115110000000102,0.0,0.6626040000000055,0.5912800000000047,1.0001740000000172,0.9968900000000172,0.08856599999999996
190,1.1900887983645292,0.09212799999999986,0.6920330000000081,0.987302000000017,0.8928650000000136,0.05068199999999999,0.9966300000000177,0.7567360000000107,0.9896980000000172,0.7925040000000106,0.8145440000000111,0.0,0.6677290000000072,0.5807020000000022,1.0001580000000179,0.9969110000000191,0.09118199999999996
191,1.1916751867327695,0.09391999999999975,0.693580000000004,0.988646000000012,0.8957340000000094,0.04886399999999998,0.9956890000000127,0.7548960000000081,0.9915900000000122,0.802659000000007,0.8226130000000087,0.0,0.6746250000000028,0.575631000000003,1.0001710000000124,0.996706000000014,0.090434
192,1.194040661978447,0.09326099999999983,0.6928790000000058,0.9893980000000157,0.8985470000000131,0.050102000000000015,0.9961970000000155,0.7539660000000094,0.9914970000000153,0.7997780000000085,0.823067000000009,0.0,0.6716200000000059,0.570587000000003,1.0001760000000157,0.9968070000000168,0.09113199999999991
193,1.1966305361742966,0.09217499999999983,0.7000780000000061,0.9901570000000147,0.8998660000000104,0.051061999999999955,0.9962110000000148,0.7609650000000103,0.992320000000015,0.8019870000000059,0.8263050000000075,0.0,0.6764530000000032,0.5697390000000029,1.000158000000015,0.996793000000016,0.08765799999999992
194,1.1986121563422183,0.08928399999999988,0.7130890000000041,0.9903330000000132,0.9000650000000101,0.05158699999999996,0.995272000000014,0.7717380000000073,0.9932940000000142,0.8092530000000054,0.8331340000000065,0.0,0.6792180000000038,0.567995000000003,1.0001800000000143,0.9968700000000161,0.08667999999999992
195,1.2002830216881752,0.09107499999999982,0.7129390000000025,0.9910220000000141,0.8988680000000092,0.052906000000000016,0.9959800000000145,0.7699440000000055,0.9942190000000142,0.8194910000000046,0.8381060000000078,0.0,0.6885360000000015,0.564203000000002,1.0001560000000145,0.9967800000000159,0.08556199999999983
196,1.2024999444292497,0.09339600000000002,0.7120850000000033,0.9894750000000123,0.8940570000000072,0.05468899999999996,0.995814000000012,0.7680970000000066,0.9947150000000127,0.818036000000006,0.835540000000006,0.0,0.6889890000000042,0.5646800000000044,1.000122000000013,0.9966150000000131,0.08867599999999995
197,1.2040078793595796,0.0901219999999999,0.7149520000000067,0.9892910000000147,0.9015090000000117,0.05035399999999996,0.9956570000000151,0.7700440000000107,0.994255000000015,0.8236670000000085,0.83448900000001,0.0,0.6896800000000055,0.5574540000000018,1.000146000000015,0.9967860000000158,0.09067499999999991
198,1.2053575721923582,0.08638799999999995,0.7205410000000043,0.9902310000000139,0.9041450000000103,0.04830500000000002,0.996385000000014,0.7771220000000074,0.9950940000000136,0.8289850000000072,0.8377990000000072,0.0,0.6941330000000059,0.5503930000000002,1.000178000000014,0.9967170000000152,0.09110299999999988
199,1.208191367844599,0.0875239999999999,0.7180700000000074,0.9896280000000133,0.9047240000000113,0.04631899999999998,0.9958570000000136,0.7767940000000098,0.9948670000000139,0.8313030000000087,0.836440000000009,0.0,0.6954800000000041,0.5485979999999998,1.0001220000000142,0.996869000000015,0.09479499999999985
200,1.209798262363849,0.08630599999999992,0.7261210000000069,0.9897250000000145,0.9079450000000104,0.04668000000000001,0.9957220000000148,0.7834570000000095,0.9952030000000149,0.8360580000000087,0.840865000000009,0.0,0.7004210000000043,0.5486970000000018,1.000125000000015,0.9968010000000166,0.09532399999999991
