,PopRatio,Diff_KC,Fibroblast,ILC3,M1,M2,Neutrophil,Prol_KC,Th0,Th1,Th17,Th2,Th22,Treg,iDC,pDC,preDiff_KC
0,1.0,0.000319,0.0,0.0,0.0,0.0,0.0,0.0,0.0,0.0,0.0,0.0,0.0,0.16812200000000002,0.0,0.0,0.0
1,0.9999989999999999,0.001632,0.0,0.0,0.0,0.0,0.0,0.0,0.0,0.0,0.0,0.0,0.0,0.12634700000000001,0.0,0.0,0.0
2,0.9999960000030006,0.0021899999999999997,0.0,0.0,0.0,0.0,0.0,0.0,0.0,0.0,0.0,0.0,0.0,0.127589,0.0008520000000000004,0.0008620000000000005,0.0
3,0.9999950000070007,0.0032430000000000002,0.0,0.0,0.000134,0.0,6.7e-05,0.0,0.0,0.0,0.0,0.0,0.0,0.13613300000000006,0.004707000000000001,0.004694000000000001,0.0
4,0.9999960000020006,0.0046570000000000005,0.0,0.0,0.000171,0.0,0.000259,0.0,0.0,0.0,0.0,0.0,0.0,0.14865,0.0114,0.011418000000000001,0.0
5,0.9999999999860001,0.005812,0.0,0.0,0.000739,0.0,0.000714,0.0,0.0,0.0,0.0,0.0,0.0,0.16361300000000006,0.023908000000000006,0.023905000000000006,0.0
6,1.0000139999860005,0.006985000000000003,0.0,0.0,0.0014000000000000002,0.0,0.0020559999999999997,0.0,0.0,0.0,0.0,0.0,0.0,0.1810640000000002,0.044513000000000046,0.04452000000000005,0.0
7,1.0000230001120038,0.007928999999999999,0.0,0.0,0.0031269999999999996,0.0,0.004575999999999999,0.0,0.0,0.0,0.0,0.0,0.0,0.18979700000000016,0.06916099999999996,0.06911599999999997,0.0
8,1.0000440005950069,0.009274999999999997,0.0,0.0,0.005483000000000002,0.0,0.006155000000000001,0.0,0.0,0.0,0.0,0.0,0.0,0.20663600000000035,0.10379999999999984,0.10378399999999981,0.0
9,1.000074001915028,0.010731000000000001,0.0,0.0,0.008506000000000003,0.0,0.010107000000000001,0.0,0.0,0.0,0.0,0.0,0.0,0.21728000000000014,0.1399280000000004,0.13988500000000045,0.0
10,1.0001160050231117,0.011179999999999997,0.0,0.0,0.012403999999999984,0.0,0.014628999999999977,0.0,0.0,0.0,0.0,0.0,0.0,0.23275500000000032,0.179830000000001,0.17991000000000099,0.0
11,1.000182012679451,0.01224399999999999,0.0,0.0,0.018663,0.0,0.019108000000000007,0.0,3.1e-05,0.0,0.0,0.0,0.0,0.2425290000000002,0.2205300000000014,0.22048400000000137,0.0
12,1.0002690285145588,0.012729999999999993,0.0,0.0,0.025632000000000033,0.0,0.026218000000000023,0.0,0.0,0.0,0.0,0.0,0.0,0.2580549999999997,0.25661399999999995,0.2564990000000001,0.0
13,1.0003430484226734,0.013245000000000002,0.0,0.0,0.03540500000000003,0.0,0.03234200000000009,0.0,6.7e-05,0.0,0.0,0.0,0.0,0.2743909999999992,0.3045999999999984,0.30439799999999845,0.0
14,1.0004750937050702,0.015171999999999988,0.0,0.0,0.04721499999999994,0.0,0.040423000000000014,0.0,0.000268,0.0,0.0,0.0,0.0,0.28620599999999824,0.35386599999999724,0.35359499999999755,0.0
15,1.0006091573676383,0.015719999999999984,0.0,0.0,0.058370999999999895,0.0,0.051686999999999865,0.0,0.0005070000000000001,0.0,0.0,0.0,0.0,0.29608599999999874,0.40028899999999445,0.40003199999999445,0.0
16,1.0007642517870452,0.016586,0.0,0.0,0.06981899999999981,0.0,0.06245099999999992,0.0,0.000961,0.0,0.0,0.0,0.0,0.3161549999999969,0.44216799999999173,0.4419059999999919,0.0
17,1.0009964290934719,0.02012400000000001,0.0,0.0,0.08209599999999984,0.0,0.0722379999999998,0.0,0.001657,0.0,0.0,0.0,0.0,0.3348429999999988,0.48323499999999253,0.48266299999999257,0.0
18,1.0012226542864628,0.019545000000000024,0.0,0.0,0.09436799999999947,0.0,0.08860699999999946,0.0,0.0023479999999999994,0.0,0.0,0.0,0.0,0.3512059999999991,0.5229049999999952,0.5219259999999951,0.0
19,1.0015150113015376,0.019982999999999994,0.0,0.0,0.10595099999999935,0.0,0.10105199999999939,0.0,0.003164,0.0,0.0,0.0,0.0,0.3668299999999966,0.5633600000000039,0.5617540000000039,0.0
20,1.0018655415555222,0.017874000000000015,0.0,0.0,0.11524899999999931,0.0,0.11173899999999902,0.0,0.004020999999999999,0.0,0.0,0.0,0.0,0.379769999999995,0.6009570000000112,0.5989610000000104,0.0
21,1.0022472523268828,0.018777000000000002,0.0,0.0,0.13101499999999952,0.0,0.12203099999999917,0.0,0.004865,0.0,0.0,0.0,0.0,0.39180499999999346,0.6333790000000081,0.6303280000000085,0.0
22,1.0027263265135231,0.019045,0.0,0.0,0.14731300000000067,0.0,0.140329,0.0,0.006951000000000006,0.0,0.0,0.0,0.0,0.40548299999999504,0.6662240000000215,0.6619610000000201,0.0
23,1.0032176624135547,0.02022800000000003,0.0,0.0,0.1657240000000016,0.0,0.15566100000000163,0.0,0.009032000000000002,0.0,0.0,0.0,0.0,0.40886899999999154,0.6908650000000197,0.6859520000000193,0.0
24,1.0037774578692207,0.020399000000000018,0.0,4.1e-05,0.18608000000000288,0.0,0.16702700000000237,0.0,0.01281199999999998,0.0,0.0,0.0,0.0,0.4185169999999941,0.7236420000000207,0.7179330000000196,0.0
25,1.0044118452226314,0.021238000000000024,0.0,6.7e-05,0.20130600000000387,0.0,0.18854200000000368,8e-06,0.017208999999999985,0.0,0.0,0.0,0.0,0.43185299999999494,0.7519260000000259,0.7461710000000247,0.0
26,1.00514205263414,0.021143000000000016,0.0,0.000201,0.21794000000000452,0.0,0.2083370000000043,6.500000000000001e-05,0.01997800000000002,0.0,0.0,0.0,0.0,0.4360909999999903,0.7754840000000335,0.7689740000000329,0.0
27,1.0060145159358735,0.02162000000000001,0.0,6.7e-05,0.24094700000000646,0.0,0.21969800000000514,6.7e-05,0.02234500000000003,0.0,0.0,0.0,0.0,0.4376379999999896,0.7941670000000346,0.7877260000000326,0.0
28,1.0068957846518825,0.022256000000000036,0.0,0.0,0.2583240000000048,0.0,0.24050400000000735,6.7e-05,0.02684200000000002,0.0,0.0,0.0,0.0,0.44355499999998776,0.8158880000000384,0.8088500000000372,0.0
29,1.0077828598382084,0.02352300000000003,0.0,6.7e-05,0.2809820000000004,0.0,0.25753300000000645,0.00022600000000000002,0.033501000000000045,0.0,0.0,0.0,0.0,0.45964799999998507,0.8407290000000419,0.8331050000000398,0.0
30,1.0088007205267011,0.022491000000000018,0.0,0.00035400000000000004,0.2972310000000005,0.0,0.27593100000000315,0.00046,0.03867900000000002,0.0,0.0,0.0,0.0,0.47004299999998256,0.854978000000049,0.8470080000000482,0.0
31,1.009818600453781,0.023045000000000013,0.0,0.000419,0.3140409999999978,0.0,0.2918519999999994,0.000816,0.043482999999999966,0.0,0.0,0.0,0.0,0.48072099999998413,0.8732920000000477,0.8647490000000468,0.0
32,1.0109132438167237,0.02321500000000003,0.0,0.0006789999999999999,0.3356949999999978,0.0,0.31404799999999844,0.0012330000000000004,0.04936599999999993,0.0,0.0,0.0,0.0,0.48905799999998384,0.889544000000045,0.8816020000000456,0.0
33,1.011934266193033,0.022222000000000016,0.0,0.0007459999999999999,0.3549309999999935,0.0,0.3376269999999954,0.0015810000000000002,0.054857999999999796,0.0,6.7e-05,0.0,6.6e-05,0.4952449999999816,0.9022560000000498,0.8941330000000498,0.0
34,1.013055489360036,0.021743000000000002,0.0,0.0021050000000000005,0.3709479999999911,0.0,0.3507589999999946,0.0018180000000000002,0.0650079999999999,0.0,6.7e-05,0.0,0.000134,0.49895799999997903,0.910544000000055,0.9013710000000535,0.0
35,1.0141070409580517,0.023035000000000024,0.0,0.003956,0.3809999999999898,0.0,0.3685659999999917,0.0026229999999999995,0.07448199999999965,0.0,0.0002,0.0,0.0002,0.4983259999999792,0.921883000000059,0.9123190000000595,2e-06
36,1.0152499395932817,0.022949000000000018,0.0,0.005657000000000001,0.4064389999999858,0.0,0.3894009999999893,0.003424000000000001,0.0820589999999995,0.0,0.0002,0.0,0.000268,0.5056819999999861,0.9320910000000551,0.9228280000000534,0.0
37,1.0164347362728499,0.022283000000000042,0.0,0.008125000000000005,0.4210549999999851,0.0,0.40434699999998636,0.004808000000000001,0.09351799999999942,0.0,0.000268,0.0,0.00040100000000000004,0.5123529999999844,0.937620000000057,0.928665000000058,0.0
38,1.0175833075249008,0.023969999999999995,0.0,0.011111999999999988,0.4387319999999832,0.0,0.4215989999999859,0.005573000000000004,0.10556999999999937,0.0,0.00024700000000000004,0.0,0.000402,0.5179499999999818,0.9436590000000601,0.9354710000000592,2.9999999999999997e-05
39,1.018739282162313,0.027491000000000054,0.0,0.014816999999999981,0.45355399999998164,0.0,0.43605399999998395,0.006134000000000001,0.11703099999999927,0.0,0.00032300000000000004,0.0,0.00045700000000000005,0.5237739999999864,0.9498170000000625,0.9409010000000626,0.0
40,1.0199240759475356,0.027480000000000043,0.0,0.019265,0.47338199999997993,0.0,0.44616999999998314,0.007711999999999999,0.13190299999999971,6.7e-05,0.000626,0.0,0.00034100000000000005,0.5335199999999878,0.9538300000000578,0.945361000000059,0.0
41,1.0211092277238478,0.027715000000000087,0.0,0.022101000000000016,0.49172599999997596,0.0,0.4572079999999812,0.007247000000000007,0.1408500000000004,8.8e-05,0.000639,0.0,0.000359,0.5432949999999901,0.9578250000000574,0.9494520000000605,2.8e-05
42,1.0222630811512372,0.028589000000000076,0.0,0.027398000000000044,0.5141409999999821,0.0,0.4710709999999807,0.00805700000000001,0.15789100000000136,0.0,0.0009630000000000001,0.0,0.000557,0.5534009999999894,0.9647150000000574,0.9563390000000587,6.6e-05
43,1.0234121048545137,0.029647000000000086,0.0,0.03650600000000003,0.526087999999984,0.0,0.4881929999999765,0.010320999999999993,0.17324600000000223,9.1e-05,0.0013050000000000002,0.0,0.0009510000000000001,0.5570499999999925,0.9692580000000616,0.960279000000064,0.00019999999999999998
44,1.024494874861513,0.031049000000000066,0.0,0.045093999999999974,0.5396809999999869,5.9e-05,0.5070059999999784,0.012581999999999986,0.1859350000000028,0.000414,0.002235000000000001,0.0,0.001176,0.5615899999999934,0.9729100000000585,0.9641230000000603,8.3e-05
45,1.0257099257831617,0.028618000000000067,0.0,0.053068999999999866,0.5472529999999926,6.6e-05,0.5159119999999804,0.013712999999999989,0.20418400000000378,0.000639,0.0028409999999999998,0.0,0.001988,0.5626829999999942,0.9743450000000652,0.9653060000000663,0.0002
46,1.0267920497549308,0.027867000000000062,0.0,0.06851499999999981,0.5571649999999935,0.0,0.5293179999999817,0.014310999999999985,0.2201190000000047,0.000807,0.003510000000000001,0.0,0.003152000000000001,0.5614339999999926,0.9771050000000602,0.9679630000000626,0.000266
47,1.0280118787101022,0.030147000000000052,4.2999999999999995e-05,0.07825599999999952,0.5652949999999967,0.0,0.5393009999999877,0.016345999999999986,0.2304040000000047,0.000923,0.004612000000000003,0.0,0.0038969999999999994,0.5664309999999989,0.9806950000000663,0.9714170000000655,0.00026199999999999997
48,1.0290368065532447,0.029413000000000078,6.7e-05,0.09121299999999953,0.5806829999999974,2.6e-05,0.5498469999999887,0.020277999999999994,0.24935600000000518,0.0014269999999999997,0.0058000000000000065,0.0,0.004414000000000001,0.5700229999999947,0.9837690000000551,0.9746320000000558,0.000333
49,1.0300864240959893,0.03148800000000006,0.000201,0.10548099999999938,0.5936549999999973,6.6e-05,0.5637769999999902,0.02356300000000007,0.262272000000005,0.0018390000000000001,0.006793000000000004,0.0,0.004858,0.5781439999999969,0.9857110000000584,0.9781590000000613,0.00012200000000000001
50,1.0311711051006218,0.03173900000000011,0.00034700000000000003,0.12313199999999945,0.6041909999999984,6.7e-05,0.5760349999999924,0.026934000000000045,0.27884400000000037,0.0019450000000000001,0.007444000000000006,0.0,0.004766,0.581263999999998,0.9864610000000595,0.9795660000000612,9.400000000000001e-05
51,1.0322497100766188,0.03230900000000005,0.0004670000000000001,0.1383750000000002,0.6089120000000029,0.0002,0.5897449999999946,0.030674000000000094,0.2939969999999981,0.0028609999999999994,0.009979,0.0,0.006549000000000004,0.5770429999999979,0.987188000000062,0.9804830000000628,0.000134
52,1.033295379032991,0.03269700000000005,0.000334,0.1519580000000007,0.6163670000000033,0.0,0.600363999999997,0.033121000000000074,0.3057589999999983,0.0039530000000000025,0.011932999999999989,0.0,0.008966000000000002,0.5790859999999995,0.9884090000000549,0.9816270000000571,8.6e-05
53,1.0343204080490491,0.03371800000000009,0.000333,0.16646100000000202,0.6281700000000036,6.7e-05,0.611555,0.03745799999999999,0.31889799999999574,0.005004000000000004,0.013089999999999984,0.0,0.009160999999999992,0.5835649999999952,0.9918300000000545,0.9847360000000582,0.00027800000000000004
54,1.035592622151005,0.03112300000000007,0.0004000000000000001,0.18440900000000204,0.6338690000000096,6.7e-05,0.6280730000000064,0.04266199999999995,0.3386029999999928,0.006138000000000006,0.016420999999999984,0.0,0.011536999999999992,0.5910239999999999,0.9927930000000589,0.98539100000006,0.000211
55,1.0366023249576644,0.031941000000000073,0.000802,0.19739800000000376,0.644352000000008,0.000171,0.6415210000000018,0.04641900000000002,0.35851999999999107,0.006815000000000004,0.018857,0.0,0.013727999999999987,0.5950659999999968,0.9940980000000581,0.9878000000000604,0.00040100000000000004
56,1.0376990502175296,0.03246500000000005,0.000733,0.21739000000000433,0.6606130000000152,0.0,0.652603000000008,0.04730199999999996,0.36714599999999065,0.007945000000000002,0.018785,0.0,0.015891999999999972,0.6001150000000034,0.9949260000000603,0.9881000000000624,0.000468
57,1.0386028860903325,0.03085000000000005,0.0008650000000000001,0.23389600000000474,0.6668190000000164,7e-05,0.66544600000001,0.051812999999999845,0.38023399999998925,0.009893999999999995,0.020340000000000018,0.0,0.018819000000000006,0.6049670000000009,0.9956820000000567,0.98895200000006,0.0006150000000000001
58,1.0396757628717224,0.03260700000000007,0.000874,0.2594520000000033,0.6748130000000091,6.8e-05,0.675970000000009,0.05742299999999988,0.39482599999998974,0.01237099999999999,0.021961000000000033,0.0,0.02099900000000001,0.601315,0.9958030000000544,0.9889350000000565,0.00033299999999999996
59,1.0405646856490338,0.035150000000000035,0.000529,0.27467500000000095,0.6744090000000137,0.00034600000000000006,0.684700000000014,0.05984799999999987,0.4042849999999872,0.014753999999999977,0.023225000000000034,0.0,0.02125000000000002,0.6029150000000026,0.9967870000000575,0.990408000000059,0.000475
60,1.0415074372542918,0.03266500000000005,0.0007779999999999999,0.290033,0.6796350000000121,0.00029200000000000005,0.6928140000000119,0.06541399999999996,0.42234799999998535,0.016858999999999992,0.023808000000000003,0.0,0.024259000000000034,0.6060899999999982,0.9964500000000537,0.9910330000000566,0.000695
61,1.0425093674089865,0.035404000000000026,0.001024,0.31039699999999587,0.6908950000000128,0.000584,0.7026270000000134,0.07317399999999974,0.44020299999998497,0.01919899999999999,0.028238000000000048,0.0,0.028257000000000053,0.6010330000000039,0.9973670000000506,0.991601000000053,0.0007160000000000001
62,1.0434872411956695,0.036407000000000043,0.00107,0.3279629999999952,0.69884600000001,0.0011250000000000001,0.7109750000000149,0.07837299999999973,0.455267999999985,0.021877000000000025,0.031483000000000066,0.0,0.03143300000000008,0.600672999999997,0.9978230000000524,0.9927230000000556,0.0011370000000000002
63,1.0445943811586327,0.037695000000000034,0.0017540000000000004,0.3481089999999939,0.7095900000000164,0.001109,0.7249310000000194,0.08271199999999972,0.469416999999982,0.024208000000000035,0.03679300000000005,0.0,0.03342900000000008,0.6024650000000018,0.9981560000000506,0.9936960000000525,0.0011460000000000003
64,1.0455272039410604,0.039377,0.0022700000000000003,0.36383299999999014,0.7107350000000199,0.0013590000000000002,0.7364840000000248,0.08762699999999937,0.4753249999999816,0.025550000000000052,0.03969599999999999,0.0,0.03752000000000001,0.6069670000000024,0.9987670000000574,0.9942270000000593,0.000869
65,1.046367807813089,0.04112199999999997,0.0023179999999999997,0.38627999999998863,0.7136550000000182,0.0016270000000000004,0.7464360000000254,0.09025699999999949,0.48415299999998135,0.0316930000000001,0.04328599999999988,0.0,0.04276899999999994,0.6064770000000063,0.9984330000000622,0.9944290000000652,0.001108
66,1.0475240442407876,0.039040000000000005,0.0030650000000000018,0.40537599999998736,0.7186570000000169,0.0018290000000000003,0.7505080000000206,0.09504999999999955,0.5009919999999792,0.03656700000000005,0.04529699999999999,0.0,0.048143999999999944,0.6036810000000015,0.998949000000057,0.9949860000000608,0.0013580000000000005
67,1.0482918793652751,0.03795299999999995,0.00394,0.42202099999998727,0.7280450000000226,0.001999,0.7578550000000285,0.10337199999999944,0.5158529999999844,0.042977000000000036,0.053030000000000015,0.0,0.054280999999999975,0.6038479999999999,0.9992510000000553,0.9953760000000604,0.0011920000000000001
68,1.0493045293207997,0.03887499999999998,0.004629000000000003,0.43771599999998634,0.7264360000000163,0.0023680000000000003,0.7657230000000226,0.1056839999999993,0.5343769999999923,0.04891599999999993,0.05850099999999988,0.0,0.059969999999999836,0.6021690000000004,0.9999910000000514,0.9964430000000531,0.001395
69,1.0502331638293025,0.03895300000000008,0.004948000000000004,0.4490809999999832,0.7300140000000191,0.002121,0.7717000000000279,0.11375599999999937,0.5473069999999913,0.05567099999999997,0.06324799999999979,0.0,0.06412999999999992,0.6085630000000032,1.0002400000000524,0.9966820000000572,0.0020150000000000003
70,1.0511909764747702,0.04140500000000007,0.005554,0.4652369999999857,0.7292380000000183,0.0020510000000000007,0.7854250000000245,0.12072899999999945,0.5501799999999926,0.059578999999999896,0.06738399999999976,0.0,0.06671699999999985,0.6061389999999991,1.0002050000000444,0.9964350000000483,0.002205
71,1.0522085293400443,0.03926400000000006,0.006770000000000007,0.48434599999997924,0.7295970000000195,0.0026330000000000012,0.7969420000000276,0.12705499999999936,0.5605679999999914,0.06437499999999986,0.07415299999999987,0.0,0.07170299999999981,0.6010099999999978,1.0005380000000539,0.9970110000000569,0.002533
72,1.053336496883553,0.03811100000000004,0.007424000000000003,0.5011509999999809,0.7362080000000221,0.0036090000000000002,0.8066420000000322,0.1388890000000001,0.5722389999999921,0.06393599999999987,0.08025899999999948,0.0,0.07553899999999973,0.6111540000000019,1.0006480000000522,0.9969110000000571,0.0027080000000000003
73,1.0539832454926943,0.038715000000000034,0.008761999999999995,0.5169789999999859,0.7426740000000194,0.0041860000000000005,0.8112560000000314,0.1419270000000006,0.5901059999999944,0.07104099999999981,0.08907799999999953,0.0,0.0852919999999995,0.6142560000000027,1.0006980000000523,0.9971790000000559,0.002813000000000001
74,1.0545365866966325,0.04134500000000005,0.010716999999999985,0.5420249999999893,0.7449760000000212,0.004712000000000003,0.8162650000000293,0.14936000000000077,0.611414,0.07667999999999972,0.09489499999999955,0.0,0.09342099999999953,0.6166090000000068,1.000820000000048,0.9971510000000512,0.0028350000000000007
75,1.0555046512832709,0.04139399999999998,0.013744999999999985,0.5565629999999929,0.740289000000024,0.0050219999999999996,0.8274670000000315,0.15891400000000147,0.6240390000000079,0.08009199999999964,0.10303099999999944,0.0,0.10386599999999942,0.6146080000000038,1.0007190000000448,0.9972190000000479,0.0034180000000000018
76,1.0563786091345801,0.03987499999999996,0.014848999999999972,0.5690689999999944,0.7416790000000211,0.0055740000000000026,0.8264400000000385,0.17035300000000198,0.6371080000000097,0.08604399999999952,0.10858499999999947,0.0,0.11141799999999928,0.6123120000000053,1.0007630000000525,0.9971780000000569,0.003802999999999999
77,1.0569078548178124,0.041126999999999955,0.016097999999999984,0.5758709999999955,0.7435420000000176,0.005049000000000005,0.8374110000000362,0.18145900000000226,0.6445270000000055,0.0917129999999994,0.11883799999999924,0.0,0.11920599999999922,0.6076520000000015,1.0007550000000542,0.9970690000000569,0.00419
78,1.0578337060986893,0.04415599999999999,0.01721699999999997,0.5814409999999977,0.7460240000000177,0.005925999999999998,0.839271000000028,0.1899430000000023,0.6581680000000071,0.0981619999999997,0.1294929999999997,0.0,0.12946799999999967,0.614346000000003,1.0007350000000401,0.9969180000000455,0.004611999999999999
79,1.0587667154275109,0.04456099999999998,0.018021999999999996,0.5931310000000031,0.7445070000000226,0.005389000000000003,0.8465520000000347,0.19834800000000385,0.6741180000000169,0.1066129999999994,0.1387600000000001,0.0,0.1381890000000002,0.6063750000000022,1.0007950000000454,0.9969890000000513,0.004537000000000002
80,1.0595247923958049,0.04604699999999992,0.02212800000000001,0.6018570000000012,0.7481100000000235,0.0062870000000000035,0.8524010000000308,0.20599800000000365,0.686305000000016,0.11071999999999946,0.14999600000000046,0.0,0.14419600000000035,0.6052810000000045,1.0007790000000432,0.9972250000000464,0.004418000000000001
81,1.060813174543404,0.04755399999999998,0.024150000000000046,0.6217420000000029,0.7484380000000237,0.004638000000000003,0.853885000000034,0.21166900000000494,0.6972770000000142,0.12273599999999911,0.16189400000000123,0.0,0.15861500000000128,0.6087940000000003,1.0007310000000522,0.9969210000000556,0.005596000000000004
82,1.0617806361586426,0.046536000000000015,0.028775000000000057,0.6272510000000106,0.7527400000000292,0.004825000000000002,0.8588040000000431,0.22171800000000422,0.7051040000000237,0.12805699999999945,0.16869600000000115,0.0,0.16591200000000134,0.6086600000000053,1.0006530000000544,0.9972780000000574,0.006073000000000004
83,1.0623720479730407,0.047402999999999966,0.03125500000000008,0.6402220000000092,0.7530350000000193,0.004961000000000003,0.8624290000000313,0.2229700000000037,0.7174780000000152,0.1357149999999997,0.18364500000000178,0.0,0.177356000000002,0.605645000000003,1.0007260000000475,0.9972580000000502,0.005644000000000003
84,1.0632400059362852,0.04706599999999996,0.033242000000000035,0.6501720000000064,0.7602470000000181,0.006032000000000002,0.8616990000000273,0.22875400000000481,0.7297410000000151,0.1447360000000005,0.19397900000000282,0.0,0.18593300000000293,0.6076930000000003,1.000721000000038,0.9969140000000437,0.005829000000000003
85,1.064478680543241,0.04996099999999995,0.03519100000000001,0.6534910000000124,0.7587970000000226,0.0069180000000000005,0.8680600000000325,0.2301320000000038,0.7366040000000212,0.1461770000000003,0.20015100000000274,0.0,0.1926180000000033,0.6054420000000039,1.0006160000000397,0.9970430000000426,0.006940000000000004
86,1.0649481156414025,0.04947399999999988,0.039329000000000065,0.6657820000000153,0.7572820000000285,0.006744000000000005,0.8706930000000391,0.2363650000000053,0.7439210000000291,0.15338400000000135,0.20964600000000375,0.0,0.20474500000000379,0.6023940000000074,1.000703000000055,0.9972100000000572,0.006867000000000004
87,1.0658384122661368,0.04942999999999993,0.044332999999999935,0.6715510000000191,0.7642290000000246,0.0076360000000000065,0.867531000000038,0.2445050000000051,0.748159000000023,0.15695000000000137,0.21543100000000356,0.0,0.20517000000000293,0.6014150000000035,1.0006580000000476,0.9972180000000511,0.007644000000000004
88,1.0668967898095685,0.049482999999999944,0.047303999999999985,0.6794250000000134,0.7636530000000241,0.007826000000000003,0.8751740000000315,0.2535900000000043,0.7541770000000243,0.16680900000000184,0.2225340000000042,0.0,0.21797600000000403,0.6024420000000019,1.0006220000000439,0.9972120000000472,0.008731999999999998
89,1.067644684459272,0.048822000000000004,0.051961999999999973,0.6894180000000146,0.7666270000000268,0.007363000000000003,0.8782870000000353,0.25605700000000364,0.7634880000000275,0.17508600000000196,0.23579000000000416,0.0,0.22807000000000377,0.6032230000000047,1.0005940000000442,0.9971310000000482,0.010276999999999994
90,1.0683621416872762,0.050944000000000024,0.05699899999999991,0.6996030000000201,0.7686240000000268,0.007207000000000002,0.8832720000000397,0.27062500000000395,0.7683160000000313,0.18426800000000224,0.249511000000005,0.0,0.2409610000000049,0.6029550000000038,1.0006630000000518,0.9971970000000536,0.012103999999999998
91,1.069381359170501,0.054957999999999924,0.06323399999999989,0.7127600000000173,0.7689690000000194,0.006950000000000002,0.8894750000000273,0.2789949999999999,0.7777870000000237,0.19739300000000315,0.2610380000000022,0.0,0.2493720000000051,0.5990209999999974,1.000566000000041,0.997090000000046,0.012281999999999996
92,1.069656190179851,0.05485299999999996,0.06871899999999981,0.7146960000000209,0.7681240000000226,0.007898,0.8906010000000306,0.2851790000000003,0.7903830000000241,0.207855000000003,0.26660900000000026,0.0,0.251180000000004,0.594744000000005,1.000623000000045,0.9972670000000486,0.012042999999999986
93,1.0705547013796501,0.056284999999999925,0.07130899999999972,0.7189990000000183,0.7673790000000261,0.008710999999999998,0.8918450000000362,0.2910050000000011,0.7913750000000322,0.20820000000000383,0.2683320000000018,0.0,0.2566140000000034,0.5956380000000001,1.0006740000000494,0.9973340000000532,0.011745999999999986
94,1.0714571789929657,0.057453999999999915,0.0737719999999999,0.7212190000000201,0.7659480000000245,0.009648999999999996,0.8931340000000337,0.30134799999999823,0.7942900000000279,0.21292800000000325,0.27684300000000067,0.0,0.2616470000000023,0.5873759999999998,1.0006060000000476,0.997182000000051,0.012798999999999986
95,1.072275772277766,0.05447599999999994,0.07863699999999968,0.7308060000000199,0.7694040000000243,0.01028499999999999,0.8972840000000335,0.30979599999999685,0.8034600000000252,0.2244420000000038,0.2839979999999986,0.0,0.27146300000000056,0.5841740000000001,1.00061800000004,0.9974380000000418,0.013502999999999986
96,1.0730853404858782,0.056136999999999895,0.08420799999999966,0.7352110000000195,0.7706880000000207,0.009580999999999994,0.9007290000000319,0.3135879999999947,0.8079010000000264,0.22605900000000365,0.29299599999999654,0.0,0.278695999999999,0.5841350000000001,1.0005810000000401,0.997037000000043,0.01476799999999999
97,1.0737324109462336,0.05952299999999988,0.08970999999999964,0.7419010000000205,0.7691270000000219,0.010076999999999985,0.9066780000000367,0.3268389999999937,0.8128970000000311,0.23387400000000436,0.2987369999999964,0.0,0.29181499999999794,0.5855980000000014,1.0006010000000454,0.9973760000000487,0.015593999999999974
98,1.0746633369465721,0.06154099999999991,0.08822999999999953,0.7483240000000265,0.7689690000000224,0.010815999999999997,0.9076550000000364,0.3359339999999922,0.8158090000000331,0.2412110000000049,0.307498999999994,0.0,0.3003329999999959,0.5936350000000011,1.0006300000000417,0.9973310000000435,0.015497999999999972
99,1.0759056477641267,0.06420599999999987,0.09414199999999946,0.7524470000000241,0.7665410000000251,0.010143999999999993,0.9103320000000292,0.3458489999999945,0.8183880000000292,0.24947900000000495,0.31483699999999465,0.0,0.3088099999999963,0.589996000000001,1.000582000000039,0.9973020000000432,0.016652999999999998
100,1.0771730646172348,0.06368900000000001,0.10358199999999956,0.7641050000000238,0.7660770000000224,0.009192000000000007,0.9103500000000323,0.35606399999999117,0.8214080000000278,0.2588640000000027,0.3260449999999946,0.0,0.32141399999999465,0.5841999999999973,1.0005980000000405,0.9973280000000431,0.018100999999999996
101,1.0786918786383872,0.05950199999999994,0.1051789999999997,0.7650590000000282,0.7739900000000273,0.009623999999999999,0.912796000000036,0.3534639999999897,0.8294480000000287,0.2680880000000011,0.3333729999999927,0.0,0.3270979999999937,0.5829210000000008,1.0006040000000445,0.9972690000000495,0.01777999999999999
102,1.0795817994383115,0.06052199999999994,0.11440099999999932,0.7721530000000201,0.7812720000000194,0.010429999999999998,0.9162090000000279,0.3634929999999907,0.8355230000000278,0.2732390000000004,0.33384599999999326,0.0,0.33261899999999395,0.5747319999999996,1.0005510000000393,0.9972530000000424,0.019428000000000004
103,1.080442226132506,0.06103599999999993,0.12174199999999952,0.7735610000000246,0.7784220000000206,0.011111999999999986,0.916019000000036,0.3756609999999897,0.8399740000000275,0.28235699999999864,0.3328779999999938,0.0,0.33582699999999405,0.5705099999999977,1.0005050000000415,0.9971160000000437,0.02180500000000002
104,1.081600460198964,0.06052899999999993,0.12850099999999984,0.7779880000000263,0.7797060000000234,0.012439999999999984,0.9222570000000339,0.38619699999998747,0.8470590000000333,0.29156099999999785,0.34600799999999154,0.0,0.34502399999999206,0.5633329999999959,1.0005720000000409,0.9971540000000456,0.02109700000000003
105,1.0822342780686844,0.06366799999999993,0.13962600000000003,0.7861370000000231,0.7787100000000188,0.011364999999999993,0.9265230000000331,0.3977199999999887,0.849937000000027,0.30043699999999524,0.35458599999999146,0.0,0.36131999999999154,0.5683689999999983,1.0005760000000388,0.9971710000000434,0.02258000000000002
106,1.0833468149065806,0.06521899999999993,0.14671000000000062,0.7862650000000252,0.7817500000000219,0.011428999999999991,0.9311670000000316,0.39841999999998745,0.8552810000000307,0.30608399999999625,0.36610799999998994,0.0,0.36579299999999076,0.5656049999999948,1.0005250000000412,0.9973150000000423,0.022373000000000004
107,1.085236171751822,0.06567899999999981,0.15537400000000118,0.7880590000000275,0.7834220000000253,0.01115199999999999,0.931964000000036,0.4085199999999859,0.8597900000000365,0.3190329999999963,0.3721909999999906,0.0,0.37517899999999066,0.5646079999999936,1.00055900000004,0.9973960000000438,0.021373000000000048
108,1.0860935083275485,0.06678599999999983,0.1602960000000012,0.7878260000000232,0.7833490000000205,0.011632999999999994,0.9364500000000312,0.4105369999999877,0.8643420000000266,0.32687799999999434,0.3844289999999902,0.0,0.38127399999998957,0.5657569999999927,1.0005080000000373,0.9971560000000433,0.021224000000000028
109,1.0880387018010016,0.06620099999999988,0.1707480000000016,0.7996240000000276,0.7890320000000257,0.010041999999999995,0.9390200000000364,0.42509099999998495,0.8686440000000333,0.33732499999999244,0.39507799999998827,0.0,0.3977279999999879,0.5660829999999988,1.0005380000000426,0.9972340000000449,0.022745000000000005
110,1.0891495893155847,0.06705599999999994,0.17786600000000202,0.8036360000000311,0.7868870000000285,0.01074399999999998,0.9377800000000392,0.43211999999998596,0.8703460000000381,0.3425149999999926,0.40317599999998865,0.0,0.4074239999999877,0.5635399999999984,1.0005090000000463,0.9972950000000482,0.022603000000000015
111,1.0896059429935585,0.06722399999999995,0.19112700000000207,0.8139710000000269,0.7911030000000216,0.010935999999999989,0.9402010000000379,0.444839999999985,0.8735380000000351,0.34856699999999197,0.4101879999999892,0.0,0.42181199999998886,0.5588829999999974,1.0005220000000425,0.9972180000000465,0.02613300000000003
112,1.0905288392273196,0.07068599999999982,0.20385900000000273,0.8142410000000186,0.7923880000000185,0.01176099999999999,0.9405070000000284,0.4543889999999843,0.8794110000000254,0.35780099999999204,0.4170769999999896,0.0,0.4244039999999884,0.5564119999999959,1.000498000000032,0.9970000000000367,0.026656000000000034
113,1.0922224305146744,0.07147299999999998,0.21858100000000316,0.8182180000000299,0.7977890000000277,0.011706999999999988,0.9413270000000382,0.4637069999999834,0.8832120000000365,0.36499099999999096,0.4245449999999885,0.0,0.4348679999999869,0.5504699999999944,1.000542000000044,0.9969890000000474,0.029068000000000087
114,1.0938017841492456,0.07328399999999986,0.23266400000000387,0.824124000000025,0.8062310000000218,0.01202399999999999,0.944430000000029,0.468291999999983,0.8884410000000272,0.3749209999999917,0.4369969999999884,0.0,0.44727099999998754,0.5486989999999974,1.0004420000000336,0.9972770000000387,0.02949300000000005
115,1.094211959818338,0.07171499999999979,0.24249200000000376,0.8348560000000285,0.8143630000000235,0.011778999999999989,0.9472350000000351,0.47811399999998255,0.8940080000000308,0.38183699999998966,0.44703399999998766,0.0,0.45720799999998823,0.5427239999999935,1.0005030000000394,0.9973350000000428,0.03170500000000005
116,1.0957011822956935,0.06861099999999994,0.25582200000000244,0.8386250000000258,0.8136880000000188,0.012709999999999978,0.9507920000000332,0.4924899999999823,0.8964210000000334,0.389692999999991,0.4561629999999885,0.0,0.4612979999999888,0.5396049999999942,1.0005160000000397,0.9971650000000438,0.032223000000000064
117,1.0969042621938971,0.06971899999999985,0.26877699999999966,0.8446530000000271,0.8165180000000235,0.014277999999999983,0.9530070000000354,0.4999599999999823,0.8989210000000316,0.39509999999999046,0.4670439999999878,0.0,0.46762299999998663,0.5387509999999948,1.0004960000000385,0.9972200000000412,0.034417000000000024
118,1.0988523641635952,0.06807299999999995,0.282108999999999,0.8493480000000319,0.8198110000000258,0.014080999999999977,0.9553120000000344,0.5082589999999845,0.9046160000000335,0.4089569999999884,0.47633799999998544,0.0,0.4813729999999851,0.5414779999999947,1.0004990000000384,0.9971520000000422,0.03665100000000003
119,1.0997874875255402,0.07015499999999997,0.2887879999999987,0.8558640000000264,0.8192500000000239,0.016616000000000006,0.9564850000000328,0.5102619999999846,0.9065670000000305,0.42258299999998844,0.4816719999999863,0.0,0.484743999999986,0.5471579999999949,1.000536000000036,0.9971290000000406,0.03733300000000003
120,1.101448166631742,0.07260599999999988,0.2904299999999983,0.8601080000000273,0.8154460000000224,0.015302999999999995,0.9581870000000303,0.5086209999999831,0.9135710000000281,0.432127999999989,0.4857749999999881,0.0,0.49040599999998724,0.5441929999999937,1.000436000000035,0.997123000000037,0.036797000000000024
121,1.1022621368269216,0.07095099999999986,0.30366299999999774,0.8609760000000217,0.8222160000000193,0.014447999999999992,0.9635980000000274,0.5151789999999903,0.9163680000000263,0.4413389999999904,0.48812799999998846,0.0,0.4973549999999879,0.5402009999999954,1.000547000000032,0.9975940000000347,0.03714400000000004
122,1.1034944658959291,0.06992399999999992,0.31064299999999645,0.8688860000000299,0.8228240000000213,0.013899999999999985,0.962964000000032,0.5179909999999907,0.9228690000000306,0.44682999999999046,0.4941589999999896,0.0,0.5048529999999902,0.535061999999991,1.0004360000000339,0.9968460000000359,0.03790000000000002
123,1.104194081387344,0.0658719999999999,0.3206639999999969,0.8757400000000262,0.821008000000021,0.013464999999999996,0.9649220000000285,0.5198839999999908,0.9267310000000288,0.45944699999998967,0.5080319999999902,0.0,0.5163239999999912,0.5308759999999916,1.0005190000000315,0.9972960000000349,0.03754600000000003
124,1.1048830984941647,0.06436499999999987,0.3312929999999953,0.8784790000000263,0.823261000000017,0.012988999999999988,0.9656660000000306,0.5264219999999895,0.9288660000000296,0.46823899999998847,0.5134599999999883,0.0,0.5196819999999878,0.5314739999999899,1.0004810000000335,0.9970710000000361,0.039359000000000005
125,1.1061559238236653,0.06626499999999999,0.3389209999999948,0.8809280000000275,0.8182870000000225,0.014835999999999976,0.9658530000000303,0.5319969999999932,0.9348210000000308,0.48008199999998896,0.5183379999999902,0.0,0.5324689999999914,0.5300149999999924,1.0004520000000325,0.9972250000000362,0.041197000000000004
126,1.1071448272195996,0.0691309999999998,0.3480229999999944,0.8862370000000287,0.8225020000000215,0.015868999999999987,0.967117000000029,0.5411639999999972,0.937343000000029,0.4952119999999889,0.524273999999996,0.0,0.543000999999996,0.5269319999999937,1.0004320000000329,0.997170000000035,0.04110199999999996
127,1.108669365646717,0.07052099999999985,0.35957999999999507,0.882913000000028,0.8263470000000231,0.015989999999999987,0.9692920000000298,0.5446649999999964,0.9351480000000304,0.49902599999998837,0.5267609999999942,0.0,0.5429359999999972,0.5257859999999905,1.0004510000000328,0.9972340000000361,0.04199399999999999
128,1.1094332388396837,0.07360099999999994,0.3677429999999947,0.8859940000000218,0.8271600000000164,0.016300000000000002,0.9687630000000251,0.5492419999999971,0.9372140000000243,0.5037759999999901,0.5319139999999952,0.0,0.5532689999999978,0.5264179999999924,1.0004210000000295,0.997006000000033,0.04698100000000001
129,1.110603690906691,0.07513999999999993,0.3757599999999951,0.8917420000000228,0.8289420000000183,0.016406999999999998,0.9715050000000244,0.5577049999999975,0.9383420000000257,0.5149449999999929,0.5420609999999969,0.0,0.5603730000000003,0.5234599999999919,1.0004130000000266,0.9971110000000292,0.04865799999999993
130,1.1117987004781351,0.0734369999999999,0.384549999999994,0.8955470000000266,0.8292640000000202,0.017321000000000003,0.9718390000000282,0.5668139999999993,0.9396760000000278,0.5205929999999924,0.5513559999999956,0.0,0.5693209999999965,0.525945999999993,1.0004610000000311,0.9968980000000339,0.05137600000000001
131,1.1142768997815338,0.07497200000000001,0.4005209999999939,0.8945440000000247,0.8360750000000178,0.017401999999999997,0.9718100000000259,0.5787170000000023,0.9411750000000253,0.5243829999999939,0.5577499999999966,0.0,0.5771590000000002,0.5242639999999918,1.0004210000000275,0.9970630000000301,0.05330599999999995
132,1.1148786093074463,0.07334399999999992,0.4094479999999934,0.9007920000000255,0.8361780000000185,0.017698000000000005,0.9735760000000282,0.5829539999999999,0.9429930000000278,0.5278089999999953,0.5641430000000004,0.0,0.5892270000000023,0.5246279999999927,1.0004320000000309,0.9971080000000333,0.055242999999999945
133,1.116151800679309,0.07311900000000002,0.4183809999999934,0.9049290000000224,0.8377050000000188,0.018866000000000004,0.9738630000000249,0.5905900000000043,0.9445090000000248,0.5417929999999956,0.5739800000000016,0.0,0.598157000000003,0.5193739999999896,1.000354000000026,0.9970250000000281,0.054034000000000006
134,1.1174922989919538,0.073899,0.4219269999999943,0.9059050000000207,0.842327000000016,0.019281999999999987,0.9752150000000229,0.5864540000000025,0.9442830000000249,0.5537960000000015,0.5839040000000035,0.0,0.6006180000000035,0.5161999999999892,1.0003570000000275,0.9972190000000288,0.05655899999999995
135,1.1183103033548454,0.07476999999999993,0.43156999999999385,0.9099020000000229,0.8426250000000161,0.021050000000000006,0.9766210000000242,0.5929710000000037,0.9504500000000229,0.5637300000000003,0.5966520000000003,0.0,0.6112000000000023,0.5120039999999915,1.0003530000000271,0.9972250000000303,0.05577099999999995
136,1.1189879993987082,0.07175999999999993,0.4413929999999941,0.9106550000000235,0.8456810000000191,0.02196600000000002,0.9780430000000252,0.6002540000000044,0.9497550000000259,0.5691329999999981,0.6019750000000033,0.0,0.6109400000000016,0.5113109999999909,1.0003670000000269,0.9970450000000299,0.057017999999999965
137,1.1205836762858794,0.07137899999999993,0.4482709999999919,0.9142150000000222,0.8494850000000149,0.021408000000000038,0.9775030000000217,0.6014810000000033,0.9521470000000217,0.5795800000000018,0.6056730000000022,0.0,0.6176230000000041,0.5087559999999904,1.000367000000024,0.9968680000000282,0.05911799999999998
138,1.1217513244765953,0.06928399999999989,0.45904499999999343,0.9135470000000163,0.848135000000009,0.020875999999999995,0.9774290000000169,0.6048470000000034,0.9530080000000157,0.5836170000000003,0.6072160000000025,0.0,0.6234230000000021,0.5080589999999896,1.0003180000000194,0.9968850000000227,0.05802599999999993
139,1.1229392591292366,0.0731599999999999,0.4684509999999932,0.9134100000000249,0.8487340000000176,0.022054000000000042,0.9783390000000253,0.613308000000005,0.9575540000000248,0.5886790000000041,0.609808000000005,0.0,0.6303980000000093,0.50741899999999,1.0003470000000283,0.9970280000000298,0.060681999999999924
140,1.1252659892741808,0.07457199999999987,0.48022699999999263,0.91144200000002,0.8510480000000146,0.021684000000000012,0.9793200000000218,0.6219740000000034,0.9561940000000223,0.5921410000000003,0.6102320000000022,0.0,0.6366400000000046,0.5130049999999913,1.0003280000000245,0.996969000000026,0.065505
141,1.1268334847972656,0.07786199999999989,0.4855149999999924,0.911042000000018,0.8553790000000121,0.020524999999999995,0.9808650000000192,0.6258730000000029,0.9588890000000181,0.6020950000000042,0.6214560000000033,0.0,0.6469970000000045,0.5120599999999914,1.000304000000022,0.9971000000000243,0.0696369999999999
142,1.1281045529681404,0.08564999999999973,0.4889709999999919,0.9128380000000208,0.8645870000000161,0.020366000000000023,0.9820180000000223,0.6254730000000055,0.9610940000000228,0.6068460000000037,0.6277230000000029,0.0,0.6513720000000077,0.5128819999999908,1.000314000000023,0.9969850000000251,0.07035799999999984
143,1.129619597382801,0.08409999999999994,0.5057769999999925,0.9150720000000186,0.8704480000000151,0.01782600000000002,0.982332000000019,0.6365160000000049,0.9604640000000192,0.6150680000000048,0.6316440000000046,0.0,0.6558640000000054,0.5068529999999909,1.0002950000000197,0.996969000000023,0.07421699999999999
144,1.1306938656199335,0.08434499999999988,0.5168159999999964,0.9178370000000164,0.869568000000015,0.020345000000000016,0.9852750000000193,0.6407320000000056,0.961999000000018,0.6172640000000035,0.6397350000000043,0.0,0.6614700000000066,0.5095479999999911,1.0002730000000206,0.9970290000000226,0.07142599999999988
145,1.1326465739258809,0.0858659999999999,0.5205419999999933,0.923716000000021,0.8709220000000163,0.02041400000000002,0.9861250000000208,0.6370160000000094,0.9610290000000213,0.6247660000000078,0.6458900000000095,0.0,0.6691850000000097,0.5111859999999924,1.0003310000000225,0.996954000000024,0.07393599999999989
146,1.1347476333205369,0.08614800000000004,0.5205259999999958,0.9251880000000162,0.8713690000000126,0.021773000000000015,0.9854460000000181,0.6338030000000066,0.960855000000018,0.6268740000000043,0.6502850000000046,0.0,0.6726520000000036,0.5084429999999904,1.000295000000019,0.996962000000023,0.07258299999999987
147,1.1357144383041462,0.08649799999999994,0.5240079999999958,0.9201480000000152,0.8741760000000132,0.021680000000000012,0.9870470000000178,0.6392600000000069,0.9627000000000165,0.6284150000000004,0.6490670000000033,0.0,0.6753720000000049,0.5128369999999896,1.0003170000000188,0.9969330000000203,0.07294599999999994
148,1.137964288606447,0.08769999999999986,0.5282719999999952,0.920816000000017,0.8768300000000124,0.02209900000000002,0.987776000000019,0.6439140000000074,0.9651520000000184,0.6335170000000062,0.653044000000007,0.0,0.680451000000007,0.5120479999999908,1.0002580000000205,0.9970550000000232,0.07595699999999989
149,1.1391591511095065,0.0896989999999999,0.5348869999999974,0.924961000000021,0.8750540000000165,0.02236200000000001,0.9886090000000248,0.644770000000009,0.9650860000000243,0.6392750000000073,0.6571310000000077,0.0,0.6813400000000087,0.5066199999999897,1.0002420000000265,0.9972410000000285,0.07761299999999985
150,1.140552342751342,0.08813599999999983,0.5449879999999988,0.9250480000000169,0.8734390000000148,0.023326000000000013,0.9903480000000182,0.6517000000000104,0.9668350000000188,0.6427960000000064,0.6642380000000065,0.0,0.6910490000000062,0.5092469999999917,1.0002720000000198,0.9973280000000225,0.07911599999999992
151,1.1412378147093578,0.0896299999999999,0.5448980000000008,0.9272350000000161,0.8730130000000133,0.02466800000000002,0.9898120000000181,0.6498000000000098,0.9679310000000165,0.6505390000000068,0.6672470000000063,0.0,0.6928740000000085,0.5121349999999896,1.0002590000000184,0.9969180000000207,0.07805599999999994
152,1.1416201293773063,0.08843900000000005,0.5510159999999986,0.928334000000016,0.8767310000000116,0.024011000000000015,0.9899420000000199,0.6518770000000055,0.9664140000000179,0.6540650000000049,0.6718310000000057,0.0,0.6961470000000055,0.506439999999994,1.0002460000000213,0.9968520000000234,0.08059099999999994
153,1.1436042651621863,0.0911389999999999,0.5540220000000019,0.9318480000000158,0.8732360000000109,0.02539400000000002,0.9910390000000165,0.6538630000000084,0.9688720000000163,0.6613190000000049,0.6818530000000057,0.0,0.7034360000000051,0.5083219999999895,1.0002450000000165,0.9968420000000209,0.08161199999999988
154,1.143366395475051,0.08954899999999984,0.5565299999999995,0.9326050000000142,0.8801570000000103,0.02368300000000001,0.991714000000014,0.6547480000000092,0.9708680000000136,0.6667050000000052,0.6872660000000059,0.0,0.7107470000000048,0.5055969999999933,1.0002720000000158,0.9969670000000186,0.08365000000000002
155,1.1445063317713569,0.08991599999999982,0.5625439999999993,0.9344530000000197,0.8756080000000162,0.025454000000000015,0.9926340000000212,0.6645090000000075,0.9723330000000201,0.6688780000000053,0.6865610000000055,0.0,0.7077160000000066,0.5051219999999924,1.0002520000000206,0.9969960000000224,0.08348999999999991
156,1.1458431151668886,0.09032699999999994,0.5682239999999956,0.9357070000000196,0.8799200000000149,0.023945000000000025,0.9935090000000183,0.6656970000000041,0.9722240000000189,0.6700790000000038,0.6937990000000079,0.0,0.7135870000000085,0.5040259999999902,1.000230000000019,0.9969550000000226,0.08937399999999994
157,1.1473636489807353,0.09203299999999999,0.5747009999999998,0.9373800000000141,0.8750090000000099,0.025480000000000044,0.9929460000000168,0.6728840000000046,0.9718340000000163,0.6699370000000044,0.6944080000000047,0.0,0.7121040000000038,0.4999439999999865,1.000237000000017,0.9968720000000177,0.08949699999999995
158,1.1495149558225943,0.09256799999999989,0.5862829999999994,0.938052000000017,0.8769470000000139,0.024870999999999997,0.9934710000000191,0.678220000000007,0.9731020000000186,0.6749090000000081,0.7008590000000074,0.0,0.7202970000000075,0.4986329999999897,1.00022400000002,0.9970140000000222,0.09102799999999998
159,1.1506805639878201,0.09659599999999997,0.5906550000000017,0.9419750000000153,0.8824470000000124,0.022437000000000026,0.9938990000000165,0.6799640000000056,0.9732590000000162,0.685523000000006,0.7104860000000062,0.0,0.7345120000000058,0.4939599999999886,1.0002030000000168,0.9966840000000191,0.09239299999999993
160,1.1527195699472252,0.09784999999999981,0.5878970000000041,0.9458270000000175,0.8807590000000122,0.024203000000000034,0.9936100000000184,0.6809480000000102,0.9757470000000178,0.6924340000000068,0.7189760000000093,0.0,0.7421210000000091,0.49458599999998965,1.000257000000019,0.996778000000021,0.09163699999999987
161,1.1554941659521085,0.09787099999999994,0.5939160000000039,0.9496050000000131,0.880619000000008,0.025104000000000026,0.9935910000000132,0.6866640000000086,0.9754820000000138,0.702705000000009,0.7271350000000077,0.0,0.7462030000000076,0.4936799999999911,1.000218000000014,0.9968010000000156,0.09257199999999996
162,1.1575844548983307,0.09874799999999989,0.5980379999999994,0.9530780000000125,0.8845380000000098,0.02313900000000002,0.9946400000000153,0.690172000000007,0.9742870000000149,0.7102700000000063,0.7365180000000059,0.0,0.7542610000000048,0.4921809999999903,1.0002220000000155,0.9969990000000186,0.09820599999999992
163,1.1590360658047905,0.10382099999999986,0.6054680000000032,0.9528100000000201,0.8874470000000156,0.02281700000000002,0.9952910000000208,0.6930770000000097,0.9752880000000212,0.713373000000009,0.7364200000000098,0.0,0.7558230000000098,0.49473599999999146,1.0002280000000208,0.9970030000000224,0.09812699999999998
164,1.1598334826180876,0.10370199999999975,0.6060040000000031,0.9554820000000143,0.8875500000000107,0.022551000000000005,0.9954210000000145,0.695399000000009,0.9772090000000143,0.723844000000006,0.7465120000000084,0.0,0.7613370000000077,0.49043399999999016,1.000264000000015,0.9966490000000174,0.09759299999999993
165,1.1623503212753836,0.10829399999999993,0.6092170000000044,0.960353000000015,0.8901850000000103,0.022042000000000027,0.996306000000015,0.6972780000000091,0.9802330000000148,0.7337430000000059,0.7509070000000081,0.0,0.7669390000000057,0.49070899999999096,1.000239000000015,0.9968760000000183,0.09715799999999995
166,1.1632523051247101,0.10776799999999986,0.6193600000000019,0.9604560000000177,0.8896040000000135,0.02174000000000001,0.9952370000000176,0.7039940000000086,0.980246000000017,0.7408910000000078,0.7516280000000075,0.0,0.7676330000000077,0.4929539999999903,1.0002240000000184,0.9968360000000211,0.09663899999999995
167,1.165832398737499,0.10990399999999989,0.6299650000000037,0.9618510000000194,0.8944500000000157,0.02076700000000001,0.9957780000000195,0.7111410000000095,0.9783200000000191,0.7419850000000094,0.7507150000000086,0.0,0.7712410000000095,0.49530099999998756,1.0002300000000197,0.9969950000000218,0.10235299999999985
168,1.1678026554913867,0.11345999999999994,0.6271380000000052,0.965888000000017,0.8939650000000139,0.022648000000000022,0.9953480000000174,0.7098540000000115,0.978957000000017,0.7446730000000079,0.7537070000000081,0.0,0.7701060000000092,0.49965799999998955,1.0002120000000174,0.9967880000000199,0.10459199999999988
169,1.1692273747311055,0.11041399999999986,0.6302050000000056,0.9671130000000127,0.8948710000000094,0.023347000000000017,0.9962880000000132,0.7134000000000108,0.9791160000000132,0.7496310000000102,0.7558790000000072,0.0,0.7744280000000078,0.5054339999999921,1.0002120000000134,0.9969440000000149,0.10341400000000003
170,1.1714103222397427,0.11012899999999992,0.6347550000000042,0.9688740000000162,0.8941970000000126,0.025742000000000025,0.9958790000000165,0.7151950000000107,0.9791840000000163,0.754217000000008,0.757333000000008,0.0,0.7749100000000079,0.5065449999999906,1.0002230000000174,0.9966850000000191,0.10041499999999995
171,1.1729788406612411,0.11394999999999997,0.640812000000002,0.9711910000000176,0.8957970000000139,0.025681,0.9955270000000187,0.7205110000000091,0.9804140000000181,0.76260500000001,0.7693300000000093,0.0,0.7812880000000079,0.5054909999999945,1.0001690000000187,0.9968780000000201,0.09963099999999996
172,1.1753693715385296,0.11320699999999968,0.6446500000000049,0.9704020000000129,0.8987260000000116,0.023890000000000022,0.9957150000000138,0.724079000000009,0.9833230000000132,0.7666840000000076,0.7740370000000094,0.0,0.7863360000000085,0.5043779999999922,1.0002000000000142,0.9969030000000159,0.09854299999999991
173,1.177278171397924,0.11151699999999991,0.6511800000000068,0.9724310000000199,0.9029220000000163,0.023477000000000012,0.997307000000021,0.7311250000000133,0.9842200000000212,0.7695460000000117,0.7807290000000118,0.0,0.7912520000000112,0.4984469999999911,1.000208000000021,0.9970210000000223,0.09607299999999996
174,1.1788286467496791,0.11322499999999978,0.6619690000000045,0.9740410000000158,0.8993490000000115,0.025046000000000023,0.9965960000000166,0.7384560000000074,0.9859860000000157,0.7750220000000057,0.7872190000000069,0.0,0.7950920000000068,0.4990999999999924,1.0001520000000168,0.9966560000000174,0.09642599999999996
175,1.1804000253358156,0.1098359999999998,0.6694210000000077,0.9752690000000143,0.9025720000000126,0.02497700000000001,0.9965230000000145,0.7443170000000118,0.9883850000000142,0.7871000000000087,0.7927300000000104,0.0,0.8014600000000087,0.49077099999999235,1.0001860000000147,0.9969740000000165,0.10175099999999994
176,1.183244789396891,0.11004899999999994,0.6722880000000054,0.9746320000000124,0.8992460000000113,0.02593200000000001,0.9961900000000135,0.7451720000000086,0.9885910000000134,0.7873510000000076,0.7861110000000054,0.0,0.7975900000000068,0.4970789999999931,1.0001760000000133,0.9967690000000149,0.10265799999999994
177,1.186195801901662,0.10873399999999986,0.6818260000000027,0.9746810000000151,0.9012170000000106,0.02607100000000001,0.9962340000000152,0.7520880000000061,0.9881550000000147,0.7915290000000073,0.7932880000000063,0.0,0.7982260000000073,0.49330299999999133,1.0001500000000154,0.9970810000000174,0.10671999999999998
178,1.186820927089282,0.10577099999999992,0.6853910000000049,0.9771100000000135,0.9029890000000098,0.02621500000000002,0.9966290000000139,0.7559820000000091,0.9888580000000132,0.7931180000000071,0.7916470000000072,0.0,0.8009040000000069,0.48761299999999225,1.0001620000000138,0.9969470000000157,0.10928500000000002
179,1.1875104700479366,0.10881899999999965,0.687229000000007,0.9786920000000161,0.9067480000000117,0.024764000000000026,0.9972520000000155,0.7537830000000092,0.9899590000000155,0.7969650000000063,0.7984100000000066,0.0,0.8101300000000071,0.48419099999999304,1.0001880000000158,0.9969080000000172,0.1091589999999999
180,1.189364173891698,0.1076949999999999,0.6884690000000044,0.9794080000000169,0.9038820000000106,0.027546000000000022,0.997012000000017,0.7518390000000089,0.9911840000000174,0.798389000000009,0.8043470000000065,0.0,0.8129800000000069,0.48645099999999386,1.0001680000000175,0.9970330000000192,0.10947100000000001
181,1.1910340411918614,0.10764999999999979,0.6958770000000065,0.9801490000000147,0.9042180000000106,0.02741300000000003,0.9969280000000151,0.7582430000000087,0.9931810000000154,0.8024940000000079,0.8071820000000084,0.0,0.8211570000000079,0.49080999999999175,1.0001550000000152,0.9968180000000171,0.11241499999999999
182,1.192737219870782,0.1060839999999999,0.7059720000000037,0.9781050000000132,0.9038980000000086,0.028027000000000038,0.9971040000000129,0.7702930000000062,0.992974000000013,0.8031680000000068,0.8062850000000057,0.0,0.8219330000000068,0.49382499999999196,1.000172000000013,0.9970420000000136,0.11482099999999999
183,1.194212635811778,0.10236399999999991,0.705011000000001,0.978981000000013,0.9061070000000103,0.02826400000000001,0.996437000000014,0.7710270000000055,0.993833000000014,0.8069120000000071,0.8123950000000074,0.0,0.8271700000000071,0.48334799999999295,1.0001640000000143,0.9969330000000153,0.11417999999999995
184,1.1967682508524307,0.10307999999999977,0.7016440000000046,0.9793360000000126,0.9057300000000106,0.030232000000000023,0.9964720000000133,0.7693100000000072,0.9941390000000134,0.8061180000000057,0.8072880000000043,0.0,0.828259000000006,0.4896849999999928,1.0001580000000136,0.9967350000000159,0.11433299999999984
185,1.1986160610317622,0.09776899999999977,0.7136530000000048,0.9796260000000119,0.9070490000000089,0.03184300000000001,0.9956650000000127,0.7770410000000075,0.9947660000000123,0.8098440000000056,0.8124710000000055,0.0,0.8265880000000054,0.4872719999999939,1.0001520000000128,0.9967700000000143,0.11638199999999994
186,1.198860578708227,0.09748799999999988,0.7198950000000041,0.978497000000011,0.9114500000000081,0.030449000000000018,0.9959140000000111,0.7847610000000065,0.9948930000000112,0.8135880000000071,0.8184760000000049,0.0,0.8322470000000066,0.472575999999993,1.0001610000000112,0.9967590000000117,0.11643799999999996
187,1.201138413807784,0.09927699999999982,0.7212030000000064,0.9771260000000169,0.9086500000000115,0.03154700000000005,0.9960770000000165,0.7847250000000084,0.9944920000000169,0.8142970000000086,0.8164460000000082,0.0,0.829617000000009,0.47366399999999464,1.0001420000000167,0.9967420000000182,0.11443299999999994
188,1.2039070378516288,0.09513999999999988,0.7275030000000055,0.9784640000000114,0.9089760000000082,0.032406000000000025,0.9959200000000131,0.7910360000000082,0.9946860000000125,0.8146790000000065,0.8182890000000062,0.0,0.8250990000000067,0.47732899999999356,1.000162000000013,0.996706000000015,0.11705900000000005
189,1.2060186907960342,0.09562899999999985,0.7319540000000045,0.9801860000000089,0.9074450000000065,0.031411000000000036,0.996128000000008,0.7915140000000069,0.9939230000000088,0.818602000000005,0.8211410000000057,0.0,0.8268670000000055,0.4725069999999947,1.0001260000000087,0.9969970000000102,0.11759700000000008
190,1.2075889271314606,0.09374399999999987,0.740713000000005,0.9812540000000117,0.90633800000001,0.03167900000000002,0.9968890000000116,0.7973770000000077,0.9941560000000117,0.8267120000000083,0.8266060000000074,0.0,0.8306020000000084,0.4737579999999938,1.0001410000000117,0.996748000000013,0.12051499999999991
191,1.2095621274384067,0.08968000000000005,0.7443650000000076,0.9808490000000155,0.9008580000000126,0.035011,0.9967490000000155,0.7971430000000113,0.9953420000000153,0.8260140000000095,0.8266670000000083,0.0,0.8359170000000099,0.47320699999999305,1.0001360000000155,0.9969290000000164,0.12100199999999993
192,1.2114357391738273,0.08885299999999985,0.7488970000000033,0.9823390000000103,0.9012300000000067,0.035254000000000035,0.9968950000000103,0.8020350000000055,0.9959490000000102,0.8279870000000051,0.8273950000000059,0.0,0.8368320000000053,0.47630399999999257,1.0001110000000104,0.9968460000000118,0.12164
193,1.213051794449896,0.09029999999999994,0.7533490000000036,0.9842450000000114,0.9029990000000081,0.03594299999999999,0.9965780000000115,0.804870000000008,0.9956170000000115,0.8331940000000068,0.8326550000000084,0.0,0.8394930000000079,0.46622799999999337,1.0001130000000116,0.996945000000013,0.12281199999999995
194,1.2137129076778843,0.08849099999999994,0.7615530000000053,0.9838880000000125,0.9062880000000074,0.03481499999999999,0.9959230000000125,0.8079080000000078,0.9947160000000127,0.8358160000000052,0.8372520000000058,0.0,0.8414130000000066,0.46164999999999407,1.000158000000013,0.9965580000000149,0.126316
195,1.215647566052737,0.08971099999999999,0.7580530000000041,0.9831270000000117,0.9071290000000081,0.03580300000000007,0.9958320000000117,0.8045660000000074,0.9950730000000121,0.8364390000000061,0.8345000000000072,0.0,0.8399720000000073,0.46312199999999387,1.0001170000000121,0.9970480000000121,0.12518499999999994
196,1.2178491037948718,0.08641599999999998,0.7592850000000037,0.983506000000009,0.9030620000000059,0.037938,0.9946850000000089,0.8032010000000055,0.9946650000000088,0.8358330000000055,0.8406910000000051,0.0,0.8332380000000053,0.4584709999999948,1.000111000000009,0.9968560000000103,0.1255849999999999
197,1.219988864670249,0.0858729999999999,0.757520000000005,0.983287000000012,0.9079760000000081,0.03828400000000004,0.9947140000000123,0.8017940000000081,0.994241000000012,0.8366590000000077,0.8439560000000075,0.0,0.8337840000000083,0.4582479999999953,1.0001110000000124,0.9969220000000145,0.12491799999999995
198,1.2208526167864497,0.08229799999999994,0.7542080000000025,0.9839200000000077,0.9066290000000056,0.04228599999999998,0.9933970000000079,0.7996230000000039,0.9947680000000078,0.8361760000000038,0.8431560000000035,0.0,0.8340540000000028,0.46221799999999497,1.0000960000000079,0.9968450000000094,0.12328600000000005
199,1.2231563656743347,0.080055,0.7586720000000068,0.9863920000000092,0.9103960000000073,0.042671,0.9933940000000095,0.8043930000000079,0.9944700000000094,0.8395010000000063,0.8504940000000061,0.0,0.8386980000000058,0.4557649999999947,1.0001250000000097,0.9967370000000112,0.12147299999999991
200,1.2245165155529758,0.07996499999999991,0.7643830000000033,0.9870340000000092,0.9137650000000068,0.04379100000000002,0.9942090000000093,0.8092580000000066,0.995058000000009,0.844376000000005,0.8548910000000047,0.0,0.8431320000000047,0.45464099999999474,1.0001410000000093,0.9969820000000106,0.12185499999999991
