,PopRatio,Diff_KC,Fibroblast,ILC3,M1,M2,Neutrophil,Prol_KC,Th0,Th1,Th17,Th2,Th22,Treg,iDC,pDC,preDiff_KC
0,1.0,0.000207,0.0,0.0,0.0,0.0,0.0,0.0,0.0,0.0,0.0,0.0,0.0,0.16401800000000005,0.0,0.0,0.0
1,1.000002,0.001506,0.0,0.0,0.0,0.0,0.0,0.0,0.0,0.0,0.0,0.0,0.0,0.12133900000000002,7e-06,7e-06,0.0
2,0.9999999999960001,0.002273,0.0,0.0,3.4e-05,0.0,0.0,0.0,0.0,0.0,0.0,0.0,0.0,0.11461300000000002,0.0010119999999999999,0.0010249999999999999,0.0
3,0.9999999999960001,0.003097000000000001,0.0,0.0,0.00014000000000000001,0.0,0.0,0.0,0.0,0.0,0.0,0.0,0.0,0.12506299999999998,0.004253,0.004288000000000001,0.0
4,1.0000029999960007,0.004372,0.0,0.0,0.000598,0.0,6.7e-05,0.0,0.0,0.0,0.0,0.0,0.0,0.14218000000000003,0.013122,0.013136,0.0
5,1.0000130000260006,0.004744000000000001,0.0,0.0,0.001412,0.0,0.00031500000000000007,0.0,0.0,0.0,0.0,0.0,0.0,0.15654899999999997,0.025022000000000006,0.02496200000000001,0.0
6,1.000035000312002,0.0061,0.0,0.0,0.0017570000000000003,0.0,0.001317,0.0,0.0,0.0,0.0,0.0,0.0,0.17189400000000007,0.04071099999999997,0.04072299999999998,0.0
7,1.0000490008020069,0.007581,0.0,0.0,0.0036829999999999988,0.0,0.002646000000000001,0.0,0.0,0.0,0.0,0.0,0.0,0.18828900000000023,0.06511499999999994,0.06507999999999993,0.0
8,1.0000780022230316,0.009027000000000002,0.0,0.0,0.005902000000000004,0.0,0.004952,0.0,0.0,0.0,0.0,0.0,0.0,0.20372400000000004,0.09439299999999969,0.09439899999999965,0.0
9,1.0001060044070955,0.009808999999999995,0.0,0.0,0.010422999999999988,0.0,0.007259000000000003,0.0,0.0,0.0,0.0,0.0,0.0,0.2144940000000001,0.1253059999999999,0.1252339999999999,0.0
10,1.0001360075872285,0.011488,0.0,0.0,0.015386999999999979,0.0,0.013235999999999998,0.0,0.0,0.0,0.0,0.0,0.0,0.2252240000000003,0.16550000000000017,0.16550700000000015,0.0
11,1.0002050169717562,0.011959,0.0,0.0,0.022058000000000008,0.0,0.01731400000000001,0.0,0.0,0.0,0.0,0.0,0.0,0.24080300000000063,0.2101520000000007,0.2102430000000007,0.0
12,1.0002760315279682,0.015025999999999992,0.0,0.0,0.028126000000000054,0.0,0.023999999999999994,0.0,0.0,0.0,0.0,0.0,0.0,0.25814499999999946,0.2597099999999988,0.25955799999999896,0.0
13,1.0003620552666823,0.015326999999999999,0.0,0.0,0.03537000000000003,0.0,0.03184200000000004,0.0,0.0,0.0,0.0,0.0,0.0,0.2728520000000005,0.30606399999999956,0.3059139999999996,0.0
14,1.000496103782094,0.016861,0.0,0.0,0.04677799999999992,0.0,0.039381000000000006,0.0,0.00011300000000000001,0.0,0.0,0.0,0.0,0.28228099999999867,0.3542869999999961,0.3541319999999962,0.0
15,1.0006281692677972,0.017899000000000005,0.0,0.0,0.05813999999999999,0.0,0.04997199999999993,0.0,0.000226,0.0,0.0,0.0,0.0,0.29312299999999897,0.3992239999999931,0.39888899999999317,0.0
16,1.0008232917608197,0.017827000000000003,0.0,0.0,0.0724649999999997,0.0,0.05839699999999985,0.0,0.000595,0.0,0.0,0.0,0.0,0.30215999999999926,0.44943799999999423,0.44914299999999446,0.0
17,1.0010294613589379,0.019862000000000005,0.0,0.0,0.08686699999999956,0.0,0.07382199999999979,0.0,0.00136,0.0,0.0,0.0,0.0,0.3142409999999962,0.4955009999999917,0.49477499999999197,0.0
18,1.0013117516670607,0.02070800000000003,0.0,0.0,0.09937199999999943,0.0,0.09122199999999943,0.0,0.002418999999999999,0.0,0.0,0.0,0.0,0.31791499999999745,0.5301700000000008,0.5286720000000005,0.0
19,1.0016441871686346,0.02201400000000002,0.0,0.0,0.11264399999999934,0.0,0.10121599999999928,0.0,0.0031300000000000004,0.0,0.0,0.0,0.0,0.3349749999999968,0.5717310000000071,0.5697610000000066,0.0
20,1.0020348284016547,0.02231500000000003,0.0,0.0,0.12910399999999955,0.0,0.11947599999999921,0.0,0.004032999999999999,0.0,0.0,0.0,0.0,0.3459749999999959,0.610549000000009,0.6075720000000084,0.0
21,1.0024526769251139,0.02381400000000005,0.0,0.0,0.14480900000000035,0.0,0.1348829999999996,0.0,0.004604000000000002,0.0,0.0,0.0,0.0,0.3589869999999946,0.6444190000000151,0.6400030000000148,0.0
22,1.0029057855351147,0.025471000000000032,0.0,0.0,0.1602680000000013,0.0,0.1555420000000015,0.0,0.006937000000000006,0.0,0.0,0.0,0.0,0.36978699999999876,0.6743290000000204,0.6687350000000196,0.0
23,1.003405232616345,0.026695000000000045,0.0,2.7e-05,0.17425900000000266,0.0,0.17040800000000197,6.7e-05,0.010140999999999992,0.0,0.0,0.0,0.0,0.38691799999999504,0.7041000000000239,0.6980670000000236,0.0
24,1.0040052689454921,0.025811000000000063,0.0,0.0,0.1832020000000034,0.0,0.18775200000000303,0.000332,0.014234999999999979,0.0,0.0,0.0,0.0,0.39653299999999075,0.7263320000000208,0.7183410000000205,0.0
25,1.004655864359817,0.02571200000000003,0.0,0.000128,0.19581000000000343,0.0,0.20166000000000478,0.0004020000000000002,0.01817999999999999,0.0,0.0,0.0,0.0,0.4055049999999913,0.7525490000000291,0.7442800000000263,0.0
26,1.005404332978802,0.026985000000000064,0.0,0.0,0.20601000000000383,0.0,0.21778800000000512,0.00033400000000000004,0.022263000000000047,0.0,0.0,0.0,0.0,0.4163619999999886,0.7727200000000318,0.7631760000000326,0.0
27,1.006124202481268,0.029003000000000088,0.0,4e-06,0.22153600000000495,0.0,0.23129300000000638,0.00045799999999999997,0.027966000000000053,0.0,0.0,0.0,0.0,0.42496399999999,0.7916540000000389,0.7826820000000396,0.0
28,1.0070025489100787,0.029585000000000052,0.0,0.00010400000000000001,0.23865600000000625,0.0,0.2468450000000075,0.00036,0.03204400000000009,0.0,0.0,0.0,0.0,0.4266339999999863,0.8130950000000401,0.8025580000000395,0.0
29,1.007897774176117,0.029891000000000025,0.0,0.000134,0.2565460000000056,0.0,0.26314200000000443,0.0004580000000000001,0.03966399999999994,0.0,0.0,0.0,0.0,0.426076999999986,0.8317220000000436,0.820582000000042,0.0
30,1.0088149611506703,0.02950700000000007,0.0,0.000267,0.26989200000000396,0.0,0.28071500000000205,0.000752,0.048024999999999936,0.0,0.0,0.0,0.0,0.4348389999999876,0.8505340000000482,0.8387930000000476,0.0
31,1.0098853138245063,0.030649000000000027,0.0,0.0008419999999999999,0.286186,0.0,0.2971219999999985,0.0012829999999999996,0.051838999999999955,0.0,0.0,0.0,0.0,0.4421769999999857,0.8654890000000452,0.8539040000000444,0.0
32,1.0108649025789704,0.030050000000000035,0.0,0.0013889999999999998,0.3010249999999987,0.0,0.3141559999999976,0.002065,0.06326899999999977,0.0,0.0,0.0,0.0,0.44296699999998707,0.8844990000000493,0.8716610000000498,0.0
33,1.0118262351013787,0.030380000000000074,0.0,0.001893,0.32232899999999554,0.0,0.3325939999999953,0.0023599999999999997,0.06981899999999976,0.0,3.9999999999999996e-05,0.0,0.0,0.44301499999998595,0.8966110000000501,0.8837160000000479,9.300000000000001e-05
34,1.012912936477936,0.03002600000000007,0.0,0.002598999999999999,0.3429369999999951,0.0,0.35907399999999484,0.003977000000000002,0.07964999999999958,0.0,0.0,0.0,0.0,0.45287299999998587,0.9016280000000447,0.8886100000000441,6.6e-05
35,1.0140058695364462,0.028784000000000046,0.0,0.004532000000000003,0.36909299999999157,0.0,0.378415999999991,0.004710000000000003,0.09096099999999936,0.0,0.0,0.0,0.0,0.45461199999998314,0.9138690000000637,0.9000970000000618,0.0
36,1.015138514092786,0.03083700000000007,0.0,0.0057350000000000005,0.3794729999999921,0.0,0.39292399999998967,0.006170000000000001,0.10387699999999933,0.0,4.4e-05,0.0,2.2e-05,0.46491999999998185,0.9227420000000501,0.9078230000000491,0.0
37,1.016196288424534,0.03511900000000004,0.0,0.008980000000000004,0.3982599999999878,0.0,0.40815999999998487,0.006197000000000003,0.11733699999999911,0.0,8.2e-05,0.0,4.2000000000000004e-05,0.48630799999998175,0.9310040000000555,0.9164650000000562,0.0
38,1.0173242663047455,0.03724700000000005,0.0,0.011842999999999994,0.41495899999998653,0.0,0.4228599999999833,0.009109999999999997,0.1291269999999994,6.7e-05,0.000199,0.0,0.00019899999999999996,0.4936809999999776,0.9401050000000558,0.9258190000000545,4.8e-05
39,1.0185084317507878,0.04060900000000009,0.0,0.01584199999999997,0.4384779999999848,0.0,0.4417419999999825,0.011165999999999997,0.1417370000000001,6.599999999999999e-05,0.00030000000000000003,0.0,0.000401,0.4961239999999793,0.9502910000000593,0.935832000000061,0.000133
40,1.0196155504161701,0.04173599999999996,0.0,0.020667999999999995,0.4545539999999836,0.0,0.45918699999998003,0.01332599999999999,0.1583090000000011,6.6e-05,0.000287,0.0,0.000715,0.4993869999999802,0.9545860000000576,0.9400700000000574,0.0
41,1.0207391667527925,0.042857000000000006,0.0,0.028790000000000076,0.4686689999999815,0.0,0.4771829999999775,0.01612199999999998,0.17270000000000174,6.7e-05,0.0006180000000000001,0.0,0.000437,0.49759699999998097,0.961434000000057,0.948524000000059,0.0
42,1.0219681367096227,0.04325799999999995,0.0,0.03605300000000005,0.4807179999999809,0.0,0.4894249999999763,0.019319000000000013,0.1830200000000027,0.0002,0.000546,0.0,0.00081,0.5030339999999796,0.9680830000000586,0.9547380000000593,2.1000000000000002e-05
43,1.0231444220350383,0.048292999999999975,0.0,0.04529799999999997,0.4944959999999765,0.0,0.5028189999999763,0.020364000000000007,0.1983630000000039,0.00033400000000000004,0.0008499999999999998,0.0,0.0007700000000000001,0.5178329999999814,0.9731790000000671,0.9618140000000682,4.5e-05
44,1.0242228162559344,0.050334,0.0,0.054799999999999904,0.504872999999979,0.0,0.520789999999981,0.02284200000000004,0.214264000000004,0.000738,0.0018170000000000005,0.0,0.000988,0.5158059999999837,0.976755000000056,0.965090000000056,6.7e-05
45,1.0254672469777446,0.05157099999999996,1.2e-05,0.06487999999999987,0.5134439999999827,0.0,0.5321019999999841,0.025579000000000077,0.23035700000000464,0.00075,0.002767000000000001,0.0,0.00178,0.5216359999999854,0.9796570000000421,0.9672230000000444,6.7e-05
46,1.0267152406173614,0.051725999999999946,4.4e-05,0.07377599999999963,0.5245249999999871,6.6e-05,0.5425509999999855,0.029640000000000062,0.24065500000000484,0.0008770000000000001,0.0036580000000000015,0.0,0.0022229999999999993,0.5282069999999881,0.9814210000000553,0.9701990000000583,8.3e-05
47,1.0279329248927906,0.05189700000000006,6.7e-05,0.08297499999999955,0.5340489999999872,9e-06,0.554397999999991,0.03133600000000011,0.2549620000000053,0.001065,0.003995000000000003,0.0,0.0029719999999999994,0.5356429999999917,0.9823360000000537,0.971142000000055,0.0
48,1.0289474946897161,0.050952999999999936,0.000133,0.09200299999999943,0.544214999999989,0.0,0.5676379999999919,0.03443300000000005,0.27107700000000146,0.0014280000000000002,0.0039060000000000006,0.0,0.004201000000000001,0.5339829999999861,0.986444000000065,0.9748490000000667,6.7e-05
49,1.0299857027119261,0.05274999999999992,0.00019700000000000002,0.10803899999999933,0.5585449999999923,0.0,0.5838669999999931,0.037331000000000024,0.29025699999999893,0.0023300000000000005,0.004872000000000002,0.0,0.005680000000000004,0.5393079999999898,0.9883360000000626,0.9778970000000642,6.7e-05
50,1.031035258143054,0.05211399999999993,0.000134,0.123651999999999,0.570761999999994,6.7e-05,0.5960369999999977,0.04370199999999995,0.3023529999999982,0.0032510000000000004,0.006501000000000007,0.0,0.006612000000000005,0.5397549999999883,0.9900480000000567,0.9798640000000607,6.7e-05
51,1.0322343521483341,0.05283899999999992,0.000323,0.13433399999999981,0.5863639999999967,0.000201,0.608120000000001,0.04734599999999999,0.3177699999999961,0.003732000000000002,0.008330000000000006,0.0,0.006567000000000007,0.5501979999999909,0.9911080000000605,0.9808430000000621,8.400000000000001e-05
52,1.0333223271555625,0.05358899999999993,0.0005219999999999999,0.1452910000000002,0.5912219999999967,0.0002,0.6166979999999996,0.050959999999999984,0.3292849999999954,0.0039279999999999975,0.009740999999999998,0.0,0.007362000000000009,0.5549859999999897,0.9915660000000585,0.9822140000000584,0.00013900000000000002
53,1.034406282276809,0.055535999999999926,0.001002,0.16221200000000113,0.6033119999999982,6.7e-05,0.6347200000000046,0.05336399999999988,0.34346899999999214,0.004548000000000003,0.010475999999999987,0.0,0.008322000000000006,0.5579199999999963,0.9928980000000496,0.9844510000000527,6.7e-05
54,1.0353600048691218,0.05670399999999982,0.001802,0.17728800000000203,0.6145309999999999,0.000116,0.6509350000000045,0.05984299999999984,0.35203199999999135,0.004102000000000003,0.011056999999999997,0.0,0.011357999999999988,0.5624779999999925,0.9937020000000542,0.9863000000000547,0.00012900000000000002
55,1.0366655938353182,0.059122999999999905,0.0020980000000000005,0.18837200000000268,0.6219580000000048,0.000261,0.6686380000000107,0.06725499999999977,0.3635149999999924,0.004771000000000002,0.012341999999999997,0.0,0.011877,0.5629879999999938,0.9945970000000606,0.9867440000000631,0.000156
56,1.0377167727475305,0.05720999999999983,0.00243,0.20785400000000412,0.6310910000000035,0.000141,0.6789480000000155,0.07156599999999975,0.38148099999998786,0.006083000000000006,0.015381999999999979,0.0,0.013768999999999993,0.5653619999999908,0.9949670000000619,0.9873750000000612,0.000268
57,1.0388281674112079,0.058723999999999915,0.0023520000000000004,0.22536500000000453,0.6454440000000097,0.000387,0.692262000000017,0.07564599999999962,0.4007139999999878,0.00892,0.016783999999999976,0.0,0.014609999999999975,0.5659449999999944,0.9962770000000558,0.9880430000000583,0.00030000000000000003
58,1.0397672680746064,0.05817199999999983,0.0034170000000000003,0.24483500000000513,0.6503000000000084,0.000419,0.7043240000000184,0.08075199999999964,0.4143249999999866,0.010880999999999988,0.02092900000000002,0.0,0.01754600000000001,0.5621969999999932,0.9966820000000551,0.9887320000000561,0.00035400000000000004
59,1.0408756599824323,0.060783999999999845,0.0032260000000000014,0.2607310000000036,0.6592260000000063,0.000639,0.7146810000000152,0.08451299999999952,0.43529899999998495,0.01351399999999998,0.023652000000000034,0.0,0.019029000000000008,0.5686339999999956,0.9971350000000525,0.990356000000055,0.00046600000000000005
60,1.041879064118711,0.059158999999999844,0.0030040000000000015,0.27979300000000007,0.6651880000000104,0.0005430000000000001,0.7276920000000194,0.09297699999999957,0.4555379999999842,0.016153999999999998,0.025307000000000055,0.0,0.02512600000000004,0.5754449999999983,0.9979510000000542,0.9914250000000554,0.000841
61,1.0428480116483976,0.059374999999999914,0.0033290000000000017,0.2958889999999979,0.6738530000000141,0.000466,0.738076000000024,0.10060299999999947,0.46746899999998326,0.018811,0.028038000000000063,0.0,0.03162400000000004,0.5764059999999958,0.9984400000000507,0.992015000000054,0.001283
62,1.043943002060681,0.05786899999999992,0.0031959999999999996,0.31888299999999575,0.6821460000000156,0.0009649999999999999,0.7447730000000259,0.10371999999999934,0.4786859999999797,0.020351000000000015,0.033248000000000034,0.0,0.03572800000000003,0.5718679999999967,0.9989980000000641,0.9933700000000658,0.0011779999999999998
63,1.0449963405498268,0.05862499999999986,0.003675,0.33573099999999323,0.6895970000000207,0.001007,0.7482060000000317,0.10563899999999947,0.4887999999999804,0.022805000000000023,0.04159100000000001,0.0,0.041353999999999974,0.5709709999999983,0.9989670000000606,0.9930050000000622,0.000736
64,1.045829202633308,0.05985399999999994,0.0035260000000000014,0.3490479999999919,0.6974800000000168,0.0011430000000000001,0.7524590000000243,0.11183299999999922,0.5020629999999827,0.026244000000000045,0.04189200000000001,0.0,0.04348600000000002,0.5666059999999936,0.9996020000000485,0.9934460000000516,0.00095
65,1.0468677110315736,0.05685999999999993,0.004957000000000002,0.3650789999999921,0.7131810000000189,0.0013070000000000002,0.7587380000000254,0.1192089999999993,0.5186829999999862,0.029123000000000093,0.04753799999999998,0.0,0.04949299999999984,0.5586699999999958,0.9997400000000511,0.993474000000053,0.000992
66,1.0475848154136833,0.05655899999999987,0.006276000000000004,0.38302899999998985,0.718728000000017,0.002071,0.7649640000000221,0.1255639999999993,0.5279439999999852,0.031943000000000055,0.05080699999999996,0.0,0.05402099999999996,0.5528739999999909,1.0000530000000551,0.9933750000000571,0.001068
67,1.0485161183146434,0.05917299999999986,0.006947000000000003,0.3965499999999886,0.7246550000000233,0.00196,0.7698130000000284,0.12999799999999992,0.5421069999999922,0.03542500000000002,0.0571969999999999,0.0,0.0591529999999999,0.545631999999991,1.0001950000000548,0.9942390000000577,0.001751
68,1.0493675134027731,0.05883899999999984,0.008450999999999997,0.406660999999988,0.7358270000000171,0.00198,0.7728910000000259,0.13273800000000008,0.5504779999999919,0.03818100000000002,0.061616999999999866,0.0,0.06456599999999979,0.5478669999999889,0.9999410000000527,0.9943650000000568,0.002262
69,1.0501902175333364,0.05735599999999984,0.009115999999999997,0.4212339999999866,0.7399370000000207,0.001912,0.7830140000000281,0.14069900000000077,0.5687599999999954,0.04115300000000001,0.06805599999999977,0.0,0.07128399999999976,0.5501309999999934,1.0001280000000494,0.9950480000000517,0.0025800000000000007
70,1.0508770419356548,0.05675299999999989,0.010024999999999996,0.4380369999999848,0.7445170000000211,0.002054,0.7946810000000253,0.14781300000000103,0.5865749999999976,0.04344899999999995,0.07391499999999968,0.0,0.0785879999999997,0.5508699999999872,0.9999820000000494,0.9954380000000527,0.0021219999999999993
71,1.051838594429078,0.05717699999999993,0.01191999999999999,0.45243799999998474,0.7475000000000229,0.002666999999999999,0.8017110000000303,0.1559810000000008,0.5980129999999997,0.04846399999999995,0.08426199999999968,0.0,0.08558699999999957,0.5585629999999936,1.0002720000000487,0.9962890000000518,0.002818000000000001
72,1.0529419731146854,0.05858399999999989,0.012656999999999991,0.4611439999999842,0.7536550000000178,0.0034920000000000003,0.8044200000000279,0.16220900000000096,0.6066679999999981,0.05023999999999998,0.08854099999999941,0.0,0.08973699999999944,0.5604869999999958,1.0000720000000451,0.9962180000000485,0.0033109999999999997
73,1.0534558087976134,0.05985699999999988,0.013281999999999985,0.47024599999998123,0.7565210000000268,0.0036180000000000006,0.8107220000000314,0.17002800000000184,0.6194670000000027,0.05214999999999989,0.09507899999999964,0.0,0.09591399999999951,0.560370999999993,1.0002810000000528,0.9966590000000553,0.0035479999999999995
74,1.0543933844674989,0.06081999999999988,0.015330999999999975,0.4817889999999806,0.7607260000000221,0.003977999999999999,0.8156400000000321,0.1748780000000021,0.6315310000000061,0.05704799999999991,0.0978249999999994,0.0,0.10117899999999949,0.5639319999999928,0.9999120000000485,0.9966860000000519,0.004095000000000001
75,1.0554256355909435,0.05861999999999997,0.015464999999999972,0.49467299999997966,0.7681820000000261,0.0046689999999999995,0.8212100000000317,0.1791160000000028,0.6416820000000111,0.062444999999999876,0.10347099999999952,0.0,0.10565999999999948,0.5623699999999962,1.0001870000000517,0.9967120000000546,0.004020999999999999
76,1.0561148285310384,0.06222099999999988,0.017496000000000005,0.514022999999986,0.7742410000000248,0.004301000000000003,0.8190730000000339,0.18878500000000248,0.6508870000000113,0.06487799999999982,0.10909699999999926,0.0,0.11164099999999928,0.5531319999999953,1.0002180000000502,0.9969130000000521,0.003639999999999999
77,1.0573145749763029,0.06166499999999983,0.017948999999999996,0.5296619999999845,0.7776400000000175,0.005411000000000005,0.8216540000000223,0.1915250000000023,0.6659660000000028,0.06807099999999981,0.11914899999999948,0.0,0.11848999999999935,0.5503869999999902,1.0002330000000441,0.9968100000000466,0.003913999999999999
78,1.0583063360476774,0.061555999999999826,0.02142000000000004,0.5362189999999877,0.7800170000000239,0.006097000000000003,0.8201570000000288,0.2065960000000031,0.6754190000000084,0.07040899999999985,0.1277099999999995,0.0,0.12545399999999954,0.548209999999991,1.0003140000000479,0.9968590000000522,0.004794000000000001
79,1.059027042662577,0.06255899999999984,0.025482000000000074,0.5445629999999934,0.7813570000000271,0.006609000000000004,0.8301520000000313,0.21581400000000422,0.6858020000000171,0.07855099999999966,0.1345469999999999,0.0,0.13194699999999998,0.5480539999999914,1.000592000000048,0.9972170000000536,0.005882000000000003
80,1.059842493485478,0.06434299999999978,0.02659800000000007,0.55948599999999,0.7799630000000249,0.0070100000000000015,0.8377550000000327,0.22207100000000418,0.694690000000015,0.08657099999999952,0.14547200000000032,0.0,0.13664899999999977,0.5472399999999927,1.0006950000000512,0.9973170000000537,0.005388000000000002
81,1.0611418603825458,0.06512399999999974,0.03142000000000006,0.5694399999999931,0.7850160000000234,0.006951000000000001,0.8465930000000296,0.23103200000000404,0.7043510000000146,0.09363199999999962,0.15006000000000067,0.0,0.14260800000000054,0.55233099999999,1.0006230000000427,0.9972180000000449,0.0052510000000000005
82,1.0623950689197026,0.06556099999999984,0.03502500000000005,0.5867949999999962,0.7820900000000259,0.007655000000000003,0.8516310000000302,0.23434400000000397,0.7143370000000174,0.09935999999999952,0.15670800000000143,0.0,0.1495680000000006,0.5500539999999939,1.000708000000048,0.99753700000005,0.0053620000000000004
83,1.063453214408397,0.06658299999999981,0.04045399999999995,0.5969609999999987,0.7829870000000168,0.008191000000000002,0.853710000000028,0.2444080000000045,0.7220780000000135,0.10798999999999954,0.1657430000000016,0.0,0.15829700000000152,0.5503099999999919,1.0006650000000445,0.9975190000000477,0.005679
84,1.0643061038863995,0.0679539999999999,0.044244999999999944,0.6100590000000075,0.7905860000000176,0.007637000000000007,0.860192000000026,0.24954400000000485,0.7347680000000162,0.11684299999999942,0.17703900000000186,0.0,0.17233400000000143,0.5540779999999953,1.0006220000000432,0.9970980000000457,0.005756000000000002
85,1.0650904974850097,0.07073399999999987,0.04622699999999994,0.6234520000000076,0.793921000000021,0.008474000000000004,0.866644000000029,0.25503800000000393,0.7449520000000175,0.12231799999999948,0.18849000000000227,0.0,0.18168000000000134,0.5533629999999977,1.000697000000044,0.9975110000000469,0.006038000000000003
86,1.0663377184576108,0.07317899999999976,0.047752999999999914,0.6271190000000061,0.7909680000000281,0.007863000000000005,0.8719560000000325,0.2627490000000019,0.7468790000000217,0.13075399999999962,0.19050400000000278,0.0,0.18271000000000276,0.5552739999999939,1.00065700000005,0.997636000000052,0.006101000000000003
87,1.067664242579424,0.0748229999999997,0.05150699999999991,0.6396770000000108,0.7927420000000226,0.008412999999999999,0.8767880000000329,0.2699710000000017,0.7536530000000181,0.13840300000000022,0.19954600000000305,0.0,0.1960860000000034,0.5583549999999949,1.0005780000000415,0.9971670000000455,0.0067070000000000055
88,1.0682290369637926,0.07408999999999988,0.05788799999999994,0.6539840000000076,0.7886700000000245,0.009581999999999995,0.883652000000035,0.27731900000000087,0.7583890000000196,0.14405800000000032,0.21223000000000328,0.0,0.20719000000000273,0.5552459999999974,1.000624000000044,0.9974820000000465,0.007555000000000004
89,1.068562324423372,0.07204299999999983,0.06234399999999993,0.658030000000009,0.7863130000000157,0.010859999999999988,0.8869970000000268,0.2805110000000014,0.769325000000015,0.15425800000000092,0.21838000000000368,0.0,0.2179570000000035,0.5527409999999954,1.0005620000000328,0.9969990000000376,0.007623000000000009
90,1.069224833064549,0.0740479999999998,0.0684589999999999,0.6651280000000126,0.7880140000000245,0.010435999999999997,0.8838840000000339,0.28705099999999995,0.7743360000000272,0.1639100000000019,0.2277160000000046,0.0,0.22931100000000448,0.5598829999999986,1.000594000000041,0.9975670000000446,0.008651
91,1.0700224747900589,0.07388599999999979,0.07356999999999975,0.6705540000000136,0.7870730000000286,0.010508999999999985,0.8860970000000358,0.2971239999999979,0.7768350000000269,0.17018500000000206,0.23273200000000438,0.0,0.2367310000000047,0.5585729999999969,1.000620000000044,0.9974750000000484,0.009177999999999999
92,1.0706238274209379,0.07517599999999983,0.07802999999999992,0.6770720000000073,0.7897330000000162,0.011337999999999999,0.885115000000031,0.30102399999999613,0.7887770000000175,0.17713600000000157,0.2404950000000043,0.0,0.24294900000000413,0.5535939999999969,1.0006120000000422,0.9972830000000464,0.010300999999999989
93,1.0718090079979377,0.07482999999999985,0.08092899999999979,0.693371000000017,0.7876370000000273,0.013848999999999985,0.8903520000000353,0.30765599999999704,0.7865540000000296,0.18548000000000264,0.24825400000000403,0.0,0.25652900000000345,0.5589249999999932,1.000569000000046,0.9973170000000486,0.010400999999999988
94,1.0722977529056332,0.07417399999999981,0.08861599999999979,0.6995020000000126,0.7874890000000232,0.013024999999999998,0.895627000000032,0.31078399999999506,0.7950760000000251,0.19712200000000288,0.2530080000000043,0.0,0.26706300000000127,0.5682599999999951,1.0006310000000442,0.997424000000048,0.011170999999999999
95,1.0727020091585262,0.07438799999999973,0.09049699999999958,0.7043230000000207,0.788614000000026,0.014314999999999986,0.8952240000000398,0.30196399999999846,0.8015730000000292,0.2036130000000038,0.26262000000000224,0.0,0.27858199999999983,0.5748939999999995,1.000574000000051,0.9972750000000543,0.010480000000000005
96,1.0730806729678135,0.07380299999999988,0.09995799999999971,0.7131420000000174,0.7909190000000249,0.014698999999999992,0.8970350000000326,0.30820499999999773,0.8046000000000281,0.21029000000000353,0.2670730000000022,0.0,0.29039699999999796,0.5737699999999976,1.0005870000000432,0.9973320000000471,0.01004599999999999
97,1.0736032632555947,0.07608699999999981,0.10338599999999956,0.72326600000002,0.7934400000000222,0.015759999999999972,0.9016460000000298,0.3126309999999969,0.8088980000000262,0.21866300000000297,0.2793079999999992,0.0,0.30686499999999617,0.5780249999999998,1.0005810000000364,0.9971960000000404,0.010917999999999994
98,1.0743322398713842,0.07339699999999981,0.10768499999999959,0.7354310000000229,0.7903680000000272,0.015989999999999983,0.9063010000000407,0.3140699999999958,0.8190040000000312,0.22964400000000387,0.29170399999999813,0.0,0.32546499999999523,0.5745860000000024,1.0005120000000456,0.9973890000000498,0.009977999999999992
99,1.0746856951783508,0.07547099999999993,0.11047099999999963,0.7450700000000184,0.7888860000000232,0.01620699999999999,0.9059920000000311,0.31967799999999635,0.8237790000000269,0.2387880000000046,0.3000529999999978,0.0,0.33869399999999245,0.5797289999999975,1.0005580000000431,0.9971970000000455,0.010853999999999992
100,1.0759140609279856,0.07352099999999982,0.12066199999999955,0.7557730000000186,0.7939440000000217,0.01531699999999998,0.9099380000000277,0.3292939999999942,0.8291120000000243,0.245948000000004,0.31265199999999593,0.0,0.342604999999993,0.577362999999996,1.000533000000034,0.9970130000000372,0.01138699999999999
101,1.0767780199189472,0.07241999999999982,0.1272719999999996,0.7582260000000199,0.7955510000000227,0.01549599999999998,0.9123890000000312,0.3362479999999945,0.8264200000000277,0.25824000000000236,0.32168799999999725,0.0,0.34427999999999415,0.5742939999999972,1.000451000000039,0.9970880000000423,0.012082999999999991
102,1.0771365869996217,0.07421099999999983,0.1300149999999997,0.7668290000000227,0.7962780000000227,0.014218999999999983,0.9149100000000331,0.33792499999999204,0.8304300000000268,0.2642420000000011,0.3309429999999927,0.0,0.3558439999999923,0.5770760000000017,1.0005640000000422,0.9974750000000456,0.01197099999999999
103,1.0778550371031959,0.07507299999999975,0.13073499999999996,0.7740350000000233,0.7964030000000188,0.014010999999999977,0.9181820000000285,0.34809599999999236,0.836412000000023,0.26883599999999924,0.3359019999999949,0.0,0.3570719999999938,0.5835780000000017,1.0004780000000373,0.9970910000000408,0.012034999999999983
104,1.078845585882334,0.07829699999999987,0.13939400000000066,0.7842920000000225,0.8007250000000204,0.014495000000000003,0.9199730000000288,0.35379299999999264,0.8433240000000266,0.28056199999999826,0.35170599999999214,0.0,0.3707279999999912,0.5865350000000007,1.0004990000000362,0.9971430000000403,0.011405999999999986
105,1.0798230199831826,0.07800899999999979,0.14696800000000051,0.7922220000000287,0.8050900000000234,0.014270999999999978,0.9218690000000294,0.3624829999999925,0.8458200000000275,0.2850759999999992,0.35671299999999156,0.0,0.37301299999999077,0.5902409999999982,1.0004950000000377,0.9972270000000413,0.013025999999999986
106,1.0803164991033554,0.08257399999999991,0.15051300000000067,0.7992520000000245,0.8045940000000206,0.01390499999999998,0.925161000000032,0.3621449999999934,0.8459380000000266,0.2899279999999993,0.36122299999999335,0.0,0.3763229999999909,0.592692999999999,1.0004590000000413,0.9970080000000452,0.012771999999999986
107,1.0813946549695044,0.08848399999999987,0.158756000000001,0.8048310000000275,0.804751000000026,0.014485999999999983,0.9257010000000321,0.37021799999999055,0.8513890000000305,0.30140799999999723,0.3713749999999917,0.0,0.38041999999998993,0.5981820000000022,1.000507000000039,0.9971780000000425,0.013629999999999993
108,1.082088910338037,0.08779999999999971,0.16815000000000166,0.8114110000000289,0.805609000000029,0.014773999999999978,0.9286280000000336,0.3822079999999907,0.8541170000000335,0.3090809999999956,0.3777889999999909,0.0,0.38910799999998935,0.6033300000000043,1.0004540000000381,0.9971940000000419,0.013494999999999984
109,1.0828777531537144,0.08601399999999966,0.17910300000000134,0.8124920000000299,0.8034990000000264,0.014962999999999982,0.9323980000000354,0.38940899999998946,0.8643610000000367,0.31629399999999586,0.3888719999999907,0.0,0.401479999999989,0.5923420000000034,1.0005350000000415,0.9971680000000434,0.012752999999999987
110,1.0838783321976735,0.08751799999999962,0.189158000000002,0.8181700000000297,0.8045860000000273,0.01382999999999998,0.9353470000000357,0.40109499999998827,0.863803000000032,0.32224699999999457,0.4011829999999904,0.0,0.40580999999998935,0.5846910000000015,1.0005030000000434,0.9971860000000469,0.015508999999999976
111,1.085064095093144,0.09405799999999963,0.19903200000000218,0.8273720000000278,0.8065450000000194,0.013077999999999992,0.9382920000000311,0.4083689999999889,0.87251500000003,0.339251999999994,0.4140689999999893,0.0,0.42302099999998877,0.585564,1.000519000000038,0.997431000000038,0.016644000000000006
112,1.086802367773524,0.09450899999999969,0.2074620000000028,0.8340440000000255,0.8087480000000214,0.014132999999999996,0.9418180000000318,0.4138509999999891,0.8750580000000295,0.3555759999999927,0.4151289999999879,0.0,0.434983999999987,0.5826650000000009,1.0004870000000377,0.9974090000000434,0.017762000000000014
113,1.0880217600302062,0.0970639999999996,0.2151740000000028,0.8371570000000237,0.8127470000000192,0.015897999999999975,0.9410820000000282,0.4269239999999865,0.8724520000000274,0.36087699999999306,0.4174609999999894,0.0,0.441312999999989,0.5749279999999979,1.0004770000000338,0.9972570000000374,0.018365
114,1.089511261819723,0.09902899999999983,0.21908700000000275,0.8413350000000245,0.8169440000000217,0.015772999999999995,0.943314000000031,0.4301309999999841,0.8772040000000296,0.37273299999999104,0.42715499999998907,0.0,0.4483539999999867,0.574290999999999,1.0004270000000357,0.9970910000000388,0.019660000000000025
115,1.0905354024058713,0.09893999999999975,0.2259730000000032,0.8468800000000212,0.8195840000000177,0.015034999999999984,0.9471180000000272,0.4374459999999872,0.8848680000000259,0.3813939999999912,0.43347599999999054,0.0,0.46276499999998827,0.5727099999999988,1.0004690000000345,0.9972280000000375,0.02082200000000003
116,1.0922780779789527,0.09942099999999962,0.23329300000000294,0.8530730000000206,0.8282360000000152,0.013917999999999986,0.9481320000000255,0.44314999999998594,0.8880830000000213,0.3891999999999908,0.4428199999999893,0.0,0.4735559999999872,0.5743009999999961,1.0004670000000309,0.9969630000000356,0.019151
117,1.0924288123537464,0.10133699999999979,0.24353400000000325,0.8627910000000217,0.8198540000000173,0.015098999999999991,0.9502110000000281,0.4464219999999848,0.8951240000000279,0.4013369999999899,0.4537849999999881,0.0,0.484985999999986,0.5784749999999987,1.0004720000000338,0.9972080000000377,0.020072000000000017
118,1.093331158552787,0.10113099999999972,0.2533510000000022,0.8704280000000226,0.8225240000000198,0.013964999999999997,0.9532140000000269,0.45344999999998986,0.8953730000000286,0.41380299999999093,0.4614959999999906,0.0,0.4927899999999879,0.5831639999999998,1.0004230000000314,0.9970090000000348,0.02088200000000001
119,1.0942211301158826,0.10034599999999955,0.2682129999999996,0.8750620000000301,0.8260210000000238,0.015321999999999985,0.9542400000000317,0.467965999999988,0.8993480000000297,0.4255219999999898,0.4744809999999884,0.0,0.495360999999987,0.5806250000000014,1.0004340000000373,0.9973300000000394,0.02428500000000003
120,1.0955801527595268,0.10004099999999966,0.2722670000000002,0.8825840000000216,0.8211120000000176,0.01424299999999999,0.9554150000000258,0.47264899999998833,0.9012830000000215,0.43625099999998984,0.4875859999999884,0.0,0.5049949999999881,0.5800899999999953,1.0004440000000296,0.9972950000000322,0.02468300000000001
121,1.0964160804161145,0.09728399999999969,0.28305799999999787,0.8847120000000311,0.8188650000000204,0.013901999999999975,0.9563960000000339,0.48339999999998706,0.9007430000000298,0.44676099999998914,0.49793799999998684,0.0,0.5129499999999896,0.5782669999999979,1.0004540000000364,0.9970020000000391,0.023920000000000018
122,1.0970991476342535,0.0957649999999997,0.292278999999998,0.8848010000000185,0.8232930000000149,0.014567999999999989,0.9560240000000199,0.49142899999998874,0.9026600000000207,0.44970699999999214,0.4930359999999906,0.0,0.5109459999999915,0.5755459999999997,1.000382000000024,0.9970900000000281,0.02230900000000001
123,1.0978693112359186,0.0956909999999998,0.2989219999999974,0.8875080000000222,0.8308510000000144,0.015113999999999995,0.9580040000000255,0.49400899999998954,0.908789000000024,0.45860599999999047,0.5065909999999902,0.0,0.5104899999999902,0.5784749999999985,1.0004700000000284,0.9971480000000343,0.02338600000000001
124,1.0985928071120532,0.09671599999999966,0.3091429999999974,0.892697000000028,0.8298560000000222,0.016097999999999984,0.9583680000000258,0.4996079999999893,0.9076030000000269,0.47019199999998945,0.5158419999999936,0.0,0.5179799999999948,0.5778369999999994,1.0004650000000295,0.9972130000000339,0.025900000000000006
125,1.0985192013940088,0.09328899999999972,0.3150549999999969,0.9012520000000254,0.8332890000000194,0.016776000000000006,0.9601560000000274,0.5027559999999873,0.911597000000027,0.4776819999999883,0.5241869999999944,0.0,0.5253549999999947,0.5780870000000001,1.000381000000031,0.9971630000000331,0.02461900000000002
126,1.0998165525708876,0.0954889999999997,0.3304579999999957,0.9008960000000225,0.8352050000000171,0.016857999999999998,0.9642350000000246,0.5159149999999907,0.9177160000000224,0.4839399999999892,0.5366179999999937,0.0,0.5304999999999935,0.5777929999999983,1.0004480000000255,0.9972040000000276,0.02569700000000002
127,1.1008987720586452,0.09870599999999967,0.3445719999999943,0.9073320000000272,0.8386980000000215,0.018532999999999994,0.9649660000000292,0.5244439999999929,0.9186020000000281,0.49578999999998846,0.544679999999999,0.0,0.539182999999997,0.5760460000000024,1.0003880000000336,0.9972250000000359,0.02826400000000003
128,1.101330324377329,0.10138699999999962,0.3461579999999967,0.9097530000000257,0.8371930000000202,0.019812000000000014,0.9664710000000268,0.5203909999999913,0.9194150000000283,0.49983099999998837,0.5457899999999942,0.0,0.5395469999999927,0.5708209999999987,1.00040500000003,0.9970270000000339,0.025263000000000032
129,1.1021761460664825,0.10106199999999975,0.352537999999994,0.9113790000000194,0.839386000000016,0.01917100000000001,0.9689430000000229,0.5248949999999931,0.9207060000000202,0.5082299999999907,0.5573409999999982,0.0,0.550312999999998,0.5655059999999974,1.0003870000000268,0.9971140000000296,0.026439000000000015
130,1.1038095711149822,0.10205799999999968,0.3661129999999956,0.9150130000000259,0.838953000000021,0.018441000000000013,0.9674400000000251,0.5354529999999947,0.9225210000000257,0.5167509999999896,0.567370999999998,0.0,0.5570339999999951,0.5587869999999983,1.000375000000028,0.9968780000000308,0.02658700000000002
131,1.1044519882854005,0.10521599999999993,0.37422799999999384,0.9190800000000281,0.8421810000000215,0.01741599999999999,0.97017100000003,0.5442569999999954,0.9255810000000289,0.5366349999999918,0.5803710000000005,0.0,0.5724019999999982,0.5629759999999967,1.0003870000000326,0.9970100000000355,0.02767200000000004
132,1.1062389916024813,0.10837399999999957,0.38396399999999475,0.9206210000000284,0.8519640000000203,0.01620499999999999,0.9729060000000297,0.5526739999999958,0.9281800000000299,0.5492039999999965,0.5935510000000032,0.0,0.5825070000000004,0.5606459999999963,1.0004350000000313,0.9971400000000366,0.029235000000000032
133,1.1074779792731104,0.10436499999999975,0.3835989999999944,0.9222830000000262,0.8544450000000199,0.016363999999999993,0.9745820000000293,0.549951,0.9303150000000276,0.5600810000000009,0.6013720000000066,0.0,0.5889970000000022,0.5526779999999979,1.0003890000000313,0.997146000000031,0.031469000000000046
134,1.108379466348272,0.1050259999999997,0.3884039999999926,0.9234850000000248,0.8618030000000199,0.01673099999999999,0.9747090000000256,0.5532569999999958,0.9315500000000249,0.566398000000001,0.6085840000000041,0.0,0.5886640000000022,0.5482569999999963,1.000366000000027,0.9968730000000303,0.030910000000000028
135,1.1091974503944666,0.10397099999999984,0.3981479999999942,0.9229310000000243,0.8652420000000189,0.017206,0.976202000000025,0.5597789999999994,0.9306060000000241,0.5722590000000015,0.6154330000000042,0.0,0.5908570000000025,0.5458799999999963,1.0003280000000268,0.9972830000000283,0.03281100000000004
136,1.111333764683955,0.10543999999999967,0.409163999999994,0.924827000000019,0.8613340000000156,0.017482999999999995,0.9783530000000201,0.562058,0.9334300000000189,0.5774340000000007,0.6215790000000014,0.0,0.5927400000000008,0.5483409999999975,1.0003130000000215,0.9969880000000257,0.035284
137,1.1122439470372543,0.10327199999999988,0.41353099999999376,0.9286790000000228,0.8585960000000177,0.019191000000000014,0.9792010000000247,0.5711350000000016,0.9333630000000237,0.5788340000000032,0.6257940000000055,0.0,0.5928260000000009,0.5440729999999965,1.0003110000000248,0.9968540000000282,0.035105
138,1.1132394053698802,0.10141799999999959,0.42135499999999376,0.9345460000000241,0.8607550000000167,0.019254000000000025,0.9789130000000266,0.5744550000000003,0.9371010000000218,0.5874420000000027,0.6368300000000047,0.0,0.5994450000000011,0.5364139999999942,1.000359000000027,0.9972050000000287,0.03736900000000004
139,1.1142947563262,0.10230299999999982,0.4320779999999929,0.9363470000000215,0.8636690000000179,0.020721000000000007,0.9792650000000219,0.5818759999999996,0.9371440000000221,0.5891219999999997,0.6418980000000024,0.0,0.6033239999999997,0.5385409999999927,1.0003630000000236,0.9973720000000258,0.038114999999999996
140,1.1151650205309163,0.1056779999999998,0.4389349999999934,0.9399500000000233,0.8706680000000183,0.021603000000000025,0.9774920000000242,0.5817050000000007,0.9396860000000238,0.5952610000000007,0.656924000000004,0.0,0.6069040000000008,0.5385279999999969,1.000359000000025,0.9972160000000275,0.036695
141,1.1162824158815154,0.10575399999999978,0.4423189999999932,0.941100000000024,0.8746050000000192,0.022702000000000014,0.9774000000000251,0.5819200000000022,0.9400390000000229,0.6022700000000061,0.658134000000008,0.0,0.6165290000000062,0.5374439999999925,1.000298000000027,0.9972330000000296,0.03896800000000003
142,1.1180707003117865,0.10601599999999974,0.4527229999999944,0.9456800000000226,0.8769090000000156,0.021924000000000023,0.9779830000000224,0.5922640000000032,0.942560000000023,0.6082400000000051,0.6669110000000089,0.0,0.6254730000000065,0.5370069999999937,1.0003220000000235,0.9972360000000269,0.03806300000000002
143,1.120920662526906,0.10534299999999976,0.45979199999999354,0.9509650000000188,0.8751440000000135,0.022020000000000015,0.9795450000000195,0.5960300000000003,0.9474670000000176,0.6076780000000038,0.6681650000000103,0.0,0.6288520000000053,0.5411159999999952,1.0002960000000198,0.9970680000000228,0.03944699999999998
144,1.1222467116706967,0.10265199999999962,0.46945699999999335,0.9515200000000162,0.8766430000000147,0.022845000000000015,0.9781160000000177,0.6039370000000027,0.9459420000000168,0.6134560000000033,0.670671000000007,0.0,0.6335620000000052,0.5455459999999993,1.000275000000018,0.9968600000000203,0.040164999999999985
145,1.123187154415096,0.10323599999999988,0.47786099999999143,0.9519560000000207,0.8789910000000162,0.021752000000000004,0.9801670000000229,0.608468000000001,0.9464850000000209,0.6187660000000015,0.6758940000000079,0.0,0.6387310000000037,0.5466009999999933,1.0003200000000239,0.9970240000000268,0.042425999999999964
146,1.1249561741833256,0.1028709999999997,0.4797969999999933,0.9515780000000192,0.8779660000000157,0.021534000000000025,0.9795690000000203,0.6089320000000036,0.9509960000000215,0.6228560000000075,0.6771090000000091,0.0,0.648660000000008,0.5448809999999966,1.0003160000000206,0.9970360000000246,0.04462899999999999
147,1.126482739711715,0.1025489999999999,0.4924779999999925,0.9547660000000193,0.8824950000000158,0.020636000000000005,0.9777170000000197,0.6190650000000062,0.9517380000000198,0.6304040000000084,0.6852020000000087,0.0,0.6589560000000081,0.5372579999999959,1.0003090000000203,0.9972130000000232,0.04785499999999999
148,1.1270189454958401,0.10281399999999993,0.4933229999999906,0.9555050000000214,0.880076000000017,0.02346200000000002,0.9764610000000224,0.6158910000000026,0.954457000000021,0.6381640000000057,0.6867420000000071,0.0,0.6658060000000066,0.5380439999999952,1.000269000000022,0.9968400000000252,0.047640999999999996
149,1.1281313131950674,0.10220399999999989,0.49162599999999257,0.9587210000000197,0.8853700000000155,0.024110000000000017,0.9763750000000204,0.6132130000000036,0.9541620000000219,0.6439330000000063,0.6880190000000069,0.0,0.6724040000000058,0.5369229999999955,1.0003050000000209,0.9969870000000227,0.04526399999999997
150,1.1296384966295177,0.1058649999999998,0.4842989999999928,0.9582510000000217,0.8827810000000179,0.025172000000000014,0.9764340000000221,0.6103770000000045,0.952390000000023,0.643295000000008,0.6887650000000094,0.0,0.6736460000000085,0.541148999999996,1.000282000000024,0.9968920000000269,0.04519300000000001
151,1.131589382313223,0.10822499999999993,0.4898159999999917,0.9611970000000186,0.8865440000000128,0.023810000000000033,0.9758780000000202,0.6120530000000048,0.9523810000000204,0.6551740000000074,0.6958690000000075,0.0,0.6787390000000071,0.5312189999999937,1.0002090000000206,0.9966890000000241,0.046840999999999994
152,1.1333060034062146,0.10478399999999978,0.502360999999994,0.9620620000000208,0.8826330000000151,0.026341000000000017,0.9771480000000202,0.6199180000000074,0.9516080000000219,0.6591070000000077,0.6935980000000078,0.0,0.678140000000008,0.5354549999999992,1.0003120000000219,0.9969760000000255,0.04820399999999994
153,1.1345243073599012,0.10040799999999979,0.5105759999999945,0.9638480000000185,0.8848770000000133,0.024926000000000014,0.9801170000000178,0.6251770000000053,0.9511160000000184,0.6650590000000088,0.7020610000000091,0.0,0.6835610000000079,0.5280159999999927,1.000284000000019,0.9969710000000223,0.05123699999999992
154,1.135770015049403,0.10011699999999989,0.5189179999999987,0.9674720000000199,0.8839530000000153,0.02446900000000003,0.9807370000000195,0.6303870000000067,0.951671000000018,0.6792880000000074,0.710005000000009,0.0,0.6947160000000069,0.5280459999999955,1.0002340000000205,0.9971970000000238,0.050097999999999955
155,1.1363799235475067,0.09827199999999991,0.5231989999999969,0.9709010000000222,0.8847570000000176,0.02340800000000003,0.9826250000000213,0.6330840000000068,0.9522490000000221,0.6887770000000089,0.7133980000000103,0.0,0.7036240000000091,0.5222129999999954,1.0002750000000216,0.9970820000000241,0.04932199999999996
156,1.1368503848358789,0.09699499999999993,0.5272969999999985,0.9713950000000214,0.8864080000000184,0.02328900000000001,0.9836870000000212,0.6336150000000104,0.9541850000000214,0.6968150000000113,0.7217490000000107,0.0,0.7094670000000106,0.5239309999999936,1.0002610000000223,0.9969940000000246,0.047969999999999964
157,1.1381066045111472,0.0961339999999997,0.5336059999999987,0.971026000000024,0.8868910000000209,0.02305200000000001,0.9839280000000243,0.6403110000000093,0.9526800000000237,0.6970240000000112,0.7232370000000132,0.0,0.7084800000000128,0.5216749999999916,1.0002440000000248,0.9970530000000264,0.048284000000000014
158,1.1395144423809558,0.09981799999999989,0.5358939999999992,0.9723620000000197,0.8899370000000152,0.023371000000000017,0.9856860000000192,0.642152000000009,0.9526910000000206,0.7004800000000119,0.7258270000000119,0.0,0.709903000000011,0.522964999999995,1.0002320000000193,0.9970550000000225,0.04899800000000001
159,1.1412932244255338,0.10235199999999985,0.5396519999999991,0.9722100000000212,0.8883300000000168,0.02432200000000006,0.9846250000000206,0.6449790000000093,0.9556190000000205,0.7062700000000094,0.7286360000000088,0.0,0.7170760000000083,0.5284609999999943,1.0002130000000216,0.9970810000000246,0.04685199999999996
160,1.1438166237447625,0.0992979999999998,0.5440889999999996,0.971287000000017,0.8921720000000132,0.023975000000000052,0.9836330000000167,0.6462950000000062,0.9582510000000164,0.7136050000000069,0.7315070000000079,0.0,0.7258720000000063,0.5260579999999921,1.000246000000018,0.9970220000000193,0.05060499999999995
161,1.1446344526307595,0.1019349999999999,0.5597769999999991,0.9729200000000174,0.8926750000000132,0.02318200000000002,0.9838560000000175,0.6597520000000086,0.9586070000000179,0.718747000000007,0.7393700000000077,0.0,0.7316650000000082,0.5294389999999929,1.000277000000017,0.9970590000000196,0.05006999999999998
162,1.1477341227285027,0.10219099999999978,0.5640149999999998,0.9709970000000206,0.892545000000016,0.02482300000000003,0.9828540000000204,0.6626650000000069,0.9577500000000201,0.7182500000000069,0.7365620000000082,0.0,0.730959000000006,0.5349009999999917,1.0002320000000218,0.9970190000000231,0.05166299999999998
163,1.148793481323804,0.09975899999999986,0.5700990000000024,0.9742300000000179,0.8953690000000132,0.022885000000000037,0.9853790000000181,0.6703290000000109,0.9606200000000185,0.7267450000000104,0.7476330000000087,0.0,0.7418520000000105,0.529057999999995,1.000235000000018,0.9970230000000215,0.050885999999999966
164,1.1505545817306926,0.10061199999999985,0.5718889999999996,0.9758270000000177,0.8947780000000117,0.02170900000000003,0.9855400000000174,0.6709680000000083,0.9611320000000168,0.7309250000000069,0.7487640000000059,0.0,0.744261000000006,0.5271009999999904,1.000225000000019,0.9966930000000219,0.049647999999999956
165,1.1522194342104775,0.10033799999999986,0.5851250000000029,0.9771440000000201,0.8968990000000162,0.024395000000000028,0.9857200000000205,0.6836950000000108,0.9605610000000202,0.735998000000011,0.7516530000000105,0.0,0.7481800000000116,0.5246229999999935,1.0002360000000206,0.9968720000000236,0.05010799999999993
166,1.153846368051605,0.10269899999999987,0.5896700000000017,0.9759960000000136,0.8987360000000093,0.023834000000000015,0.9869190000000135,0.6858160000000085,0.9629500000000122,0.744550000000008,0.7563370000000068,0.0,0.7528200000000062,0.520870999999994,1.0002100000000145,0.996720000000016,0.056145999999999974
167,1.1546436758919454,0.10335599999999993,0.5889679999999972,0.9770170000000157,0.8964290000000127,0.02403900000000002,0.9871550000000154,0.6830980000000085,0.9626910000000144,0.7456230000000069,0.7534200000000066,0.0,0.7574870000000065,0.5244659999999929,1.0002130000000158,0.996907000000019,0.059440999999999945
168,1.1566331269455237,0.10407899999999981,0.5968920000000039,0.9787300000000156,0.895034000000011,0.02361100000000002,0.9888690000000151,0.686825000000007,0.9641440000000154,0.7477850000000078,0.7613320000000069,0.0,0.7648610000000073,0.5265899999999931,1.0002280000000154,0.9971270000000173,0.05946399999999993
169,1.158156412773728,0.1043189999999999,0.6043870000000025,0.9799800000000133,0.8975640000000117,0.02589400000000002,0.9893360000000135,0.692224000000008,0.9674710000000136,0.7532240000000074,0.7643050000000062,0.0,0.7675530000000049,0.5176009999999943,1.0002110000000135,0.9968160000000166,0.05849099999999998
170,1.1595531494075473,0.1035629999999997,0.6156620000000036,0.9825320000000131,0.8997310000000116,0.02757300000000001,0.9884650000000141,0.7009150000000078,0.9698170000000146,0.7573330000000055,0.7650760000000052,0.0,0.7730790000000062,0.5191899999999958,1.0001870000000146,0.9968240000000167,0.059385999999999974
171,1.160603704560926,0.10314599999999978,0.6202710000000043,0.9851190000000145,0.906142000000014,0.024864999999999988,0.9895240000000158,0.7044240000000094,0.9718200000000157,0.7665890000000097,0.7742240000000093,0.0,0.781503000000008,0.5213719999999974,1.000195000000016,0.9968140000000182,0.05764299999999996
172,1.1620509773805319,0.10155999999999987,0.6260110000000003,0.985205000000016,0.906512000000013,0.025338000000000034,0.9902820000000168,0.711252000000005,0.9742740000000162,0.7737700000000094,0.7828900000000076,0.0,0.7827800000000081,0.5157909999999957,1.000167000000017,0.9969110000000196,0.056501999999999955
173,1.1635546713452818,0.1026739999999998,0.6277970000000023,0.9851010000000182,0.9053360000000136,0.023040000000000033,0.9907100000000185,0.7103990000000082,0.9768040000000184,0.7785720000000073,0.7884240000000062,0.0,0.7889750000000056,0.5199919999999951,1.0001660000000194,0.9968320000000198,0.05835599999999998
174,1.1653884335073432,0.10013699999999984,0.6400580000000007,0.9858620000000133,0.908185000000009,0.02114400000000002,0.9911660000000136,0.7158170000000046,0.9773260000000126,0.7837650000000073,0.7918250000000053,0.0,0.7952170000000058,0.5135449999999935,1.0001710000000135,0.9968390000000144,0.06053299999999998
175,1.1676574447873973,0.09727700000000002,0.6495940000000041,0.9857110000000145,0.9070870000000087,0.024521000000000036,0.9917700000000155,0.722707000000006,0.978518000000014,0.7895970000000062,0.7910870000000044,0.0,0.7961600000000046,0.5126629999999943,1.000187000000016,0.9968280000000169,0.06180699999999996
176,1.1696156063223233,0.09623199999999994,0.651672000000004,0.987602000000015,0.9083850000000135,0.026512000000000015,0.9908000000000154,0.7225240000000083,0.9789630000000149,0.7972510000000079,0.7949910000000086,0.0,0.8018790000000092,0.5057649999999927,1.0001820000000157,0.9967960000000164,0.06350799999999995
177,1.1709559858071863,0.09466699999999997,0.6481810000000076,0.9869990000000161,0.9060620000000126,0.027437000000000007,0.9901380000000164,0.721671000000012,0.9782430000000164,0.8007390000000085,0.7949500000000084,0.0,0.8000860000000081,0.5088669999999915,1.0001630000000166,0.9970180000000176,0.06189999999999997
178,1.1725531697718454,0.09724899999999996,0.6564380000000036,0.9872410000000121,0.9093960000000089,0.025746000000000022,0.9902240000000119,0.7268670000000067,0.9792510000000115,0.8061580000000066,0.8026220000000052,0.0,0.8060420000000059,0.5003699999999927,1.0001500000000123,0.9969150000000134,0.06358599999999998
179,1.1744644314385877,0.10063899999999994,0.6588330000000039,0.9880920000000115,0.9082580000000084,0.024544000000000035,0.9899080000000114,0.7261470000000066,0.9809390000000114,0.8091830000000079,0.8050110000000058,0.0,0.8089540000000073,0.49741099999999255,1.0001310000000116,0.9968350000000128,0.06457100000000003
180,1.1765361866956583,0.10362699999999991,0.6652300000000034,0.9890290000000124,0.9099040000000098,0.024253000000000014,0.9908010000000123,0.7308890000000058,0.9827610000000123,0.811251000000005,0.806773000000004,0.0,0.8098810000000064,0.5011779999999941,1.0001290000000127,0.996971000000014,0.06273799999999997
181,1.1782139272979006,0.10594999999999993,0.669040000000002,0.9893360000000163,0.9131980000000117,0.024200000000000003,0.9901760000000163,0.7344960000000063,0.9831420000000158,0.8173490000000077,0.8083890000000065,0.0,0.8149660000000074,0.49657099999999443,1.0001450000000167,0.9966170000000171,0.06031899999999994
182,1.179759743970533,0.10921099999999995,0.6705350000000062,0.9920540000000155,0.9191610000000111,0.022336000000000012,0.9892980000000151,0.7333430000000103,0.9855930000000157,0.8282560000000084,0.8146890000000067,0.0,0.8211190000000085,0.4984039999999944,1.0001640000000158,0.9968710000000165,0.06095499999999996
183,1.1812061294166583,0.10534699999999986,0.668341000000004,0.9912340000000105,0.9204480000000075,0.022941999999999994,0.9904350000000102,0.731700000000006,0.9859060000000099,0.826523000000005,0.8130720000000036,0.0,0.8245230000000046,0.494709999999993,1.0001740000000106,0.9969300000000118,0.06211299999999997
184,1.1824960065099934,0.10662999999999985,0.6748950000000072,0.990864000000016,0.9237780000000126,0.02261,0.9914270000000164,0.7353300000000091,0.9855000000000157,0.8250410000000095,0.8179400000000095,0.0,0.8317120000000078,0.49590299999999293,1.0001660000000163,0.9969110000000172,0.0636429999999999
185,1.183381696018888,0.10516599999999983,0.683799000000006,0.991576000000012,0.9243220000000084,0.023673000000000013,0.9913770000000114,0.7441690000000073,0.9872470000000119,0.8300790000000051,0.8245250000000053,0.0,0.8396960000000055,0.4971629999999926,1.000168000000012,0.9969300000000139,0.06974900000000002
186,1.1847922870005558,0.10529599999999988,0.6842210000000029,0.9922900000000101,0.9184720000000097,0.023432,0.9913230000000097,0.746840000000008,0.98630100000001,0.8312130000000059,0.8282020000000057,0.0,0.8400450000000074,0.4988689999999933,1.0001350000000104,0.9969910000000123,0.06888199999999993
187,1.1859344267652365,0.10451999999999989,0.6891340000000049,0.9926530000000107,0.9208260000000091,0.02482500000000001,0.9912380000000105,0.7500080000000066,0.9876210000000105,0.8325930000000064,0.830086000000005,0.0,0.8385230000000056,0.4959859999999915,1.0001320000000107,0.9966060000000121,0.07209299999999988
188,1.1869033351919154,0.10128800000000006,0.6864800000000048,0.99223900000001,0.9171180000000073,0.02527600000000001,0.99278000000001,0.7466070000000076,0.9873970000000099,0.8338560000000053,0.8267590000000061,0.0,0.8342670000000051,0.4944409999999925,1.0001360000000104,0.9966140000000108,0.07501499999999992
189,1.187908642316835,0.09739599999999998,0.6912090000000022,0.9926210000000115,0.9152780000000086,0.026268000000000007,0.993864000000012,0.7496870000000048,0.9875340000000115,0.8344220000000059,0.8256640000000046,0.0,0.8356500000000067,0.489498999999992,1.0001680000000122,0.9969350000000125,0.07507599999999985
190,1.1897059480926733,0.09500299999999987,0.693590000000005,0.9925800000000117,0.9146500000000095,0.02694,0.9936610000000122,0.751896000000007,0.9884710000000119,0.8366580000000071,0.8251910000000064,0.0,0.8369470000000057,0.48438499999999396,1.0001480000000122,0.996907000000014,0.07563299999999999
191,1.191447677600696,0.09229899999999999,0.6971560000000064,0.9929320000000151,0.9134300000000127,0.028561000000000024,0.9945650000000152,0.7565720000000098,0.9872950000000151,0.8381960000000089,0.8221700000000074,0.0,0.8357890000000091,0.48040499999999203,1.0001660000000157,0.9968160000000159,0.07696299999999992
192,1.1940903085496304,0.09011799999999992,0.7063760000000044,0.9937960000000141,0.9171200000000115,0.027330999999999998,0.9951640000000144,0.7653840000000093,0.987749000000014,0.8433050000000073,0.8289630000000073,0.0,0.8426930000000081,0.48004099999999317,1.0001440000000144,0.9967160000000159,0.08047299999999984
193,1.195352462005784,0.08671400000000001,0.7129550000000061,0.992433000000011,0.9176690000000072,0.026243000000000013,0.996747000000011,0.7705040000000081,0.9882580000000105,0.8453410000000049,0.8323080000000034,0.0,0.8461170000000047,0.47920499999999405,1.0001200000000114,0.9967520000000127,0.08433500000000002
194,1.199140533957892,0.08804999999999993,0.7260140000000062,0.9932170000000144,0.9203190000000104,0.02575300000000002,0.9962220000000144,0.78050600000001,0.9893880000000146,0.8500990000000083,0.8393200000000076,0.0,0.8530240000000084,0.46964299999999254,1.0001260000000147,0.9967950000000155,0.08616200000000002
195,1.2011598866170938,0.08750899999999995,0.7291220000000033,0.9938910000000081,0.919513000000006,0.02610400000000002,0.9958630000000084,0.7846470000000048,0.9893230000000078,0.849715000000003,0.8381610000000035,0.0,0.8566160000000035,0.46706199999999465,1.000122000000008,0.9968620000000108,0.08840799999999996
196,1.2030829435955763,0.0815989999999999,0.7367810000000059,0.9939950000000134,0.9211440000000104,0.02596600000000002,0.9969210000000137,0.7921190000000081,0.9908740000000137,0.8552290000000073,0.842790000000007,0.0,0.8604120000000081,0.4683589999999924,1.000131000000014,0.9969620000000148,0.09099599999999985
197,1.203945554066151,0.08408899999999993,0.7397270000000049,0.9941120000000099,0.9204450000000073,0.024291000000000035,0.9962920000000105,0.7943300000000056,0.9904140000000099,0.8560580000000043,0.8434180000000038,0.0,0.8597510000000044,0.46859399999999374,1.0001580000000103,0.9966800000000117,0.09174799999999994
198,1.2062342545644429,0.08260099999999992,0.7487760000000038,0.9956530000000126,0.9230530000000096,0.023472000000000003,0.9971900000000123,0.7992220000000079,0.9917210000000124,0.8639850000000076,0.8527710000000076,0.0,0.8654530000000087,0.4607139999999936,1.0001230000000125,0.9966640000000137,0.09177999999999994
199,1.2083065650137987,0.08470799999999983,0.7510640000000044,0.9954620000000105,0.9270110000000076,0.022733000000000027,0.9968360000000107,0.7987430000000068,0.9920090000000107,0.8679380000000061,0.8596270000000067,0.0,0.8686730000000058,0.4584079999999936,1.0001280000000106,0.996652000000011,0.09125499999999998
200,1.2107255947569686,0.08420299999999999,0.7555990000000039,0.9954590000000095,0.929017000000007,0.022558000000000016,0.9963760000000095,0.8032390000000061,0.9933170000000097,0.8718940000000064,0.8656280000000052,0.0,0.8733970000000059,0.4539569999999934,1.0001290000000098,0.9968110000000108,0.08895099999999988
