,PopRatio,Diff_KC,Fibroblast,ILC3,M1,M2,Neutrophil,Prol_KC,Th0,Th1,Th17,Th2,Th22,Treg,iDC,pDC,preDiff_KC
0,1.0,0.000342,0.0,0.0,0.0,0.0,0.0,0.0,0.0,0.0,0.0,0.0,0.0,0.16264699999999996,0.0,0.0,0.0
1,0.9999989999999999,0.0016250000000000001,0.0,0.0,0.0,0.0,0.0,0.0,0.0,0.0,0.0,0.0,0.0,0.12003499999999998,0.0,0.0,0.0
2,0.9999950000039998,0.0033259999999999995,0.0,0.0,0.0,0.0,0.0,0.0,0.0,0.0,0.0,0.0,0.0,0.12088000000000003,0.0008979999999999999,0.00091,0.0
3,0.9999959999989997,0.003922,0.0,0.0,8e-05,0.0,0.0,0.0,0.0,0.0,0.0,0.0,0.0,0.13287100000000002,0.0038510000000000003,0.003864000000000001,0.0
4,1.0000019999749998,0.004745,0.0,0.0,0.000158,0.0,0.000163,0.0,0.0,0.0,0.0,0.0,0.0,0.14391100000000007,0.01161999999999999,0.011630999999999994,0.0
5,1.0000129999969993,0.004905,0.0,0.0,0.0007899999999999999,0.0,0.00043500000000000006,0.0,0.0,0.0,0.0,0.0,0.0,0.16051500000000016,0.026021999999999983,0.02604699999999998,0.0
6,1.0000250001530004,0.0047220000000000005,0.0,0.0,0.0020540000000000007,0.0,0.0014340000000000002,0.0,0.0,0.0,0.0,0.0,0.0,0.17348500000000003,0.046999999999999924,0.04705799999999994,0.0
7,1.0000420005780035,0.005464999999999999,0.0,0.0,0.004046000000000001,0.0,0.002910000000000001,0.0,0.0,0.0,0.0,0.0,0.0,0.1924410000000003,0.07778199999999989,0.07771399999999991,0.0
8,1.0000680016700212,0.007233,0.0,0.0,0.006878,0.0,0.005131,0.0,0.0,0.0,0.0,0.0,0.0,0.20715500000000012,0.1137719999999997,0.1138339999999997,0.0
9,1.000102003982081,0.008428,0.0,0.0,0.010514999999999998,0.0,0.007992,0.0,0.0,0.0,0.0,0.0,0.0,0.22263700000000017,0.14819200000000063,0.1482890000000006,0.0
10,1.0001670106123408,0.009971999999999996,0.0,0.0,0.015692999999999985,0.0,0.013279999999999995,0.0,6.7e-05,0.0,0.0,0.0,0.0,0.2392390000000003,0.18952600000000053,0.18963000000000052,0.0
11,1.0002280207999907,0.009335999999999997,0.0,0.0,0.02257600000000001,0.0,0.018786000000000014,0.0,0.000116,0.0,0.0,0.0,0.0,0.2514300000000008,0.22867000000000234,0.22861400000000232,0.0
12,1.0002920353933298,0.009793,0.0,0.0,0.030121000000000096,0.0,0.02423000000000006,0.0,0.000353,0.0,0.0,0.0,0.0,0.2672229999999994,0.2742759999999995,0.2742909999999997,0.0
13,1.0003810613844843,0.010061,0.0,0.0,0.03914899999999999,0.0,0.033612,0.0,0.000535,0.0,0.0,0.0,0.0,0.28633399999999865,0.312964999999997,0.312749999999997,0.0
14,1.0005141120656582,0.011578999999999997,0.0,0.0,0.049299,0.0,0.04455500000000001,0.0,0.00019999999999999998,0.0,0.0,0.0,0.0,0.30916499999999897,0.3576839999999954,0.3571149999999956,0.0
15,1.00067119278126,0.012379,0.0,0.0,0.0603159999999998,0.0,0.0532019999999999,0.0,0.000267,0.0,0.0,0.0,0.0,0.32458199999999804,0.4037599999999954,0.4028129999999955,0.0
16,1.0008613203078947,0.01176399999999999,0.0,0.0,0.07462999999999974,0.0,0.06407499999999984,0.0,0.000369,0.0,0.0,0.0,0.0,0.347042999999998,0.4469399999999945,0.4455909999999949,0.0
17,1.0010694994625393,0.012413999999999993,0.0,0.0,0.0876179999999997,0.0,0.07694099999999966,0.0,0.00128,0.0,0.0,0.0,0.0,0.3593239999999952,0.4857039999999915,0.484062999999992,0.0
18,1.0012997454474386,0.013871999999999985,0.0,0.0,0.10089099999999956,0.0,0.08996699999999956,0.0,0.001941,0.0,0.0,0.0,0.0,0.3705989999999943,0.5186749999999951,0.5171149999999953,0.0
19,1.001608145769065,0.014679999999999983,0.0,0.0,0.11732799999999928,0.0,0.10296399999999933,0.0,0.0029779999999999993,0.0,0.0,0.0,0.0,0.3823469999999946,0.5624020000000001,0.5600280000000004,0.0
20,1.0019707279178707,0.014719999999999978,0.0,0.0,0.134387,0.0,0.11606199999999928,0.0,0.003733000000000003,0.0,0.0,0.0,0.0,0.3975339999999938,0.5981960000000025,0.595244000000002,0.0
21,1.0023665063554277,0.01556699999999997,0.0,0.0,0.1495700000000008,0.0,0.13045499999999946,6.599999999999999e-05,0.0041220000000000015,0.0,0.0,0.0,0.0,0.4082209999999941,0.6374250000000147,0.6349440000000134,0.0
22,1.0028606730431022,0.016937000000000008,0.0,0.0,0.1636520000000016,0.0,0.14866000000000087,0.0,0.006962000000000005,0.0,0.0,0.0,0.0,0.421815999999997,0.6696750000000133,0.6665560000000129,0.0
23,1.0034483493975415,0.016996000000000004,0.0,0.0,0.1798250000000028,0.0,0.1615450000000022,0.0,0.008516000000000004,0.0,0.0,0.0,0.0,0.43351399999999046,0.701741000000024,0.6975960000000234,0.0
24,1.004095573582946,0.018419999999999992,0.0,0.0,0.19638900000000334,0.0,0.1786420000000021,9e-06,0.010629000000000003,0.0,0.0,0.0,0.0,0.4446289999999865,0.7371580000000272,0.7312650000000267,0.0
25,1.0048104896313874,0.01821100000000003,0.0,0.0,0.21388700000000405,0.0,0.19773800000000352,0.0,0.013480999999999996,0.0,0.0,0.0,0.0,0.4512749999999947,0.7670650000000258,0.7587060000000249,0.0
26,1.005565102309139,0.020074000000000033,0.0,0.0,0.23160600000000434,0.0,0.21794200000000444,6.5e-05,0.019192000000000008,0.0,0.0,0.0,0.0,0.46056399999998404,0.7854800000000353,0.7758070000000327,0.0
27,1.0063936879535067,0.021884,0.0,0.0,0.2514640000000053,0.0,0.23659800000000633,0.0002,0.023698000000000007,0.0,0.0,0.0,0.0,0.4664329999999894,0.8086190000000345,0.7970330000000326,0.0
28,1.0072611993125615,0.021278000000000023,0.0,0.0,0.27747200000000194,0.0,0.25215600000000865,0.0006459999999999999,0.03035800000000008,0.0,0.0,0.0,0.0,0.47515399999998287,0.830115000000039,0.8197730000000373,0.0
29,1.0081747852203986,0.02129800000000001,0.0,8.8e-05,0.2977490000000002,0.0,0.2690060000000041,0.0006460000000000001,0.035945000000000026,0.0,0.0,0.0,0.0,0.4843219999999859,0.8500530000000452,0.8385750000000454,0.0
30,1.0092101807248768,0.02258100000000003,0.0,0.000121,0.3090869999999995,0.0,0.2883160000000021,0.0008010000000000002,0.041212,0.0,0.0,0.0,0.0,0.49322399999997785,0.8655040000000408,0.8536640000000413,0.0
31,1.0102264553769302,0.02184800000000001,0.0,0.00033,0.3236589999999961,0.0,0.3008900000000003,0.0012540000000000001,0.048321999999999865,0.0,0.0,0.0,0.0,0.49903799999998005,0.8783930000000526,0.8664060000000514,6.7e-05
32,1.0112942647403333,0.02109600000000002,0.0,0.00034700000000000003,0.3435999999999946,0.0,0.31788399999999656,0.0010340000000000002,0.05543899999999984,0.0,0.0,0.0,0.0,0.5083999999999852,0.8910740000000513,0.8790180000000504,0.0
33,1.0124046658430776,0.02168500000000002,0.0,0.001012,0.3536119999999917,0.0,0.33735199999999615,0.0014239999999999997,0.06543199999999974,0.0,0.0,0.0,0.0,0.5091709999999815,0.9000110000000604,0.8880240000000581,0.0
34,1.0135152737615751,0.02179700000000003,0.0,0.0020290000000000004,0.3703829999999922,0.0,0.3562679999999927,0.0023469999999999997,0.07825299999999953,0.0,0.0,0.0,0.0,0.5151499999999865,0.9117370000000496,0.8998940000000482,0.0
35,1.0146179783794849,0.022343000000000005,0.0,0.0034659999999999995,0.3868469999999913,0.0,0.3757929999999902,0.0029570000000000013,0.0898889999999996,0.0,0.0,0.0,0.0,0.5186049999999843,0.9181680000000473,0.9052320000000451,0.0
36,1.0157736282569167,0.024471000000000038,0.0,0.005241000000000001,0.4054359999999905,0.0,0.3935419999999895,0.004043999999999999,0.09856899999999925,0.0,6.6e-05,0.0,0.0,0.5282939999999909,0.9299170000000483,0.9155010000000485,0.0
37,1.016920436683271,0.026087000000000075,0.0,0.008108,0.41517799999998795,0.0,0.4140699999999852,0.004856000000000002,0.1039049999999992,0.0,0.000133,0.0,2.3e-05,0.5323199999999888,0.933517000000057,0.9191190000000581,0.0
38,1.0181437919686624,0.02620700000000003,0.0,0.010203000000000007,0.4345459999999847,0.0,0.42608899999998384,0.006445000000000001,0.11933299999999905,0.0,0.0,0.0,6.4e-05,0.5369729999999846,0.9415600000000544,0.926757000000054,0.0
39,1.0192769860091866,0.026657000000000017,0.0,0.013219999999999997,0.44887999999998524,0.0,0.4379609999999835,0.006905000000000006,0.13405899999999965,0.0,0.0,0.0,0.000201,0.5484199999999877,0.9508620000000579,0.9379330000000571,6.7e-05
40,1.0204195955105693,0.025705000000000054,0.0,0.01849600000000001,0.460474999999982,0.0,0.45149099999997905,0.011154999999999988,0.14540300000000067,5.2e-05,0.000134,0.0,0.000175,0.5489919999999928,0.9567720000000572,0.942752000000057,6.7e-05
41,1.021591037206275,0.028777000000000084,0.0,0.023148000000000033,0.4746689999999787,0.0,0.46751699999997864,0.012053999999999985,0.15728700000000143,0.0,0.00037,0.0,3.6e-05,0.557070999999993,0.9591850000000653,0.9448350000000639,0.0
42,1.0228016225854344,0.02917800000000007,6.7e-05,0.02991200000000006,0.4970229999999797,0.0,0.48381099999997673,0.013127999999999987,0.174851000000003,0.0,0.000334,0.0,0.000201,0.569094999999997,0.9625460000000647,0.9483590000000647,0.0
43,1.023971707641743,0.03087500000000008,6.7e-05,0.04110800000000007,0.5115749999999797,0.0,0.49374699999997773,0.014046999999999973,0.1863430000000024,0.000241,0.0006010000000000001,0.0,0.0005480000000000001,0.5729129999999947,0.96494600000006,0.9510900000000592,0.0
44,1.0249987512645746,0.03221500000000007,6.7e-05,0.05185599999999996,0.5306829999999833,0.0,0.5118739999999773,0.01572599999999998,0.19411600000000326,0.0005549999999999999,0.000753,0.0,0.0006799999999999999,0.5784639999999971,0.9672750000000633,0.9541670000000657,0.0
45,1.0260165750246466,0.032955000000000054,6.7e-05,0.0654489999999999,0.5471719999999892,0.0,0.5273829999999854,0.016900999999999992,0.20412100000000333,0.0007919999999999998,0.0017799999999999997,0.0,0.001138,0.5873770000000008,0.9719550000000563,0.9584670000000561,0.0
46,1.0271359591080578,0.033483000000000075,6.7e-05,0.08313999999999967,0.5665129999999976,0.0,0.541694999999986,0.019941000000000025,0.2165900000000036,0.0014769999999999998,0.0024230000000000007,0.0,0.0017939999999999998,0.5865859999999987,0.9741460000000615,0.9602800000000637,0.0
47,1.0282010990977195,0.033451000000000036,1.1e-05,0.09571299999999942,0.5815049999999965,0.0,0.5597969999999907,0.021651000000000017,0.23096700000000447,0.001308,0.003258000000000001,0.0,0.0024140000000000003,0.5845759999999979,0.9757930000000651,0.9634350000000665,8.700000000000001e-05
48,1.0293578253342732,0.0328330000000001,6.6e-05,0.11423099999999926,0.5906459999999969,6.6e-05,0.5724969999999908,0.02813400000000003,0.24014600000000483,0.0017090000000000002,0.0033400000000000005,0.0,0.003743999999999999,0.5858690000000001,0.978306000000059,0.9663800000000607,0.000133
49,1.0304335042618087,0.03239100000000009,6.6e-05,0.12661999999999904,0.5984390000000029,0.000134,0.5847439999999959,0.027401000000000054,0.2485080000000058,0.0018710000000000003,0.004576,0.0,0.005552,0.5868920000000043,0.9802840000000603,0.9681410000000619,0.000335
50,1.0313918074208397,0.03252200000000004,0.000134,0.13851299999999994,0.6077060000000043,0.0002,0.6028749999999995,0.029741000000000066,0.2652250000000022,0.0036580000000000007,0.005652000000000004,0.0,0.005803000000000005,0.5865430000000013,0.9839530000000587,0.971416000000058,0.000587
51,1.0323571901526472,0.035399000000000035,0.000201,0.1534260000000011,0.6199730000000065,0.000201,0.6211070000000016,0.036018000000000064,0.2819269999999993,0.0048000000000000004,0.007928000000000004,0.0,0.006940000000000004,0.5891280000000008,0.9869070000000618,0.9763680000000625,0.000601
52,1.0334618123461756,0.03724100000000006,0.00033300000000000007,0.16944200000000187,0.6376810000000077,0.000214,0.6374780000000061,0.03971500000000004,0.2964609999999988,0.006116000000000003,0.011082999999999997,0.0,0.007926,0.5911510000000022,0.9885070000000528,0.9781090000000542,0.0005139999999999999
53,1.0344694376132677,0.0346380000000001,0.000292,0.1875000000000026,0.6546790000000143,0.00018199999999999998,0.649685000000005,0.042985999999999976,0.31884199999999596,0.007539000000000004,0.012726999999999985,0.0,0.009929999999999996,0.5985720000000011,0.9899040000000502,0.9800090000000524,0.000375
54,1.0353808051878584,0.035348000000000074,0.0004019999999999999,0.20139600000000332,0.6624280000000111,0.000159,0.656042000000008,0.04713799999999992,0.33479599999999377,0.0072900000000000005,0.01592899999999998,0.0,0.01188699999999999,0.5985810000000016,0.9918930000000515,0.9834340000000534,0.000267
55,1.03625466658749,0.039605999999999954,0.0007329999999999999,0.22046300000000446,0.6660240000000129,0.000133,0.6678100000000099,0.052619000000000006,0.3561229999999909,0.009331999999999995,0.018544999999999992,0.0,0.015008999999999969,0.5974040000000006,0.992481000000059,0.9840110000000625,0.000241
56,1.0372670873968082,0.039850000000000045,0.000733,0.2382510000000042,0.6699030000000077,0.000142,0.6813700000000116,0.057441999999999924,0.3748609999999919,0.011948,0.020683000000000014,0.0,0.017885999999999992,0.6006150000000007,0.9935880000000569,0.9855110000000601,0.000428
57,1.0382410811919325,0.040822,0.000733,0.2572410000000046,0.6876700000000104,0.000335,0.6883090000000156,0.05983399999999995,0.39275499999998836,0.013107999999999983,0.02493600000000003,0.0,0.020887000000000017,0.6040050000000013,0.9950520000000577,0.9881910000000601,0.0004890000000000001
58,1.0391547333434414,0.04007800000000003,0.000808,0.27701400000000104,0.6898100000000141,0.0008260000000000001,0.6948130000000142,0.06335899999999992,0.4087599999999864,0.015135999999999965,0.02856900000000005,0.0,0.02329100000000002,0.6070770000000038,0.9961460000000533,0.9898540000000571,0.000416
59,1.0401138731623738,0.040743000000000015,0.0008530000000000001,0.30231799999999864,0.7035860000000126,0.0011610000000000001,0.7051270000000126,0.07003799999999984,0.42935099999998455,0.017646999999999996,0.034678000000000035,0.0,0.02931200000000004,0.6058879999999951,0.996215000000056,0.9898380000000581,0.000667
60,1.0411820701101706,0.042498999999999995,0.001356,0.3172919999999972,0.7169590000000193,0.0007770000000000001,0.7074720000000181,0.07350999999999973,0.4457809999999858,0.021051000000000014,0.03852900000000003,0.0,0.03261400000000007,0.6142650000000065,0.9971570000000526,0.9910470000000571,0.0008230000000000001
61,1.0422690641914194,0.04456299999999999,0.002087,0.3343219999999947,0.7255230000000175,0.0009490000000000001,0.7221710000000173,0.07817699999999964,0.456992999999983,0.024679000000000045,0.04613899999999999,0.0,0.03974200000000005,0.6121209999999979,0.9976980000000496,0.9915400000000529,0.001201
62,1.0433519817491657,0.044350999999999995,0.002179,0.35514599999999247,0.7250750000000257,0.001194,0.729447000000026,0.08120599999999957,0.4703609999999818,0.02579500000000004,0.04812999999999987,0.0,0.04479899999999994,0.619474000000008,0.9980460000000577,0.9917930000000601,0.0012009999999999998
63,1.0442252673579504,0.04524399999999995,0.0027500000000000007,0.3713619999999905,0.7257130000000201,0.001253,0.7409570000000246,0.08595699999999952,0.49268299999998194,0.031259000000000065,0.05024099999999992,0.0,0.05101099999999985,0.6208400000000039,0.9982410000000502,0.9923860000000527,0.0018529999999999996
64,1.0450679571487609,0.044536999999999986,0.0029769999999999996,0.390689999999988,0.7342280000000245,0.001349,0.754890000000029,0.09173699999999958,0.5101099999999797,0.03596100000000007,0.055078999999999816,0.0,0.05666499999999992,0.6262620000000059,0.9983380000000557,0.9927900000000575,0.0026709999999999998
65,1.0463147232216972,0.04195099999999996,0.004031000000000001,0.40692799999998863,0.7350020000000178,0.001263,0.7675200000000251,0.09624499999999951,0.5303519999999877,0.04064200000000001,0.061166999999999895,0.0,0.06265099999999987,0.6314020000000055,0.9990630000000554,0.9937630000000586,0.0029299999999999994
66,1.0470889961169387,0.043281999999999966,0.004504000000000003,0.422817999999985,0.7360080000000214,0.001036,0.7764220000000317,0.1047649999999995,0.5425809999999909,0.039993000000000015,0.06645399999999975,0.0,0.06875699999999972,0.6286490000000045,0.9993980000000572,0.9946510000000581,0.0030690000000000014
67,1.0479633154287562,0.045914999999999935,0.005153000000000001,0.4384899999999877,0.7432430000000197,0.0012110000000000003,0.782773000000026,0.1119199999999994,0.5595559999999927,0.047186999999999875,0.07343599999999986,0.0,0.07632899999999967,0.6275600000000077,0.99959700000005,0.9950960000000542,0.0030419999999999996
68,1.048925345752372,0.04738500000000002,0.004890000000000003,0.44904499999998454,0.7523380000000195,0.0008040000000000001,0.7892280000000257,0.1159129999999994,0.5699739999999908,0.051965999999999866,0.0790049999999997,0.0,0.07984999999999973,0.6281200000000038,0.9995490000000473,0.9949570000000494,0.0032150000000000017
69,1.0496060983018147,0.052423999999999936,0.007142000000000001,0.45966299999998417,0.7586930000000168,0.0013219999999999996,0.7968810000000263,0.12185199999999911,0.577684999999997,0.05765899999999984,0.08370299999999947,0.0,0.08135199999999962,0.637863000000002,0.9998200000000516,0.9954720000000554,0.0039520000000000015
70,1.0503618146926463,0.05369099999999993,0.0072180000000000065,0.4689799999999824,0.7579550000000205,0.0017670000000000001,0.8011390000000258,0.12394499999999904,0.5890819999999993,0.0630739999999998,0.08933799999999957,0.0,0.08779899999999949,0.6403840000000037,0.9998900000000495,0.9959540000000521,0.003947999999999999
71,1.0513239461149564,0.05197099999999997,0.0089,0.4882719999999816,0.7585110000000173,0.0020080000000000002,0.8088460000000213,0.13285799999999975,0.5969069999999966,0.06916199999999983,0.09811899999999939,0.0,0.09213599999999939,0.6463790000000048,1.0000210000000433,0.9964750000000467,0.004756000000000004
72,1.052385783300577,0.052174999999999944,0.009541999999999998,0.5058809999999831,0.7565050000000209,0.002800000000000001,0.817070000000028,0.1401879999999998,0.606871999999999,0.07621299999999968,0.10593099999999947,0.0,0.09775099999999944,0.6479960000000086,0.9996220000000448,0.9960220000000481,0.004915000000000004
73,1.0533866021805423,0.05595099999999996,0.008414000000000003,0.5217639999999852,0.7579400000000229,0.004020000000000002,0.8253990000000322,0.1471490000000009,0.6188940000000055,0.08055399999999978,0.11172499999999935,0.0,0.10213099999999947,0.6461210000000057,0.9999830000000481,0.9964050000000532,0.0048740000000000025
74,1.0538679998577887,0.05737399999999988,0.008990000000000003,0.5422149999999907,0.75577700000002,0.005022000000000001,0.8321370000000303,0.1500170000000011,0.6306440000000056,0.08570099999999965,0.11765099999999933,0.0,0.11115399999999935,0.6474490000000088,0.9999400000000485,0.9965050000000514,0.0042000000000000015
75,1.0544423579177622,0.05667699999999997,0.010735000000000003,0.5575189999999918,0.7578200000000181,0.005570000000000003,0.8362870000000284,0.1619830000000015,0.6438100000000055,0.09087299999999969,0.12503799999999926,0.0,0.11856799999999944,0.6505950000000086,0.9994950000000445,0.9959170000000489,0.005578000000000006
76,1.0555094535840215,0.05942399999999987,0.011479999999999994,0.5742149999999945,0.7516540000000176,0.006520000000000007,0.8409100000000284,0.16484800000000108,0.6502020000000056,0.09621799999999964,0.133915,0.0,0.12520799999999938,0.6572110000000057,0.999887000000045,0.9961840000000486,0.005098000000000003
77,1.0563559721658446,0.06325999999999983,0.012775999999999985,0.5898520000000017,0.7477990000000245,0.006756000000000002,0.849423000000036,0.17674200000000262,0.6703810000000148,0.10500499999999942,0.1454550000000008,0.0,0.14091500000000048,0.6587360000000109,1.0003620000000484,0.9968730000000517,0.0051170000000000035
78,1.0572274658429328,0.06267799999999984,0.014399999999999993,0.6031200000000025,0.7489660000000197,0.006899000000000002,0.8467350000000333,0.1790850000000028,0.678317000000014,0.1114639999999995,0.15336300000000136,0.0,0.1517890000000011,0.6631560000000108,1.000308000000047,0.9972650000000493,0.004932000000000002
79,1.05776982353296,0.062224999999999836,0.016019999999999993,0.6202540000000035,0.7519330000000172,0.007654000000000007,0.8485550000000279,0.18425300000000233,0.685706000000012,0.1202969999999994,0.16625100000000148,0.0,0.15435400000000132,0.6562990000000115,1.0005200000000487,0.9971520000000521,0.0037560000000000024
80,1.0588720196891324,0.06281099999999983,0.017810999999999997,0.634969000000008,0.7494360000000249,0.008494000000000007,0.8546950000000341,0.19892800000000327,0.6925770000000205,0.12759699999999957,0.17188100000000164,0.0,0.1636460000000018,0.6565870000000098,1.0005520000000467,0.9972580000000505,0.004604000000000001
81,1.0596714680640469,0.06262799999999989,0.019246000000000013,0.6421370000000077,0.7483610000000218,0.010602999999999991,0.8573840000000352,0.19980800000000326,0.7047200000000171,0.13449799999999998,0.17804200000000206,0.0,0.1706840000000018,0.6511480000000117,1.000589000000044,0.9973050000000476,0.004021000000000001
82,1.0607904811343685,0.06251499999999988,0.021180000000000025,0.6511290000000092,0.7463330000000193,0.010911,0.8650370000000347,0.208763000000004,0.7134630000000173,0.1368780000000003,0.18553100000000264,0.0,0.17325300000000207,0.6522130000000127,1.0006260000000458,0.9970100000000501,0.004266
83,1.062066612083221,0.06349999999999986,0.023751000000000033,0.6674330000000135,0.7514220000000269,0.011942999999999981,0.8620540000000358,0.21333700000000388,0.7202710000000228,0.13998100000000047,0.1922610000000034,0.0,0.17824600000000315,0.6501340000000112,1.0006590000000442,0.9972990000000476,0.0034860000000000013
84,1.0632486922225162,0.06459599999999982,0.02771200000000005,0.669464000000011,0.746691000000018,0.013994999999999992,0.8646780000000299,0.21817500000000403,0.7264410000000178,0.1445880000000004,0.19787200000000288,0.0,0.18102100000000246,0.6465270000000121,1.0006040000000422,0.9971690000000457,0.0028229999999999983
85,1.064381052079778,0.06450899999999989,0.031321000000000064,0.6820740000000142,0.7450230000000209,0.016086999999999994,0.8654750000000292,0.21683500000000336,0.7463630000000189,0.15103000000000114,0.20813900000000327,0.0,0.19847700000000307,0.6492930000000046,1.0006970000000435,0.9974670000000464,0.0031089999999999994
86,1.0650537409047385,0.06620799999999986,0.033630000000000035,0.6891390000000136,0.7495000000000224,0.014992999999999989,0.871470000000034,0.22222500000000392,0.7510660000000191,0.15830800000000156,0.21648900000000365,0.0,0.20387600000000342,0.6467390000000068,1.0006290000000417,0.9975280000000438,0.0033420000000000012
87,1.0663435209850187,0.06838299999999994,0.034174000000000045,0.702240000000018,0.7533210000000212,0.015349999999999985,0.8739940000000255,0.23406000000000365,0.7632130000000191,0.17418700000000198,0.23117000000000396,0.0,0.21998200000000312,0.6381320000000071,1.000630000000039,0.9973810000000431,0.0038439999999999993
88,1.0673245570243666,0.06784599999999984,0.03994899999999999,0.7151670000000261,0.7585210000000294,0.01546499999999999,0.877405000000039,0.24292900000000608,0.7733940000000289,0.18363300000000268,0.24312500000000395,0.0,0.23256300000000368,0.637097000000012,1.0006530000000464,0.9974310000000484,0.004752000000000002
89,1.0681303870649697,0.07181799999999988,0.043579999999999994,0.7242050000000163,0.7556550000000217,0.015632999999999987,0.8849300000000329,0.25241300000000433,0.7800440000000275,0.1907420000000027,0.25124200000000413,0.0,0.24425000000000432,0.6375360000000097,1.000508000000042,0.9969910000000456,0.0059860000000000035
90,1.0687445620375766,0.07236299999999984,0.04759599999999996,0.7218790000000175,0.7563980000000234,0.016046999999999992,0.8849650000000374,0.2603410000000028,0.7829830000000303,0.19619400000000323,0.2532230000000037,0.0,0.2499490000000045,0.6308870000000073,1.0006200000000431,0.9972870000000462,0.005692000000000001
91,1.0700302617457536,0.07481599999999985,0.05130099999999992,0.7241940000000134,0.7640460000000177,0.015762999999999965,0.8880640000000309,0.272563,0.78387700000002,0.20288800000000262,0.26137500000000174,0.0,0.25415000000000276,0.6250890000000038,1.000562000000043,0.9975600000000454,0.0051420000000000025
92,1.0706562294489208,0.07650099999999976,0.05445999999999993,0.7295390000000195,0.7653720000000227,0.014307999999999974,0.8909660000000308,0.27899100000000016,0.799328000000025,0.20849600000000262,0.27435500000000074,0.0,0.2664370000000013,0.6237180000000017,1.0005910000000406,0.9972190000000453,0.0064800000000000075
93,1.0717290269908721,0.08156899999999971,0.05951399999999988,0.7297540000000154,0.758847000000019,0.013976999999999977,0.9013320000000303,0.29080999999999935,0.8074580000000257,0.21367900000000395,0.27876799999999985,0.0,0.27650299999999983,0.6310890000000062,1.0005380000000412,0.9973870000000424,0.007656000000000003
94,1.0723109758525722,0.08176599999999977,0.060265999999999965,0.7321980000000208,0.7633100000000211,0.014657999999999975,0.9018240000000357,0.28885900000000025,0.8185610000000269,0.22230100000000325,0.28293099999999993,0.0,0.2903639999999987,0.6353430000000054,1.0005160000000464,0.997361000000049,0.008003000000000001
95,1.0732889234625989,0.07846499999999983,0.06301099999999989,0.73600800000002,0.763185000000018,0.013685999999999997,0.9052700000000358,0.294360999999998,0.821867000000029,0.23199500000000337,0.28940599999999744,0.0,0.30473699999999543,0.6272650000000108,1.0005680000000403,0.9972110000000427,0.008762
96,1.0738706460591585,0.08298299999999982,0.06885699999999984,0.7426470000000173,0.770663000000015,0.01490799999999999,0.9065610000000264,0.30535099999999643,0.8280880000000239,0.23930200000000432,0.29725499999999827,0.0,0.3119889999999962,0.6224620000000008,1.0005070000000342,0.9971580000000403,0.010183999999999997
97,1.074570809720426,0.08175499999999983,0.07362599999999979,0.7534080000000145,0.7728470000000154,0.014961999999999968,0.9094610000000299,0.309517999999996,0.8343090000000273,0.2440430000000042,0.3028489999999973,0.0,0.32185199999999686,0.6218340000000026,1.0005350000000393,0.9973070000000415,0.009266999999999996
98,1.0754648526341553,0.08330199999999985,0.07835599999999976,0.7598210000000266,0.7779490000000266,0.014701999999999979,0.9068890000000387,0.3144429999999955,0.8369100000000337,0.25196800000000397,0.31086799999999587,0.0,0.32540199999999486,0.6198380000000061,1.0005050000000446,0.9971760000000498,0.009342999999999995
99,1.075860623699973,0.08151999999999975,0.0834859999999997,0.7685140000000262,0.7774090000000252,0.014625999999999983,0.9068340000000279,0.31850399999999535,0.8417560000000258,0.2628090000000009,0.3158119999999955,0.0,0.3327629999999928,0.6237570000000042,1.0005410000000374,0.997300000000041,0.010878999999999996
100,1.076585753760386,0.08267999999999984,0.08564499999999979,0.7815320000000231,0.7801740000000205,0.01487699999999997,0.9071510000000337,0.3240629999999945,0.8501400000000281,0.2736620000000004,0.3322739999999951,0.0,0.3418939999999937,0.6203920000000008,1.0004780000000453,0.9971790000000489,0.011047999999999994
101,1.0779088776518055,0.08065699999999994,0.09242299999999981,0.786391000000026,0.7797380000000206,0.014785999999999976,0.9126110000000304,0.33481999999999223,0.8552820000000261,0.2823079999999988,0.34629899999999214,0.0,0.35011999999999194,0.6229480000000077,1.0005730000000375,0.9972420000000414,0.013728999999999988
102,1.078459689088326,0.07834399999999975,0.09873499999999975,0.7932380000000254,0.7799840000000207,0.014433999999999983,0.9141560000000306,0.3411209999999938,0.8615610000000317,0.2894919999999977,0.36069999999999164,0.0,0.35809199999999203,0.6261840000000063,1.0005400000000393,0.9971460000000444,0.01315199999999999
103,1.0792469646614025,0.076732,0.10379899999999961,0.7991930000000258,0.7825720000000221,0.013087999999999997,0.9181560000000346,0.34699399999999336,0.8623010000000341,0.2951209999999976,0.3658349999999924,0.0,0.36576799999999327,0.6202070000000108,1.00049500000004,0.9971730000000425,0.01326699999999998
104,1.0791800513496361,0.07923499999999975,0.1109539999999996,0.8041910000000269,0.780678000000019,0.012314999999999996,0.9186540000000376,0.3502139999999929,0.8683930000000342,0.30433399999999616,0.3774719999999908,0.0,0.37288699999999125,0.6209310000000067,1.0005080000000441,0.9970560000000477,0.011506999999999986
105,1.0795329432264749,0.08127499999999983,0.11971299999999968,0.8096260000000264,0.7842210000000209,0.013411999999999999,0.9228480000000339,0.35578999999999233,0.8690090000000312,0.31848899999999514,0.38697799999999266,0.0,0.38437499999999303,0.6172480000000068,1.00049600000004,0.9971730000000435,0.011073999999999988
106,1.0799669154696951,0.07995399999999996,0.1279099999999997,0.8109250000000309,0.7833320000000256,0.014729999999999988,0.9255940000000376,0.3645579999999923,0.874546000000035,0.3220329999999956,0.3897109999999907,0.0,0.3891119999999904,0.6245070000000074,1.0004950000000474,0.9971220000000484,0.011708999999999982
107,1.081077121458848,0.0818049999999998,0.13575299999999987,0.819888000000027,0.7828170000000222,0.013971999999999991,0.9256480000000293,0.3735999999999911,0.8732460000000286,0.33171499999999404,0.3977199999999901,0.0,0.3917029999999902,0.6187680000000054,1.000519000000036,0.9973510000000385,0.012185999999999997
108,1.0825019811049685,0.08189799999999993,0.13684100000000038,0.8240950000000244,0.7805740000000186,0.014222999999999996,0.9292360000000324,0.37969699999999146,0.8763130000000302,0.3452919999999937,0.40831899999998983,0.0,0.39898699999998966,0.6281450000000054,1.0005080000000395,0.9971210000000437,0.01308999999999999
109,1.0834307678047985,0.08027199999999977,0.14519700000000066,0.8309870000000268,0.7835050000000208,0.013954999999999981,0.932081000000033,0.3874969999999898,0.8819410000000311,0.35486499999999205,0.41642899999998817,0.0,0.4100289999999879,0.625609000000008,1.000501000000037,0.997283000000039,0.014941999999999987
110,1.084658294864761,0.08293199999999995,0.1547470000000005,0.8421350000000264,0.781361000000019,0.015252999999999984,0.9336300000000287,0.39286999999998923,0.8823920000000279,0.3640659999999918,0.42318999999998846,0.0,0.41682799999998826,0.6274650000000046,1.0005480000000342,0.9973730000000384,0.015358999999999977
111,1.085816709923713,0.0827809999999999,0.16009200000000118,0.84686900000002,0.7782530000000135,0.018481000000000004,0.9317130000000251,0.39803799999998946,0.8901500000000251,0.37891299999999306,0.4377179999999894,0.0,0.4253849999999898,0.6261090000000031,1.0004760000000315,0.997066000000037,0.01597999999999999
112,1.087023052288472,0.08316799999999973,0.1644860000000009,0.8492990000000323,0.777682000000019,0.01862900000000001,0.9343520000000363,0.4005389999999889,0.8921950000000345,0.3873029999999905,0.4418859999999878,0.0,0.43141399999998864,0.6209870000000068,1.0004850000000427,0.9972750000000453,0.016505999999999993
113,1.087953544021277,0.08412199999999988,0.17195200000000155,0.8513490000000311,0.7762910000000243,0.01797100000000001,0.937527000000036,0.4058589999999874,0.8984570000000371,0.3949899999999884,0.4535089999999862,0.0,0.43869499999998696,0.6168870000000057,1.0004270000000413,0.9971050000000447,0.015968999999999973
114,1.0896202888507622,0.08347399999999976,0.1786790000000012,0.8531610000000245,0.7836600000000176,0.01716099999999999,0.9371920000000273,0.41311899999999097,0.9048000000000253,0.40276299999999216,0.4580709999999901,0.0,0.4480379999999904,0.6176410000000038,1.0004620000000348,0.9972600000000374,0.016590999999999988
115,1.0906281876179864,0.08547399999999972,0.18968600000000152,0.8597590000000267,0.7886640000000179,0.017943000000000008,0.9452240000000302,0.41787899999998857,0.9086910000000293,0.4111209999999903,0.465212999999989,0.0,0.45800999999998954,0.613350000000005,1.0004780000000346,0.9973190000000367,0.016358
116,1.091783162868711,0.08656299999999965,0.1975420000000016,0.8605340000000268,0.7899640000000218,0.017919,0.9498060000000287,0.4155819999999888,0.908779000000028,0.41522299999998963,0.47048699999998866,0.0,0.4594539999999882,0.6156000000000023,1.000462000000033,0.9972390000000366,0.016487999999999996
117,1.0925561453480575,0.09003199999999979,0.20421000000000145,0.8645590000000262,0.7954520000000207,0.017694000000000012,0.9512350000000274,0.4223369999999913,0.9123590000000271,0.4184919999999903,0.4715629999999904,0.0,0.46395999999999027,0.6106390000000069,1.0004730000000324,0.9973720000000358,0.018813999999999987
118,1.0932499185003886,0.09189299999999981,0.21495000000000256,0.8649860000000258,0.801332000000019,0.016354999999999988,0.9502090000000271,0.4262079999999889,0.9171200000000252,0.43303599999998976,0.4873369999999887,0.0,0.4784199999999891,0.6091560000000048,1.0004310000000314,0.9972470000000334,0.02019600000000002
119,1.0941441969337553,0.08760099999999982,0.22368700000000236,0.8683110000000273,0.7978870000000191,0.016324999999999996,0.9484460000000293,0.4308389999999886,0.9171660000000281,0.44126099999998963,0.49467399999998796,0.0,0.48153199999998963,0.6114020000000053,1.0003970000000342,0.997168000000036,0.020368000000000018
120,1.0947186226371823,0.08707699999999978,0.23108200000000298,0.8733870000000222,0.7969910000000181,0.01816,0.9477730000000227,0.4369799999999886,0.9145990000000256,0.44899299999998954,0.49926099999998835,0.0,0.48671699999998835,0.6059570000000013,1.0004570000000275,0.9969100000000314,0.021715000000000005
121,1.0957870680129067,0.08615999999999978,0.2411020000000028,0.8781050000000273,0.79910900000002,0.019596000000000002,0.947365000000029,0.4430929999999901,0.9159030000000271,0.4510279999999897,0.5044249999999898,0.0,0.49093399999998877,0.6038310000000008,1.0004100000000324,0.9969810000000361,0.021845000000000017
122,1.0970351694834075,0.08890999999999985,0.2450270000000028,0.8826680000000223,0.8016590000000168,0.02146599999999999,0.9491250000000249,0.4494919999999878,0.9222300000000242,0.4596569999999904,0.5090609999999899,0.0,0.49603799999998865,0.6083660000000032,1.0003860000000289,0.9971540000000328,0.022818000000000026
123,1.0977690860118225,0.08884699999999991,0.2506970000000029,0.8870930000000248,0.805096000000017,0.021609999999999987,0.9527950000000261,0.45356899999999123,0.9241520000000258,0.46302599999998945,0.5151189999999932,0.0,0.49891199999998886,0.605627000000004,1.0004250000000297,0.9970840000000321,0.021819000000000033
124,1.098238931180668,0.08892699999999987,0.2601190000000011,0.8896010000000246,0.8072480000000182,0.02191000000000003,0.9523050000000244,0.4593979999999891,0.9260230000000239,0.4677059999999893,0.5251569999999941,0.0,0.500597999999989,0.6030720000000024,1.0003880000000294,0.9970690000000317,0.02522500000000001
125,1.0996139263225368,0.09028299999999971,0.26601699999999984,0.8942560000000237,0.8129080000000158,0.021026000000000013,0.951875000000024,0.4644989999999876,0.9291830000000226,0.47931499999998733,0.5298139999999891,0.0,0.5117429999999883,0.5953280000000006,1.0004620000000286,0.997333000000032,0.02532000000000004
126,1.1001428406211287,0.09000399999999982,0.27719099999999836,0.8981010000000228,0.8134080000000173,0.02202500000000001,0.9508910000000234,0.4743799999999868,0.9309950000000227,0.480331999999988,0.5307239999999945,0.0,0.52033699999999,0.608016000000004,1.0004020000000269,0.9972280000000303,0.024630000000000034
127,1.1010141537509301,0.08884499999999987,0.28487999999999847,0.9015110000000189,0.8155830000000122,0.021732000000000008,0.9540470000000203,0.4800219999999897,0.9319920000000192,0.4879229999999907,0.5377709999999986,0.0,0.5241519999999953,0.6128360000000024,1.0004450000000251,0.9972450000000274,0.027158000000000026
128,1.102352986961918,0.08575199999999998,0.2915869999999969,0.9043990000000226,0.8162810000000165,0.022477000000000025,0.9526930000000222,0.49374599999998803,0.9363210000000253,0.49521899999998925,0.544510999999998,0.0,0.533720999999997,0.6076950000000014,1.0003800000000276,0.9972310000000307,0.029360000000000046
129,1.1031235316998345,0.08778199999999983,0.2997879999999977,0.9092890000000258,0.8191640000000159,0.020103999999999993,0.9552350000000248,0.49827899999998815,0.9359530000000259,0.5076769999999915,0.557551999999997,0.0,0.5458869999999958,0.608612000000005,1.0003610000000307,0.996961000000033,0.031946000000000016
130,1.103830633883688,0.0804259999999998,0.3176019999999963,0.9127050000000235,0.8192290000000183,0.01907100000000001,0.9540310000000226,0.5113869999999906,0.9372200000000229,0.512739999999992,0.5658509999999992,0.0,0.551352999999998,0.6041440000000019,1.0003390000000252,0.9969290000000296,0.032926000000000025
131,1.1046375340770842,0.08105499999999993,0.32074299999999806,0.9114470000000232,0.8206300000000163,0.01900500000000003,0.9517060000000216,0.5121509999999896,0.9377750000000237,0.5212579999999902,0.5717099999999987,0.0,0.5622039999999972,0.5943840000000011,1.0004140000000268,0.9971120000000303,0.03270800000000005
132,1.1055422322175226,0.08035899999999992,0.3290849999999967,0.9154360000000266,0.8243400000000188,0.020384999999999997,0.9517590000000274,0.5141929999999909,0.9382110000000272,0.5306979999999942,0.5751210000000024,0.0,0.5700960000000018,0.5849100000000012,1.0004130000000304,0.997155000000035,0.03141900000000005
133,1.1051751921964592,0.0797549999999999,0.3370259999999962,0.9174990000000254,0.8243120000000209,0.021619000000000024,0.952225000000025,0.5173849999999898,0.9427080000000264,0.536965999999997,0.5862310000000024,0.0,0.5819370000000038,0.5866230000000034,1.0004440000000283,0.9971070000000312,0.03196800000000007
134,1.1073225475949267,0.08394999999999984,0.3401259999999962,0.9184980000000215,0.8247460000000145,0.023741000000000012,0.9534950000000219,0.5200379999999926,0.9411490000000234,0.5408939999999972,0.5852730000000019,0.0,0.5844420000000011,0.5910250000000001,1.0003380000000255,0.9970260000000286,0.03549900000000001
135,1.109542729302882,0.08389299999999984,0.3382529999999964,0.9246540000000246,0.8249670000000171,0.026305000000000026,0.9516180000000253,0.5200079999999934,0.9446150000000259,0.5447929999999997,0.588639000000001,0.0,0.5865330000000021,0.5904790000000014,1.00035000000003,0.997166000000032,0.03612799999999999
136,1.1103837626917255,0.08129299999999984,0.3412159999999957,0.9293460000000272,0.8237420000000161,0.027099000000000012,0.9509250000000279,0.5228179999999887,0.9460770000000274,0.5569640000000009,0.6017230000000036,0.0,0.5952430000000026,0.5845240000000024,1.0003870000000303,0.9970340000000317,0.035073000000000014
137,1.111299829295979,0.08234099999999987,0.34928899999999435,0.9307660000000265,0.8307160000000194,0.024389000000000025,0.9503800000000274,0.5320179999999954,0.9475390000000269,0.5585980000000013,0.6022590000000041,0.0,0.5980320000000039,0.5905840000000014,1.0003830000000318,0.9970370000000343,0.035481999999999986
138,1.113084576821864,0.08277599999999977,0.3542299999999956,0.9296690000000251,0.8344820000000188,0.02240100000000001,0.953587000000024,0.5322729999999974,0.9488840000000253,0.5603509999999995,0.6129990000000035,0.0,0.6046500000000027,0.5936209999999996,1.000350000000027,0.9970740000000304,0.03515100000000002
139,1.1150948075676324,0.08431899999999987,0.35892199999999524,0.9323330000000224,0.8346440000000177,0.02180100000000001,0.9551110000000207,0.5310519999999946,0.9514750000000226,0.5712700000000013,0.6251620000000054,0.0,0.6157560000000051,0.6002959999999985,1.0003990000000238,0.9972370000000256,0.03969200000000004
140,1.115880949406993,0.07749599999999987,0.36862199999999484,0.9403440000000222,0.8404130000000135,0.022570000000000034,0.9551480000000199,0.5416809999999967,0.9544720000000225,0.582785000000001,0.6358400000000013,0.0,0.6293590000000024,0.6027439999999996,1.0003430000000226,0.9969280000000276,0.043246999999999994
141,1.1179631832586103,0.07525299999999975,0.3721869999999947,0.9434390000000275,0.8427270000000205,0.021273000000000018,0.9570070000000278,0.5443459999999951,0.9552940000000284,0.5901840000000014,0.6446020000000083,0.0,0.6381920000000051,0.5983109999999975,1.0003600000000297,0.9970690000000321,0.04324100000000002
142,1.1198491871487994,0.07232799999999975,0.38312199999999497,0.9469250000000219,0.843288000000015,0.022448000000000023,0.9598280000000219,0.5543449999999982,0.9551610000000218,0.5910320000000037,0.6497520000000062,0.0,0.640322000000007,0.595737000000003,1.0003800000000242,0.9969390000000282,0.04513499999999997
143,1.1217428521242943,0.06983499999999983,0.39268299999999373,0.9469850000000241,0.8468320000000178,0.02366000000000002,0.9607880000000224,0.5560869999999982,0.9577630000000238,0.5912750000000031,0.6561750000000091,0.0,0.6413730000000084,0.5935520000000022,1.0003770000000245,0.9972710000000269,0.04469599999999991
144,1.1227928034339099,0.07103999999999985,0.3991109999999938,0.9512460000000198,0.8454220000000171,0.02442800000000001,0.9625370000000202,0.5606730000000004,0.9581990000000201,0.6012930000000019,0.6618660000000051,0.0,0.6464030000000061,0.5949540000000038,1.0003250000000228,0.9970780000000263,0.046643999999999956
145,1.1240447174097636,0.07271199999999983,0.4119539999999939,0.9554870000000242,0.845896000000017,0.025741000000000014,0.9660290000000221,0.5679760000000004,0.960767000000023,0.6079490000000047,0.6673580000000096,0.0,0.6497500000000086,0.5943020000000033,1.0003230000000254,0.9969720000000286,0.049400999999999924
146,1.1261725340598476,0.07712399999999994,0.4171359999999947,0.9566430000000218,0.8496350000000163,0.025316000000000026,0.9641960000000205,0.5701899999999983,0.9603780000000218,0.611635000000007,0.6710730000000079,0.0,0.6586220000000087,0.5941990000000023,1.0003160000000233,0.9966570000000256,0.048585999999999935
147,1.1276635864949682,0.07874999999999985,0.4265779999999926,0.9545330000000214,0.8508140000000178,0.027931000000000004,0.9644530000000218,0.5756630000000003,0.9649410000000229,0.6244850000000034,0.6783460000000064,0.0,0.6628060000000048,0.5972840000000009,1.0002990000000236,0.9968680000000274,0.05340099999999992
148,1.129635870107774,0.08134299999999978,0.4316069999999945,0.9566590000000221,0.8534980000000176,0.02539599999999999,0.966097000000021,0.5808760000000049,0.966889000000022,0.6321210000000067,0.6891440000000096,0.0,0.6720010000000081,0.596948000000001,1.0003560000000224,0.9971640000000245,0.05288699999999998
149,1.129678796270863,0.08255599999999996,0.44444299999999387,0.957957000000018,0.8571980000000163,0.02417199999999999,0.9656540000000184,0.5885160000000035,0.9676520000000182,0.6464620000000065,0.6900600000000062,0.0,0.6840050000000073,0.5955880000000021,1.0002890000000195,0.9971240000000232,0.05819599999999996
150,1.1313032743799216,0.08369299999999982,0.4446829999999941,0.957776000000025,0.8560560000000179,0.02494400000000003,0.9627720000000252,0.5864669999999996,0.966803000000026,0.644124000000007,0.6923450000000095,0.0,0.6856270000000076,0.595535999999999,1.0003230000000278,0.9971200000000304,0.0584399999999999
151,1.132232074368218,0.08450799999999985,0.446386999999993,0.9549970000000203,0.8602700000000173,0.024116000000000016,0.9647460000000213,0.5843390000000002,0.9650700000000219,0.6447240000000062,0.6969730000000066,0.0,0.6817170000000072,0.5961760000000006,1.0003140000000228,0.9970990000000262,0.06294199999999993
152,1.133340529569049,0.0850929999999998,0.4528879999999922,0.9545390000000273,0.8645490000000193,0.023512000000000043,0.9645410000000274,0.5870510000000039,0.9649510000000285,0.651712000000008,0.7054720000000094,0.0,0.6815050000000091,0.5943220000000037,1.0003310000000298,0.9970040000000322,0.061831999999999956
153,1.1344126697100538,0.08414599999999975,0.46495999999999227,0.9543190000000192,0.8668400000000139,0.024717000000000006,0.9670350000000186,0.5935579999999998,0.9640020000000188,0.6530320000000047,0.7071610000000065,0.0,0.6839740000000057,0.5966499999999986,1.0003320000000195,0.9973330000000228,0.06549999999999995
154,1.1355153188250333,0.0839779999999999,0.4718879999999928,0.9540080000000185,0.8723150000000156,0.02432700000000001,0.9677970000000188,0.5980250000000017,0.9636560000000187,0.6608370000000053,0.7070910000000076,0.0,0.6889390000000087,0.5894379999999992,1.0002360000000212,0.9969100000000239,0.06722299999999994
155,1.1361795952865692,0.0845459999999998,0.4785319999999931,0.9530660000000238,0.8775940000000193,0.02242799999999999,0.9701320000000226,0.6053960000000068,0.9656180000000232,0.672163000000012,0.7125230000000123,0.0,0.6959310000000118,0.5937770000000032,1.0002430000000242,0.9971470000000255,0.06910399999999983
156,1.137441890816959,0.08341699999999984,0.48111999999999233,0.9550920000000258,0.8761640000000187,0.022010000000000005,0.9691120000000252,0.6029930000000051,0.9660320000000254,0.6681040000000102,0.7137450000000118,0.0,0.6998840000000112,0.5876230000000008,1.000279000000028,0.9971460000000292,0.06869199999999988
157,1.1393198073787287,0.08384599999999996,0.4782099999999934,0.9542160000000194,0.8786160000000144,0.023311000000000026,0.9717140000000188,0.6007330000000018,0.9684490000000198,0.675243000000009,0.7147110000000078,0.0,0.6999720000000084,0.5842960000000001,1.0002470000000208,0.9969550000000229,0.06436399999999987
158,1.1410333443690501,0.08167499999999978,0.49194399999999244,0.9555460000000183,0.8830020000000152,0.02297800000000001,0.9733730000000177,0.6106470000000038,0.9697800000000186,0.6825480000000093,0.7212400000000094,0.0,0.7032530000000095,0.5858340000000015,1.0002380000000182,0.9971600000000214,0.0677559999999999
159,1.141592450707811,0.08117899999999986,0.49740999999999275,0.9581980000000204,0.8812230000000161,0.022976000000000028,0.9735180000000198,0.6152680000000028,0.9714980000000202,0.6870110000000096,0.7326910000000091,0.0,0.7114670000000085,0.5773010000000011,1.0002590000000209,0.9967690000000223,0.06948099999999992
160,1.1432911402744874,0.07986699999999979,0.5062169999999938,0.9619100000000218,0.8867450000000189,0.02247600000000004,0.9716480000000216,0.6179190000000082,0.9716680000000224,0.7010530000000101,0.7436500000000117,0.0,0.7193940000000101,0.5691540000000022,1.000275000000023,0.9971150000000247,0.06983399999999994
161,1.1444149954654026,0.07931399999999979,0.5141949999999927,0.9630180000000157,0.888262000000016,0.02332200000000002,0.9735680000000162,0.6240190000000043,0.9724430000000167,0.7034090000000081,0.7459310000000092,0.0,0.7218500000000081,0.5701139999999968,1.0002770000000178,0.9968500000000207,0.06511799999999993
162,1.1456521080755189,0.07989399999999992,0.5261259999999988,0.9617240000000175,0.8884330000000144,0.02263500000000004,0.9744750000000177,0.6362630000000061,0.9724450000000179,0.7087750000000087,0.7504300000000104,0.0,0.7225880000000081,0.5684259999999991,1.0002430000000173,0.9968180000000199,0.06754499999999994
163,1.1469409666971229,0.08043399999999988,0.5340149999999977,0.961792000000021,0.8898150000000161,0.02279900000000001,0.9735700000000207,0.6398170000000085,0.9729080000000213,0.713989000000008,0.7536680000000096,0.0,0.7223900000000094,0.5667620000000003,1.0002420000000223,0.9970580000000233,0.06869799999999988
164,1.1482427446943475,0.07945199999999991,0.5467050000000009,0.9600360000000133,0.8879310000000104,0.023292,0.9751050000000151,0.650411000000005,0.9738490000000143,0.7195930000000055,0.7575150000000062,0.0,0.7272420000000075,0.5628730000000007,1.0002070000000154,0.9970630000000178,0.07237499999999995
165,1.1486917076075405,0.08415100000000003,0.549091999999999,0.9642310000000154,0.8849470000000096,0.026254000000000034,0.9774560000000146,0.6520300000000052,0.9752030000000156,0.7215860000000084,0.7617030000000073,0.0,0.7359840000000069,0.5634039999999989,1.0002360000000157,0.9971000000000176,0.07033799999999994
166,1.150249333563073,0.07911899999999988,0.5470690000000002,0.9658940000000188,0.8877240000000162,0.028459000000000026,0.9783840000000192,0.6481520000000083,0.9766400000000195,0.7285940000000113,0.7650990000000123,0.0,0.7420140000000093,0.5545929999999993,1.0002080000000197,0.9967380000000217,0.06979699999999998
167,1.1524405585435324,0.07651699999999999,0.551656000000001,0.9655480000000177,0.8908270000000144,0.02872000000000003,0.9773280000000168,0.6497820000000095,0.9765240000000176,0.7299060000000095,0.7645160000000089,0.0,0.7446870000000089,0.5536719999999983,1.000252000000018,0.9971300000000202,0.07083599999999994
168,1.1545241710733996,0.07635699999999987,0.5711069999999994,0.9679020000000204,0.8894640000000132,0.02851500000000004,0.9797290000000201,0.665091000000006,0.9784330000000209,0.7341070000000061,0.7716200000000073,0.0,0.7475270000000064,0.5511559999999956,1.0002350000000217,0.996647000000025,0.07314199999999992
169,1.1560227434474775,0.07454899999999991,0.5782640000000037,0.9697100000000144,0.892094000000012,0.02844900000000001,0.9813100000000143,0.6709890000000104,0.9797970000000146,0.7378370000000066,0.7755570000000072,0.0,0.7557480000000052,0.5476779999999998,1.0002320000000156,0.9968890000000188,0.07751099999999997
170,1.1574862682406986,0.07445299999999988,0.586631000000006,0.9707340000000155,0.8918420000000116,0.028877000000000035,0.9817560000000147,0.676656000000011,0.9815820000000149,0.739799000000008,0.7780050000000088,0.0,0.7553490000000076,0.5516209999999978,1.0002200000000168,0.9970790000000185,0.07722099999999991
171,1.1590500321891102,0.07508799999999988,0.5930700000000008,0.9719060000000131,0.8931110000000093,0.028748000000000017,0.9810390000000127,0.6833610000000069,0.9832620000000135,0.7462000000000052,0.7830400000000087,0.0,0.7617420000000061,0.5445959999999954,1.0001890000000138,0.9970800000000166,0.08353100000000006
172,1.161189638548545,0.07227200000000002,0.6067990000000038,0.9736630000000148,0.8901580000000122,0.030939000000000046,0.9825570000000149,0.6918890000000089,0.984591000000015,0.7505380000000078,0.7861290000000074,0.0,0.7667340000000081,0.5406759999999978,1.0001950000000153,0.9966610000000179,0.08596599999999986
173,1.16208027100133,0.06952599999999988,0.6110680000000035,0.9735630000000169,0.8940540000000108,0.029758000000000034,0.9808280000000162,0.6948740000000094,0.9848160000000162,0.7505740000000075,0.7898140000000075,0.0,0.7733870000000084,0.5427389999999961,1.0002280000000183,0.9969460000000215,0.08793799999999999
174,1.1638082843643285,0.07054299999999997,0.6188810000000029,0.9749780000000166,0.89589300000001,0.03138200000000002,0.982455000000017,0.6995920000000074,0.985153000000017,0.7560890000000107,0.7913150000000095,0.0,0.7770380000000091,0.5462990000000006,1.0001950000000175,0.996769000000019,0.0890069999999999
175,1.1661859446893041,0.06955699999999997,0.6218350000000097,0.9755310000000199,0.8949310000000156,0.030451000000000058,0.9824300000000202,0.7025210000000126,0.9853260000000206,0.7612670000000111,0.797506000000013,0.0,0.7769970000000106,0.5452019999999991,1.0001980000000212,0.9968550000000228,0.08833899999999999
176,1.166954461226878,0.06998799999999991,0.6255350000000011,0.9779710000000131,0.8956570000000103,0.030405000000000043,0.981571000000013,0.7046770000000022,0.9846680000000138,0.7695080000000054,0.8020640000000046,0.0,0.7844860000000043,0.5508450000000001,1.000172000000014,0.9968110000000169,0.08814299999999997
177,1.1681365860961166,0.07123499999999994,0.6238960000000039,0.9798500000000155,0.8940760000000122,0.031039000000000056,0.9825160000000163,0.7036350000000076,0.985496000000016,0.7738900000000076,0.8047300000000079,0.0,0.7857270000000091,0.5561039999999992,1.0001820000000166,0.9967050000000182,0.08975499999999996
178,1.1697918356386325,0.06875899999999996,0.6356060000000027,0.9818860000000142,0.8960790000000097,0.031123000000000026,0.9855740000000145,0.7115380000000063,0.9839580000000155,0.7831300000000074,0.8084190000000079,0.0,0.7865170000000083,0.5607669999999995,1.0001920000000153,0.9972350000000175,0.09123599999999991
179,1.171774632800057,0.06954599999999991,0.6395340000000025,0.9840120000000181,0.8960830000000106,0.03091300000000003,0.9857240000000186,0.7169430000000082,0.9861680000000185,0.7900970000000092,0.8190760000000096,0.0,0.7899180000000092,0.5587999999999987,1.0001910000000203,0.9969530000000207,0.09328599999999994
180,1.1736225213960039,0.07079399999999993,0.6503000000000068,0.9859040000000181,0.8983290000000135,0.03174000000000002,0.9866490000000177,0.7204210000000096,0.9868860000000182,0.7912510000000095,0.8229730000000087,0.0,0.7936820000000089,0.5556290000000014,1.0001810000000189,0.9966020000000199,0.09567299999999986
181,1.1745215162474154,0.06783299999999992,0.6523080000000064,0.9879160000000147,0.893825000000012,0.03368900000000004,0.9857070000000142,0.7220900000000087,0.9874480000000145,0.7909450000000092,0.8229070000000092,0.0,0.7962840000000078,0.5483800000000028,1.0001580000000148,0.9968570000000164,0.09310700000000001
182,1.175587981784185,0.06642999999999985,0.6534640000000062,0.9886940000000163,0.8936790000000128,0.03343800000000002,0.9856910000000167,0.7227100000000083,0.986666000000016,0.7944870000000089,0.8271630000000095,0.0,0.7996020000000095,0.5487290000000005,1.0001710000000166,0.9966440000000184,0.09451099999999993
183,1.1783564914813047,0.06422199999999997,0.6607820000000041,0.9890440000000176,0.8937220000000117,0.03310200000000001,0.9856770000000173,0.727104000000009,0.9889040000000178,0.7976620000000072,0.8275700000000071,0.0,0.8079940000000068,0.5438489999999996,1.0001850000000179,0.9969020000000196,0.09687099999999994
184,1.1798966034156908,0.06570099999999997,0.6614120000000038,0.9893190000000155,0.8958420000000115,0.03233000000000002,0.9869140000000155,0.7261310000000076,0.9885740000000159,0.7998620000000091,0.833046000000009,0.0,0.817468000000007,0.5435450000000015,1.0001790000000157,0.9969420000000165,0.09667499999999998
185,1.182101830167492,0.066046,0.6608770000000055,0.9912680000000111,0.8954950000000091,0.03111800000000002,0.9876710000000107,0.7245090000000075,0.9893860000000115,0.8073430000000058,0.8404270000000054,0.0,0.8265480000000074,0.5335459999999941,1.0001560000000116,0.9968520000000144,0.09687799999999992
186,1.1840215635396971,0.06465299999999999,0.6610760000000048,0.9910020000000122,0.8973780000000098,0.02983200000000002,0.9885060000000124,0.7225330000000073,0.9888590000000124,0.8095120000000061,0.8410250000000059,0.0,0.8312260000000066,0.5246339999999965,1.0001790000000126,0.9967880000000136,0.09685199999999992
187,1.1852943867205161,0.06026000000000001,0.6676040000000032,0.9916630000000136,0.8964160000000098,0.030737000000000025,0.9886670000000136,0.7270360000000048,0.9890440000000137,0.8107880000000064,0.8422160000000065,0.0,0.8360320000000073,0.5236759999999976,1.0001580000000139,0.9967660000000158,0.09754900000000001
188,1.1881059050058331,0.06159699999999995,0.6675950000000028,0.9913450000000134,0.8954070000000093,0.032381000000000035,0.9879550000000132,0.7267040000000049,0.9894950000000132,0.8165220000000052,0.8443610000000069,0.0,0.839633000000006,0.5284679999999964,1.0001650000000133,0.996792000000015,0.09691600000000002
189,1.1882365966553987,0.06286699999999995,0.6742850000000047,0.9925550000000147,0.8967360000000109,0.03260999999999999,0.9880570000000142,0.7328190000000059,0.9911020000000146,0.8237160000000084,0.8469960000000089,0.0,0.8406350000000081,0.5223149999999966,1.0001480000000145,0.9967170000000158,0.09877799999999998
190,1.1900118221308178,0.06522199999999996,0.6843210000000038,0.9925480000000085,0.8967530000000054,0.03253600000000003,0.986630000000009,0.7406290000000053,0.9911370000000083,0.8266260000000055,0.8498270000000038,0.0,0.8439810000000052,0.5201929999999958,1.0001660000000085,0.9969070000000104,0.10240699999999991
191,1.1933700354928798,0.06614799999999997,0.6900950000000033,0.9926750000000089,0.9025710000000045,0.033338000000000007,0.9880230000000088,0.7461280000000059,0.9915950000000088,0.8274160000000041,0.852133000000003,0.0,0.8457750000000042,0.5163859999999969,1.000149000000009,0.9967390000000105,0.10488599999999991
192,1.1954321789142226,0.06331099999999992,0.6995350000000019,0.9926410000000131,0.9070390000000089,0.032746,0.9883150000000129,0.7541310000000044,0.9896550000000128,0.8313830000000068,0.8536920000000068,0.0,0.8461610000000058,0.5154829999999958,1.0001310000000128,0.9968280000000156,0.11063400000000004
193,1.197819456975529,0.062048999999999965,0.704291000000003,0.9921010000000072,0.9077460000000055,0.03386999999999998,0.988522000000007,0.755097000000004,0.990638000000007,0.8280480000000037,0.8548690000000034,0.0,0.8465490000000043,0.5115809999999944,1.0001130000000071,0.9969440000000085,0.11322699999999997
194,1.1990675848497048,0.059022999999999944,0.7095170000000054,0.9919610000000144,0.9114280000000101,0.034506999999999996,0.9886990000000142,0.7578920000000082,0.9903680000000148,0.8252790000000092,0.8555270000000091,0.0,0.849442000000008,0.510035999999994,1.0001180000000158,0.9967310000000172,0.11713799999999994
195,1.2018182458893678,0.05863599999999988,0.7107870000000032,0.9915640000000083,0.9123870000000059,0.035135999999999994,0.987556000000008,0.7595060000000049,0.9914030000000084,0.8308720000000053,0.8573560000000058,0.0,0.8551200000000039,0.5100549999999944,1.0001050000000085,0.99696300000001,0.11665699999999994
196,1.2045163278513973,0.060462999999999975,0.7164770000000049,0.9924350000000088,0.9115750000000065,0.034912000000000006,0.9871140000000089,0.7654810000000063,0.991242000000009,0.8369160000000051,0.8648170000000042,0.0,0.8602980000000041,0.5060819999999947,1.0000920000000086,0.996718000000011,0.11886899999999997
197,1.205846113877355,0.05858499999999999,0.7252350000000051,0.9921110000000097,0.9156170000000051,0.032462000000000026,0.9890070000000096,0.7722530000000057,0.99036600000001,0.839306000000004,0.8700810000000031,0.0,0.8601760000000039,0.4985819999999929,1.0001140000000104,0.9967420000000121,0.12095299999999999
198,1.2079201691932362,0.062002999999999885,0.7245780000000059,0.9914150000000135,0.9158670000000101,0.030969000000000038,0.9901720000000129,0.773988000000009,0.9910440000000137,0.8423230000000077,0.8730410000000093,0.0,0.8619050000000078,0.49960799999999456,1.0001060000000144,0.9966010000000148,0.12375199999999996
199,1.2091727824087048,0.06305699999999995,0.7287080000000026,0.9918460000000081,0.9194690000000079,0.029676999999999995,0.9892000000000077,0.7774310000000048,0.9914300000000082,0.8481420000000052,0.8738970000000057,0.0,0.8672090000000058,0.4981849999999943,1.0001230000000083,0.9968280000000098,0.12804100000000004
200,1.2126225523569263,0.06267599999999995,0.7318650000000051,0.9919800000000102,0.9180610000000083,0.03142900000000002,0.9896890000000099,0.7809900000000066,0.9916350000000104,0.8484390000000059,0.8747240000000059,0.0,0.868560000000006,0.502881999999994,1.0001080000000104,0.9966640000000115,0.13023500000000007
