,PopRatio,Diff_KC,Fibroblast,ILC3,M1,M2,Neutrophil,Prol_KC,Th0,Th1,Th17,Th2,Th22,Treg,iDC,pDC,preDiff_KC
0,1.0,0.00024700000000000004,0.0,0.0,0.0,0.0,0.0,0.0,0.0,0.0,0.0,0.0,0.0,0.16794099999999995,0.0,0.0,0.0
1,1.0000010000000001,0.0013579999999999998,0.0,0.0,0.0,0.0,0.0,0.0,0.0,0.0,0.0,0.0,0.0,0.12630400000000006,0.0,0.0,0.0
2,1.0000030000020008,0.0024150000000000005,0.0,0.0,0.0,0.0,0.0,0.0,0.0,0.0,0.0,0.0,0.0,0.119531,0.000817,0.000813,0.0
3,1.0000009999960011,0.0032449999999999996,0.0,0.0,1e-05,0.0,5e-05,0.0,0.0,0.0,0.0,0.0,0.0,0.13143700000000003,0.0036220000000000015,0.0035700000000000016,0.0
4,1.000002999998002,0.004893,0.0,0.0,0.000264,0.0,0.00035000000000000005,0.0,0.0,0.0,0.0,0.0,0.0,0.14532100000000006,0.009964000000000004,0.009999000000000004,0.0
5,1.0000040000010018,0.006109999999999999,0.0,0.0,0.0007530000000000002,0.0,0.000648,0.0,0.0,0.0,0.0,0.0,0.0,0.16405000000000025,0.02427999999999999,0.024337999999999988,0.0
6,1.0000120000330024,0.007855999999999998,0.0,0.0,0.0013390000000000001,0.0,0.00133,0.0,0.0,0.0,0.0,0.0,0.0,0.1806670000000001,0.04249000000000005,0.042525000000000035,0.0
7,1.000033000285003,0.007249000000000001,0.0,0.0,0.0029830000000000004,0.0,0.0034189999999999984,0.0,0.0,0.0,0.0,0.0,0.0,0.19841700000000023,0.06614099999999996,0.06618199999999995,0.0
8,1.0000510008790122,0.009695,0.0,0.0,0.005722000000000006,0.0,0.005727000000000002,0.0,0.0,0.0,0.0,0.0,0.0,0.2189680000000001,0.09608399999999996,0.09605899999999994,0.0
9,1.0000750021030331,0.012240999999999993,0.0,0.0,0.009745999999999996,0.0,0.009553999999999997,0.0,0.0,0.0,0.0,0.0,0.0,0.22457300000000024,0.13013200000000008,0.1301250000000001,0.0
10,1.0001260059281425,0.012967999999999999,0.0,0.0,0.01373199999999998,0.0,0.015011999999999985,0.0,0.0,0.0,0.0,0.0,0.0,0.24696400000000032,0.16197000000000042,0.16191600000000048,0.0
11,1.000186013488502,0.013710999999999989,0.0,0.0,0.01992700000000001,0.0,0.02142200000000003,0.0,7.7e-05,0.0,0.0,0.0,0.0,0.26003499999999924,0.20764100000000096,0.20747200000000096,0.0
12,1.0002810311597892,0.014685999999999989,0.0,0.0,0.026820000000000056,0.0,0.03003200000000006,0.0,0.0002,0.0,0.0,0.0,0.0,0.26615499999999936,0.24874300000000274,0.24868600000000274,0.0
13,1.0003810592629099,0.014942999999999998,0.0,0.0,0.03463700000000002,0.0,0.037414,0.0,0.000265,0.0,0.0,0.0,0.0,0.28110299999999955,0.2952639999999987,0.29518399999999867,0.0
14,1.000497103465788,0.015122999999999996,0.0,0.0,0.045244999999999896,0.0,0.05168799999999996,0.0,0.000184,0.0,0.0,0.0,0.0,0.29487499999999944,0.34099899999999966,0.3409139999999998,0.0
15,1.0006701894646977,0.014750999999999998,0.0,0.0,0.05850499999999986,0.0,0.06055399999999989,0.0,0.000137,0.0,0.0,0.0,0.0,0.3032139999999975,0.3823589999999942,0.38209899999999425,0.0
16,1.0008773281939236,0.01715700000000001,0.0,0.0,0.06928499999999975,0.0,0.07428099999999974,0.0,0.000497,0.0,0.0,0.0,0.0,0.31372900000000026,0.43238499999999425,0.4318579999999946,0.0
17,1.0010895141875156,0.01758,0.0,0.0,0.07824699999999975,0.0,0.08927199999999955,0.0,0.0009359999999999999,0.0,0.0,0.0,0.0,0.3215809999999967,0.4753339999999944,0.4743689999999946,0.0
18,1.0013387854765707,0.01681200000000001,0.0,0.0,0.0897929999999996,0.0,0.10507099999999961,0.0,0.0014899999999999998,0.0,0.0,0.0,0.0,0.3327379999999994,0.5145019999999983,0.5132759999999981,0.0
19,1.0016922580678662,0.015244999999999974,0.0,0.0,0.10120199999999946,0.0,0.12435299999999887,0.0,0.002424000000000001,0.0,0.0,0.0,0.0,0.34865299999999494,0.555700000000002,0.5533100000000019,0.0
20,1.0021259908156317,0.017677000000000005,0.0,0.0,0.11833999999999902,0.0,0.13498899999999991,0.0,0.0038780000000000017,0.0,0.0,0.0,0.0,0.3590229999999962,0.6038700000000079,0.6007740000000081,0.0
21,1.0025829602674783,0.018127000000000008,0.0,0.0,0.13423599999999972,0.0,0.15239500000000084,4.2e-05,0.005188000000000005,0.0,0.0,0.0,0.0,0.3665199999999938,0.6317680000000097,0.6285970000000095,0.0
22,1.0030892646624465,0.019545000000000035,0.0,0.0,0.1499620000000008,0.0,0.16574700000000125,0.0,0.00656900000000001,0.0,0.0,0.0,0.0,0.3778899999999923,0.6586400000000162,0.6543390000000152,0.0
23,1.003648988472167,0.019780000000000006,0.0,0.0,0.16518600000000125,0.0,0.18889500000000295,0.000148,0.007827000000000006,0.0,0.0,0.0,0.0,0.3879909999999959,0.6860830000000181,0.6798350000000175,0.0
24,1.0042973457187594,0.022066000000000037,0.0,0.0,0.17711300000000255,0.0,0.20399200000000423,0.000134,0.010894999999999997,0.0,0.0,0.0,0.0,0.3965909999999964,0.715250000000019,0.7060500000000185,0.0
25,1.0050244569970854,0.021939000000000004,0.0,5.5e-05,0.1963630000000037,0.0,0.2184790000000043,0.000134,0.015420999999999978,0.0,0.0,0.0,0.0,0.4026599999999876,0.7476780000000276,0.7367970000000271,0.0
26,1.005775210266515,0.02150500000000002,0.0,6.7e-05,0.21341100000000493,0.0,0.24192200000000572,0.00033200000000000005,0.015793999999999975,0.0,0.0,0.0,0.0,0.4177269999999934,0.7706530000000432,0.7588570000000407,0.0
27,1.0065214954725845,0.022561000000000032,0.0,0.000134,0.23420000000000607,0.0,0.26388200000000483,0.000459,0.01940700000000001,0.0,0.0,0.0,0.0,0.4273499999999835,0.7942480000000375,0.7816380000000382,0.0
28,1.0074474952484684,0.023292,0.0,0.000134,0.25205600000000616,0.0,0.28272900000000234,0.000468,0.025835000000000052,0.0,0.0,0.0,0.0,0.4395899999999877,0.8169090000000444,0.8026620000000423,0.0
29,1.0083854288666043,0.023174000000000052,0.0,0.0,0.26945100000000366,0.0,0.303352999999999,0.000492,0.028875000000000078,0.0,0.0,0.0,0.0,0.4454189999999877,0.8373020000000417,0.8200580000000397,0.0
30,1.0093343195552178,0.025708000000000064,0.0,4.5e-05,0.2850910000000024,0.0,0.31621399999999766,0.0008720000000000002,0.03523100000000009,0.0,0.0,0.0,0.0,0.4476389999999847,0.8555080000000518,0.8388540000000505,0.0
31,1.0103971485937697,0.025219000000000026,0.0,0.000201,0.3020949999999996,0.0,0.33590899999999724,0.0013099999999999997,0.04215699999999999,0.0,0.0,0.0,0.0,0.45769199999998417,0.8750780000000525,0.858212000000049,0.0
32,1.011573250874795,0.026420000000000023,0.0,0.00034500000000000004,0.3138319999999972,0.0,0.3519789999999938,0.0019529999999999997,0.05161799999999999,0.0,0.0,0.0,0.0,0.46865999999998403,0.8890800000000517,0.8735230000000519,0.0
33,1.0127780346166506,0.02969200000000006,0.0,0.0007340000000000002,0.33535599999999627,0.0,0.37265899999999086,0.003034,0.05560699999999981,0.0,0.0,0.0,0.0,0.47956299999998475,0.8987180000000529,0.8822710000000505,0.0
34,1.013951844358834,0.029399000000000047,0.0,0.002372000000000001,0.3556289999999911,0.0,0.3879199999999886,0.0040609999999999995,0.06626199999999978,0.0,0.0,0.0,0.0,0.47976299999998234,0.910781000000054,0.8952950000000531,0.0
35,1.0151087634133122,0.03143500000000008,0.0,0.004092000000000001,0.3745039999999918,0.0,0.40297999999998757,0.004328000000000003,0.07558199999999968,0.0,0.0,0.0,6.7e-05,0.4877489999999822,0.9212210000000536,0.9053200000000527,0.0
36,1.0163136975155471,0.03011000000000004,0.0,0.007365000000000007,0.38997399999998944,0.0,0.42149499999998363,0.004917,0.08112099999999958,0.0,0.0,0.0,9.1e-05,0.489043999999979,0.9316960000000611,0.9167810000000606,0.0
37,1.0174936377184283,0.030930000000000093,0.0,0.009907,0.4068419999999877,0.0,0.4456409999999809,0.006985000000000002,0.08961399999999965,0.0,0.0,0.0,0.000134,0.4931669999999834,0.9424220000000585,0.9289320000000564,0.0
38,1.0186942802110013,0.03130500000000009,0.0,0.014757999999999983,0.42273399999998584,0.0,0.46319399999998073,0.009382000000000003,0.09741999999999926,0.0,9.499999999999999e-05,0.0,0.00037700000000000006,0.502607999999982,0.9492720000000638,0.9365120000000622,6.7e-05
39,1.0199615358956526,0.03528300000000003,0.0,0.019721000000000002,0.4411229999999839,0.0,0.4755389999999782,0.010676999999999987,0.11035599999999929,0.0,0.000195,0.0,0.000295,0.5064699999999811,0.9570580000000567,0.944727000000057,0.000134
40,1.0211967093156866,0.03652500000000005,0.0,0.027742000000000024,0.45926699999997966,0.0,0.48120799999997776,0.012564999999999984,0.12418399999999924,0.00011200000000000001,0.00038500000000000003,0.0,0.0004930000000000001,0.5149959999999827,0.9640320000000586,0.951891000000057,0.0
41,1.022371085531465,0.038098000000000035,0.0,0.03495800000000006,0.4722069999999787,0.0,0.4924429999999743,0.014825999999999975,0.1306339999999997,0.000127,0.000312,0.0,0.000772,0.5166809999999835,0.9681380000000689,0.9566910000000692,0.0
42,1.0235509017642412,0.039137999999999985,0.0,0.04164799999999995,0.499391999999979,0.0,0.5157729999999802,0.016216999999999978,0.14400400000000044,0.000266,0.000332,0.0,0.000829,0.5215349999999841,0.9736350000000618,0.9627720000000639,0.0
43,1.0247197968941235,0.03902299999999998,0.0,0.051377000000000006,0.5122389999999797,0.0,0.5271359999999808,0.01867899999999999,0.16248600000000116,0.0006090000000000001,0.0007220000000000001,0.0,0.000929,0.5331699999999886,0.9789910000000622,0.9691900000000636,6.7e-05
44,1.0259320404139123,0.04092199999999996,0.0,0.059577999999999826,0.5223719999999799,0.0,0.5397779999999857,0.022411,0.17568200000000236,0.000668,0.0014600000000000004,0.0,0.0013020000000000002,0.5384749999999904,0.9831800000000678,0.9726520000000668,6.7e-05
45,1.0271293031051443,0.04044999999999999,0.0,0.07277399999999962,0.5367479999999886,6.7e-05,0.5517689999999903,0.02439100000000004,0.1963880000000029,0.000874,0.0018730000000000003,0.0,0.0024490000000000002,0.53996399999999,0.9857030000000625,0.975735000000062,0.000196
46,1.0283865093722107,0.04064799999999997,0.0,0.08675699999999942,0.5580519999999922,6.7e-05,0.5664549999999937,0.026855000000000042,0.21386800000000417,0.001352,0.003145000000000001,0.0,0.0027710000000000005,0.5390499999999909,0.9890290000000572,0.9804150000000607,0.000268
47,1.0296966737852107,0.04600900000000002,0.000109,0.0972909999999997,0.574821999999994,0.0,0.5736159999999912,0.030449000000000084,0.2338900000000053,0.001376,0.004361000000000001,0.0,0.0029950000000000003,0.5403259999999894,0.9915260000000556,0.9835000000000574,0.000668
48,1.0306460541184992,0.044992000000000046,0.000183,0.11091999999999928,0.5797229999999901,0.0,0.5861959999999915,0.03614600000000004,0.2539620000000061,0.0014529999999999999,0.005626000000000003,0.0,0.003105,0.5463679999999876,0.9924700000000604,0.9842820000000619,0.000734
49,1.0317467841043606,0.047365000000000004,0.000199,0.12573199999999937,0.5848089999999941,9e-05,0.594248999999996,0.03942899999999998,0.27037500000000164,0.0016530000000000004,0.006988000000000008,0.0,0.003974000000000003,0.5422769999999877,0.9922720000000617,0.983947000000064,0.0006010000000000001
50,1.0328806738201555,0.04620899999999995,0.000391,0.14350900000000036,0.6013770000000012,0.0,0.6072619999999971,0.042261,0.2841349999999995,0.0022969999999999987,0.009455000000000003,0.0,0.004316000000000005,0.5420869999999903,0.993470000000052,0.9845690000000556,0.000456
51,1.034012711038718,0.04610899999999997,0.000334,0.15568000000000093,0.5998879999999985,9.1e-05,0.6171130000000028,0.04144899999999995,0.2995149999999981,0.003713000000000002,0.011264999999999999,0.0,0.0053450000000000025,0.5473729999999876,0.9935870000000698,0.985060000000072,0.00031200000000000005
52,1.0350880842582706,0.04568399999999991,0.000401,0.17547100000000185,0.6126810000000001,0.0002,0.6195639999999998,0.042346,0.31625099999999684,0.004348000000000001,0.013813999999999991,0.0,0.0070260000000000045,0.5509469999999915,0.9943680000000547,0.9860050000000558,0.0005350000000000001
53,1.0361728565706303,0.04825699999999991,0.000534,0.19188500000000272,0.6276230000000071,6.7e-05,0.6351710000000053,0.04592999999999998,0.3301459999999943,0.006540000000000006,0.016463999999999982,0.0,0.009100999999999998,0.5593879999999909,0.9953810000000627,0.9879140000000628,0.000667
54,1.0373302616514841,0.04854699999999996,0.000458,0.20636000000000357,0.6382580000000075,6.6e-05,0.6495110000000064,0.05128099999999991,0.33814499999999253,0.00784000000000001,0.019296,0.0,0.011213999999999993,0.5659269999999929,0.9966580000000613,0.9889300000000635,0.000436
55,1.0383841891973848,0.050677999999999924,0.001002,0.22484300000000418,0.6506230000000075,0.0,0.6562220000000105,0.05401299999999988,0.3476099999999936,0.008771999999999997,0.022212000000000034,0.0,0.014323999999999972,0.5701899999999966,0.9978950000000611,0.9906370000000624,0.0008190000000000001
56,1.0393883067084027,0.054248999999999936,0.0013329999999999998,0.2422400000000057,0.6554860000000133,8.4e-05,0.6643180000000104,0.05672099999999992,0.3617979999999921,0.009653000000000005,0.025413000000000054,0.0,0.01588199999999997,0.5752799999999972,0.9987610000000609,0.9923890000000607,0.00087
57,1.0404848613720432,0.054729999999999945,0.0010040000000000001,0.2636980000000022,0.66303000000001,0.000134,0.6750520000000075,0.062277999999999945,0.3754679999999905,0.012304999999999986,0.02774100000000005,0.0,0.01991400000000001,0.5737029999999957,0.9995500000000522,0.9935780000000536,0.000801
58,1.0418177224795144,0.055629999999999895,0.0013160000000000001,0.27538000000000123,0.6737050000000155,0.0002,0.6855410000000199,0.06667499999999972,0.3859949999999911,0.013990999999999976,0.03119000000000008,0.0,0.022535000000000017,0.5788449999999988,0.999807000000063,0.9939310000000636,0.001245
59,1.042736605710807,0.056701999999999954,0.001337,0.29433599999999843,0.6804260000000133,0.000736,0.6915350000000189,0.07298599999999962,0.40015599999998497,0.015044999999999975,0.03493300000000005,0.0,0.026432000000000073,0.5810919999999986,0.999829000000064,0.994535000000064,0.0016739999999999997
60,1.043833564620081,0.05716799999999993,0.0014400000000000003,0.3086769999999968,0.6903860000000129,0.001333,0.6971370000000187,0.07975799999999969,0.414619999999987,0.01654099999999999,0.03631800000000002,0.0,0.029408000000000087,0.5850019999999959,1.0003560000000582,0.995511000000062,0.001602
61,1.0449650802041897,0.06098899999999989,0.0018900000000000002,0.3293019999999954,0.7008910000000176,0.0015330000000000003,0.7074520000000165,0.08412199999999952,0.426747999999986,0.019764999999999994,0.04277699999999994,0.0,0.032624000000000035,0.5909180000000014,1.0002520000000568,0.9954530000000603,0.0020680000000000004
62,1.046338164319637,0.059778999999999964,0.0023250000000000007,0.34984799999999444,0.7059720000000159,0.0015999999999999996,0.7192700000000161,0.08895899999999961,0.440788999999985,0.02316100000000003,0.04818000000000005,0.0,0.038199000000000045,0.5934649999999997,1.0005580000000565,0.9955820000000584,0.002199
63,1.047127103295593,0.06088799999999987,0.0022280000000000012,0.3685899999999907,0.7104960000000199,0.001997,0.7278670000000228,0.09097499999999953,0.46047899999998365,0.02559800000000002,0.05231899999999995,0.0,0.04395599999999996,0.5926330000000027,1.0006710000000538,0.9962880000000562,0.0019509999999999998
64,1.0483197810663023,0.061514999999999945,0.0026699999999999988,0.39747099999998675,0.7240060000000211,0.002404,0.733388000000023,0.10013199999999951,0.47869999999997953,0.029243000000000054,0.06256599999999976,0.0,0.05021299999999987,0.5901400000000004,1.0007570000000559,0.9960830000000575,0.0022679999999999996
65,1.049286331904504,0.05974099999999985,0.003352999999999999,0.41985099999998693,0.7294960000000165,0.0019669999999999996,0.7417770000000183,0.10372299999999934,0.48258099999998183,0.033604000000000064,0.06913299999999968,0.0,0.053138999999999846,0.5859199999999977,1.0006160000000524,0.9960870000000543,0.00253
66,1.050131007401742,0.06222399999999991,0.004812000000000004,0.4427379999999842,0.7363720000000222,0.0016199999999999995,0.7483600000000281,0.10957799999999943,0.49623699999997994,0.037709000000000055,0.08133699999999977,0.0,0.061037999999999856,0.5858970000000004,1.0005370000000557,0.9963740000000569,0.0023159999999999995
67,1.0510950276665953,0.060407999999999934,0.007331000000000007,0.4572949999999829,0.7370290000000185,0.0017639999999999995,0.7537170000000233,0.12071599999999938,0.5154059999999833,0.04264500000000003,0.08791699999999959,0.0,0.06519899999999978,0.5929940000000009,1.0008190000000523,0.9966790000000574,0.0023180000000000006
68,1.0518560204666811,0.06238799999999985,0.008380000000000006,0.4732589999999798,0.7479910000000246,0.0022250000000000004,0.760949000000024,0.12965799999999936,0.535580999999987,0.050283999999999905,0.09747099999999959,0.0,0.07481799999999982,0.5898130000000013,1.0008750000000541,0.9966310000000584,0.0022880000000000005
69,1.0528458169819974,0.06451299999999995,0.009472999999999995,0.4885689999999801,0.761168000000024,0.002378,0.7696020000000287,0.1374150000000001,0.549541999999992,0.05500299999999997,0.10860899999999943,0.0,0.08241399999999956,0.5957250000000021,1.0008160000000523,0.9967790000000559,0.0028980000000000004
70,1.0537817969133492,0.06549599999999973,0.010741999999999991,0.49997499999998096,0.7650640000000168,0.0022710000000000004,0.7747810000000209,0.14597200000000066,0.5547659999999921,0.059654999999999805,0.11166899999999927,0.0,0.08725699999999961,0.5961120000000004,1.000852000000047,0.9972060000000506,0.002595
71,1.0548671921642194,0.06230599999999978,0.01131599999999999,0.5099189999999826,0.7656320000000193,0.0032050000000000013,0.7798890000000247,0.1474600000000007,0.5578079999999921,0.06109399999999983,0.11465399999999923,0.0,0.09288599999999951,0.604730000000001,1.0007870000000494,0.9971580000000534,0.003459000000000001
72,1.0553904062915846,0.06080999999999981,0.012545999999999995,0.5226859999999833,0.7693420000000276,0.0038070000000000014,0.7851950000000304,0.14879700000000065,0.5674369999999928,0.0655239999999999,0.12662399999999924,0.0,0.10024799999999945,0.606507000000002,1.000740000000054,0.9971400000000555,0.0028130000000000017
73,1.0563613654654294,0.06195199999999984,0.013290999999999987,0.5362169999999923,0.7769160000000247,0.004503000000000002,0.7875720000000279,0.15720100000000126,0.5833460000000003,0.07330099999999957,0.13872700000000004,0.0,0.10622499999999943,0.6089120000000027,1.0006760000000505,0.9970960000000525,0.002975000000000001
74,1.0568969406777735,0.06097599999999989,0.015649999999999987,0.5462529999999874,0.775213000000022,0.004819000000000001,0.7911830000000262,0.1641500000000014,0.5981829999999995,0.07833399999999967,0.14722000000000018,0.0,0.11074099999999959,0.6116780000000009,1.0007570000000487,0.9973770000000529,0.0030820000000000014
75,1.05774668581813,0.06337899999999995,0.018652000000000005,0.5561379999999899,0.7796070000000239,0.004593000000000001,0.7998790000000283,0.17277800000000168,0.6159650000000021,0.08375699999999969,0.1586240000000014,0.0,0.11536999999999947,0.606838,1.0007250000000538,0.9974470000000574,0.002945999999999999
76,1.0584839352582023,0.06228499999999995,0.021926000000000015,0.5660889999999982,0.7822170000000217,0.00513,0.8074490000000256,0.18290400000000295,0.6229100000000053,0.08824099999999976,0.17145300000000235,0.0,0.12068299999999947,0.6094740000000036,1.0007240000000415,0.9974810000000461,0.0032909999999999984
77,1.0589803642238826,0.0611599999999999,0.021697000000000025,0.5767779999999973,0.785881000000021,0.005453000000000002,0.8111270000000247,0.18981100000000245,0.6339870000000046,0.0957319999999998,0.18147100000000183,0.0,0.12715199999999946,0.6136290000000011,1.0007460000000474,0.9973800000000537,0.0038430000000000005
78,1.059995926393223,0.06170899999999991,0.023005000000000046,0.590855,0.786132000000026,0.006281000000000003,0.8192430000000326,0.19634800000000302,0.6489330000000112,0.10192999999999948,0.19404400000000277,0.0,0.13363999999999968,0.6101920000000016,1.0007340000000464,0.9973710000000522,0.0031499999999999996
79,1.0611629819082309,0.059614999999999835,0.027106000000000064,0.6061910000000015,0.7908880000000232,0.006811000000000003,0.830139000000029,0.2102690000000036,0.6688930000000133,0.11020399999999929,0.20372200000000404,0.0,0.14405800000000063,0.6187960000000027,1.0007600000000452,0.9976840000000488,0.0038979999999999996
80,1.0622283895421147,0.060543999999999834,0.031106000000000057,0.6115420000000059,0.7930660000000287,0.006336000000000003,0.8377140000000339,0.2203630000000037,0.6706430000000159,0.1159959999999995,0.2109310000000038,0.0,0.14974900000000083,0.6238350000000086,1.000651000000045,0.9973830000000471,0.0036
81,1.0630282475194877,0.06322299999999986,0.03315100000000006,0.620012000000005,0.7933270000000242,0.007698000000000002,0.8405500000000278,0.22651200000000388,0.6719320000000125,0.12110699999999938,0.2196650000000044,0.0,0.15700400000000161,0.6261230000000075,1.000645000000046,0.9974920000000492,0.00412
82,1.0635969676319592,0.06408999999999992,0.03479800000000003,0.6281460000000058,0.7999320000000284,0.007403000000000004,0.8454480000000321,0.22897100000000456,0.6831520000000126,0.12738899999999953,0.22773900000000402,0.0,0.16682200000000158,0.6192430000000017,1.000697000000043,0.9975470000000458,0.004991000000000002
83,1.0649147642749006,0.0630269999999998,0.03934099999999996,0.6407890000000109,0.7991840000000251,0.007844000000000002,0.8555810000000346,0.2370310000000042,0.6906610000000171,0.13477100000000009,0.23974700000000412,0.0,0.1771430000000022,0.6174140000000058,1.000722000000046,0.9974490000000492,0.005104000000000002
84,1.0661245074471652,0.0647669999999999,0.04225699999999995,0.653567000000014,0.801527000000024,0.009032000000000005,0.8581520000000346,0.24589300000000483,0.6973780000000148,0.13873200000000024,0.2450000000000047,0.0,0.18980800000000206,0.6154800000000058,1.0006250000000465,0.9972980000000494,0.004175999999999999
85,1.067103209745052,0.06209799999999989,0.04355399999999997,0.6676940000000137,0.7957880000000228,0.010268000000000001,0.8590010000000304,0.25228300000000375,0.7009490000000143,0.14343700000000062,0.25388000000000344,0.0,0.1977670000000027,0.6215150000000067,1.000646000000039,0.9971510000000419,0.004625000000000002
86,1.068118024897561,0.06241899999999997,0.048486000000000015,0.6825530000000151,0.8013250000000258,0.008788999999999993,0.8569810000000309,0.2615580000000018,0.7134900000000193,0.1534020000000014,0.2640930000000028,0.0,0.2099010000000034,0.6196070000000061,1.0005920000000414,0.9973040000000433,0.005449000000000001
87,1.0686798549787013,0.06132299999999991,0.05390099999999993,0.6938150000000195,0.8002980000000292,0.009605999999999996,0.8598620000000325,0.26510300000000114,0.7247160000000226,0.1684310000000015,0.26765000000000205,0.0,0.21997800000000364,0.6240580000000097,1.0005780000000477,0.9972050000000521,0.005718000000000005
88,1.0697239551970665,0.06540899999999994,0.05832499999999988,0.708786000000017,0.7960150000000237,0.011344999999999992,0.8635930000000296,0.2682889999999999,0.73559400000002,0.1813220000000022,0.2834689999999986,0.0,0.22849700000000298,0.6244020000000027,1.0005860000000386,0.997408000000043,0.005376000000000004
89,1.0707508901940967,0.06486999999999978,0.06233299999999988,0.7129700000000175,0.7941760000000274,0.012552999999999986,0.868897000000033,0.27317799999999937,0.743961000000021,0.18512500000000245,0.2940909999999962,0.0,0.231110000000004,0.6228140000000056,1.0006180000000422,0.9973970000000446,0.006006000000000004
90,1.0712498601089722,0.06666799999999984,0.065891,0.7228850000000149,0.8004560000000261,0.013035999999999985,0.8761100000000326,0.28336299999999903,0.7565730000000205,0.1912990000000024,0.30931199999999726,0.0,0.24338500000000374,0.6209360000000094,1.0006000000000452,0.9973640000000482,0.0067540000000000065
91,1.0726724799232445,0.06518699999999987,0.07288299999999978,0.7362360000000165,0.801664000000024,0.013212999999999989,0.8824160000000318,0.29115199999999786,0.764538000000019,0.19879400000000325,0.3272879999999946,0.0,0.25457900000000366,0.6187690000000063,1.000654000000041,0.9973750000000444,0.007098000000000002
92,1.0738170214593656,0.06720999999999987,0.07486599999999985,0.7482980000000257,0.7965850000000284,0.01619399999999999,0.8880460000000315,0.29428699999999697,0.7750570000000292,0.21198400000000378,0.33820299999999454,0.0,0.2623850000000017,0.6194820000000064,1.0005610000000404,0.9973070000000435,0.007700000000000006
93,1.0741853406977695,0.06669799999999995,0.0817049999999997,0.7583590000000177,0.7973320000000205,0.01649999999999999,0.8952170000000315,0.29964799999999664,0.7839530000000228,0.22162300000000337,0.34427499999999234,0.0,0.2710650000000001,0.6159850000000042,1.000541000000039,0.9972150000000418,0.009759999999999994
94,1.0746472403943113,0.06708999999999986,0.09009899999999982,0.7724830000000182,0.794052000000019,0.01772000000000001,0.8960250000000276,0.31364199999999487,0.7938340000000188,0.23047400000000393,0.35912999999999284,0.0,0.28721199999999913,0.6150090000000014,1.0005430000000393,0.9973030000000417,0.009168999999999998
95,1.0753769258705812,0.06403699999999993,0.09141499999999957,0.7715850000000277,0.7924250000000252,0.018940000000000012,0.8954560000000363,0.3200969999999938,0.7992780000000281,0.23641500000000393,0.36763799999998975,0.0,0.29277799999999793,0.6125040000000056,1.0005510000000484,0.9972000000000492,0.008844999999999993
96,1.07670824250486,0.06293399999999988,0.10114699999999963,0.776023000000027,0.7977020000000289,0.01986800000000002,0.9007280000000335,0.3306599999999958,0.8034560000000298,0.2419240000000033,0.37289299999999026,0.0,0.2959389999999982,0.6095070000000063,1.0005390000000396,0.9970330000000415,0.008495
97,1.0775792994730884,0.06564399999999984,0.10891999999999948,0.7886490000000229,0.7999960000000205,0.019395000000000027,0.902348000000031,0.3463529999999915,0.8078630000000244,0.2516750000000043,0.38073699999999056,0.0,0.3067469999999959,0.6103800000000046,1.0005490000000399,0.9973630000000434,0.009372999999999994
98,1.0779941675034286,0.06648399999999992,0.11394499999999969,0.7877910000000239,0.8010880000000249,0.019627000000000006,0.905129000000033,0.3506889999999932,0.8143430000000305,0.258893000000002,0.3905389999999894,0.0,0.3228479999999952,0.6084570000000036,1.0005460000000435,0.9972680000000441,0.009268000000000002
99,1.079034431875116,0.06864500000000004,0.11857099999999957,0.7894290000000221,0.8035610000000212,0.020087000000000025,0.9106600000000313,0.3591809999999919,0.8189270000000257,0.2677990000000012,0.3926179999999906,0.0,0.32472599999999513,0.6076080000000034,1.0005060000000388,0.9969600000000433,0.010971999999999989
100,1.079719618739398,0.06937699999999987,0.1233629999999997,0.7919150000000234,0.8034640000000242,0.02106100000000001,0.9102700000000316,0.35952099999999143,0.825780000000029,0.27510899999999866,0.39759499999999043,0.0,0.3358809999999933,0.6071800000000018,1.000515000000037,0.9970540000000407,0.01095299999999999
101,1.0807108013494406,0.06966399999999996,0.13065200000000007,0.8038690000000266,0.8066230000000241,0.021194000000000032,0.9128280000000332,0.3627239999999921,0.831229000000029,0.2930629999999982,0.4086659999999899,0.0,0.34405299999999234,0.6073330000000079,1.0005330000000412,0.9972760000000441,0.011661999999999995
102,1.0817331537675603,0.06770799999999974,0.13825000000000046,0.8090600000000181,0.8070980000000165,0.021476000000000012,0.917662000000028,0.3706289999999916,0.8396540000000219,0.303193999999997,0.4145179999999906,0.0,0.35316399999999437,0.6076499999999998,1.0005040000000351,0.9971880000000395,0.011063999999999989
103,1.0825022660399264,0.06557799999999989,0.14621300000000056,0.8176190000000232,0.8076950000000214,0.022394000000000008,0.9173390000000264,0.37321799999999267,0.8435430000000231,0.3062299999999961,0.42975899999999007,0.0,0.3618569999999936,0.6004850000000014,1.0004370000000316,0.9970570000000355,0.012740999999999994
104,1.0831355298655931,0.06543299999999988,0.1568760000000011,0.8259360000000222,0.807769000000017,0.022360000000000005,0.9158880000000272,0.38150199999999124,0.8471430000000256,0.3101929999999965,0.43958699999999007,0.0,0.37632499999999247,0.5986830000000036,1.0005450000000309,0.9970110000000346,0.013242999999999984
105,1.083544955095915,0.07009499999999995,0.15838000000000133,0.8252730000000259,0.8120740000000223,0.02121700000000002,0.9189090000000318,0.37907999999999065,0.8490900000000287,0.31592899999999624,0.4497699999999873,0.0,0.3791859999999919,0.5989050000000005,1.0004940000000386,0.9972550000000423,0.012517999999999979
106,1.084512560740857,0.06957699999999993,0.16464400000000098,0.8315740000000289,0.8142820000000242,0.021463000000000038,0.9211830000000342,0.38606899999999106,0.8534240000000308,0.32855599999999424,0.46102299999998714,0.0,0.38661199999999185,0.605894000000002,1.00052400000004,0.9972850000000433,0.012631999999999984
107,1.0850027604183552,0.06789999999999984,0.1728100000000015,0.836502000000028,0.8136760000000238,0.022165000000000018,0.9224460000000306,0.3838849999999895,0.8608490000000287,0.3452999999999922,0.4738639999999872,0.0,0.3900569999999907,0.6112090000000064,1.0004570000000361,0.9969540000000406,0.011007999999999997
108,1.0861615433665213,0.06934299999999996,0.1784090000000019,0.8450130000000254,0.8052360000000208,0.022363000000000008,0.9233440000000273,0.39499199999998863,0.8670600000000277,0.3557699999999911,0.4781439999999844,0.0,0.4025409999999891,0.609203000000003,1.0004510000000344,0.997045000000039,0.010658999999999993
109,1.087501866711072,0.07205600000000004,0.18658400000000142,0.8504140000000242,0.8030090000000196,0.022454000000000002,0.9283880000000299,0.39987399999999007,0.8724230000000267,0.365588999999992,0.4920489999999868,0.0,0.41588699999999007,0.6060930000000024,1.0004670000000346,0.9970630000000376,0.009902999999999992
110,1.0884545183463485,0.07301999999999984,0.19147100000000214,0.8532250000000314,0.8042600000000266,0.02494200000000003,0.9335180000000356,0.4004509999999897,0.8708240000000335,0.36963399999999247,0.49851099999998727,0.0,0.42516299999998997,0.6068250000000043,1.0005080000000426,0.997310000000045,0.010169999999999995
111,1.0892142596002008,0.07165799999999983,0.20080800000000226,0.8596380000000261,0.8050220000000228,0.023759000000000013,0.9325840000000312,0.40778299999998635,0.8761820000000279,0.381290999999992,0.5106649999999878,0.0,0.43384699999998866,0.598917999999999,1.0004560000000353,0.9970630000000398,0.011694999999999987
112,1.0904864618554528,0.07063099999999986,0.20925900000000192,0.867022000000022,0.8023830000000186,0.026964000000000057,0.938668000000027,0.41210199999999036,0.8827980000000251,0.3883839999999908,0.5250459999999914,0.0,0.44185299999998795,0.5991080000000009,1.0004970000000322,0.9971760000000364,0.012634999999999992
113,1.0918550223651156,0.0712389999999999,0.21374400000000202,0.8722630000000258,0.7973920000000202,0.02625600000000003,0.938285000000028,0.4166119999999903,0.8847770000000292,0.3988119999999908,0.5354219999999971,0.0,0.45151199999998753,0.6048150000000015,1.0005140000000317,0.9971250000000349,0.01193699999999998
114,1.0930713488600645,0.07069699999999975,0.22669500000000267,0.8754990000000209,0.7990370000000171,0.02607100000000002,0.9420230000000215,0.4283109999999899,0.8820330000000207,0.4051709999999915,0.5441229999999984,0.0,0.45460899999999016,0.6051240000000012,1.0004390000000278,0.9972760000000306,0.013419999999999991
115,1.0935741616805705,0.07049399999999985,0.24261100000000216,0.8788230000000288,0.8042460000000194,0.02449100000000003,0.944303000000033,0.44444899999998927,0.8894650000000275,0.41978699999999197,0.5589199999999974,0.0,0.46337999999998974,0.6053260000000011,1.0004700000000386,0.9972220000000406,0.013768999999999981
116,1.0950636096888213,0.06901699999999983,0.25839600000000157,0.880555000000022,0.8007470000000194,0.02529500000000003,0.9484230000000259,0.45856899999998785,0.8982320000000231,0.42890699999999043,0.567012,0.0,0.4725419999999896,0.6034500000000044,1.00049600000003,0.9971530000000348,0.014084999999999993
117,1.096106110245278,0.06643099999999988,0.2649830000000006,0.8826360000000308,0.8015800000000214,0.025818000000000025,0.9480740000000344,0.46062099999998635,0.9018360000000331,0.43587199999999043,0.5687859999999958,0.0,0.48021999999998816,0.6042080000000054,1.0004600000000377,0.9973080000000418,0.015982999999999976
118,1.0979596256777426,0.06510399999999993,0.2768759999999985,0.8785580000000237,0.8083770000000191,0.025962000000000048,0.9510690000000265,0.4739269999999875,0.9067070000000262,0.44389799999999113,0.5737710000000006,0.0,0.4881439999999888,0.5992250000000046,1.00039200000003,0.9970970000000317,0.016438999999999992
119,1.0996801284112114,0.06598199999999983,0.2888709999999975,0.8798130000000225,0.8139970000000191,0.02402599999999999,0.952230000000026,0.4805649999999863,0.9107190000000236,0.45659299999998926,0.5841379999999995,0.0,0.4992299999999874,0.5957500000000008,1.0004520000000303,0.9969500000000326,0.017592999999999987
120,1.1006544450050166,0.06713699999999993,0.29193299999999794,0.8842920000000228,0.8108310000000164,0.024877000000000017,0.9527630000000257,0.48023299999998903,0.9142620000000232,0.458371999999992,0.5877490000000009,0.0,0.5039109999999899,0.5932270000000001,1.0004800000000293,0.9975470000000313,0.018599999999999995
121,1.1016054104455324,0.06574099999999998,0.3024929999999987,0.8879750000000192,0.8109430000000142,0.02407400000000004,0.9553160000000243,0.48613999999998686,0.916743000000021,0.4645809999999896,0.595977999999997,0.0,0.5091049999999899,0.5904800000000026,1.0005120000000294,0.997121000000032,0.02181200000000001
122,1.102859037402651,0.06714799999999992,0.308564999999997,0.8954470000000236,0.8148360000000155,0.021859000000000003,0.9578400000000251,0.4889239999999879,0.9184190000000244,0.47028299999999007,0.6053390000000015,0.0,0.5206019999999935,0.5922690000000005,1.0004470000000292,0.9968440000000323,0.021103000000000004
123,1.1037391189145302,0.06474699999999992,0.3191509999999974,0.8950370000000197,0.8212610000000153,0.01992400000000002,0.9595370000000235,0.49539999999998774,0.9199880000000215,0.4761779999999909,0.6094700000000012,0.0,0.5240039999999908,0.5873200000000024,1.0003610000000258,0.9972070000000304,0.021594000000000016
124,1.104879281424397,0.06315099999999987,0.3327559999999972,0.8992040000000229,0.8242220000000176,0.021876000000000013,0.9606310000000242,0.5043789999999878,0.9202430000000233,0.48343799999999065,0.6135500000000015,0.0,0.5339779999999931,0.5912079999999998,1.000346000000029,0.9973040000000317,0.022328000000000018
125,1.1052582550179566,0.06401499999999997,0.339182999999996,0.9069670000000196,0.824771000000016,0.021493000000000026,0.9617160000000218,0.5039809999999898,0.9226470000000199,0.48793099999999,0.6235940000000035,0.0,0.5429199999999972,0.5854860000000004,1.0003650000000246,0.9970930000000271,0.02554900000000004
126,1.1062098823755537,0.06280199999999994,0.3434299999999959,0.9066890000000208,0.8223630000000172,0.02115600000000001,0.9612720000000268,0.5031569999999875,0.924551000000024,0.48633999999998995,0.6266940000000065,0.0,0.5434459999999983,0.587199000000003,1.000361000000029,0.9970070000000311,0.02589800000000002
127,1.1073481723445497,0.059502999999999966,0.35337399999999636,0.9146600000000283,0.826311000000021,0.02160700000000001,0.9642340000000292,0.5081079999999901,0.9288990000000295,0.5003609999999891,0.6377800000000057,0.0,0.5546469999999992,0.5859410000000007,1.000404000000032,0.9970610000000347,0.026704000000000033
128,1.1085385716298548,0.06208099999999994,0.3548379999999949,0.9203920000000264,0.8298780000000208,0.02196900000000002,0.9650140000000261,0.5162179999999916,0.930462000000027,0.5075639999999912,0.6503900000000121,0.0,0.5640840000000021,0.589840000000002,1.0003860000000295,0.9970540000000319,0.02951600000000004
129,1.1092912693200236,0.06387999999999992,0.3599499999999948,0.9222080000000241,0.8310780000000163,0.020212000000000032,0.9654890000000248,0.5161789999999886,0.9343770000000252,0.5139549999999924,0.6666740000000074,0.0,0.5747250000000008,0.5895810000000039,1.0003770000000274,0.9969690000000316,0.032330000000000074
130,1.1101775930442404,0.06340299999999996,0.3679359999999955,0.9259300000000192,0.8336510000000158,0.019626,0.96501500000002,0.5226629999999934,0.9381360000000191,0.5299859999999943,0.6777010000000064,0.0,0.588779999999999,0.5839950000000004,1.000451000000023,0.9970960000000259,0.03152900000000003
131,1.111256685664704,0.06316499999999994,0.38076399999999494,0.9291190000000215,0.8369410000000154,0.019225999999999997,0.9629860000000214,0.5328779999999956,0.9390170000000231,0.5428899999999991,0.6805910000000099,0.0,0.5968530000000043,0.5828530000000004,1.0003490000000248,0.9973220000000275,0.03168200000000005
132,1.113519204276744,0.06377999999999988,0.3928589999999949,0.9335880000000225,0.8411190000000164,0.018264,0.9662520000000235,0.5418639999999947,0.9394130000000233,0.5468469999999986,0.6827480000000078,0.0,0.6089970000000029,0.5828089999999995,1.000430000000025,0.9969270000000274,0.03229000000000003
133,1.11476077818954,0.06389699999999993,0.4027359999999945,0.9358260000000235,0.8492940000000155,0.018094999999999997,0.9683980000000232,0.5481549999999956,0.9410520000000233,0.5549709999999933,0.6892680000000054,0.0,0.6120039999999971,0.5798989999999992,1.0003680000000277,0.9970100000000317,0.031231000000000064
134,1.1156637344199027,0.06535899999999993,0.411940999999994,0.9392750000000242,0.8569230000000156,0.01852100000000001,0.9670520000000237,0.552690999999999,0.9396060000000229,0.5654280000000017,0.6982680000000097,0.0,0.6216790000000039,0.5785490000000022,1.0003430000000264,0.9969900000000285,0.031416000000000055
135,1.1176395748935886,0.06525199999999996,0.4154629999999936,0.9388600000000242,0.8581490000000155,0.018858000000000003,0.9661480000000244,0.5533170000000002,0.9405190000000229,0.5706250000000007,0.699939000000011,0.0,0.6220870000000076,0.5845260000000003,1.0003150000000265,0.996872000000028,0.030918000000000057
136,1.1186622151046455,0.06355999999999994,0.42731999999999326,0.941287000000021,0.8589520000000154,0.017981000000000014,0.9674640000000202,0.5653500000000016,0.9441050000000217,0.580604000000003,0.7114620000000089,0.0,0.6265020000000031,0.578592000000002,1.0003480000000229,0.9969840000000244,0.03166900000000003
137,1.1195828741077012,0.061765999999999995,0.4384059999999936,0.9420330000000224,0.8622890000000193,0.01808100000000001,0.9656170000000225,0.572892000000003,0.947373000000023,0.5846940000000062,0.7164310000000131,0.0,0.629065000000008,0.579468000000003,1.0003470000000247,0.9969000000000269,0.03191200000000003
138,1.120965558957251,0.059539999999999954,0.4483029999999922,0.9422530000000268,0.8632790000000256,0.020811000000000007,0.9670990000000276,0.5793990000000014,0.9504270000000288,0.591410000000005,0.7188290000000164,0.0,0.6373300000000075,0.5833470000000047,1.0003250000000317,0.9970870000000331,0.03298200000000005
139,1.1215966625669789,0.06427799999999989,0.45353599999999333,0.9419700000000235,0.8615720000000179,0.020142999999999998,0.9686540000000226,0.5859470000000023,0.9501170000000216,0.5982729999999999,0.7196930000000088,0.0,0.6470130000000025,0.590597000000003,1.000335000000024,0.9969620000000264,0.036163000000000035
140,1.1236626436194528,0.06446799999999996,0.460657999999993,0.9452490000000189,0.8618250000000158,0.021051000000000018,0.9696090000000199,0.596007000000003,0.9508770000000211,0.6110040000000003,0.731364000000009,0.0,0.6525580000000037,0.5945540000000035,1.0003200000000216,0.997157000000025,0.03739300000000001
141,1.1247278758056276,0.06568299999999998,0.4687359999999926,0.9429290000000251,0.8628660000000163,0.02156800000000001,0.9702240000000253,0.6017330000000031,0.9475970000000253,0.6162670000000053,0.7270190000000123,0.0,0.6484330000000056,0.5969270000000008,1.0003270000000273,0.9971800000000304,0.038404
142,1.1265341887742018,0.06592499999999996,0.4818369999999948,0.9433650000000193,0.8660360000000138,0.020285000000000008,0.9710260000000185,0.612606000000001,0.9478130000000203,0.6251789999999989,0.7346750000000082,0.0,0.6509020000000039,0.5990950000000017,1.0003180000000207,0.9969790000000243,0.04192699999999999
143,1.1272608033259832,0.06570199999999998,0.4869669999999934,0.9460120000000201,0.8660940000000138,0.017945000000000003,0.9728860000000191,0.6156290000000029,0.9482650000000207,0.6318020000000028,0.7413270000000085,0.0,0.6569500000000058,0.5914059999999991,1.0003290000000213,0.9969820000000243,0.04283399999999998
144,1.1284658451247611,0.0687339999999999,0.4853669999999917,0.9498750000000267,0.8688250000000206,0.016971999999999987,0.9738600000000266,0.6111750000000021,0.9513180000000272,0.6387400000000074,0.7489520000000145,0.0,0.6663920000000083,0.5883080000000012,1.0003040000000278,0.9970810000000294,0.04027400000000001
145,1.1296924874984418,0.07311299999999996,0.4969499999999932,0.9513770000000233,0.8702320000000183,0.016368999999999988,0.9743000000000239,0.6196290000000063,0.9537170000000246,0.6490530000000106,0.7595670000000131,0.0,0.6715080000000101,0.586380000000008,1.0003040000000254,0.9969760000000275,0.04032999999999997
146,1.1309577430844673,0.07194099999999999,0.504047999999994,0.9548440000000183,0.8768190000000117,0.01583599999999999,0.9744650000000187,0.6254570000000044,0.9548490000000178,0.6554690000000074,0.7597730000000084,0.0,0.6766780000000061,0.5867970000000011,1.0003040000000198,0.9972610000000222,0.03884000000000001
147,1.1322583444890362,0.07328599999999988,0.5059489999999932,0.9553110000000202,0.8797680000000127,0.015463999999999983,0.9747130000000175,0.6253590000000065,0.9540450000000199,0.6579630000000091,0.7667760000000088,0.0,0.6779910000000094,0.5884110000000017,1.000248000000021,0.9970560000000235,0.03994399999999996
148,1.1336781964530462,0.07157099999999994,0.5081689999999954,0.9575570000000189,0.8772190000000145,0.017874,0.977459000000017,0.6241150000000044,0.9563940000000192,0.6652050000000083,0.7693340000000108,0.0,0.6742600000000062,0.5868760000000021,1.0003310000000194,0.9969330000000228,0.044343999999999995
149,1.1355034183493558,0.06878399999999998,0.5114099999999929,0.9616650000000213,0.8756700000000176,0.01730499999999999,0.9782510000000211,0.6252870000000044,0.9577620000000223,0.6708070000000089,0.7769160000000099,0.0,0.6826530000000088,0.585977000000002,1.0002960000000238,0.9968250000000252,0.04473599999999993
150,1.137426961140066,0.07081299999999985,0.5232069999999992,0.9628200000000209,0.8747360000000158,0.018282000000000003,0.9764040000000199,0.6386630000000073,0.9593820000000203,0.6790570000000099,0.7836710000000129,0.0,0.6889370000000098,0.5844060000000033,1.0002670000000224,0.9968770000000249,0.04093899999999997
151,1.1394879787936767,0.07115799999999987,0.5349379999999986,0.9640780000000229,0.8765770000000157,0.017949000000000014,0.9766070000000208,0.6513710000000079,0.9590700000000234,0.6801480000000091,0.7860680000000129,0.0,0.6960100000000089,0.5826050000000026,1.0003100000000238,0.996699000000026,0.04212500000000005
152,1.1415401966435081,0.07192599999999993,0.5433549999999996,0.9651820000000183,0.878719000000014,0.017225999999999995,0.977054000000017,0.6572480000000086,0.9596600000000187,0.6866560000000085,0.7930360000000108,0.0,0.6980680000000076,0.5826340000000005,1.0002890000000189,0.9968590000000219,0.04348499999999995
153,1.1428484017088827,0.07132299999999983,0.5517039999999993,0.9648000000000199,0.8820600000000152,0.017025999999999993,0.9773360000000193,0.6600310000000078,0.9599920000000204,0.6850900000000089,0.7942330000000111,0.0,0.7009940000000067,0.5823540000000026,1.0002870000000206,0.9968830000000218,0.04498000000000003
154,1.144244962455794,0.07258199999999991,0.5559280000000018,0.9672090000000206,0.8834630000000178,0.016694999999999998,0.9784340000000193,0.6671190000000101,0.9628790000000218,0.698500000000013,0.8017140000000154,0.0,0.708491000000009,0.5893360000000051,1.0002680000000217,0.996867000000024,0.04129099999999998
155,1.1470392086541346,0.07602299999999984,0.5575139999999992,0.9660530000000176,0.8836800000000121,0.017221000000000004,0.9782440000000155,0.6686140000000083,0.9641630000000174,0.7022500000000069,0.8033430000000109,0.0,0.707135000000007,0.5863980000000006,1.0002230000000185,0.9967790000000213,0.042561999999999954
156,1.1494158738944862,0.071432,0.5626260000000002,0.970027000000016,0.8826580000000127,0.01756300000000001,0.9782470000000153,0.6732310000000084,0.9678240000000156,0.713431000000007,0.8090350000000107,0.0,0.7155950000000062,0.5975330000000029,1.000251000000017,0.9969460000000191,0.045075999999999956
157,1.1508032188542965,0.06837999999999989,0.5691719999999977,0.9724700000000209,0.8869660000000157,0.018460999999999998,0.9792660000000211,0.6821110000000081,0.9713610000000216,0.7194930000000089,0.8150370000000112,0.0,0.7303080000000095,0.5846779999999949,1.0002660000000227,0.9970340000000246,0.04625499999999994
158,1.152287755006643,0.065964,0.5741490000000016,0.9742390000000167,0.8847530000000129,0.018738000000000022,0.9820480000000161,0.6830870000000103,0.971552000000016,0.7193590000000093,0.8181410000000106,0.0,0.7380360000000078,0.5865330000000029,1.0002390000000165,0.9970320000000181,0.04823599999999995
159,1.1539827702942742,0.06679699999999986,0.579643000000003,0.9755270000000169,0.8847700000000162,0.01891499999999999,0.985049000000017,0.6854330000000112,0.9709000000000171,0.7220270000000114,0.816803000000013,0.0,0.7391400000000102,0.5857820000000064,1.0002040000000176,0.9970320000000195,0.049976000000000007
160,1.1560391675909572,0.068759,0.5902470000000036,0.9759510000000177,0.8851910000000137,0.018481000000000018,0.9847880000000182,0.6940770000000093,0.9701550000000175,0.7307750000000088,0.8221660000000096,0.0,0.748066000000009,0.5834920000000016,1.0002170000000192,0.9969580000000217,0.050279999999999984
161,1.1571246883693462,0.07072199999999984,0.6010650000000037,0.9769530000000182,0.8811090000000152,0.019468000000000006,0.9851560000000182,0.6987300000000097,0.9717400000000183,0.7363770000000117,0.821240000000014,0.0,0.744738000000009,0.5778180000000035,1.0002130000000191,0.9969890000000207,0.05340399999999998
162,1.157553981628753,0.0719669999999999,0.6146490000000057,0.9776330000000163,0.8899660000000134,0.018115000000000003,0.9849690000000159,0.7094420000000108,0.9711260000000157,0.7418610000000097,0.8246950000000121,0.0,0.7474590000000081,0.5740530000000009,1.0002350000000164,0.9969120000000176,0.05471599999999997
163,1.1594442672807705,0.070578,0.6216480000000063,0.9779010000000159,0.8937160000000139,0.018594000000000003,0.9857600000000157,0.7144420000000127,0.9714660000000166,0.7424430000000102,0.8267790000000111,0.0,0.7531740000000093,0.5734750000000048,1.000236000000017,0.9970770000000189,0.05718299999999994
164,1.1607242937518678,0.06897799999999989,0.6263040000000033,0.978428000000015,0.8959130000000136,0.018865000000000003,0.9854350000000142,0.7174840000000082,0.9716510000000146,0.7399050000000096,0.829812000000012,0.0,0.7546040000000085,0.5713159999999983,1.0002370000000156,0.997036000000018,0.05819900000000002
165,1.1633556557258187,0.069609,0.628374000000007,0.9784350000000193,0.8948910000000171,0.01893600000000002,0.9859480000000195,0.7222420000000123,0.9719090000000189,0.7411100000000093,0.8318690000000127,0.0,0.7625680000000092,0.5696449999999998,1.00020000000002,0.9969530000000209,0.05709599999999993
166,1.164658614060253,0.06911399999999995,0.6319940000000054,0.9784810000000175,0.9018020000000126,0.017257,0.986501000000017,0.721937000000012,0.9723210000000165,0.7492500000000097,0.8384750000000107,0.0,0.7695590000000094,0.5677880000000008,1.0002100000000183,0.9969150000000204,0.05758099999999998
167,1.1665313851116819,0.06971499999999999,0.6392310000000062,0.9792700000000161,0.903238000000014,0.01592399999999999,0.9885040000000166,0.7265970000000098,0.9724270000000161,0.7614040000000089,0.8421560000000106,0.0,0.774634000000006,0.5659860000000023,1.0001860000000167,0.9967600000000187,0.061073999999999996
168,1.167750410409142,0.06593,0.6415930000000023,0.9793350000000137,0.9047420000000125,0.016091999999999995,0.9884820000000135,0.7307030000000052,0.9744270000000139,0.7649730000000066,0.8431730000000095,0.0,0.7826460000000063,0.5587569999999975,1.0001700000000144,0.996875000000017,0.06049999999999999
169,1.1696386628227895,0.06633699999999991,0.647048000000005,0.9814590000000147,0.9052090000000131,0.015872999999999995,0.9876300000000149,0.7341160000000082,0.9765430000000147,0.7736120000000082,0.8479830000000085,0.0,0.7857460000000059,0.5584820000000007,1.000154000000016,0.9968760000000179,0.06455
170,1.1722797069234603,0.06567999999999997,0.655876000000006,0.9816680000000141,0.9051060000000103,0.016705999999999988,0.9893220000000132,0.7387750000000097,0.9764400000000134,0.7790600000000076,0.8508490000000086,0.0,0.7894870000000069,0.5551520000000008,1.0001740000000139,0.9969960000000158,0.06555399999999999
171,1.1754929256001538,0.06638599999999989,0.6633480000000057,0.9813150000000135,0.910379000000011,0.015853999999999997,0.9884750000000135,0.7443940000000095,0.9796610000000138,0.7883650000000085,0.8590560000000091,0.0,0.7986850000000082,0.5520500000000039,1.0001970000000142,0.9970130000000159,0.0675959999999999
172,1.177239708087611,0.06671399999999995,0.6687320000000065,0.9805170000000165,0.910726000000014,0.015219000000000002,0.9886590000000166,0.7453530000000109,0.9791800000000165,0.7895920000000097,0.861141000000012,0.0,0.8054150000000093,0.5484960000000006,1.0001790000000177,0.9967820000000189,0.06696899999999996
173,1.1780979158348264,0.06342899999999997,0.6692930000000038,0.9795570000000143,0.9123750000000108,0.015320999999999993,0.9897860000000142,0.7460590000000077,0.9802680000000145,0.7911340000000098,0.8635120000000104,0.0,0.8087330000000094,0.5501669999999987,1.0001860000000145,0.9970120000000156,0.06665299999999993
174,1.1795670039358879,0.06166399999999999,0.6725740000000031,0.9806720000000138,0.9154420000000126,0.014345999999999989,0.9904630000000145,0.749770000000005,0.980812000000014,0.7869620000000056,0.8658070000000099,0.0,0.8127720000000056,0.5416609999999987,1.0002170000000146,0.9970040000000162,0.0651639999999999
175,1.1829889278143213,0.059316999999999995,0.675952000000004,0.982283000000012,0.9170150000000091,0.014649999999999995,0.990001000000012,0.7523450000000064,0.9825480000000119,0.7898210000000057,0.8703610000000072,0.0,0.8168890000000063,0.5347649999999974,1.0001970000000127,0.9969930000000147,0.06985199999999997
176,1.184678236003255,0.057914999999999967,0.6791070000000026,0.9812930000000093,0.9172020000000061,0.01547499999999999,0.9901530000000098,0.7559090000000058,0.9824830000000101,0.7913240000000074,0.8690240000000059,0.0,0.8175890000000058,0.5388319999999956,1.0001830000000107,0.9968870000000122,0.07265299999999997
177,1.1857373383462533,0.05986599999999993,0.6873090000000048,0.9835900000000113,0.9215900000000072,0.016337999999999984,0.9914810000000112,0.7627780000000064,0.9830850000000112,0.8038390000000041,0.8735440000000061,0.0,0.8276630000000046,0.5366839999999965,1.0001770000000116,0.9969260000000134,0.07625499999999998
178,1.1887716401950936,0.061035999999999965,0.6877690000000051,0.9839290000000157,0.9245600000000123,0.016686000000000006,0.9921830000000154,0.7632570000000087,0.9833190000000147,0.8066390000000087,0.8732050000000089,0.0,0.8286910000000075,0.5404609999999997,1.0001700000000158,0.9969280000000165,0.080042
179,1.1898581774742494,0.062955,0.696978000000004,0.9857880000000129,0.9255970000000094,0.016076000000000003,0.9925560000000124,0.7723410000000089,0.9834280000000123,0.8085570000000079,0.8781620000000084,0.0,0.8367150000000088,0.5290379999999973,1.0001420000000127,0.9968850000000141,0.08300499999999997
180,1.1913478799124613,0.06399399999999995,0.7031410000000011,0.98529300000001,0.9275840000000063,0.017287,0.9928840000000108,0.7761950000000042,0.9826430000000104,0.8101980000000045,0.8793640000000063,0.0,0.8337490000000051,0.5285329999999991,1.000162000000011,0.997048000000014,0.08408600000000001
181,1.1935888052745882,0.061431999999999994,0.6992580000000027,0.9864220000000082,0.9319590000000063,0.016326,0.9939920000000079,0.7707180000000059,0.9842320000000081,0.8100240000000047,0.8848110000000053,0.0,0.8387990000000046,0.531103,1.000136000000008,0.9966640000000099,0.08494799999999991
182,1.1957336843576758,0.06190799999999999,0.7019320000000038,0.9857480000000091,0.9332180000000074,0.015851000000000004,0.9945410000000094,0.7724600000000049,0.9854620000000092,0.8166650000000049,0.887501000000006,0.0,0.8466360000000045,0.5257729999999978,1.0001470000000097,0.9968760000000113,0.08536799999999994
183,1.1980856925148182,0.06267600000000001,0.7093160000000039,0.9846140000000114,0.9355640000000086,0.016076999999999998,0.9954610000000117,0.7754630000000067,0.9864650000000117,0.816909000000005,0.8927800000000065,0.0,0.8466220000000064,0.5225169999999971,1.000140000000012,0.9968640000000136,0.08567499999999992
184,1.1999259521385348,0.061315999999999996,0.7136980000000043,0.9849030000000134,0.9371090000000083,0.016869999999999996,0.9953760000000138,0.7748940000000055,0.9875330000000134,0.8184060000000049,0.893046000000006,0.0,0.8478240000000051,0.5152229999999981,1.0001600000000137,0.9969630000000153,0.08679899999999993
185,1.2022010117438042,0.06253599999999997,0.7182420000000068,0.9850610000000137,0.9376290000000123,0.016234999999999986,0.995641000000014,0.7758140000000093,0.9868600000000136,0.8235470000000088,0.8942640000000082,0.0,0.8509640000000078,0.5120019999999968,1.0001060000000142,0.9968300000000152,0.0912719999999999
186,1.2037518510489709,0.06211999999999999,0.7190680000000055,0.9855610000000108,0.9412600000000098,0.015842999999999993,0.9958490000000105,0.7781840000000078,0.9876380000000109,0.8293070000000062,0.895129000000008,0.0,0.8555380000000073,0.5123439999999949,1.0001170000000112,0.9969080000000122,0.08872899999999995
187,1.2034653581084342,0.0630469999999999,0.7255670000000043,0.9872890000000096,0.9394670000000094,0.017580999999999996,0.9961140000000096,0.785532000000007,0.9888540000000093,0.832968000000005,0.8993200000000056,0.0,0.8581510000000065,0.5092809999999959,1.0001010000000097,0.9966710000000114,0.09065899999999993
188,1.2055810502079982,0.06329499999999993,0.7270710000000028,0.9874810000000107,0.9400300000000086,0.017549,0.9969050000000111,0.7850240000000063,0.9895290000000109,0.8335080000000058,0.9021670000000068,0.0,0.8647880000000061,0.5058819999999955,1.0001250000000113,0.9967200000000124,0.09202800000000001
189,1.2065877103849343,0.062000999999999994,0.7382060000000027,0.9861350000000094,0.9426290000000065,0.017067000000000006,0.9976040000000096,0.7942020000000047,0.990449000000009,0.8364390000000048,0.9043680000000047,0.0,0.8660970000000043,0.5011369999999945,1.0001400000000096,0.9966190000000111,0.09757499999999997
190,1.209087760120863,0.06520899999999995,0.7453490000000051,0.9867710000000133,0.9432480000000109,0.016727,0.9972280000000131,0.7991850000000082,0.9900150000000126,0.8424000000000068,0.9069240000000074,0.0,0.8707790000000062,0.4954879999999954,1.0001190000000133,0.9968000000000143,0.09504099999999992
191,1.2104213839202917,0.06528200000000003,0.7477660000000037,0.98776700000001,0.9422360000000075,0.018397999999999998,0.9971700000000108,0.8007960000000061,0.9898880000000103,0.8406780000000048,0.9066960000000046,0.0,0.8765770000000049,0.4996309999999924,1.0001110000000106,0.9967150000000127,0.0984930000000001
192,1.2123810561408712,0.06511900000000001,0.755019000000005,0.9880580000000113,0.9416360000000086,0.017550000000000007,0.9982550000000117,0.8043360000000073,0.9895510000000115,0.844980000000006,0.9063340000000061,0.0,0.8768460000000066,0.500588999999994,1.000090000000012,0.9966600000000124,0.10072499999999991
193,1.2135134200473194,0.06452799999999997,0.7563310000000025,0.9874840000000082,0.9458270000000064,0.017497000000000002,0.9985060000000087,0.8058640000000047,0.9902020000000085,0.8489970000000048,0.9078280000000062,0.0,0.879753000000006,0.49863699999999433,1.0001070000000087,0.9968820000000103,0.103412
194,1.2150011875003066,0.06470499999999998,0.7537430000000036,0.9877070000000093,0.944571000000007,0.017151000000000003,0.9985910000000098,0.8035080000000058,0.9906390000000095,0.8527730000000056,0.9087600000000059,0.0,0.8811010000000056,0.4927379999999945,1.0001140000000097,0.9968920000000107,0.10505299999999992
195,1.2180642054940054,0.06592600000000001,0.755686000000003,0.9890730000000095,0.9430970000000072,0.017225,0.9987000000000098,0.8035650000000052,0.9897700000000096,0.8569140000000051,0.9113640000000058,0.0,0.883867000000005,0.495369999999993,1.0001020000000098,0.9968380000000094,0.10677699999999997
196,1.2205843803351826,0.07007999999999999,0.7600120000000021,0.9901450000000069,0.944802000000005,0.016640999999999993,0.9990030000000076,0.8079260000000037,0.9905320000000069,0.8582300000000044,0.9113360000000037,0.0,0.8835890000000048,0.492207999999995,1.0001230000000074,0.9967510000000093,0.10850899999999994
197,1.222454315605866,0.06753400000000004,0.7623220000000032,0.9908100000000092,0.9405160000000072,0.01945000000000001,0.9986970000000093,0.8093710000000058,0.990390000000009,0.8612510000000041,0.9088350000000066,0.0,0.8804390000000053,0.4918279999999948,1.0000980000000093,0.9969690000000105,0.10865499999999989
198,1.2250520310265376,0.06827199999999997,0.7721950000000042,0.9908050000000128,0.941869000000009,0.019485000000000027,0.9988770000000127,0.8218640000000068,0.9914640000000126,0.866533000000008,0.9111980000000074,0.0,0.882905000000007,0.4893569999999935,1.0000990000000125,0.9967520000000128,0.10730599999999996
199,1.2278194235646416,0.07140999999999995,0.7726580000000036,0.9892630000000104,0.9414350000000081,0.01846800000000001,0.999041000000011,0.8192060000000059,0.9913830000000109,0.8685970000000048,0.9106840000000067,0.0,0.885821000000006,0.4831439999999929,1.0001090000000108,0.9965930000000116,0.10678999999999997
200,1.2311013848838417,0.071364,0.7754600000000046,0.9908420000000118,0.9431600000000095,0.018532000000000007,0.9989000000000123,0.8213740000000075,0.991821000000012,0.8718550000000057,0.9125010000000072,0.0,0.8853680000000067,0.4825769999999933,1.0000990000000125,0.9966370000000142,0.10294299999999998
