"X" "PopRatio" "Diff_KC" "Fibroblast" "M1" "M2" "Neutrophil" "Prol_KC" "Th0" "Th1" "Th17" "Th2" "Th22" "Treg" "iDC" "pDC" "preDiff_KC" "ILC3"
"1" 0 1 0.00046 0 0 0 0 0 0 0 0 0 0 0.16419 0 0 0 0
"2" 1 0.999999999999999 0.001499 0 0 0 0 0 0 0 0 0 0 0.123873 0 0 0 0
"3" 2 1.000002 0.002687 0 0 0 0 0 0 0 0 0 0 0.122259 0.000717 0.00072 0 0
"4" 3 1.000000999998 0.003379 0 9.9e-05 0 0 0 0 0 0 0 0 0.125929 0.005158 0.005155 0 0
"5" 4 1.000010000007 0.004462 0 0.000336 0 0.000136 0 0 0 0 0 0 0.139714 0.013356 0.013304 0 0
"6" 5 1.000019000097 0.005305 0 0.000819 0 0.000666 0 0 0 0 0 0 0.156963 0.025315 0.025298 0 0
"7" 6 1.000029000287 0.005774 0 0.001627 0 0.001634 0 0 0 0 0 0 0.17082 0.0468039999999999 0.0468059999999999 0 0
"8" 7 1.00004900086701 0.006958 0 0.003662 0 0.003622 0 0 0 0 0 0 0.188054 0.068994 0.069011 0 0
"9" 8 1.00006900184703 0.008447 0 0.005781 0 0.005775 0 0 0 0 0 0 0.207556 0.0949839999999998 0.0949979999999998 0 0
"10" 9 1.0001090046071 0.007873 0 0.008656 0 0.008883 0 0 0 0 0 0 0.228282 0.13087 0.130909 0 0
"11" 10 1.00013600755023 0.008694 0 0.01129 0 0.015846 0 0 0 0 0 0 0.246042 0.165975 0.165974 0 0
"12" 11 1.00020601707076 0.009373 0 0.016807 0 0.020319 0 0 0 0 0 0 0.259023 0.206700000000001 0.206661000000001 0 0
"13" 12 1.00027003025585 0.009861 0 0.023704 0 0.0279800000000001 0 0 0 0 0 0 0.276512 0.251897000000001 0.251918000000001 0 0
"14" 13 1.00036805671883 0.012339 0 0.0281390000000001 0 0.0352320000000001 0 6.7e-05 0 0 0 0 0.293687999999999 0.296264 0.296165 0 0
"15" 14 1.00048009794119 0.013599 0 0.037209 0 0.043607 0 0.00013 0 0 0 0 0.308179999999998 0.343395999999996 0.343445999999996 0 0
"16" 15 1.00061816419471 0.014421 0 0.0471479999999999 0 0.052973 0 0.000334 0 0 0 0 0.326877999999998 0.387192999999995 0.386838999999995 0 0
"17" 16 1.00079827546428 0.014788 0 0.0581479999999999 0 0.0646799999999999 0 0.000693 0 0 0 0 0.340246999999998 0.435942999999995 0.435573999999995 0 0
"18" 17 1.00098742633835 0.016616 0 0.0707929999999998 0 0.0741139999999999 0 0.001065 0 0 0 0 0.355305999999997 0.480163999999995 0.479202999999995 0 0
"19" 18 1.00123767319495 0.017506 0 0.0844719999999997 0 0.0902309999999996 0 0.002294 0 0 0 0 0.367548999999997 0.518577999999997 0.517155999999996 0 0
"20" 19 1.00151401479277 0.018796 0 0.0995049999999995 0 0.108514999999999 0 0.00282 0 0 0 0 0.373222999999994 0.562709999999999 0.561102999999999 0 0
"21" 20 1.00184952198775 0.020116 0 0.114731999999999 0 0.122732999999999 0 0.004276 0 0 0 0 0.386709999999995 0.593670000000007 0.591904000000007 0 0
"22" 21 1.00224925994705 0.020221 0 0.130256999999999 0 0.140298 0 0.004514 0 0 0 0 0.393536999999995 0.630466000000014 0.627125000000014 0 0
"23" 22 1.00275238907556 0.02132 0 0.147112000000001 0 0.154518000000001 0 0.005977 0 0 0 0 0.402724999999991 0.662216000000018 0.658715000000017 0 0
"24" 23 1.00330590839437 0.020748 0 0.166500000000002 0 0.169296000000002 0 0.00689600000000001 0 0 0 0 0.405437999999992 0.687610000000023 0.682772000000022 0 0
"25" 24 1.00393899442261 0.022718 0 0.185563000000002 0 0.179527000000003 7.6e-05 0.008508 0 0 0 0 0.409912999999991 0.715558000000023 0.710888000000022 0 0
"26" 25 1.00459858234199 0.024253 0 0.201650000000004 0 0.194617000000003 0.000243 0.012334 0 0 0 0 0.422370999999994 0.740132000000017 0.734162000000016 0 0
"27" 26 1.00528572777234 0.0243290000000001 0 0.225168000000005 0 0.211466000000004 0.000477 0.015907 0 0 0 0 0.434397999999991 0.769402000000034 0.762828000000033 0 9.9e-05
"28" 27 1.00611609378352 0.022837 0 0.245635000000007 0 0.232215000000005 0.000601 0.02123 0 0 0 0 0.442027999999988 0.795382000000041 0.78740100000004 0 0.000228
"29" 28 1.00697632304375 0.023639 0 0.261728000000004 0 0.251228000000007 0.000988 0.025295 0 0 0 0 0.455941999999987 0.820622000000037 0.811877000000037 0 0.000376
"30" 29 1.00793395752701 0.024331 0 0.275187000000004 0 0.263782000000005 0.001374 0.0300050000000001 0 0 0 0 0.468119999999984 0.839916000000046 0.830773000000046 0 0.000649
"31" 30 1.00890459792818 0.025912 0 0.29651 0 0.275964000000003 0.001509 0.037478 0 0 0 0 0.471521999999987 0.861440000000043 0.852957000000045 0 0.000726
"32" 31 1.01001540189054 0.024344 0 0.311813999999998 0 0.298634000000001 0.0023 0.0433670000000001 0 0 0 1.4e-05 0.473836999999984 0.874402000000048 0.865336000000047 0 0.000758
"33" 32 1.01108500820121 0.024774 0 0.326679999999997 0 0.318065999999998 0.002555 0.0527849999999999 0 0 0 0 0.486019999999982 0.890538000000059 0.878501000000058 0 0.001136
"34" 33 1.01223663402562 0.0254270000000001 0 0.341563999999995 0 0.331277999999996 0.00215 0.0589299999999998 0 0 0 0 0.494161999999982 0.902862000000053 0.890448000000052 0 0.002287
"35" 34 1.01336932681915 0.026059 0 0.357533999999994 0 0.352039999999993 0.002376 0.0666889999999997 0 0 0 0 0.49818599999998 0.912717000000061 0.90144100000006 0 0.00465
"36" 35 1.01449315340266 0.027266 0 0.376928999999989 0 0.367133999999991 0.002929 0.0793119999999995 0 0 0 9.8e-05 0.501224999999981 0.920902000000052 0.910373000000052 0 0.006153
"37" 36 1.01558677702209 0.0254790000000001 0 0.393749999999989 0 0.38296899999999 0.003892 0.0919559999999995 0 0 0 0.000201 0.505051999999982 0.929109000000061 0.919028000000061 0 0.008796
"38" 37 1.01674353036119 0.0252610000000001 0 0.409355999999988 0 0.404790999999986 0.005545 0.107895999999999 7.1e-05 6.7e-05 0 0.000477 0.512999999999983 0.935745000000059 0.925871000000059 0 0.011827
"39" 38 1.01788533334585 0.024682 0 0.425318999999986 0 0.417920999999987 0.006476 0.116073999999999 0 6.4e-05 0 0.000401 0.516377999999986 0.941041000000066 0.932150000000067 0 0.015895
"40" 39 1.01903350800193 0.0270440000000001 0 0.439696999999985 0 0.435284999999982 0.00684100000000001 0.130223 6.7e-05 0 0 0.000752 0.520442999999988 0.948404000000054 0.938436000000054 0 0.02424
"41" 40 1.02019214910059 0.027232 0 0.450231999999983 0 0.444867999999983 0.008226 0.147188 0.000201 0.000201 0 0.000602 0.530116999999988 0.952938000000056 0.943885000000057 0 0.0315080000000001
"42" 41 1.02130619892747 0.0291220000000001 0 0.470616999999978 0 0.471937999999977 0.009874 0.162337000000001 0.000199 0.000393 0 0.000874 0.533464999999989 0.958226000000058 0.949519000000059 0 0.036681
"43" 42 1.02251542546706 0.0312840000000001 6.7e-05 0.48808099999998 0 0.491109999999977 0.00970999999999999 0.176201000000002 0.00058 0.000282 0 0.001543 0.542035999999989 0.962285000000062 0.952333000000062 0 0.0491049999999999
"44" 43 1.02362280967291 0.0313580000000001 2e-04 0.509045999999979 0 0.503408999999975 0.010031 0.187990000000002 0.000667 0.000297 0 0.001466 0.546583999999993 0.967700000000059 0.957975000000058 0 0.0622859999999999
"45" 44 1.02477438533386 0.034858 6.7e-05 0.518748999999984 0 0.521448999999981 0.012357 0.203605000000003 0.000847 0.000751 0 0.001931 0.554070999999993 0.971683000000055 0.963321000000057 0 0.0754909999999997
"46" 45 1.02607994790083 0.035447 6.6e-05 0.525399999999987 0 0.536304999999983 0.016303 0.222200000000004 0.001232 0.002086 0 0.003029 0.559543999999998 0.973089000000058 0.964299000000059 6.6e-05 0.0875439999999994
"47" 46 1.02728456575973 0.036366 0.000134 0.540623999999987 0 0.547059999999986 0.018777 0.239632000000005 0.002155 0.00327 0 0.003711 0.563385999999987 0.978651000000061 0.969428000000064 0.000134 0.103161999999999
"48" 47 1.02838067839146 0.0379980000000001 0 0.554261999999987 0 0.560900999999988 0.020755 0.255097000000005 0.003367 0.004795 0 0.003982 0.565036999999993 0.981499000000063 0.972171000000065 0 0.118397999999999
"49" 48 1.02963118929645 0.037447 0 0.561025999999992 6.7e-05 0.573629999999995 0.022037 0.266145000000001 0.00467 0.006155 0 0.003969 0.572655999999994 0.984609000000058 0.97607400000006 0.000107 0.131117
"50" 49 1.03076172434236 0.038659 0 0.568617999999991 0.000134 0.586073999999995 0.022122 0.286612 0.005083 0.008636 0 0.004956 0.578600999999993 0.986248000000063 0.977036000000064 6.7e-05 0.147977000000001
"51" 50 1.0318574240554 0.040198 0 0.589675000000001 0.000313 0.599768 0.0252180000000001 0.300818999999996 0.006141 0.011032 0 0.00614100000000001 0.592158000000001 0.987811000000053 0.979403000000054 0.000133 0.162754000000001
"52" 51 1.03280157359846 0.03907 4.1e-05 0.607549000000002 2e-04 0.608783999999997 0.0278270000000001 0.313209999999995 0.006442 0.013096 0 0.00696000000000001 0.594650999999995 0.988701000000059 0.98065200000006 0.000109 0.182838000000002
"53" 52 1.03393042571847 0.038453 6.7e-05 0.617456000000002 0.000265 0.625269 0.0311190000000001 0.330360999999996 0.00820500000000001 0.014016 0 0.008509 0.590456999999995 0.990215000000058 0.981980000000061 6.6e-05 0.200797000000004
"54" 53 1.03502535803936 0.0384399999999999 1e-04 0.626239000000003 6.7e-05 0.638253000000005 0.0348760000000001 0.343035999999993 0.010614 0.016245 0 0.011068 0.591634999999996 0.989788000000059 0.981995000000059 0.000235 0.221098000000004
"55" 54 1.03624668796191 0.038461 6.9e-05 0.642212000000004 0.000334 0.654498000000007 0.0396700000000001 0.365306999999991 0.012513 0.017758 0 0.012821 0.593408000000001 0.992582000000061 0.984306000000061 0.000468 0.243069000000006
"56" 55 1.03735339942472 0.03947 0.000201 0.652103000000005 0.000478 0.663704000000009 0.045689 0.387301999999989 0.015538 0.020872 0 0.016212 0.597507999999998 0.992302000000052 0.985022000000055 0.000803 0.264949000000003
"57" 56 1.03842291077958 0.039395 0.000335 0.671017000000013 0.000573 0.673510000000013 0.0484529999999999 0.404108999999988 0.017811 0.024517 0 0.019739 0.600039000000003 0.993047000000059 0.986255000000062 0.000796 0.282246
"58" 57 1.03940837412197 0.040597 0.000334 0.671445000000012 0.000603 0.681151000000013 0.0509819999999999 0.420525999999987 0.021037 0.0279120000000001 0 0.024364 0.597835999999999 0.994898000000055 0.987661000000058 0.000616 0.300381
"59" 58 1.04035839337598 0.042895 0.000401 0.682534000000012 0.000667 0.681860000000011 0.0591849999999998 0.436799999999984 0.023738 0.0344100000000001 0 0.0289540000000001 0.594040999999997 0.996413000000058 0.989107000000059 0.000666 0.317469999999996
"60" 59 1.0413696217344 0.043059 0.000714 0.695900000000007 0.000888 0.690955000000009 0.0618479999999998 0.448245999999982 0.025217 0.037103 0 0.0339320000000001 0.602987999999997 0.996631000000056 0.990434000000058 0.000955 0.338194999999994
"61" 60 1.04244743929295 0.04363 0.001284 0.704782000000017 0.000886 0.698403000000019 0.0640549999999998 0.467022999999983 0.029145 0.044467 0 0.03919 0.608666000000002 0.996646000000063 0.991331000000067 0.001083 0.36287299999999
"62" 61 1.04362123510966 0.044956 0.001401 0.714323000000018 0.000867 0.70844800000002 0.0698179999999997 0.47615199999998 0.0319050000000001 0.0499489999999999 0 0.0406759999999999 0.613074000000002 0.996502000000057 0.990895000000061 0.001295 0.381923999999989
"63" 62 1.0445897156159 0.0444819999999999 0.001215 0.725158000000021 0.000865 0.716418000000017 0.0737619999999998 0.487782999999976 0.037052 0.052839 0 0.0468749999999999 0.607916000000001 0.997048000000063 0.991942000000066 0.00145 0.395083999999989
"64" 63 1.04587351637646 0.043617 0.000755 0.732969000000016 0.001257 0.72121400000002 0.0768099999999998 0.502381999999981 0.0384960000000001 0.0565349999999998 0 0.0529019999999999 0.611924000000003 0.99758100000005 0.992801000000052 0.001932 0.405047999999986
"65" 64 1.04685768335542 0.04535 0.000534 0.740004000000022 0.00195 0.730984000000023 0.0840579999999996 0.516290999999985 0.042014 0.0637879999999998 0 0.0630499999999998 0.615922000000004 0.998842000000055 0.994451000000057 0.003183 0.420428999999986
"66" 65 1.0479694462152 0.046358 0.000867 0.743625000000021 0.002315 0.73792000000002 0.0880959999999996 0.52981999999999 0.043416 0.0699559999999997 0 0.0662499999999998 0.621797000000004 0.999087000000051 0.994837000000054 0.002868 0.434903999999987
"67" 66 1.04899226439476 0.044204 0.001678 0.755252000000023 0.002091 0.744606000000025 0.0938899999999994 0.542969999999989 0.047691 0.0759339999999996 0 0.0717149999999997 0.618949000000002 0.998835000000054 0.994389000000055 0.002769 0.453965999999983
"68" 67 1.04971082409593 0.0463169999999999 0.002389 0.753391000000029 0.002717 0.748019000000027 0.0951659999999994 0.556814999999991 0.0533119999999999 0.0841639999999995 0 0.0785879999999997 0.623546000000005 0.999352000000054 0.995300000000054 0.003005 0.467535999999982
"69" 68 1.05039943439659 0.0479419999999999 0.002359 0.760109000000029 0.003094 0.749928000000025 0.0990889999999994 0.570877999999994 0.0581059999999999 0.0910439999999997 0 0.0874409999999996 0.626500000000005 0.999659000000057 0.995844000000062 0.003005 0.482694999999981
"70" 69 1.05125445953625 0.0463179999999999 0.003157 0.764740000000025 0.00334 0.757963000000025 0.105003999999999 0.589387999999999 0.0638429999999998 0.0945139999999994 0 0.0914529999999994 0.624348000000004 0.999871000000053 0.995540000000058 0.003608 0.502522999999978
"71" 70 1.05220269105881 0.045575 0.003741 0.767538000000022 0.003985 0.766612000000023 0.108122999999999 0.604622 0.0745209999999998 0.10227 0 0.10051 0.621751000000009 0.99993200000005 0.996034000000052 0.003322 0.522643999999987
"72" 71 1.05309495894088 0.046394 0.004742 0.768660000000022 0.003395 0.778736000000027 0.117252999999999 0.617091000000008 0.0790219999999997 0.109985999999999 0 0.105417999999999 0.623112000000006 0.999891000000051 0.995722000000055 0.003166 0.544712999999993
"73" 72 1.05407117796787 0.047172 0.004562 0.771172000000024 0.003547 0.791109000000029 0.122053999999999 0.63198800000001 0.0840649999999997 0.118470999999999 0 0.115355 0.617501000000005 1.00034700000005 0.996547000000056 0.003377 0.556187999999994
"74" 73 1.05458661877395 0.0495079999999999 0.005303 0.774413000000029 0.004453 0.791481000000031 0.124878999999999 0.647247000000009 0.0920459999999996 0.129010999999999 0 0.121118999999999 0.612419000000006 1.00042500000006 0.996327000000058 0.003866 0.566851999999996
"75" 74 1.0556644062984 0.053409 0.006505 0.772047000000022 0.00582300000000001 0.795179000000024 0.132727 0.65758400000001 0.0941799999999995 0.138686 0 0.124992999999999 0.613848 1.00063800000004 0.996955000000049 0.004879 0.583669999999997
"76" 75 1.0565627767082 0.0533909999999999 0.006719 0.772346000000026 0.006393 0.797822000000033 0.136911 0.654800000000014 0.0985339999999996 0.140529 0 0.129901999999999 0.621133000000007 1.00056000000005 0.997122000000056 0.004141 0.595356000000002
"77" 76 1.05735202910246 0.0494639999999999 0.007798 0.778521000000026 0.007056 0.806566000000033 0.137846 0.671126000000014 0.105683999999999 0.153220000000001 0 0.141935 0.618538000000006 1.00053300000005 0.997254000000052 0.004205 0.609800000000004
"78" 77 1.05822117247043 0.0517029999999999 0.008871 0.777420000000027 0.00839000000000001 0.812777000000033 0.145247000000001 0.679257000000015 0.110954999999999 0.161528000000001 0 0.158372000000001 0.619418000000005 1.00038100000005 0.997121000000049 0.004935 0.629999000000001
"79" 78 1.05898838282052 0.0550379999999999 0.009217 0.782830000000025 0.008852 0.820882000000031 0.153946000000001 0.690583000000011 0.114527999999999 0.170018000000002 0 0.163841000000001 0.624525000000008 1.00049800000005 0.997125000000051 0.005998 0.645562000000008
"80" 79 1.05956553148921 0.0555419999999999 0.00795800000000001 0.785362000000028 0.00996499999999999 0.827642000000031 0.159904000000001 0.697550000000014 0.119521999999999 0.173746000000002 0 0.167954000000002 0.627398000000007 1.00059600000005 0.997004000000057 0.006739 0.657362000000011
"81" 80 1.06041318391446 0.0570409999999999 0.00723600000000001 0.779147000000027 0.011014 0.831274000000034 0.161458000000002 0.710821000000021 0.13102 0.183091000000002 0 0.173664000000002 0.625307000000011 1.00067200000005 0.997245000000055 0.006587 0.671292000000011
"82" 81 1.06134952875591 0.0571829999999999 0.009497 0.778711000000028 0.01134 0.837986000000037 0.164820000000002 0.719201000000018 0.141583000000001 0.192157000000002 0 0.187674000000003 0.623345000000005 1.00062500000005 0.997188000000057 0.00667 0.685799000000014
"83" 82 1.06188126486987 0.0569019999999999 0.011111 0.779502000000028 0.012178 0.843192000000038 0.168906000000002 0.724651000000023 0.144973000000001 0.198472000000003 0 0.195799000000004 0.625056000000009 1.00067400000005 0.997484000000055 0.006595 0.696412000000011
"84" 83 1.06244406194031 0.0590289999999998 0.012829 0.779431000000028 0.012899 0.847465000000037 0.167960000000002 0.731970000000027 0.152988000000001 0.205389000000004 0 0.201500000000003 0.622248000000008 1.00067600000005 0.997236000000055 0.006713 0.707858000000015
"85" 84 1.06310596459095 0.0579519999999999 0.014232 0.782025000000021 0.01458 0.851062000000033 0.175934000000002 0.74380000000002 0.162372000000002 0.214211000000003 0 0.209849000000004 0.625145000000005 1.00067800000004 0.997399000000046 0.006641 0.717612000000024
"86" 85 1.06368429423573 0.0575929999999998 0.015623 0.780753000000026 0.01539 0.853183000000036 0.180461000000003 0.743120000000023 0.166790000000002 0.215898000000004 0 0.213534000000003 0.628278000000007 1.00062600000005 0.997214000000051 0.007936 0.733584000000024
"87" 86 1.06463629167913 0.0600049999999999 0.017441 0.78070800000002 0.01562 0.856571000000028 0.186459000000003 0.749015000000019 0.177824000000002 0.220718000000004 0 0.225005000000003 0.627205000000007 1.00059300000004 0.997346000000046 0.009057 0.740060000000025
"88" 87 1.06506853401359 0.0620059999999998 0.019347 0.775226000000021 0.017678 0.858301000000031 0.192756000000003 0.755593000000021 0.183274000000003 0.225774000000004 0 0.232747000000004 0.62853900000001 1.00058700000004 0.997312000000048 0.00957699999999999 0.747547000000022
"89" 88 1.06559574293798 0.0632879999999999 0.02266 0.778262000000026 0.017433 0.861031000000034 0.198728000000003 0.766337000000025 0.187151000000003 0.235241000000005 0 0.245936000000005 0.628764000000008 1.00062400000005 0.997533000000052 0.009969 0.758263000000025
"90" 89 1.06619673893705 0.0622919999999999 0.026603 0.776844000000024 0.018515 0.865251000000034 0.203286000000003 0.773146000000026 0.193777000000003 0.241140000000005 0 0.254683000000004 0.630093000000005 1.00064500000004 0.997494000000046 0.011395 0.76638700000002
"91" 90 1.0669718639663 0.0622379999999998 0.0310830000000001 0.772526000000019 0.020449 0.867176000000027 0.209121000000003 0.781523000000025 0.200964000000003 0.242923000000004 0 0.264694 0.625445000000005 1.00056200000003 0.997417000000038 0.012784 0.766662000000025
"92" 91 1.06749041229222 0.0627019999999999 0.0332390000000001 0.769269000000025 0.023559 0.868939000000028 0.220085000000004 0.787710000000023 0.202631000000003 0.253446000000004 0 0.273671000000001 0.626406000000002 1.00058500000004 0.997153000000039 0.013391 0.767435000000024
"93" 92 1.06800174019975 0.0664629999999999 0.033939 0.768539000000024 0.024622 0.873457000000025 0.222914000000004 0.799476000000025 0.209059000000002 0.260219000000003 0 0.2765 0.626591000000007 1.00058100000004 0.997278000000045 0.014169 0.772815000000016
"94" 93 1.06838622082627 0.0661839999999997 0.036322 0.77087200000002 0.024729 0.879547000000026 0.231338000000005 0.799665000000025 0.216690000000004 0.260189000000004 0 0.277576999999999 0.620562000000006 1.00054100000004 0.997196000000043 0.014858 0.777419000000028
"95" 94 1.06954328310346 0.066726 0.042264 0.770502000000023 0.025254 0.888944000000031 0.244630000000005 0.802837000000027 0.217186000000004 0.268635000000001 0 0.285558999999999 0.618770000000006 1.00059800000004 0.997289000000043 0.017472 0.781778000000027
"96" 95 1.07046522941354 0.0681139999999997 0.0471049999999999 0.772367000000028 0.027499 0.893731000000033 0.254031000000004 0.810735000000031 0.228128000000004 0.27813 0 0.291696999999998 0.621262000000012 1.00059200000004 0.997415000000045 0.017759 0.789571000000018
"97" 96 1.07109359250325 0.0660289999999999 0.053283 0.77644900000002 0.026328 0.899964000000032 0.265996000000001 0.813678000000026 0.242484000000005 0.291906999999998 0 0.295361999999997 0.619621000000006 1.00060600000004 0.997409000000045 0.017084 0.785493000000022
"98" 97 1.07223002280495 0.0636669999999999 0.0606689999999999 0.776786000000015 0.027176 0.904672000000027 0.273263000000001 0.819555000000023 0.254353000000003 0.306178999999998 0 0.301612999999999 0.614620000000009 1.00056100000004 0.997363000000041 0.018776 0.798482000000022
"99" 98 1.07315106839457 0.0654449999999998 0.0633009999999998 0.777033000000025 0.027671 0.912273000000036 0.278681999999999 0.828100000000032 0.260555000000003 0.316364999999995 0 0.315980999999996 0.616022000000003 1.00056200000004 0.997334000000047 0.019561 0.804222000000026
"100" 99 1.07424568248438 0.0672589999999998 0.0677049999999999 0.77963400000002 0.027233 0.91281100000003 0.286815999999999 0.833750000000025 0.267282000000001 0.324627999999994 0 0.321585999999994 0.617622000000005 1.00055400000004 0.997248000000044 0.020734 0.808282000000025
"101" 100 1.07541983301538 0.0645419999999999 0.0727949999999999 0.779200000000028 0.028607 0.912814000000032 0.293832999999998 0.843343000000032 0.271697000000001 0.335117999999993 0 0.328880999999993 0.616970000000005 1.00055700000004 0.997373000000045 0.021873 0.814279000000032
"102" 101 1.07626941468351 0.0659339999999999 0.0791979999999995 0.782237000000022 0.029902 0.914902000000031 0.303931999999997 0.849453000000027 0.279941999999999 0.338682999999993 0 0.336481999999993 0.612211000000002 1.00051600000004 0.997043000000041 0.020029 0.823700000000025
"103" 102 1.07664933778693 0.0676009999999998 0.0830799999999996 0.781296000000021 0.0294340000000001 0.91803400000003 0.317378999999996 0.854612000000032 0.283928999999999 0.347164999999993 0 0.342257999999993 0.621288000000005 1.00052800000004 0.997173000000041 0.020861 0.829572000000023
"104" 103 1.07743206185554 0.0722689999999998 0.0919569999999996 0.778023000000029 0.02932 0.918982000000038 0.331545999999994 0.860296000000034 0.292189999999998 0.352457999999993 0 0.347829999999993 0.624919000000009 1.00059400000005 0.99736200000005 0.020729 0.838257000000023
"105" 104 1.07821320010044 0.0734229999999998 0.0971979999999995 0.784048000000024 0.027615 0.92325700000003 0.333216999999993 0.862958000000025 0.298152999999995 0.364281999999991 0 0.356750999999992 0.623479000000006 1.00054200000003 0.997290000000038 0.02068 0.844763000000026
"106" 105 1.07972808964662 0.0750289999999998 0.105916999999999 0.782213000000021 0.026213 0.927256000000032 0.34556399999999 0.860425000000028 0.304965999999996 0.36800099999999 0 0.361429999999992 0.616344000000002 1.00052900000004 0.99724200000004 0.022476 0.847727000000031
"107" 106 1.08064585852286 0.0777569999999998 0.112822 0.786404000000024 0.026317 0.928543000000033 0.349711999999993 0.866006000000031 0.314587999999996 0.378711999999991 0 0.369075999999992 0.620121000000002 1.00048800000004 0.996950000000039 0.023208 0.857214000000028
"108" 107 1.08177729473677 0.0795159999999998 0.121417999999999 0.784458000000023 0.029759 0.928090000000032 0.354904999999991 0.874707000000031 0.314772999999996 0.38525499999999 0 0.37387399999999 0.620398000000009 1.00054600000004 0.997231000000043 0.023259 0.861353000000028
"109" 108 1.08350489307651 0.0779049999999999 0.125913 0.77971700000002 0.031285 0.931419000000034 0.357625999999991 0.878603000000033 0.327286999999996 0.391446999999991 0 0.380236999999993 0.620256000000003 1.00045900000004 0.997212000000045 0.024147 0.865933000000027
"110" 109 1.08435977843719 0.0809849999999998 0.135868 0.781832000000023 0.0307460000000001 0.931915000000034 0.36495399999999 0.880597000000032 0.342403999999993 0.396748999999989 0 0.39017699999999 0.621430000000007 1.00050200000004 0.997132000000041 0.024017 0.867690000000031
"111" 110 1.08538775150719 0.0812889999999999 0.143422 0.777987000000022 0.030781 0.934728000000038 0.368973999999989 0.888647000000035 0.351992999999993 0.39724299999999 0 0.400181999999991 0.620729000000002 1.00052800000004 0.997190000000045 0.023254 0.871159000000028
"112" 111 1.08664245974798 0.0823329999999998 0.149507 0.777043000000018 0.029613 0.934391000000029 0.374748999999991 0.892733000000028 0.355453999999993 0.406320999999989 0 0.40099899999999 0.619737000000007 1.00046900000003 0.997209000000039 0.024611 0.874965000000028
"113" 112 1.08784211302358 0.0838719999999998 0.152067000000001 0.773772000000018 0.0312610000000001 0.934653000000032 0.375760999999991 0.897662000000034 0.358411999999993 0.412367999999989 0 0.404600999999991 0.616883000000004 1.00049900000004 0.997280000000043 0.024415 0.874154000000025
"114" 113 1.08890819829438 0.0830939999999997 0.159148000000001 0.780276000000022 0.029618 0.935234000000032 0.389309999999987 0.906694000000032 0.369956999999991 0.420000999999989 0 0.41375099999999 0.613511000000004 1.00047200000004 0.99709300000004 0.024075 0.880528000000024
"115" 114 1.08954412068222 0.0885949999999999 0.160994000000001 0.78276300000002 0.032931 0.936092000000031 0.398725999999988 0.90853300000003 0.376028999999991 0.424328999999989 0 0.418050999999988 0.612252000000003 1.00044100000004 0.997249000000039 0.020494 0.882284000000026
"116" 115 1.09006492277195 0.0884379999999998 0.167256000000002 0.780742000000025 0.033548 0.936622000000035 0.408618999999986 0.907310000000034 0.376833999999991 0.425776999999988 0 0.419111999999988 0.615343000000005 1.00051400000004 0.997170000000044 0.019243 0.885718000000022
"117" 116 1.09121494126552 0.0873469999999998 0.170539000000001 0.779728000000019 0.033349 0.937309000000028 0.416871999999987 0.911998000000031 0.391152999999991 0.443981999999989 0 0.433704999999988 0.616127000000004 1.00048900000004 0.997120000000041 0.020115 0.891587000000023
"118" 117 1.09196133228538 0.0866279999999997 0.182570000000002 0.776095000000014 0.035524 0.936834000000023 0.426893999999987 0.910640000000023 0.400560999999991 0.454605999999989 0 0.447086999999988 0.615355000000003 1.00045200000003 0.997327000000036 0.021636 0.894407000000023
"119" 118 1.09252478433287 0.0877399999999997 0.189121000000002 0.780629000000018 0.0350520000000001 0.937155000000028 0.435622999999986 0.91297300000003 0.404042999999994 0.460446999999989 0 0.444940999999991 0.616263000000009 1.00045000000004 0.99710100000004 0.021768 0.895697000000029
"120" 119 1.09379648318188 0.0851699999999998 0.201214000000002 0.785864000000021 0.0323530000000001 0.94005100000003 0.441268999999986 0.913900000000032 0.420145999999989 0.473228999999987 0 0.457261999999986 0.612469999999999 1.00047300000004 0.997118000000039 0.024267 0.899826000000025
"121" 120 1.09426134668727 0.0841509999999998 0.216721000000003 0.789833000000021 0.032553 0.941164000000028 0.448782999999988 0.916761000000028 0.430888999999991 0.479228999999988 0 0.466865999999989 0.613378000000005 1.00049600000004 0.997252000000039 0.025894 0.907804000000023
"122" 121 1.09503389519807 0.0828159999999999 0.227413000000003 0.793728000000019 0.033531 0.941347000000029 0.454112999999986 0.91819600000003 0.42942499999999 0.486446999999987 0 0.471548999999988 0.610448000000003 1.00045400000003 0.997125000000035 0.027961 0.911841000000031
"123" 122 1.09575552253504 0.0778959999999999 0.235098000000002 0.795350000000022 0.032466 0.94741200000003 0.460021999999989 0.92030600000003 0.439791999999991 0.499442999999989 0 0.48119299999999 0.611582000000006 1.00040300000003 0.997185000000037 0.0271340000000001 0.911495000000022
"124" 123 1.09722602644632 0.0795219999999997 0.244650000000003 0.80279700000002 0.02965 0.948949000000027 0.471248999999989 0.921348000000028 0.443217999999991 0.50351399999999 0 0.486427999999988 0.614120000000003 1.00047100000003 0.997391000000034 0.029834 0.911250000000021
"125" 124 1.0986304757602 0.0767669999999999 0.246645000000003 0.800772000000014 0.030994 0.949979000000021 0.473896999999989 0.924131000000021 0.448084999999991 0.505004999999991 0 0.48860199999999 0.614580000000002 1.00045900000003 0.997068000000029 0.029748 0.915053000000021
"126" 125 1.09985325147975 0.0756159999999998 0.254441000000003 0.802012000000016 0.032664 0.954886000000027 0.482953999999988 0.927771000000026 0.469115999999991 0.520007999999991 0 0.50231899999999 0.603369000000001 1.00043100000003 0.997225000000035 0.030525 0.916705000000021
"127" 126 1.10068804009766 0.0785119999999998 0.259893000000001 0.803162000000023 0.032317 0.957578000000032 0.479816999999987 0.928811000000033 0.479730999999986 0.52004399999999 0 0.512129999999987 0.601090000000001 1.00045600000004 0.997003000000044 0.03112 0.920601000000023
"128" 127 1.10135725842608 0.0821329999999998 0.271248999999999 0.802047000000021 0.030947 0.957680000000029 0.485680999999987 0.932803000000028 0.482886999999989 0.52709399999999 0 0.517050999999987 0.608323000000006 1.00040500000003 0.997106000000036 0.032286 0.924205000000019
"129" 128 1.1021072827191 0.0857269999999997 0.287754999999998 0.805828000000015 0.033992 0.961236000000024 0.492767999999989 0.938238000000025 0.48085999999999 0.536462999999997 0 0.527164999999995 0.606467000000005 1.00041900000003 0.997240000000031 0.0320660000000001 0.925622000000022
"130" 129 1.10311791509739 0.0854119999999998 0.293666999999998 0.80265200000001 0.032909 0.962514000000022 0.495398999999988 0.936495000000021 0.484007999999992 0.539758999999995 0 0.533233999999993 0.606086 1.00044800000003 0.99717500000003 0.034625 0.925257000000019
"131" 130 1.10442069735514 0.0840849999999997 0.302811999999997 0.803093000000017 0.034884 0.961901000000023 0.501148999999986 0.940329000000023 0.492738999999989 0.542019999999999 0 0.537955999999998 0.611366000000002 1.00036200000003 0.99692600000003 0.03621 0.927764000000026
"132" 131 1.10517722553286 0.0855639999999999 0.307873999999998 0.803108000000014 0.033254 0.962739000000027 0.504258999999987 0.941175000000023 0.50150599999999 0.544072999999993 0 0.547715999999994 0.609210000000003 1.00043700000003 0.997105000000033 0.035191 0.928534000000028
"133" 132 1.10595858583134 0.0822549999999996 0.326259999999996 0.80059200000002 0.035513 0.962490000000028 0.515721999999991 0.941594000000029 0.508733999999992 0.551717 0 0.549944000000002 0.598670000000005 1.00039800000003 0.997213000000034 0.035716 0.933435000000021
"134" 133 1.1082125294293 0.0816109999999998 0.330640999999996 0.801157000000015 0.036544 0.963867000000026 0.517798999999992 0.944622000000027 0.51514399999999 0.559308999999996 0 0.555830999999995 0.594946000000002 1.00036700000003 0.997050000000028 0.036553 0.932757000000023
"135" 134 1.10945151103723 0.0792699999999998 0.341758999999995 0.80306400000001 0.03569 0.963657000000018 0.525511999999993 0.946213000000017 0.523314999999995 0.561719999999997 0 0.562028999999998 0.594654999999998 1.00036400000002 0.997103000000025 0.039053 0.934408000000023
"136" 135 1.11105688737372 0.0802659999999999 0.350885999999995 0.805477000000015 0.0354380000000001 0.963323000000024 0.531952999999992 0.949851000000025 0.536628999999996 0.572966000000001 0 0.568187999999999 0.592729 1.00042600000003 0.99713600000003 0.037922 0.933751000000025
"137" 136 1.11220238702464 0.0828049999999999 0.358724999999996 0.809231000000013 0.038197 0.96403800000002 0.532072999999997 0.94847400000002 0.538656999999995 0.574705999999997 0 0.572441999999998 0.591569000000002 1.00037900000002 0.997227000000025 0.037533 0.937317000000023
"138" 137 1.11350143941271 0.0822009999999999 0.374531999999994 0.812291000000017 0.038155 0.966138000000028 0.543895999999997 0.949311000000027 0.545318999999999 0.584458000000002 0 0.580580000000002 0.588859000000001 1.00037400000003 0.997136000000033 0.039466 0.939624000000025
"139" 138 1.11528192821436 0.0836089999999998 0.377025999999994 0.811901000000013 0.0417059999999999 0.965788000000021 0.541639999999996 0.952809000000021 0.546078999999994 0.585936 0 0.576046999999998 0.584940999999999 1.00032800000002 0.997155000000027 0.040254 0.94160000000002
"140" 139 1.11711991283208 0.0842269999999998 0.388971999999995 0.816867000000015 0.041762 0.968063000000025 0.549766999999997 0.956806000000027 0.560848999999997 0.596699999999998 0 0.585129999999999 0.586151999999999 1.00035000000003 0.99704400000003 0.039893 0.944023000000025
"141" 140 1.11878107014249 0.0851639999999999 0.397346999999994 0.820334000000015 0.042536 0.970659000000026 0.554699 0.959405000000025 0.567882000000002 0.604130000000004 0 0.591644000000004 0.585070000000002 1.00037700000003 0.997122000000032 0.040452 0.944777000000023
"142" 141 1.12143705640304 0.0835999999999998 0.401321999999993 0.820287000000016 0.044345 0.972596000000026 0.563937 0.960474000000026 0.574221999999995 0.611645000000001 0 0.597684999999998 0.581977 1.00036600000003 0.996938000000031 0.0418889999999999 0.947959000000027
"143" 142 1.12216150474151 0.0807399999999998 0.406231999999995 0.823173000000015 0.0429779999999999 0.975152000000022 0.569921000000001 0.963480000000024 0.578879000000003 0.620246000000007 0 0.610332000000007 0.577933999999999 1.00037200000003 0.997226000000028 0.040722 0.949628000000023
"144" 143 1.12361807037469 0.0804339999999998 0.409662999999994 0.821080000000015 0.044399 0.974697000000023 0.571652000000006 0.965322000000024 0.587128000000002 0.626879000000004 0 0.615061000000006 0.569472000000003 1.00031500000003 0.99737800000003 0.0413069999999999 0.951489000000024
"145" 144 1.12440909749627 0.0833009999999998 0.415053999999994 0.822531000000013 0.045893 0.975842000000023 0.574614000000002 0.965050000000023 0.592790000000004 0.627637000000004 0 0.622353000000005 0.566707999999999 1.00033000000003 0.996804000000029 0.042045 0.951339000000016
"146" 145 1.12512084845501 0.0846569999999999 0.424803999999993 0.824976000000019 0.04645 0.977535000000026 0.580970000000001 0.965571000000026 0.602135000000003 0.636294000000008 0 0.634341000000008 0.555314999999997 1.00033800000003 0.996793000000032 0.044686 0.951478000000018
"147" 146 1.12740259353571 0.0801619999999998 0.432260999999992 0.82624400000002 0.046775 0.977997000000025 0.582335000000004 0.966594000000025 0.606779000000005 0.640959000000008 0 0.641764000000009 0.558645999999997 1.00031700000003 0.996797000000028 0.042341 0.952087000000019
"148" 147 1.12893811586813 0.0799379999999998 0.447877999999993 0.83482600000001 0.046393 0.979297000000016 0.594777000000003 0.966282000000015 0.615895000000006 0.646739000000006 0 0.651102000000006 0.553727999999996 1.00028500000002 0.99697100000002 0.0414269999999999 0.952889000000019
"149" 148 1.1305570131263 0.0792879999999999 0.462238999999994 0.834474000000014 0.0456480000000001 0.978233000000023 0.604394000000006 0.967756000000022 0.621741000000007 0.658959000000007 0 0.656841000000008 0.552246999999998 1.00034100000002 0.997123000000027 0.042683 0.954764000000017
"150" 149 1.13194194546741 0.0798039999999998 0.471267999999994 0.835435000000013 0.043538 0.978170000000021 0.602910000000006 0.971082000000021 0.638448000000007 0.659822000000007 0 0.662125000000007 0.550343999999997 1.00029300000002 0.997071000000024 0.041331 0.956059000000026
"151" 150 1.13336819231872 0.0764899999999998 0.481214999999992 0.835711000000015 0.041672 0.977842000000025 0.611113000000005 0.972908000000025 0.646813000000007 0.672016000000008 0 0.670885000000009 0.547984999999995 1.00029400000003 0.997047000000027 0.041189 0.958901000000018
"152" 151 1.13464323153511 0.0786899999999998 0.486691999999993 0.841631000000013 0.038021 0.97788800000002 0.616568000000004 0.973345000000021 0.65916600000001 0.681094000000011 0 0.68127100000001 0.547268999999993 1.00030700000002 0.997030000000024 0.0405519999999999 0.961361000000022
"153" 152 1.13715760093621 0.0833199999999998 0.493338999999993 0.841779000000016 0.039051 0.97623600000002 0.62121000000001 0.974101000000022 0.662702000000009 0.68930300000001 0 0.689309000000011 0.550345000000001 1.00030500000002 0.997045000000024 0.040869 0.961505000000019
"154" 153 1.13875303305035 0.0845469999999999 0.497225999999993 0.844269000000016 0.03851 0.977506000000024 0.623664000000005 0.976141000000024 0.661705000000009 0.687534000000011 0 0.68853300000001 0.554294999999995 1.00031800000003 0.997145000000027 0.039907 0.96334500000002
"155" 154 1.14156689179504 0.0834389999999999 0.512424999999994 0.850293000000019 0.036936 0.975823000000024 0.63372700000001 0.977010000000026 0.663193000000008 0.694274000000008 0 0.697254000000009 0.550999999999999 1.00026500000003 0.99705100000003 0.043922 0.966004000000021
"156" 155 1.14317079327805 0.0827489999999998 0.515288999999995 0.851220000000017 0.036698 0.977501000000022 0.641441000000011 0.977535000000024 0.672045000000008 0.697298000000009 0 0.702891000000009 0.544360999999996 1.00028400000002 0.996874000000027 0.044623 0.96635300000002
"157" 156 1.14436083407387 0.0820219999999998 0.520954999999995 0.849537000000015 0.038083 0.978749000000024 0.642502000000006 0.979659000000024 0.670432000000008 0.699347000000009 0 0.709520000000009 0.542700999999997 1.00028500000002 0.997227000000026 0.045191 0.963831000000013
"158" 157 1.14524885808114 0.080448 0.532058000000001 0.853718000000014 0.035943 0.978455000000017 0.64684600000001 0.979686000000017 0.678805000000009 0.70321000000001 0 0.71016000000001 0.542480999999999 1.00026700000002 0.99722000000002 0.043101 0.965015000000014
"159" 158 1.14685564222905 0.0763929999999999 0.536536999999999 0.856386000000013 0.037818 0.97976300000002 0.649201000000008 0.981385000000021 0.688563000000008 0.711045000000007 0 0.718005000000009 0.537895999999994 1.00030600000002 0.997029000000025 0.044286 0.966361000000018
"160" 159 1.14903466794931 0.0785569999999998 0.538388999999999 0.856553000000014 0.037745 0.979953000000021 0.650125000000008 0.984161000000021 0.69412200000001 0.712860000000007 0 0.724359000000009 0.534800999999993 1.00027900000002 0.997036000000024 0.045864 0.969183000000021
"161" 160 1.1515131357281 0.0788109999999999 0.548315000000001 0.857750000000014 0.040297 0.97912600000002 0.654782000000011 0.984183000000021 0.700128000000012 0.716737000000009 0 0.72768300000001 0.537276999999997 1.00025300000002 0.996928000000023 0.0460769999999999 0.970897000000016
"162" 161 1.15336822338978 0.0791139999999997 0.559312 0.858914000000014 0.041351 0.980572000000023 0.658594000000009 0.983296000000023 0.707312000000009 0.720278000000009 0 0.73776000000001 0.531770999999996 1.00027800000002 0.997164000000026 0.047159 0.969602000000017
"163" 162 1.15435550658903 0.0821639999999998 0.563177999999999 0.862367000000011 0.038723 0.979299000000015 0.658453000000008 0.982763000000015 0.710503000000006 0.729273000000007 0 0.741658000000009 0.531399999999997 1.00025600000002 0.997171000000019 0.051635 0.967915000000019
"164" 163 1.15601546980752 0.0841589999999999 0.569899000000003 0.861992000000014 0.040968 0.980001000000018 0.660514000000011 0.98283700000002 0.70995900000001 0.73125300000001 0 0.744243000000012 0.536069999999997 1.00020100000002 0.996699000000023 0.0539469999999999 0.969219000000017
"165" 164 1.15841998198474 0.0827419999999998 0.576732000000001 0.863073000000012 0.040298 0.980018000000015 0.663700000000008 0.984072000000016 0.711574000000007 0.735502000000006 0 0.751018000000006 0.539206999999996 1.00019600000002 0.996852000000019 0.055271 0.968512000000014
"166" 165 1.16042636539356 0.0790179999999999 0.582621000000004 0.856173000000014 0.041915 0.981652000000019 0.671327000000011 0.983874000000019 0.712667000000008 0.738099000000007 0 0.75303100000001 0.546681 1.00024500000002 0.996977000000021 0.056957 0.970390000000017
"167" 166 1.16226215990363 0.0758069999999999 0.589955000000002 0.859151000000012 0.042618 0.981969000000017 0.675795000000008 0.983692000000018 0.71402900000001 0.74430700000001 0 0.751381000000009 0.538484999999995 1.00025000000002 0.99709400000002 0.057955 0.971715000000019
"168" 167 1.16335584859612 0.0726129999999999 0.595254 0.861528000000009 0.041678 0.981792000000013 0.680052000000006 0.984532000000014 0.714504000000009 0.748713000000008 0 0.753434000000009 0.527700999999996 1.00024800000001 0.996941000000016 0.061002 0.972738000000013
"169" 168 1.1653323901829 0.078257 0.603735000000003 0.864876000000008 0.043097 0.981382000000013 0.688584000000007 0.986122000000014 0.718318000000006 0.753440000000005 0 0.761241000000005 0.522705999999994 1.00023100000001 0.996801000000017 0.061312 0.973113000000019
"170" 169 1.16714797804682 0.0779819999999999 0.615211000000002 0.865619000000013 0.044933 0.982914000000016 0.69682100000001 0.986559000000016 0.721932000000008 0.755722000000009 0 0.760208000000009 0.520875999999992 1.00022500000002 0.996992000000019 0.061975 0.974869000000012
"171" 170 1.16838398775559 0.076742 0.625768000000003 0.87050400000001 0.0430640000000001 0.983044000000015 0.707136000000008 0.986759000000015 0.724367000000007 0.757779000000008 0 0.768061000000008 0.518632999999994 1.00019000000002 0.996922000000018 0.062883 0.975746000000014
"172" 171 1.1695967703349 0.0764109999999998 0.631576000000002 0.869206000000012 0.04433 0.982050000000015 0.71290400000001 0.987813000000015 0.726795000000009 0.75968500000001 0 0.768816000000009 0.519875999999996 1.00019500000002 0.996855000000017 0.061686 0.97704300000002
"173" 172 1.17045408476757 0.078015 0.636993000000007 0.870353000000009 0.044215 0.982641000000015 0.715362000000009 0.989142000000015 0.728172000000008 0.762509000000008 0 0.772678000000007 0.513524999999991 1.00021500000002 0.996840000000016 0.06124 0.978094000000019
"174" 173 1.17356164036265 0.0806939999999999 0.638032 0.872252000000011 0.045923 0.982024000000014 0.715759000000007 0.988865000000014 0.731620000000007 0.767217000000006 0 0.777937000000008 0.509096999999989 1.00016900000001 0.996676000000017 0.060934 0.978824000000013
"175" 174 1.17477275597552 0.0786619999999999 0.646291000000001 0.87373000000001 0.043554 0.981643000000014 0.722834000000004 0.990185000000015 0.731208000000006 0.768838000000006 0 0.780128000000006 0.498952999999991 1.00019200000002 0.996877000000017 0.065494 0.978484000000014
"176" 175 1.17517335348532 0.0778639999999999 0.649105000000004 0.878202000000011 0.041021 0.981847000000015 0.721161000000009 0.991600000000016 0.742686000000009 0.773477000000008 0 0.789020000000009 0.491995999999992 1.00021100000002 0.996838000000019 0.0663339999999999 0.979395000000013
"177" 176 1.17715469575931 0.0775889999999999 0.655027000000004 0.880990000000012 0.041273 0.982426000000016 0.725539000000011 0.991872000000017 0.75038300000001 0.775252000000007 0 0.78870600000001 0.491968999999991 1.00019200000002 0.996909000000018 0.065689 0.981133000000016
"178" 177 1.17853196675337 0.077269 0.661413000000006 0.885462000000014 0.040352 0.98194300000002 0.72753800000001 0.991562000000021 0.754802000000007 0.779196000000008 0 0.793388000000008 0.491747999999992 1.00020600000002 0.996819000000022 0.0641929999999999 0.981060000000013
"179" 178 1.18050482926574 0.0801669999999999 0.661976000000002 0.88872200000001 0.041482 0.982377000000015 0.728523000000005 0.990252000000016 0.759205000000007 0.780947000000007 0 0.794962000000007 0.494931999999992 1.00020400000002 0.996960000000018 0.0650589999999999 0.980909000000013
"180" 179 1.18222718581166 0.0783499999999999 0.670669000000006 0.890407000000011 0.040979 0.982793000000014 0.735316000000009 0.989271000000015 0.766525000000008 0.783218000000008 0 0.796321000000007 0.500511999999991 1.00022000000001 0.996691000000017 0.066513 0.981926000000013
"181" 180 1.18422633198288 0.084365 0.675209000000003 0.890548000000012 0.040462 0.982263000000014 0.739295000000008 0.990684000000015 0.770837000000008 0.785784000000007 0 0.796866000000008 0.496987999999991 1.00017300000002 0.996701000000017 0.068261 0.984125000000016
"182" 181 1.18676531323867 0.0846409999999999 0.679391000000004 0.890775000000011 0.042984 0.981805000000013 0.742614000000006 0.991002000000013 0.771729000000004 0.786071000000005 0 0.800567000000005 0.495796999999993 1.00016900000001 0.996728000000016 0.0716039999999999 0.985355000000015
"183" 182 1.18808974332826 0.083655 0.680445000000006 0.893999000000013 0.041299 0.982653000000018 0.744354000000011 0.991248000000019 0.776988000000007 0.787746000000006 0 0.800166000000008 0.484822999999993 1.00016500000002 0.996701000000021 0.0683809999999999 0.986309000000012
"184" 183 1.19076650952 0.0813409999999999 0.682639000000002 0.893055000000009 0.041334 0.982199000000012 0.748514000000007 0.991506000000012 0.778830000000007 0.788858000000006 0 0.796971000000007 0.483477999999993 1.00017400000001 0.996923000000014 0.067077 0.984555000000012
"185" 184 1.19167268283376 0.0787139999999999 0.684472000000004 0.892589000000008 0.043434 0.983075000000011 0.749472000000006 0.991052000000012 0.782210000000005 0.792462000000005 0 0.797564000000006 0.479373999999994 1.00017500000001 0.996739000000014 0.070072 0.984993000000011
"186" 185 1.19222681063129 0.0770299999999999 0.688822000000004 0.893262000000009 0.045532 0.982297000000013 0.752128000000007 0.990735000000014 0.787026000000008 0.798497000000007 0 0.800373000000007 0.475768999999993 1.00017700000001 0.996788000000015 0.0719989999999999 0.986368000000015
"187" 186 1.19466253000542 0.0796089999999999 0.692095000000005 0.89157400000001 0.047717 0.982549000000014 0.75674900000001 0.991467000000015 0.787484000000008 0.795828000000007 0 0.802297000000007 0.479143999999992 1.00017600000001 0.996777000000016 0.070934 0.987246000000015
"188" 187 1.1964007639866 0.0833079999999999 0.693258000000008 0.892187000000011 0.0489169999999999 0.983553000000016 0.758578000000011 0.991634000000017 0.788609000000009 0.794222000000008 0 0.80714200000001 0.480866999999991 1.00016900000002 0.996631000000018 0.0703939999999999 0.988392000000013
"189" 188 1.19895388321696 0.0820689999999998 0.697085000000005 0.89268000000001 0.049351 0.982627000000014 0.759491000000007 0.993456000000014 0.786272000000007 0.796969000000007 0 0.809958000000008 0.478625999999994 1.00015700000001 0.996917000000016 0.068106 0.989592000000014
"190" 189 1.20009648626769 0.0841869999999999 0.698971000000007 0.891035000000012 0.0507579999999999 0.983653000000015 0.75938200000001 0.993692000000016 0.785574000000007 0.794868000000008 0 0.808632000000008 0.480493999999993 1.00016100000002 0.997004000000017 0.06811 0.989161000000017
"191" 190 1.20220625589056 0.0850399999999999 0.704728000000004 0.895169000000009 0.0486139999999999 0.983381000000011 0.763014000000007 0.993503000000012 0.791836000000005 0.801240000000005 0 0.817060000000005 0.470791999999992 1.00013600000001 0.996839000000014 0.0681589999999999 0.990471000000015
"192" 191 1.20437623818246 0.084571 0.705082000000006 0.896604000000014 0.048495 0.982848000000017 0.763907000000009 0.992598000000018 0.792650000000009 0.802285000000008 0 0.819375000000011 0.465591999999992 1.00018100000002 0.996905000000019 0.066853 0.991928000000017
"193" 192 1.20636225459924 0.0849279999999999 0.713472000000004 0.899257000000009 0.046783 0.984078000000013 0.770633000000005 0.991881000000014 0.794837000000005 0.805032000000005 0 0.824721000000007 0.462995999999993 1.00012700000001 0.996897000000014 0.067017 0.991776000000013
"194" 193 1.20707521469173 0.08125 0.713916000000007 0.898553000000009 0.045503 0.983744000000013 0.772734000000009 0.991768000000013 0.797265000000007 0.811416000000006 0 0.825126000000007 0.463735999999992 1.00016800000001 0.996997000000016 0.069484 0.991981000000012
"195" 194 1.20958955236394 0.08267 0.717617000000004 0.897919000000008 0.046839 0.983697000000007 0.773576000000006 0.991067000000008 0.797239000000006 0.808697000000006 0 0.827774000000006 0.464448999999994 1.00014600000001 0.99700100000001 0.0711590000000001 0.991414000000014
"196" 195 1.21130716952831 0.0814929999999998 0.720555000000005 0.897416000000012 0.045886 0.983542000000015 0.773456000000009 0.991973000000015 0.806245000000008 0.812685000000007 0 0.833525000000009 0.461432999999993 1.00017000000001 0.996924000000016 0.0718199999999999 0.991754000000011
"197" 196 1.21327312106447 0.077538 0.720861000000005 0.897783000000007 0.045523 0.982686000000009 0.772193000000006 0.99340300000001 0.808030000000006 0.813734000000005 0 0.838179000000007 0.463682999999994 1.00013800000001 0.996718000000012 0.0736899999999999 0.99213400000001
"198" 197 1.21535509774023 0.071123 0.722263000000007 0.89862500000001 0.043412 0.982853000000013 0.768412000000009 0.993729000000014 0.814683000000007 0.819909000000006 0 0.844179000000008 0.457764999999994 1.00012200000001 0.996905000000015 0.0766399999999999 0.992838000000012
"199" 198 1.2169399207877 0.070819 0.725409000000004 0.902325000000007 0.043 0.982184000000011 0.771656000000005 0.994292000000011 0.821346000000004 0.825225000000003 0 0.844434000000006 0.464457999999995 1.00014400000001 0.996598000000013 0.079421 0.991486000000012
"200" 199 1.21822257546422 0.0701299999999999 0.722782000000007 0.903021000000013 0.043679 0.982493000000015 0.76921100000001 0.993909000000016 0.824900000000009 0.827072000000007 0 0.845421000000009 0.454695999999994 1.00013900000002 0.997137000000017 0.0813529999999999 0.99180700000001
"201" 200 1.21939572380441 0.06659 0.725860000000001 0.900607000000006 0.0450889999999999 0.984059000000008 0.771849000000005 0.993783000000008 0.825371000000004 0.829413000000005 0 0.850216000000005 0.450999999999992 1.00015100000001 0.996736000000011 0.084941 0.991542000000012
