"X" "PopRatio" "Diff_KC" "Fibroblast" "M1" "M2" "Neutrophil" "Prol_KC" "Th0" "Th1" "Th17" "Th2" "Th22" "Treg" "iDC" "pDC" "preDiff_KC" "ILC3"
"1" 0 1 0.000285 0 0 0 0 0 0 0 0 0 0 0.164117 0 0 0 0
"2" 1 1.000003 0.001722 0 0 0 0 0 0 0 0 0 0 0.121099 5.6e-05 5.5e-05 0 0
"3" 2 1.000008000015 0.002666 0 0 0 6e-06 0 0 0 0 0 0 0.120041 0.000619 0.000615 0 0
"4" 3 1.000008000015 0.003559 0 2.7e-05 0 0.000156 0 0 0 0 0 0 0.127341 0.003771 0.003789 0 0
"5" 4 1.000010000031 0.005401 0 0.000238 0 0.000558 0 0 0 0 0 0 0.139329 0.011412 0.011438 0 0
"6" 5 1.000016000091 0.006182 0 0.00081 0 0.001058 0 0 0 0 0 0 0.155763 0.024636 0.024689 0 0
"7" 6 1.000030000315 0.007042 0 0.002393 0 0.002124 0 0 0 0 0 0 0.167485 0.0449999999999999 0.0449919999999999 0 0
"8" 7 1.00004200067501 0.008357 0 0.004807 0 0.004916 0 0 0 0 0 0 0.181195 0.072202 0.072239 0 0
"9" 8 1.00007700214503 0.009439 0 0.007553 0 0.006512 0 0 0 0 0 0 0.199627000000001 0.105794 0.105825 0 0
"10" 9 1.00012200561013 0.009606 0 0.011939 0 0.009913 0 0 0 0 0 0 0.216593 0.138908000000001 0.138945 0 0
"11" 10 1.0001690113444 0.00957499999999999 0 0.016007 0 0.014287 0 0 0 0 0 0 0.230856000000001 0.179306000000001 0.179194000000001 0 0
"12" 11 1.00024002334421 0.010517 0 0.020896 0 0.017815 0 0 0 0 0 0 0.247296000000001 0.216557000000001 0.216681000000001 0 0
"13" 12 1.00033104518634 0.011463 0 0.0281040000000001 0 0.0249570000000001 0 5e-06 0 0 0 0 0.262166999999999 0.262486000000001 0.262446000000001 0 0
"14" 13 1.00040506968369 0.010521 0 0.038098 0 0.030916 0 5.3e-05 0 0 0 0 0.277817 0.304273999999997 0.304094999999997 0 0
"15" 14 1.00051311343123 0.01055 0 0.049563 0 0.0401110000000001 0 0.000334 0 0 0 0 0.289194999999999 0.356377999999996 0.355981999999996 0 0
"16" 15 1.00064418064909 0.012538 0 0.0590359999999999 0 0.0526509999999999 0 0.000589 0 0 0 0 0.306373999999998 0.406864999999995 0.406395999999995 0 0
"17" 16 1.00083830562015 0.014497 0 0.0741129999999996 0 0.0615169999999998 0 0.000868 0 0 0 0 0.323510999999997 0.447318999999994 0.446279999999994 0 0
"18" 17 1.00100044142568 0.015847 0 0.0856629999999996 0 0.0712019999999998 0 0.000932 0 0 0 0 0.340160999999997 0.482703999999993 0.481191999999993 0 0
"19" 18 1.00126670754312 0.015286 0 0.101638999999999 0 0.0848559999999995 0 0.001273 0 0 0 0 0.353124999999997 0.521965999999997 0.520164999999997 0 0
"20" 19 1.00156308248858 0.015963 0 0.111811999999999 0 0.104740999999999 0 0.002131 0 0 0 0 0.369850999999996 0.554578000000005 0.552251000000004 0 0
"21" 20 1.00196070303235 0.018833 0 0.123483999999999 0 0.122737999999999 0 0.002704 0 0 0 0 0.374220999999994 0.591790000000003 0.588432000000002 0 0
"22" 21 1.0023975578989 0.017385 0 0.138759 0 0.136583 0 0.003921 0 0 0 0 0.385949999999995 0.630819000000006 0.626512000000005 0 0
"23" 22 1.0028366080293 0.019614 0 0.157521000000001 0 0.153625000000001 0 0.00603500000000001 0 0 0 0 0.397244999999995 0.656968000000012 0.651327000000012 0 0
"24" 23 1.0033821511441 0.02131 0 0.179168000000002 0 0.168676000000002 9.9e-05 0.00758100000000001 0 0 0 0 0.405112999999994 0.697437000000014 0.691015000000013 0 0
"25" 24 1.00394906205954 0.02404 0 0.195888000000003 0 0.183623000000002 0 0.009975 0 0 0 0 0.410139999999994 0.726164000000017 0.719189000000017 0 0
"26" 25 1.0045333604137 0.025841 0 0.210158000000005 0 0.200570000000005 0.000199 0.012815 0 0 0 0 0.42402999999999 0.75869000000002 0.75186800000002 0 0
"27" 26 1.00526365616676 0.0298260000000001 0 0.229108000000005 0 0.213323000000005 0.000201 0.016662 0 0 0 0 0.441766999999986 0.781360000000043 0.773644000000042 0 0
"28" 27 1.00602665128184 0.0320870000000001 0 0.245104000000006 0 0.233658000000006 0.000388 0.022581 0 0 0 0 0.453381999999987 0.801457000000034 0.794307000000034 0 0
"29" 28 1.00690390652181 0.0309460000000001 0 0.262903000000003 0 0.251229000000007 0.00054 0.0252080000000001 0 0 0 0 0.460940999999984 0.815541000000044 0.807886000000043 0 0
"30" 29 1.00785845142524 0.0330660000000001 0 0.275226000000003 0 0.264700000000005 0.000797 0.0314290000000001 0 0 0 0 0.472919999999987 0.836368000000044 0.828280000000042 0 0
"31" 30 1.00872722541043 0.0340870000000001 0 0.299078000000001 0 0.281131000000003 0.000864 0.037294 0 0 0 0 0.478974999999981 0.855832000000049 0.845653000000048 0 9.7e-05
"32" 31 1.00973494390867 0.033695 0 0.311910999999999 0 0.299313 0.001646 0.042992 0 0 0 0 0.491937999999983 0.87203200000005 0.86161100000005 0 0.000371
"33" 32 1.01079516559983 0.0345390000000001 0 0.330682999999995 0 0.321142999999997 0.001768 0.0521359999999999 0 0 0 6.6e-05 0.504464999999982 0.888954000000062 0.877364000000059 0 0.000745
"34" 33 1.01194747208868 0.0332630000000001 0 0.352119999999993 0 0.334483999999995 0.002056 0.0578489999999999 0 0 0 0.000201 0.509276999999983 0.903090000000051 0.892594000000049 0 0.001299
"35" 34 1.01309299662715 0.0344550000000001 0 0.361951999999988 0 0.357738999999992 0.002986 0.0676129999999997 0 3.9e-05 0 0.000134 0.520925999999985 0.910806000000055 0.899810000000054 0 0.002051
"36" 35 1.01422462150444 0.035453 0 0.371235999999992 0 0.370399999999992 0.003658 0.0754659999999996 0 6.7e-05 0 0.000267 0.522827999999984 0.922474000000067 0.910525000000064 0 0.003452
"37" 36 1.01535142505901 0.036782 0 0.39213199999999 0 0.384277999999992 0.004157 0.0848019999999995 6.7e-05 0 0 0.000134 0.525688999999986 0.935641000000049 0.92375900000005 0 0.00590500000000001
"38" 37 1.01651603314361 0.0353330000000001 0 0.413750999999988 0 0.407207999999986 0.003902 0.0959679999999993 0.00031 0 0 9.3e-05 0.540877999999992 0.945127000000058 0.931124000000059 0 0.00875200000000001
"39" 38 1.01765046503666 0.03704 0 0.430989999999983 0 0.426294999999982 0.005577 0.108833999999999 0.000339 6.7e-05 0 2e-04 0.544051999999989 0.952855000000065 0.939422000000065 0 0.012776
"40" 39 1.018894033905 0.037179 0 0.450432999999982 0 0.437176999999984 0.007255 0.119202999999999 0.000534 9.6e-05 0 0.000155 0.54679199999999 0.959748000000058 0.947084000000057 1.9e-05 0.017787
"41" 40 1.02006474315002 0.040163 3.5e-05 0.458411999999983 0 0.451983999999982 0.00907400000000001 0.131713 0.000466 1.3e-05 0 0.000279 0.558247999999991 0.964876000000066 0.952154000000066 0 0.022271
"42" 41 1.02114805190732 0.0391030000000001 6.7e-05 0.47060099999998 0 0.464670999999981 0.010681 0.144384 0.000684 0.000181 0 0.000333 0.557646999999993 0.969282000000071 0.957287000000071 6e-05 0.0275450000000001
"43" 42 1.02222332080605 0.039734 0.000334 0.481911999999979 0 0.479274999999979 0.013088 0.159683000000001 0.000926 0.000334 0 0.000536 0.558395999999996 0.974656000000061 0.961574000000059 0.000134 0.0350920000000001
"44" 43 1.02333754422579 0.042347 0.000334 0.498050999999979 6.7e-05 0.496530999999975 0.013281 0.175621000000002 0.000879 0.000465 0 0.000667 0.561300999999994 0.979704000000058 0.968652000000059 6.7e-05 0.043178
"45" 44 1.0245072190389 0.041868 0.000267 0.506007999999983 0.00033 0.506251999999978 0.013878 0.188182000000003 0.001041 0.000572 0 0.001055 0.560177999999996 0.982491000000058 0.97214400000006 0 0.0496879999999998
"46" 45 1.02567105923979 0.0436739999999999 4e-04 0.517781999999984 0.000302 0.519033999999981 0.017145 0.203470000000003 0.00139 0.000707 0 0.001563 0.569927999999996 0.984500000000066 0.975136000000068 0 0.0599069999999999
"47" 46 1.02685058095798 0.047074 0.000133 0.534658999999988 0.000334 0.530359999999982 0.019354 0.217212000000005 0.00163 0.000801 0 0.002363 0.572654000000001 0.984050000000058 0.97460800000006 0 0.0701739999999996
"48" 47 1.02797806289594 0.0476259999999999 0.000267 0.543708999999992 6.7e-05 0.542317999999986 0.020596 0.232256000000005 0.00227 0.001167 0 0.002556 0.583474999999999 0.986677000000054 0.978460000000059 6.7e-05 0.0862269999999994
"49" 48 1.02907594346717 0.0485299999999999 2e-04 0.559296999999995 0 0.55660199999999 0.023763 0.251762000000005 0.00307 0.001883 0 0.002458 0.578321000000001 0.98864100000006 0.98039700000006 0.000213 0.0995129999999993
"50" 49 1.03022850852391 0.047393 0.000178 0.571457999999988 6.7e-05 0.569103999999989 0.026401 0.273202 0.003855 0.002591 0 0.003288 0.581702999999994 0.991115000000059 0.982775000000062 0.000335 0.114084999999999
"51" 50 1.03132467165704 0.049624 4e-04 0.585715 0.000183 0.584146999999994 0.0302980000000001 0.280804 0.003898 0.003489 0 0.004851 0.589098999999999 0.992509000000061 0.985434000000063 0.000407 0.133082
"52" 51 1.03240343726366 0.0495499999999999 0.000267 0.593441999999991 0.000139 0.594305999999994 0.0332060000000001 0.296201999999999 0.004382 0.004596 0 0.005704 0.591518999999994 0.993629000000058 0.986470000000061 0.000667 0.151549000000001
"53" 52 1.03346061838348 0.0511549999999998 0.000534 0.601168000000004 0.000307 0.601875999999995 0.0359380000000001 0.313949999999996 0.004204 0.005153 0 0.006452 0.592886000000002 0.994685000000057 0.988056000000058 0.000933 0.171827000000002
"54" 53 1.03435662873968 0.0532259999999999 0.000376 0.609455 0.00021 0.612465000000001 0.038124 0.333071999999994 0.0046 0.00718200000000001 0 0.007044 0.586558999999998 0.994332000000061 0.987498000000062 0.000843 0.193872000000004
"55" 54 1.03539201972511 0.0533609999999999 0.000427 0.630749000000007 0.000268 0.626070000000004 0.040672 0.349842999999991 0.00627700000000001 0.008916 0 0.008693 0.586540999999998 0.994665000000057 0.98845000000006 0.000733 0.217374000000004
"56" 55 1.03646261507356 0.0534769999999999 0.000468 0.636797000000009 0.000274 0.633123000000006 0.045223 0.368422999999991 0.00757 0.011486 0 0.010337 0.592227000000005 0.995182000000055 0.989047000000056 0.001126 0.233159000000005
"57" 56 1.03747627551116 0.0561739999999999 0.000352 0.646065000000011 0.000103 0.641064000000009 0.0475109999999999 0.38472799999999 0.0091 0.013815 0 0.012317 0.595042000000002 0.99528400000006 0.989572000000063 0.000936 0.249783000000005
"58" 57 1.0383799173472 0.0567879999999999 0.000369 0.659970000000012 0.000165 0.658480000000009 0.0520759999999999 0.398539999999989 0.009565 0.016904 0 0.014161 0.600089 0.996312000000058 0.990603000000062 0.001068 0.275065000000002
"59" 58 1.0393705317884 0.0590099999999998 0.000579 0.667907000000012 0.000267 0.66905800000001 0.050988 0.410086999999987 0.010359 0.020903 0 0.018286 0.598415 0.997089000000061 0.991231000000064 0.000718 0.298315999999999
"60" 59 1.04035377631154 0.0559499999999999 0.000667 0.671066000000013 0.00043 0.682677000000017 0.0578759999999999 0.427709999999986 0.013121 0.025409 0 0.0235030000000001 0.599004000000002 0.998301000000057 0.99288100000006 0.000935 0.323692999999994
"61" 60 1.04134523346042 0.054437 0.001136 0.681939000000014 0.000763 0.693715000000017 0.0652309999999998 0.438746999999984 0.014735 0.0300350000000001 0 0.0271950000000001 0.596231 0.99906500000006 0.993517000000064 0.001201 0.344197999999993
"62" 61 1.04236471044404 0.0546909999999999 0.001064 0.68534900000001 0.00155 0.710162000000014 0.0697329999999999 0.466164999999982 0.017201 0.034968 0 0.0314220000000001 0.595731999999997 0.999883000000047 0.993888000000052 0.001002 0.368003999999992
"63" 62 1.04328094902457 0.0566629999999999 0.001545 0.692943000000018 0.001736 0.71980600000002 0.0768509999999997 0.484254999999983 0.021009 0.038939 0 0.0380200000000001 0.597592000000003 1.00042200000005 0.995057000000058 0.001135 0.386433999999989
"64" 63 1.04427936889284 0.0590129999999999 0.002295 0.702119000000013 0.001973 0.73061500000002 0.0858659999999994 0.495686999999983 0.023015 0.040744 0 0.039891 0.601393999999999 1.00061000000005 0.995693000000055 0.001458 0.401982999999988
"65" 64 1.04534244529043 0.0606329999999999 0.002989 0.707731000000018 0.002045 0.743881000000024 0.0930769999999997 0.502918999999978 0.02634 0.047488 0 0.045949 0.602527000000001 1.00055500000006 0.99560000000006 0.001401 0.422828999999987
"66" 65 1.04644737225516 0.0605069999999999 0.003321 0.710284000000017 0.002912 0.747196000000025 0.0986469999999995 0.512544999999982 0.0288100000000001 0.0535269999999998 0 0.0502999999999998 0.605135000000005 1.00057300000006 0.995453000000062 0.00171 0.435722999999984
"67" 66 1.04740591804821 0.058935 0.004222 0.71805100000002 0.003724 0.758031000000027 0.10495 0.529255999999985 0.0351540000000001 0.0614949999999999 0 0.0576089999999999 0.609262000000001 1.00054900000006 0.995914000000059 0.002253 0.458819999999985
"68" 67 1.04828783383126 0.0552769999999999 0.005256 0.726252000000016 0.004388 0.763269000000023 0.112624999999999 0.540552999999988 0.038613 0.0684669999999998 0 0.0641449999999999 0.612649000000003 1.00071200000005 0.996827000000055 0.002866 0.473100999999984
"69" 68 1.0493067696058 0.0535 0.00615300000000001 0.731490000000019 0.005047 0.771062000000024 0.118073999999999 0.554882999999994 0.0431579999999999 0.0768029999999996 0 0.0718469999999998 0.615183000000004 1.00085500000005 0.997113000000052 0.002597 0.489266999999982
"70" 69 1.05026583599327 0.0528169999999999 0.00745400000000001 0.736606000000022 0.004998 0.77678300000003 0.123763999999999 0.562983999999991 0.04632 0.0812949999999995 0 0.0761719999999996 0.619118000000002 1.00082300000006 0.997163000000061 0.002491 0.508820999999981
"71" 70 1.0514263797421 0.0544519999999999 0.008173 0.738550000000015 0.004893 0.785584000000027 0.132679 0.577163999999997 0.0512779999999999 0.0857489999999997 0 0.0826529999999997 0.623946000000003 1.00087100000005 0.997235000000053 0.002829 0.525642999999987
"72" 71 1.05252196602985 0.0526289999999999 0.008896 0.740903000000017 0.00640100000000001 0.787823000000026 0.143793000000001 0.584385999999997 0.0522829999999998 0.0881299999999997 0 0.0886819999999996 0.623889000000002 1.00077500000005 0.997268000000051 0.002297 0.540713999999989
"73" 72 1.05365447966535 0.0535399999999999 0.008433 0.747171000000024 0.00769300000000001 0.794565000000031 0.152879000000001 0.596965999999995 0.0584399999999999 0.0937519999999995 0 0.0965939999999996 0.624818000000004 1.00078300000005 0.997472000000057 0.00249 0.558147999999989
"74" 73 1.0544837057409 0.0545739999999999 0.00809600000000001 0.741867000000021 0.008258 0.799785000000033 0.154593000000002 0.609652000000002 0.0597439999999999 0.0999159999999991 0 0.105474999999999 0.627383000000007 1.00080300000005 0.997469000000056 0.002608 0.571276999999995
"75" 74 1.05539477966272 0.0552959999999998 0.009006 0.740454000000021 0.008554 0.802888000000032 0.159232000000002 0.615299 0.0638619999999998 0.102354999999999 0 0.112649999999999 0.632030000000006 1.00075500000005 0.997704000000054 0.002162 0.584822999999999
"76" 75 1.05622115377525 0.0565569999999999 0.011928 0.743359000000019 0.009183 0.807660000000027 0.165814000000002 0.638141000000006 0.0698219999999998 0.112881999999999 0 0.124555999999999 0.632769000000007 1.00073900000005 0.997652000000052 0.0028 0.601511000000002
"77" 76 1.05686650490026 0.0553279999999999 0.01234 0.745518000000019 0.010305 0.81440600000003 0.170342000000002 0.647997000000009 0.0772399999999996 0.120133999999999 0 0.132706 0.635361000000011 1.00071800000005 0.997202000000048 0.00262 0.607938000000003
"78" 77 1.05750168166975 0.0586159999999999 0.013443 0.747143000000021 0.009864 0.820220000000028 0.177314000000002 0.658975000000009 0.0850709999999994 0.124712999999999 0 0.137034 0.629902000000007 1.00071100000004 0.997231000000045 0.002706 0.621809000000003
"79" 78 1.0584418006648 0.0593089999999999 0.013704 0.745382000000015 0.009314 0.830691000000022 0.184186000000003 0.667856000000008 0.0921559999999995 0.132147 0 0.146620000000001 0.633164000000002 1.00081200000005 0.996991000000052 0.002983 0.632515000000007
"80" 79 1.05974368407967 0.0595729999999999 0.014512 0.746832000000022 0.009419 0.837866000000035 0.192193000000003 0.675131000000016 0.0957169999999994 0.147277 0 0.155110000000001 0.637059000000008 1.00073600000005 0.996926000000054 0.003174 0.644888000000012
"81" 80 1.06081402520064 0.0576609999999999 0.017744 0.749195000000021 0.009519 0.843906000000035 0.196817000000004 0.685711000000017 0.101949999999999 0.155034000000001 0 0.163460000000002 0.631146000000006 1.00071100000005 0.997429000000049 0.003164 0.653788000000006
"82" 81 1.0615173448994 0.055876 0.017802 0.74484400000001 0.01167 0.844630000000021 0.198065000000004 0.691995000000012 0.110807999999999 0.162713000000002 0 0.170127000000002 0.630825000000005 1.00065000000003 0.99702400000004 0.003675 0.664918000000012
"83" 82 1.06212665585541 0.0561089999999999 0.021797 0.749562000000022 0.011721 0.847859000000031 0.213546000000004 0.699954000000016 0.115068999999999 0.169076000000002 0 0.178322000000002 0.635687000000008 1.00065100000004 0.997179000000049 0.00336 0.672195000000004
"84" 83 1.06288395216108 0.0542879999999999 0.025904 0.747076000000025 0.012582 0.848043000000037 0.218508000000004 0.712001000000017 0.128948999999999 0.181921000000003 0 0.189869000000003 0.633797000000007 1.00064000000005 0.99700200000005 0.002998 0.679236000000017
"85" 84 1.06352380830033 0.0563029999999999 0.0291090000000001 0.749570000000027 0.013781 0.852053000000034 0.228250000000004 0.723622000000023 0.134799 0.194396000000002 0 0.201669000000003 0.638729000000012 1.00070400000005 0.996945000000052 0.004467 0.685936000000013
"86" 85 1.06410130172829 0.0585789999999999 0.034174 0.754847000000026 0.015856 0.854002000000035 0.231803000000004 0.727049000000026 0.140816000000001 0.198960000000003 0 0.207184000000004 0.641170000000008 1.00066300000005 0.997276000000052 0.003908 0.694779000000015
"87" 86 1.06559210765206 0.057833 0.037588 0.753714000000019 0.016769 0.86496700000003 0.236726000000005 0.734467000000019 0.150367000000001 0.205647000000003 0 0.210921000000003 0.641182000000006 1.00067400000005 0.99717900000005 0.004572 0.709312000000013
"88" 87 1.06639449850917 0.0600499999999999 0.039353 0.749339000000021 0.018574 0.864945000000033 0.240270000000005 0.74243400000002 0.157267000000001 0.212153000000004 0 0.215698000000004 0.641443000000007 1.00066500000005 0.997015000000049 0.004709 0.718446000000019
"89" 88 1.06735745274137 0.0618699999999999 0.044164 0.751943000000027 0.019615 0.867458000000031 0.245611000000005 0.755231000000025 0.168409000000002 0.220741000000004 0 0.223496000000004 0.638352000000008 1.00063300000005 0.997541000000052 0.003832 0.728877000000019
"90" 89 1.06845469620284 0.0633319999999999 0.049126 0.757463000000022 0.021374 0.87003100000003 0.252053000000005 0.760679000000022 0.172788000000002 0.230667000000005 0 0.230080000000004 0.631475000000009 1.00064300000005 0.99718300000005 0.004961 0.73282600000002
"91" 90 1.06941737388417 0.064145 0.0545679999999999 0.754914000000024 0.022101 0.873541000000035 0.259165000000003 0.764047000000022 0.180578000000002 0.232619000000005 0 0.239200000000004 0.632023000000003 1.00071100000004 0.997247000000047 0.004281 0.743047000000023
"92" 91 1.07058945532599 0.0622319999999999 0.0564809999999999 0.753111000000023 0.024705 0.875810000000035 0.265776000000003 0.776090000000026 0.186359000000003 0.238190000000004 0 0.241067000000004 0.621999000000006 1.00056400000005 0.997256000000053 0.004312 0.747220000000023
"93" 92 1.07111939710643 0.0655679999999999 0.0623419999999999 0.75187000000002 0.026497 0.882657000000037 0.281718999999999 0.782322000000029 0.191486000000003 0.243970000000004 0 0.250797000000005 0.622686000000004 1.00055400000005 0.997172000000052 0.004268 0.748972000000017
"94" 93 1.07201378180307 0.0642989999999999 0.0686929999999999 0.749356000000025 0.026632 0.881320000000032 0.290106999999998 0.78967000000003 0.200886000000003 0.256171000000004 0 0.258457000000004 0.619199000000005 1.00060800000005 0.997255000000053 0.004181 0.758471000000018
"95" 94 1.0728810409526 0.0664679999999998 0.0781969999999997 0.749519000000021 0.026092 0.884511000000034 0.299594999999997 0.799163000000029 0.210032000000003 0.261384000000003 0 0.265976000000002 0.620324000000002 1.00066000000004 0.997301000000041 0.004644 0.760497000000019
"96" 95 1.073597725488 0.0623209999999999 0.0818809999999999 0.755793000000022 0.025196 0.888654000000031 0.304812999999996 0.807731000000027 0.216887000000004 0.273524000000001 0 0.275601 0.614986000000004 1.00053500000004 0.997034000000044 0.006041 0.768702000000027
"97" 96 1.07436534786176 0.0643199999999999 0.0875829999999997 0.755701000000022 0.0263230000000001 0.890748000000036 0.310876999999995 0.814406000000031 0.222542000000004 0.278621000000001 0 0.280277 0.611319000000006 1.00062500000005 0.99750800000005 0.006152 0.774912000000025
"98" 97 1.07510236249045 0.0646559999999999 0.0924749999999996 0.761554000000021 0.025842 0.894969000000028 0.318838999999996 0.817391000000029 0.236926000000004 0.289130999999999 0 0.292063999999998 0.604644999999999 1.00056100000004 0.997472000000044 0.006425 0.777266000000021
"99" 98 1.07600222316789 0.0669519999999998 0.0960609999999995 0.76395400000003 0.025329 0.898738000000042 0.325973999999994 0.816647000000038 0.237888000000004 0.290160999999997 0 0.295406999999997 0.61157500000001 1.00054300000005 0.997203000000049 0.007758 0.782943000000028
"100" 99 1.07680599682865 0.061485 0.0996399999999994 0.764947000000018 0.0242280000000001 0.903882000000031 0.330184999999995 0.824186000000027 0.249763000000004 0.300920999999996 0 0.300761999999996 0.607068 1.00055900000004 0.997252000000038 0.00722400000000001 0.791796000000023
"101" 100 1.07782465530169 0.0594739999999999 0.108727 0.767092000000015 0.022034 0.908337000000037 0.339302999999995 0.82837700000003 0.253438000000004 0.308256999999997 0 0.312029999999998 0.599069000000003 1.00054100000004 0.997256000000046 0.00777200000000001 0.796697000000023
"102" 101 1.07916654699759 0.059013 0.112967999999999 0.770333000000021 0.02332 0.913996000000033 0.347618999999994 0.837059000000026 0.265040000000002 0.317303999999996 0 0.318602999999997 0.601886 1.00056900000004 0.997190000000047 0.008841 0.799716000000024
"103" 102 1.07985397608807 0.0575769999999999 0.122955 0.776991000000022 0.022608 0.918321000000033 0.355578999999992 0.841380000000029 0.272279000000002 0.333514999999993 0 0.328322999999995 0.59633 1.00058700000004 0.997206000000042 0.010086 0.80236300000002
"104" 103 1.08066818598608 0.0574079999999999 0.130471 0.780404000000022 0.024918 0.922749000000034 0.361269999999992 0.845753000000031 0.276084999999999 0.344815999999993 0 0.336559999999994 0.590976999999999 1.00052700000004 0.997382000000044 0.011362 0.811620000000024
"105" 104 1.08140736302534 0.0564819999999999 0.140459 0.781656000000023 0.025538 0.930047000000033 0.369712999999992 0.856893000000034 0.298413999999998 0.358365999999992 0 0.354017999999993 0.589367999999997 1.00049300000004 0.997218000000042 0.012648 0.816208000000026
"106" 105 1.08271586593464 0.054814 0.150258000000001 0.783102000000024 0.024774 0.933878000000028 0.380282999999989 0.866379000000028 0.307570999999994 0.357036999999991 0 0.366265999999989 0.592504000000002 1.00047600000003 0.996927000000035 0.012887 0.820004000000027
"107" 106 1.0831695238825 0.05286 0.163011000000001 0.778730000000023 0.027664 0.936935000000038 0.390309999999989 0.871914000000035 0.319785999999994 0.366052999999992 0 0.375285999999992 0.592652000000001 1.00049100000004 0.997348000000044 0.012904 0.822374000000026
"108" 107 1.08385300385212 0.0548149999999999 0.172555000000002 0.781706000000015 0.026911 0.938471000000025 0.403487999999987 0.879374000000024 0.324972999999995 0.372658999999992 0 0.387163999999991 0.59307 1.00047800000003 0.996947000000037 0.014328 0.827496000000025
"109" 108 1.08455859215766 0.0550369999999999 0.181570000000001 0.78251300000002 0.029035 0.941941000000035 0.41400599999999 0.885119000000034 0.334097999999993 0.384718999999991 0 0.39982599999999 0.587591000000001 1.00045700000004 0.997403000000041 0.016078 0.841115000000028
"110" 109 1.08531452949643 0.054787 0.194329000000002 0.784800000000019 0.029234 0.946093000000033 0.427817999999986 0.892371000000031 0.348514999999993 0.388899999999991 0 0.40693199999999 0.583603000000001 1.00050200000004 0.997152000000042 0.016018 0.848178000000027
"111" 110 1.08665055168228 0.0551419999999999 0.205111000000002 0.789204000000021 0.027726 0.946200000000032 0.439296999999987 0.894214000000032 0.358696999999993 0.404004999999991 0 0.41600699999999 0.578521999999996 1.00045500000004 0.997231000000038 0.017676 0.852297000000027
"112" 111 1.08761984397442 0.0557810000000001 0.213277000000003 0.797645000000021 0.028121 0.948540000000031 0.445722999999987 0.896638000000031 0.373362999999992 0.409389999999989 0 0.42170899999999 0.579815999999998 1.00047500000004 0.99730700000004 0.018743 0.851556000000026
"113" 112 1.08873682955422 0.0564379999999999 0.225804000000003 0.799537000000016 0.028696 0.949972000000029 0.455254999999985 0.89976000000003 0.385982999999992 0.417475999999991 0 0.430908999999989 0.582876000000002 1.00046400000004 0.997136000000038 0.01823 0.859919000000029
"114" 113 1.09023275395807 0.054136 0.234699000000003 0.802892000000026 0.029712 0.951866000000037 0.463111999999984 0.900123000000036 0.393832999999989 0.430999999999986 0 0.436060999999987 0.583735000000001 1.00047600000004 0.997101000000045 0.017683 0.860681000000025
"115" 114 1.09159881559882 0.0510629999999999 0.246733000000003 0.80781000000002 0.031278 0.954498000000032 0.471792999999984 0.905127000000032 0.403317999999989 0.436581999999987 0 0.442529999999987 0.581854999999999 1.00043900000004 0.996834000000041 0.018623 0.861104000000025
"116" 115 1.09226359927756 0.052078 0.252766000000003 0.811080000000026 0.032575 0.954793000000035 0.475610999999985 0.905810000000035 0.408588999999989 0.440318999999987 0 0.443438999999987 0.574961 1.00048700000004 0.996926000000045 0.020392 0.860422000000027
"117" 116 1.09339518436646 0.052751 0.258122000000001 0.820550000000021 0.034156 0.956176000000028 0.479615999999988 0.90677500000003 0.421264999999991 0.44915799999999 0 0.455058999999989 0.574636 1.00043900000003 0.997023000000036 0.021641 0.864795000000022
"118" 117 1.09462634734409 0.051398 0.268133 0.821345000000018 0.033314 0.958189000000026 0.483222999999988 0.912516000000025 0.426665999999991 0.460643999999991 0 0.47058599999999 0.573278000000001 1.00037000000003 0.996952000000032 0.02215 0.870498000000017
"119" 118 1.09575381248189 0.0491719999999999 0.275620999999999 0.820708000000019 0.0346240000000001 0.958197000000031 0.48281399999999 0.916909000000029 0.436328999999991 0.468557999999991 0 0.47962799999999 0.573280000000001 1.00048800000004 0.997307000000038 0.021888 0.873220000000023
"120" 119 1.09739525169302 0.0494929999999999 0.285019999999999 0.823787000000023 0.03488 0.96188100000003 0.488226999999987 0.919320000000029 0.44018499999999 0.479811999999989 0 0.489779999999988 0.577653 1.00043100000003 0.996914000000037 0.022256 0.884804000000019
"121" 120 1.09807892893486 0.0508 0.296381999999998 0.824107000000016 0.034485 0.960872000000021 0.496007999999988 0.922606000000023 0.447022999999991 0.48712199999999 0 0.49709899999999 0.578985 1.00040500000002 0.997144000000029 0.023067 0.887209000000021
"122" 121 1.09862137992578 0.050156 0.303065999999997 0.821325000000018 0.038256 0.958566000000026 0.502658999999987 0.929993000000026 0.460908999999991 0.499880999999989 0 0.509850999999988 0.577729999999999 1.00044300000003 0.997081000000031 0.024431 0.891240000000022
"123" 122 1.10024514232534 0.049334 0.311759999999996 0.821053000000023 0.039736 0.958518000000033 0.510603999999991 0.931590000000031 0.474520999999989 0.505269999999989 0 0.511653999999991 0.587295 1.00046100000004 0.997195000000038 0.023369 0.898590000000021
"124" 123 1.10165015537213 0.048602 0.321960999999997 0.818944000000019 0.040745 0.957416000000029 0.51716599999999 0.933116000000029 0.47735999999999 0.512486999999993 0 0.517433999999994 0.595402000000003 1.00039400000003 0.996971000000033 0.024935 0.901330000000019
"125" 124 1.10234089001958 0.04502 0.333672999999997 0.819386000000015 0.042293 0.961201000000025 0.523988999999991 0.935497000000025 0.483376999999989 0.522220999999991 0 0.52733599999999 0.597909000000001 1.00044900000003 0.997210000000034 0.025466 0.907929000000025
"126" 125 1.10401314114978 0.045523 0.335568999999996 0.817088000000016 0.045194 0.960414000000024 0.519644999999991 0.937609000000024 0.487690999999991 0.522432999999994 0 0.532497999999995 0.601649000000001 1.00041400000003 0.997193000000029 0.027126 0.910914000000025
"127" 126 1.10598159658047 0.0474999999999999 0.344878999999996 0.818689000000011 0.044252 0.959473000000022 0.525980999999992 0.939815000000023 0.491623999999989 0.523307999999994 0 0.534047999999995 0.594426000000002 1.00036700000003 0.997126000000031 0.027427 0.91451900000002
"128" 127 1.1074381743432 0.04695 0.344813999999995 0.820948000000015 0.044377 0.958856000000022 0.524570999999993 0.939166000000021 0.498522999999991 0.533043999999992 0 0.540468999999994 0.598874000000002 1.00041300000002 0.997184000000027 0.027046 0.920559000000025
"129" 128 1.10805280252999 0.047718 0.355645999999995 0.823903000000018 0.041461 0.957436000000026 0.529971999999993 0.940330000000027 0.509190999999989 0.542653999999997 0 0.549569999999999 0.590992000000002 1.00039200000003 0.997073000000033 0.027289 0.923790000000024
"130" 129 1.1096206972456 0.044722 0.365434999999994 0.828925000000018 0.039371 0.957103000000026 0.533508999999993 0.938036000000027 0.514034999999993 0.551879999999997 0 0.558460999999999 0.582346 1.00038200000003 0.997010000000031 0.029673 0.926021000000024
"131" 130 1.11089676104746 0.046709 0.373469999999994 0.835199000000024 0.03897 0.955858000000028 0.539954999999997 0.94306700000003 0.516019999999993 0.554654 0 0.568479999999999 0.576212000000001 1.00036800000003 0.996855000000033 0.0303930000000001 0.931903000000026
"132" 131 1.11228649289556 0.0461599999999999 0.380294999999994 0.83540700000002 0.039366 0.956629000000026 0.540521999999996 0.944311000000028 0.518945999999991 0.556064999999999 0 0.569913 0.570889 1.00038900000003 0.997043000000035 0.0335550000000001 0.936353000000028
"133" 132 1.11351556947025 0.046558 0.388812999999995 0.832638000000015 0.04244 0.959579000000021 0.540874999999997 0.942462000000021 0.525091999999994 0.558694000000002 0 0.573534000000001 0.566377999999999 1.00033300000002 0.996879000000026 0.0348660000000001 0.937752000000026
"134" 133 1.11497984244413 0.048048 0.394043999999994 0.828483000000018 0.042602 0.960752000000024 0.541257999999993 0.943657000000024 0.530295999999993 0.556625000000001 0 0.583403000000001 0.572465 1.00033400000003 0.99711500000003 0.0336510000000001 0.93881900000002
"135" 134 1.11580158258804 0.050552 0.403290999999993 0.830118000000014 0.042947 0.962570000000022 0.548019999999994 0.944382000000023 0.536448999999994 0.557782999999994 0 0.588654999999997 0.574233999999996 1.00037800000003 0.997072000000028 0.0347280000000001 0.940465000000022
"136" 135 1.11813695530042 0.052697 0.414859999999993 0.832109000000018 0.041158 0.961275000000025 0.561091000000002 0.944629000000026 0.545287000000002 0.564465000000004 0 0.596398000000007 0.571917000000002 1.00036700000003 0.99697900000003 0.0363230000000001 0.942773000000019
"137" 136 1.11927969126877 0.0548169999999999 0.427121999999994 0.831125000000012 0.041555 0.96393800000002 0.569306 0.946992000000021 0.549320999999998 0.570848999999999 0 0.603574000000004 0.57861 1.00031900000002 0.997170000000024 0.03861 0.940610000000027
"138" 137 1.12114776907352 0.0559839999999999 0.433433999999994 0.833858000000014 0.041611 0.96661700000002 0.579159999999999 0.948579000000019 0.558878999999998 0.579375999999999 0 0.610320000000001 0.575124 1.00032900000002 0.997127000000027 0.041599 0.942371000000021
"139" 138 1.12196732809274 0.0581049999999999 0.437664999999993 0.834925000000018 0.042847 0.964822000000023 0.576384000000001 0.949631000000023 0.569035999999999 0.585971 0 0.611245 0.574685 1.00035700000003 0.996914000000029 0.042837 0.949804000000026
"140" 139 1.12308031968224 0.058676 0.451544999999994 0.838445000000018 0.042724 0.96462300000002 0.591261 0.953675000000021 0.577424000000002 0.598774000000005 0 0.619427000000008 0.568619 1.00033000000002 0.997030000000026 0.043664 0.955062000000024
"141" 140 1.12439769289725 0.057879 0.459573999999992 0.842039000000016 0.0401489999999999 0.965252000000022 0.596635000000002 0.955975000000023 0.585644000000001 0.604439000000004 0 0.632441000000004 0.565664999999997 1.00034000000002 0.997076000000027 0.046702 0.957091000000023
"142" 141 1.12580881200186 0.0584649999999999 0.461306999999992 0.842038000000017 0.040111 0.967191000000024 0.595410000000006 0.960609000000024 0.588154000000004 0.610655000000006 0 0.633779000000009 0.563638000000001 1.00035900000003 0.997002000000031 0.046865 0.958506000000024
"143" 142 1.1272442182372 0.0589829999999999 0.467081999999993 0.843990000000013 0.03742 0.968989000000019 0.602197000000003 0.960314000000019 0.599724000000006 0.620682000000007 0 0.646462000000008 0.558592999999998 1.00031400000002 0.996799000000025 0.048728 0.958549000000025
"144" 143 1.12898355606596 0.056921 0.473543999999992 0.843100000000016 0.039105 0.97210200000002 0.610201000000003 0.96081600000002 0.602999000000005 0.623618000000007 0 0.652009000000008 0.560062999999999 1.00034300000002 0.996905000000026 0.0530769999999999 0.961427000000025
"145" 144 1.13114217262518 0.0572509999999999 0.486119999999992 0.84392000000002 0.035907 0.972170000000023 0.621488000000008 0.961927000000024 0.607601000000006 0.629402000000007 0 0.660932000000009 0.563182999999998 1.00029700000002 0.996906000000027 0.057043 0.961348000000026
"146" 145 1.13211495489367 0.0585879999999999 0.491476999999991 0.844526000000016 0.03732 0.971413000000019 0.625238000000007 0.963659000000019 0.612136000000007 0.633102000000006 0 0.666556000000008 0.5616 1.00034800000002 0.996916000000024 0.056422 0.962509000000024
"147" 146 1.13278516694699 0.058572 0.498834999999993 0.850652000000011 0.036685 0.97273400000002 0.625854000000003 0.96462000000002 0.609784 0.639481000000001 0 0.671108000000002 0.554196 1.00034400000002 0.997304000000024 0.0614909999999999 0.962692000000019
"148" 147 1.13453532002994 0.0614639999999999 0.508416999999993 0.851084000000013 0.036084 0.974915000000019 0.635147 0.96666300000002 0.615677 0.644735000000003 0 0.676276000000004 0.555644999999999 1.00032700000002 0.996837000000025 0.064123 0.96581800000002
"149" 148 1.13608736434777 0.0617879999999999 0.510795999999996 0.852551000000011 0.037489 0.97694600000002 0.633268000000005 0.965598000000021 0.616933000000004 0.649757000000005 0 0.680327000000008 0.553633999999999 1.00032700000002 0.996962000000023 0.063728 0.966913000000021
"150" 149 1.13660201192384 0.0630979999999999 0.522830999999994 0.855213000000016 0.035876 0.97727100000002 0.640885000000001 0.96699200000002 0.626313 0.661788000000004 0 0.691062000000008 0.560755999999995 1.00031200000002 0.997116000000023 0.066198 0.969260000000025
"151" 150 1.13936395481284 0.0647559999999999 0.531589999999995 0.859210000000011 0.035068 0.977451000000016 0.648055 0.967506000000016 0.633022999999999 0.666621000000002 0 0.698628000000003 0.560921999999996 1.00030500000002 0.996943000000021 0.0706219999999999 0.972453000000022
"152" 151 1.14003731891015 0.062904 0.539881999999994 0.86084100000002 0.035574 0.978681000000024 0.658119000000006 0.968883000000025 0.640117000000005 0.674696000000009 0 0.704815000000011 0.562056 1.00026000000003 0.996890000000028 0.071023 0.974034000000022
"153" 152 1.14112491451242 0.0611419999999999 0.545410999999999 0.860991000000012 0.03247 0.979545000000016 0.662891000000003 0.970297000000015 0.651695000000003 0.683942000000005 0 0.714822000000006 0.560313999999999 1.00027500000002 0.996883000000019 0.0704069999999999 0.974072000000021
"154" 153 1.14290392825416 0.058063 0.55593 0.861594000000013 0.029439 0.979332000000016 0.668204000000008 0.969308000000018 0.653421000000008 0.682927000000008 0 0.712776000000011 0.560753000000002 1.00028700000002 0.997071000000021 0.0706269999999999 0.974065000000022
"155" 154 1.14561946798771 0.0604609999999999 0.555871000000001 0.859897000000012 0.033928 0.980192000000019 0.663904000000007 0.971817000000021 0.655469000000008 0.686131000000007 0 0.710653000000009 0.557647999999999 1.00028300000002 0.996762000000023 0.0693579999999999 0.976832000000019
"156" 155 1.1469231829423 0.059181 0.561622 0.863002000000012 0.032822 0.979482000000017 0.664751000000007 0.970543000000016 0.660711000000006 0.690374000000006 0 0.714841000000006 0.550596999999995 1.00024500000002 0.996889000000021 0.070889 0.977707000000016
"157" 156 1.1473486914432 0.0597249999999999 0.568227000000002 0.868259000000017 0.031355 0.980162000000019 0.668603000000009 0.97039000000002 0.663973000000008 0.697621000000009 0 0.715718000000009 0.550852999999999 1.00030500000002 0.997083000000022 0.0731369999999999 0.978904000000023
"158" 157 1.14931754179773 0.061072 0.571281999999998 0.868697000000012 0.030578 0.980352000000015 0.672108000000007 0.971935000000016 0.663717000000004 0.704795000000007 0 0.720546000000007 0.547820999999995 1.00023300000002 0.996879000000018 0.074348 0.980150000000019
"159" 158 1.15061741993753 0.0624809999999999 0.576011999999998 0.867432000000015 0.03268 0.979177000000019 0.674648000000007 0.975283000000019 0.668370000000006 0.707607000000009 0 0.724187000000009 0.544018999999998 1.00025800000002 0.997071000000021 0.0740709999999999 0.983170000000018
"160" 159 1.15165412623291 0.0628939999999999 0.585304999999999 0.87390800000001 0.030572 0.979728000000016 0.677248000000004 0.974459000000016 0.677265000000001 0.712887000000003 0 0.728306000000005 0.547429999999998 1.00021000000002 0.99701200000002 0.076846 0.984208000000017
"161" 160 1.15275510757761 0.0613979999999999 0.588855999999997 0.875045000000009 0.0313080000000001 0.979026000000014 0.675983000000004 0.974697000000014 0.683082000000005 0.716908000000005 0 0.731862000000005 0.550476999999998 1.00021900000001 0.997102000000018 0.0819789999999999 0.985572000000019
"162" 161 1.15357702196933 0.0600369999999999 0.581016999999999 0.872519000000012 0.030301 0.978410000000016 0.669998000000006 0.974172000000016 0.693810000000005 0.720334000000009 0 0.73506200000001 0.554356999999996 1.00023100000002 0.99668100000002 0.0834069999999999 0.986776000000018
"163" 162 1.1558530294337 0.0625359999999999 0.591820000000003 0.872967000000013 0.030589 0.978221000000016 0.679152000000009 0.972861000000016 0.700542000000007 0.71642200000001 0 0.736229000000012 0.550401999999998 1.00026900000002 0.997031000000019 0.0831929999999999 0.98685900000002
"164" 163 1.1565476971044 0.0621629999999999 0.598712000000001 0.875579000000015 0.031583 0.977190000000018 0.68206700000001 0.975806000000019 0.705738000000008 0.722851000000007 0 0.73871500000001 0.550273999999998 1.00023400000002 0.996937000000022 0.0867859999999998 0.988712000000017
"165" 164 1.1583530680596 0.062245 0.606430000000002 0.874141000000011 0.0313360000000001 0.976511000000012 0.688089000000004 0.976873000000014 0.710636000000005 0.721681000000005 0 0.745253000000005 0.550672999999995 1.00022500000001 0.996840000000016 0.0887729999999998 0.988741000000017
"166" 165 1.15976046703731 0.064394 0.618807000000002 0.87211100000001 0.033679 0.976525000000016 0.694813000000008 0.979130000000016 0.715178000000007 0.725237000000008 0 0.748195000000007 0.553951999999994 1.00021700000002 0.99703900000002 0.0887239999999999 0.987450000000014
"167" 166 1.16154301887517 0.064028 0.621039000000001 0.877063000000012 0.032717 0.979197000000016 0.697517000000005 0.980459000000016 0.718573000000007 0.732060000000008 0 0.756272000000006 0.548193 1.00018800000002 0.997033000000021 0.0891159999999998 0.988144000000016
"168" 167 1.16230847572462 0.0618289999999999 0.628009 0.877325000000009 0.034905 0.981289000000016 0.701883000000007 0.980838000000016 0.723982000000005 0.731147000000006 0 0.760165000000006 0.545909999999996 1.00026700000002 0.996848000000019 0.0868119999999999 0.988106000000017
"169" 168 1.16358120350556 0.0621269999999999 0.631818000000004 0.879475000000013 0.034665 0.982175000000014 0.702563000000008 0.979750000000014 0.73285900000001 0.738997000000009 0 0.77231600000001 0.546862 1.00019300000001 0.996720000000018 0.0891039999999998 0.988215000000015
"170" 169 1.16503800717236 0.056325 0.635551 0.87793200000001 0.036021 0.981115000000014 0.707926000000004 0.982451000000015 0.734795000000005 0.737823000000008 0 0.776141000000008 0.549044 1.00019900000002 0.997015000000017 0.0887669999999999 0.987487000000014
"171" 170 1.16663993443224 0.057364 0.643987999999999 0.881567000000011 0.034235 0.981331000000014 0.716835000000005 0.984353000000014 0.742104000000007 0.743120000000006 0 0.779413000000006 0.540227999999991 1.00021200000001 0.996929000000016 0.0914519999999999 0.988652000000017
"172" 171 1.16768757709338 0.0581569999999999 0.648570000000005 0.87944400000001 0.037174 0.981811000000016 0.72324900000001 0.985596000000017 0.743296000000009 0.746714000000008 0 0.777172000000009 0.545948999999993 1.00023300000002 0.996995000000018 0.0895849999999998 0.988830000000017
"173" 172 1.16961542928318 0.057796 0.649478000000005 0.878697000000011 0.038881 0.979802000000019 0.722344000000008 0.985257000000018 0.746975000000007 0.747661000000008 0 0.778823000000008 0.543699999999991 1.00020000000002 0.99692700000002 0.0890599999999998 0.989575000000015
"174" 173 1.17191723244803 0.059517 0.658535000000005 0.880819000000012 0.040624 0.981115000000017 0.728426000000009 0.986551000000017 0.754227000000008 0.756420000000008 0 0.781551000000009 0.542053000000001 1.00020100000002 0.997052000000018 0.0917149999999999 0.988737000000018
"175" 174 1.17354971315285 0.060257 0.654295000000002 0.879929000000006 0.040799 0.981634000000013 0.725171000000005 0.987437000000013 0.760149000000005 0.760667000000005 0 0.785849000000006 0.546397 1.00022500000001 0.996926000000015 0.0896299999999998 0.988298000000018
"176" 175 1.17491220436983 0.059814 0.658315000000003 0.88184200000001 0.040685 0.981620000000019 0.729207000000005 0.987452000000019 0.763812000000007 0.767045000000007 0 0.788705000000007 0.544295999999994 1.00019300000002 0.99673700000002 0.0911269999999999 0.989398000000016
"177" 176 1.17694362757121 0.061833 0.658111000000005 0.888278000000014 0.037999 0.983667000000017 0.731180000000009 0.989160000000018 0.770545000000009 0.771075000000008 0 0.79153900000001 0.540684 1.00019800000002 0.996782000000019 0.091958 0.990252000000013
"178" 177 1.17732613425019 0.0632859999999999 0.664753000000006 0.891771000000012 0.036201 0.983374000000014 0.733520000000009 0.990321000000014 0.778038000000007 0.776621000000008 0 0.799239000000007 0.533503999999999 1.00021200000001 0.996846000000016 0.0937599999999999 0.990752000000017
"179" 178 1.17814202126124 0.0647319999999999 0.664459000000002 0.893163000000013 0.035237 0.982696000000015 0.731980000000005 0.991357000000016 0.779270000000005 0.783274000000006 0 0.799147000000005 0.532769999999998 1.00020800000002 0.996670000000017 0.0968989999999999 0.990829000000012
"180" 179 1.17907275345806 0.062822 0.673632000000008 0.895330000000014 0.034546 0.985192000000018 0.737353000000011 0.991284000000019 0.785478000000009 0.788453000000009 0 0.804112000000009 0.532726999999997 1.00019600000002 0.996815000000021 0.100161 0.991138000000012
"181" 180 1.18151343405774 0.0638369999999999 0.679189000000004 0.896302000000012 0.035907 0.986336000000014 0.741055000000006 0.991621000000014 0.784493000000006 0.791644000000006 0 0.802842000000005 0.531172999999998 1.00016700000001 0.996991000000017 0.103061 0.991340000000012
"182" 181 1.1833294202059 0.0654499999999999 0.689710000000005 0.896854000000012 0.035306 0.987473000000015 0.750844000000009 0.991123000000015 0.789029000000008 0.795740000000009 0 0.81178700000001 0.530858999999999 1.00012100000002 0.996868000000017 0.104971 0.990814000000014
"183" 182 1.18605817784891 0.0613899999999999 0.696624000000005 0.89875100000001 0.036818 0.987918000000012 0.754420000000007 0.991754000000014 0.797188000000008 0.800776000000009 0 0.816425000000008 0.520302999999996 1.00014700000001 0.996630000000016 0.110131 0.991966000000012
"184" 183 1.18758344866564 0.0601029999999999 0.703533000000007 0.898136000000016 0.039809 0.988538000000019 0.756753000000012 0.992096000000019 0.79743000000001 0.80138800000001 0 0.819501000000009 0.520351999999995 1.00020700000002 0.99677600000002 0.1168 0.992693000000011
"185" 184 1.18884703745504 0.063222 0.710973000000008 0.895313000000012 0.042603 0.988164000000017 0.761335000000012 0.992579000000017 0.79757500000001 0.802589000000009 0 0.820134000000011 0.522745999999996 1.00015200000002 0.996806000000019 0.11941 0.993329000000011
"186" 185 1.19151481020711 0.060149 0.713832000000008 0.896452000000014 0.042833 0.988989000000016 0.761358000000011 0.992364000000017 0.799845000000009 0.805102000000008 0 0.821498000000008 0.525266999999995 1.00016700000002 0.996990000000018 0.123766 0.994004000000011
"187" 186 1.19340812724055 0.056591 0.717816000000006 0.898942000000011 0.042783 0.990802000000016 0.764939000000011 0.991877000000016 0.801750000000009 0.806865000000009 0 0.824855000000009 0.522221999999998 1.00015600000002 0.996917000000018 0.122445 0.993865000000013
"188" 187 1.19662316873535 0.058252 0.728742000000008 0.898225000000012 0.043469 0.991587000000015 0.77425900000001 0.991124000000015 0.808907000000009 0.812218000000009 0 0.82620200000001 0.517350999999998 1.00014900000002 0.996608000000017 0.124867 0.994366000000012
"189" 188 1.19920428491033 0.060464 0.725068000000009 0.894463000000012 0.045218 0.991973000000015 0.770782000000012 0.991676000000016 0.806131000000009 0.816222000000007 0 0.828573000000006 0.515753999999997 1.00016200000002 0.996796000000017 0.126675 0.99499000000001
"190" 189 1.19922706979176 0.064453 0.725351000000007 0.896459000000012 0.046899 0.992108000000015 0.77247600000001 0.992016000000015 0.81114600000001 0.81873700000001 0 0.831386000000009 0.519228999999998 1.00013900000001 0.996946000000016 0.127705 0.994943000000009
"191" 190 1.20149600740782 0.066712 0.728473000000008 0.90274400000001 0.042544 0.993102000000013 0.776995000000009 0.992829000000013 0.823461000000008 0.826371000000009 0 0.839465000000008 0.517566999999996 1.00017300000001 0.996868000000015 0.132766 0.99471800000001
"192" 191 1.2032249601625 0.063744 0.734244000000007 0.903803000000009 0.043203 0.992400000000011 0.781483000000009 0.992727000000011 0.822919000000008 0.827304000000007 0 0.839256000000007 0.513798999999997 1.00013100000001 0.996793000000013 0.133882 0.994404000000012
"193" 192 1.20462912369102 0.0662919999999999 0.735547000000006 0.90746500000001 0.0408499999999999 0.992840000000014 0.782800000000009 0.993359000000014 0.828585000000008 0.827848000000006 0 0.847076000000006 0.513157999999995 1.00018100000001 0.996755000000014 0.133094 0.995074000000012
"194" 193 1.20689141718533 0.068482 0.741039000000005 0.912470000000006 0.03905 0.992906000000009 0.787014000000006 0.99403500000001 0.833820000000005 0.834347000000005 0 0.850275000000004 0.508225999999995 1.00012300000001 0.996922000000011 0.135096 0.995721000000013
"195" 194 1.20843141063366 0.07035 0.745353000000004 0.912437000000007 0.036809 0.993185000000009 0.789496000000006 0.99393400000001 0.833762000000005 0.833057000000006 0 0.858688000000006 0.501007999999993 1.00013300000001 0.996979000000011 0.135938 0.996418000000008
"196" 195 1.20946945321541 0.0705919999999999 0.752528000000007 0.91579200000001 0.034688 0.993540000000012 0.79672500000001 0.994529000000013 0.838234000000007 0.838957000000007 0 0.864833000000009 0.500029999999994 1.00012900000001 0.997014000000014 0.13792 0.997150000000011
"197" 196 1.21232501059446 0.073342 0.755684000000004 0.913114000000007 0.036514 0.99351500000001 0.798249000000004 0.994910000000011 0.832562000000004 0.840303000000004 0 0.861337000000005 0.498497999999994 1.00012400000001 0.996671000000012 0.139992 0.998079000000012
"198" 197 1.21478118106594 0.070309 0.760094000000004 0.915000000000007 0.036016 0.99318700000001 0.804319000000007 0.996342000000011 0.833543000000006 0.842594000000005 0 0.864251000000005 0.496972999999995 1.00015400000001 0.996927000000012 0.140495 0.997936000000011
"199" 198 1.21650374078071 0.0727329999999999 0.760189000000005 0.91631400000001 0.033809 0.992997000000014 0.805135000000007 0.996199000000014 0.827964000000008 0.841900000000007 0 0.866176000000008 0.488644999999994 1.00013200000001 0.997137000000015 0.142255 0.998490000000011
"200" 199 1.21813263928963 0.07007 0.764303000000008 0.91720500000001 0.033144 0.992517000000014 0.80873100000001 0.996040000000014 0.829226000000006 0.846867000000006 0 0.868159000000006 0.482875999999994 1.00010300000001 0.996823000000015 0.148093 0.998892000000014
"201" 200 1.21959927098735 0.071523 0.768682000000004 0.917783000000007 0.035038 0.99212700000001 0.811163000000007 0.99585500000001 0.834120000000006 0.849698000000007 0 0.869755000000007 0.480830999999994 1.00011400000001 0.996672000000012 0.148138000000001 0.998972000000012
