"X" "PopRatio" "Diff_KC" "Fibroblast" "M1" "M2" "Neutrophil" "Prol_KC" "Th0" "Th1" "Th17" "Th2" "Th22" "Treg" "iDC" "pDC" "preDiff_KC" "ILC3"
"1" 0 1 0.000694 0 0 0 0 0 0 0 0 0 0 0.161861 0 0 0 0
"2" 1 1 0.0018 0 0 0 0 0 0 0 0 0 0 0.118995 3.6e-05 3.9e-05 0 0
"3" 2 0.999996 0.002931 0 0 0 0 0 0 0 0 0 0 0.115684 0.000557 0.00054 0 0
"4" 3 0.999996999996 0.0045 0 4.1e-05 0 2.9e-05 0 0 0 0 0 0 0.13114 0.002916 0.002905 0 0
"5" 4 1.000002999978 0.005565 0 0.000264 0 0.000145 0 0 0 0 0 0 0.14349 0.011148 0.011149 0 0
"6" 5 1.000004999984 0.007292 0 0.000734 0 0.000989 0 0 0 0 0 0 0.164752 0.022256 0.022321 0 0
"7" 6 1.000010000009 0.008674 0 0.001674 0 0.001914 0 0 0 0 0 0 0.182141 0.040493 0.040497 0 0
"8" 7 1.000029000199 0.010127 0 0.003042 0 0.003586 0 0 0 0 0 0 0.197333 0.0645249999999999 0.0645799999999999 0 0
"9" 8 1.00005300089501 0.010491 0 0.00531 0 0.005908 0 0 0 0 0 0 0.216249 0.0899929999999999 0.0899849999999999 0 0
"10" 9 1.00009800328005 0.012262 0 0.006964 0 0.008738 0 0 0 0 0 0 0.232053 0.119567 0.119524 0 0
"11" 10 1.00012800622015 0.013861 0 0.011917 0 0.013264 0 0 0 0 0 0 0.251109 0.15509 0.155086 0 0
"12" 11 1.0001680113404 0.013014 0 0.016501 0 0.01935 0 6.7e-05 0 0 0 0 0.266986999999999 0.197712000000001 0.197690000000001 0 0
"13" 12 1.00023902326921 0.012224 0 0.025288 0 0.026641 0 6.7e-05 0 0 0 0 0.281909 0.240339000000001 0.240369000000001 0 0
"14" 13 1.00031004023987 0.013389 0 0.03554 0 0.0324320000000001 0 0.000133 0 0 0 0 0.294869 0.282031999999998 0.281926999999998 0 0
"15" 14 1.00040406938366 0.015332 0 0.0459799999999999 0 0.039215 0 2e-04 0 0 0 0 0.314794999999999 0.326964999999998 0.326903999999997 0 0
"16" 15 1.00055412999408 0.017547 0 0.0559099999999999 0 0.0501919999999999 6.6e-05 0.000201 0 0 0 0 0.322803999999998 0.370895999999997 0.370477999999997 0 0
"17" 16 1.00076224525314 0.018599 0 0.0649969999999998 0 0.0597469999999998 0 0.000453 0 0 0 0 0.339062999999999 0.420736999999995 0.420243999999995 0 0
"18" 17 1.0009623977022 0.019541 0 0.0771519999999997 0 0.0723249999999997 0 0.000997 0 0 0 0 0.348153999999996 0.462484999999993 0.461644999999993 0 0
"19" 18 1.00122364888802 0.020239 0 0.0924119999999995 0 0.0866759999999996 0 0.000964 0 0 0 0 0.363366999999997 0.503348999999992 0.501773999999992 0 0
"20" 19 1.00151600619352 0.022499 0 0.104550999999999 0 0.101756 1.6e-05 0.001081 0 0 0 0 0.369931 0.539769000000001 0.536815000000001 0 0
"21" 20 1.00181846402741 0.023958 0 0.119642999999999 0 0.112463999999999 0 0.001974 0 0 0 0 0.381333999999993 0.579852000000004 0.576512000000004 0 0
"22" 21 1.00223622232695 0.025414 0 0.131586 0 0.126688999999999 6.7e-05 0.003184 0 0 0 0 0.395278999999994 0.614385000000006 0.609893000000004 0 0
"23" 22 1.00269324204436 0.0268610000000001 0 0.150522000000001 0 0.139389 0.000201 0.004758 0 0 0 0 0.407177999999992 0.648809000000017 0.643798000000016 0 0
"24" 23 1.00318255634651 0.028551 0 0.167833000000001 0 0.157265000000001 0.000468 0.005644 0 0 0 0 0.419332999999991 0.681815000000022 0.676815000000021 0 0
"25" 24 1.00372929083977 0.027747 0 0.185914000000003 0 0.172272000000003 0.000979 0.008404 0 0 0 0 0.428235999999993 0.712221000000022 0.706947000000019 0 0
"26" 25 1.00433554333146 0.028034 0 0.205373000000005 0 0.189716000000003 0.000944 0.009962 0 0 0 0 0.434637999999993 0.74086300000003 0.735121000000029 0 0
"27" 26 1.00505364324498 0.0284450000000001 0 0.216169000000005 0 0.206519000000006 0.001538 0.012652 0 0 0 0 0.444122999999991 0.761607000000027 0.754661000000026 0 0
"28" 27 1.00581547390661 0.0300690000000001 0 0.228762000000005 0 0.220578000000005 0.001604 0.016008 0 0 0 0 0.450162999999991 0.779182000000023 0.771314000000024 0 0
"29" 28 1.00667846358325 0.0318660000000001 0 0.242985000000005 0 0.237931000000006 0.001804 0.021206 0 0 0 0 0.462130999999991 0.798153000000034 0.789874000000032 0 0
"30" 29 1.00764588158681 0.0308510000000001 0 0.254830000000005 0 0.253811000000008 0.002431 0.025236 0 0 0 0 0.468389999999988 0.821354000000037 0.811603000000037 0 0
"31" 30 1.00859911459084 0.032363 0 0.268901000000004 0 0.269181000000005 0.002709 0.0330080000000001 0 0 0 0 0.477333999999983 0.839941000000048 0.830972000000048 1.4e-05 6.7e-05
"32" 31 1.00952904297454 0.031439 0 0.283962000000001 0 0.286306000000002 0.002991 0.039671 0 0 0 0 0.478858999999987 0.849461000000044 0.839452000000044 0 0.000359
"33" 32 1.0106052009344 0.0314950000000001 0 0.305115 0 0.304399999999999 0.003198 0.045096 0 0 0 0 0.487710999999984 0.861273000000046 0.850263000000047 0 0.000606
"34" 33 1.0117370787595 0.0304210000000001 0 0.322902999999994 0 0.322247999999997 0.00319 0.0549729999999999 0 0 0 0 0.489062999999983 0.875000000000054 0.863595000000052 0 0.001077
"35" 34 1.01282975480463 0.0312700000000001 0 0.340427999999997 0 0.336775999999996 0.00367 0.0640219999999997 0 0 0 0 0.497041999999987 0.888460000000054 0.875843000000051 0 0.002455
"36" 35 1.01389120038772 0.03405 0 0.354124999999991 0 0.357000999999992 0.00468 0.0724519999999998 0 0 0 0 0.509369999999983 0.900997000000055 0.888899000000054 0 0.004312
"37" 36 1.01504602246503 0.034652 0 0.370190999999992 0 0.379082999999989 0.00510600000000001 0.0816239999999996 0 0 0 0 0.514584999999983 0.909424000000055 0.897741000000054 6.2e-05 0.006167
"38" 37 1.01616561822787 0.0338080000000001 0 0.384783999999988 0 0.393852999999987 0.00586 0.0923539999999994 0 1e-06 0 6.7e-05 0.522610999999986 0.921262000000056 0.908432000000055 0.000134 0.009163
"39" 38 1.01724986694258 0.0354400000000001 0 0.404870999999985 0 0.415617999999985 0.00734900000000001 0.101487999999999 3.2e-05 0 0 6.7e-05 0.530747999999986 0.932288000000056 0.919734000000057 2e-04 0.012423
"40" 39 1.01852346377606 0.036069 0 0.414401999999986 0 0.432355999999982 0.00838300000000001 0.113241999999999 0.000113 0.000133 0 0.000201 0.536060999999989 0.940230000000058 0.92588800000006 0.000334 0.016672
"41" 40 1.01965606186784 0.039357 0 0.430827999999986 0 0.451499999999981 0.008785 0.127208 0.000248 0.000405 0 0.000367 0.54748599999999 0.94660900000006 0.933338000000059 2e-04 0.021796
"42" 41 1.02078584078446 0.04189 0 0.444444999999983 0 0.466936999999978 0.008459 0.135686 0.000334 0.000266 0 0.000353 0.549431999999994 0.953209000000059 0.939314000000058 2e-04 0.0268020000000001
"43" 42 1.02201895008019 0.039992 0 0.456148999999984 0 0.487272999999979 0.010977 0.152678000000001 0.000334 0.000368 0 0.000652 0.546830999999992 0.960038000000059 0.945086000000059 0.000267 0.0328470000000001
"44" 43 1.02318302966439 0.038167 0 0.47199199999998 5.3e-05 0.494230999999975 0.012546 0.164089000000002 0.000447 0.000334 0 0.000914 0.54585299999999 0.964637000000066 0.949904000000066 0.000401 0.042509
"45" 44 1.02437401471099 0.043255 0 0.490355999999976 6.7e-05 0.503294999999976 0.013357 0.188161000000003 0.000575 0.000667 0 0.00112 0.54071799999999 0.969885000000058 0.95578000000006 4e-04 0.0533169999999998
"46" 45 1.02550799674534 0.0441219999999998 0 0.512084999999978 6.7e-05 0.52144399999998 0.014969 0.205311000000004 0.000719 0.000704 0 0.001313 0.551307999999996 0.976454000000069 0.962878000000067 0.000534 0.0660559999999998
"47" 46 1.02662272393788 0.045072 0 0.525820999999984 0 0.540417999999987 0.016947 0.215670000000004 0.000929 0.001004 0 0.001336 0.552100999999992 0.979142000000064 0.965030000000064 0.000468 0.0829019999999996
"48" 47 1.0277787011251 0.045361 6.7e-05 0.53619399999999 0 0.547850999999988 0.016811 0.230927000000005 0.001669 0.001196 0 0.002019 0.554998999999992 0.983898000000058 0.971130000000057 0.000134 0.0947309999999993
"49" 48 1.02901203556651 0.0438209999999999 0 0.553853999999993 0 0.560093999999989 0.018779 0.250327000000006 0.00209 0.001846 0 0.001985 0.550641999999994 0.987269000000053 0.975893000000055 6.7e-05 0.108390999999999
"50" 49 1.03007088895116 0.044845 0 0.55655799999999 0 0.566061999999988 0.019322 0.261449000000004 0.001874 0.00305 0 0.003215 0.554308999999991 0.98802500000006 0.976920000000061 0.000134 0.123775999999999
"51" 50 1.03115555359729 0.0431300000000001 0 0.573436999999993 0 0.571202999999992 0.022567 0.279029999999999 0.002631 0.003029 0 0.004133 0.551114999999991 0.988706000000055 0.976213000000057 0.000149 0.133320999999999
"52" 51 1.03219289608427 0.042622 0 0.584241999999997 6.2e-05 0.583182999999994 0.0246430000000001 0.289306999999999 0.002831 0.003965 0 0.004788 0.55342599999999 0.990482000000051 0.978676000000054 0.000345 0.146499
"53" 52 1.0331466423203 0.042419 0 0.593307 9.2e-05 0.600098999999997 0.025847 0.296919999999998 0.002787 0.005199 0 0.00680100000000001 0.555054999999994 0.992032000000052 0.978984000000056 4e-04 0.164268000000002
"54" 53 1.03422524741494 0.042678 0 0.609229000000001 0.000134 0.608941 0.0284960000000001 0.313897999999996 0.002886 0.00792000000000001 0 0.008357 0.559775999999993 0.992816000000056 0.980820000000058 0.000488 0.180956000000003
"55" 54 1.03522844590499 0.04427 5.7e-05 0.62026700000001 0 0.619281000000001 0.0315550000000001 0.334181999999993 0.003539 0.010605 0 0.011089 0.565040999999995 0.992329000000063 0.980038000000062 0.000399 0.195298000000003
"56" 55 1.03625228683806 0.0437879999999999 0 0.633161000000011 0.000113 0.620900000000004 0.033279 0.347098999999992 0.004575 0.01074 0 0.013809 0.564225999999998 0.993279000000062 0.982609000000062 0.000446 0.209950000000004
"57" 56 1.03721082020345 0.043497 0 0.644113000000009 0.000151 0.633755000000004 0.036359 0.360852999999991 0.005984 0.012499 0 0.01731 0.569012999999997 0.993289000000047 0.982296000000049 0.000419 0.224297000000005
"58" 57 1.03806963076262 0.044178 0.000131 0.653747000000013 0.000268 0.647719000000011 0.04098 0.376865999999991 0.00761300000000001 0.015392 0 0.02198 0.570948999999996 0.993054000000064 0.983288000000066 0.000667 0.238187000000005
"59" 58 1.03893019048659 0.0436990000000001 0.000141 0.665627000000009 0.000477 0.661370000000013 0.0463889999999999 0.402670999999988 0.009494 0.019191 0 0.027122 0.572160999999999 0.994576000000054 0.984110000000056 0.000668 0.256889000000004
"60" 59 1.03982886510142 0.042856 0.000268 0.677856000000007 0.000379 0.671370000000005 0.052224 0.421793999999987 0.012113 0.022195 0 0.0317260000000001 0.574842999999995 0.995289000000056 0.986840000000057 0.000669 0.272748000000002
"61" 60 1.04076575090893 0.044161 0.000444 0.688826000000014 0.000329 0.683836000000012 0.0578779999999999 0.438201999999984 0.013972 0.026832 0 0.035812 0.578615999999997 0.996383000000055 0.986874000000058 0.000605 0.293536999999999
"62" 61 1.04159420044672 0.041041 0.000333 0.699460000000019 0.000465 0.699247000000021 0.0633239999999999 0.451128999999984 0.016867 0.0321000000000001 0 0.0380970000000001 0.58204 0.996946000000059 0.987139000000061 0.000594 0.317988999999996
"63" 62 1.04222748972065 0.042153 0.000546 0.711223000000014 0.000532 0.709736000000011 0.0697319999999998 0.462792999999982 0.019842 0.0353400000000001 0 0.0426010000000001 0.576895999999991 0.99732800000005 0.988019000000053 0.000811 0.337700999999994
"64" 63 1.04302792043281 0.0418279999999999 0.000454 0.71906300000002 0.000976 0.718261000000021 0.0716029999999997 0.469189999999983 0.024523 0.0369480000000001 0 0.0476089999999999 0.578823999999999 0.997426000000059 0.98902300000006 0.000867 0.357939999999992
"65" 64 1.04402609815272 0.043254 0.000847 0.725625000000017 0.00109 0.723551000000021 0.0742959999999996 0.486747999999982 0.0281930000000001 0.040772 0 0.0512549999999999 0.579701999999994 0.997435000000055 0.988045000000057 0.000732 0.370206999999991
"66" 65 1.0448634070835 0.0435769999999999 0.001223 0.725250000000021 0.001434 0.736163000000022 0.0798469999999997 0.498638999999983 0.0316350000000001 0.0474039999999999 0 0.0561959999999999 0.585024999999996 0.998666000000051 0.989127000000053 0.000698 0.392234999999989
"67" 66 1.04590618076382 0.043589 0.001685 0.730446000000017 0.002001 0.74323900000002 0.0831859999999998 0.499314999999978 0.031253 0.0522529999999999 0 0.0578919999999998 0.584117999999994 0.998723000000053 0.988284000000056 0.000533 0.411633999999987
"68" 67 1.04692280157158 0.044929 0.001396 0.738795000000017 0.002021 0.753217000000024 0.0882499999999996 0.518017999999982 0.0362730000000001 0.0604429999999999 0 0.0632999999999997 0.580477000000001 0.999306000000049 0.990342000000053 0.000437 0.419068999999988
"69" 68 1.0478995805455 0.046277 0.001413 0.741933000000017 0.001746 0.759271000000022 0.0920799999999994 0.535748999999989 0.038455 0.0664809999999999 0 0.0713039999999996 0.583760999999998 0.999500000000051 0.991199000000054 0.000482 0.441233999999983
"70" 69 1.04897472551519 0.04766 0.001879 0.744752000000025 0.002516 0.765613000000028 0.0976409999999995 0.546314999999993 0.042517 0.0715239999999999 0 0.0740129999999997 0.581169999999998 1.00006900000005 0.992062000000053 0.000839 0.451074999999981
"71" 70 1.04988418660227 0.049275 0.002472 0.74419200000002 0.002488 0.769613000000028 0.105616999999999 0.565742999999995 0.0487189999999999 0.0771329999999997 0 0.0836219999999996 0.586922999999998 1.00047000000005 0.992968000000054 0.001078 0.470191999999984
"72" 71 1.05078918677117 0.0530959999999999 0.003335 0.747963000000019 0.002903 0.775548000000024 0.115226999999999 0.578160999999998 0.0516589999999999 0.0836609999999995 0 0.0888259999999996 0.587195 1.00053500000005 0.993281000000055 0.00127 0.479214999999981
"73" 72 1.05176852229329 0.053747 0.003793 0.751344000000027 0.003145 0.780478000000037 0.118294999999999 0.592988000000005 0.0554869999999999 0.0851589999999997 0 0.0927139999999995 0.587542000000003 1.00066800000006 0.994420000000058 0.001137 0.498802999999981
"74" 73 1.0524973978793 0.0575669999999998 0.005253 0.757541000000018 0.003023 0.783286000000025 0.126785999999999 0.602307999999999 0.0585579999999999 0.0942429999999996 0 0.101837999999999 0.585038999999999 1.00075600000005 0.995083000000052 0.001517 0.509549999999983
"75" 74 1.05348674543336 0.0551959999999999 0.005614 0.75789100000002 0.002933 0.791580000000027 0.132885999999999 0.616692000000004 0.0620029999999998 0.102058999999999 0 0.109147999999999 0.590978 1.00064200000005 0.994877000000052 0.001829 0.528107999999986
"76" 75 1.05424630937686 0.0587749999999998 0.00551 0.756636000000026 0.003257 0.803345000000031 0.140093 0.629481000000009 0.0667129999999998 0.108390999999999 0 0.115211999999999 0.593147000000003 1.00066700000005 0.995735000000051 0.001716 0.537945999999989
"77" 76 1.05525838583392 0.0605539999999999 0.005981 0.754762000000021 0.004845 0.804738000000027 0.150246000000001 0.644641000000007 0.0722009999999999 0.116906999999999 0 0.121761999999999 0.599972000000005 1.00052000000005 0.99523300000005 0.002111 0.543614999999991
"78" 77 1.05624505242472 0.0618579999999998 0.00777600000000001 0.761006000000022 0.005772 0.813121000000027 0.159600000000002 0.655723000000011 0.0784639999999996 0.123287999999999 0 0.129284 0.599637000000003 1.00050000000004 0.995059000000045 0.002613 0.55828199999999
"79" 78 1.05703195498882 0.0651459999999999 0.010106 0.762441000000024 0.00607 0.817447000000033 0.170403000000003 0.667767000000013 0.0871619999999995 0.130578 0 0.13758 0.602296000000004 1.00053000000005 0.994566000000054 0.003677 0.573298999999996
"80" 79 1.0581492377653 0.0644119999999998 0.01122 0.764215000000022 0.00715800000000001 0.82512200000003 0.178235000000002 0.676725000000015 0.0944359999999995 0.137447 0 0.142651 0.607319000000008 1.00039800000004 0.995602000000048 0.004149 0.584552999999994
"81" 80 1.05863598641472 0.06759 0.013866 0.759220000000024 0.00702800000000001 0.831240000000032 0.188065000000003 0.683587000000012 0.101391 0.146980000000001 0 0.145667000000001 0.614758000000002 1.00043500000004 0.99532400000005 0.0049 0.598753999999996
"82" 81 1.05945007748832 0.0658829999999999 0.016072 0.762119000000021 0.00765400000000001 0.839195000000032 0.199790000000003 0.692662000000018 0.109553 0.155746000000001 0 0.154234000000001 0.614322000000002 1.00053800000004 0.995485000000048 0.005489 0.610951999999999
"83" 82 1.06043006881004 0.0661939999999999 0.017333 0.766905000000022 0.008084 0.848270000000027 0.214447000000004 0.694807000000012 0.115324999999999 0.164761000000001 0 0.163900000000001 0.613391000000007 1.00057400000004 0.995581000000045 0.005642 0.633176000000008
"84" 83 1.06075880213142 0.0667639999999998 0.020584 0.76779000000002 0.007367 0.852417000000028 0.218047000000004 0.707682000000019 0.126795 0.177476000000003 0 0.173332000000003 0.608377000000001 1.00067300000004 0.996233000000043 0.005399 0.637914000000009
"85" 84 1.06154482440384 0.0650119999999999 0.024217 0.765758000000027 0.00756500000000001 0.855480000000037 0.223181000000005 0.716867000000024 0.129215 0.182667000000003 0 0.179356000000003 0.611795000000005 1.00067000000005 0.996029000000054 0.00566300000000001 0.645976000000007
"86" 85 1.06185267240297 0.0690309999999999 0.025921 0.767515000000025 0.00789100000000001 0.861495000000036 0.229249000000005 0.719876000000022 0.138027 0.191183000000003 0 0.190635000000003 0.609331000000002 1.00059200000005 0.996121000000051 0.00617 0.65447100000001
"87" 86 1.06277011311198 0.0673399999999999 0.0306880000000001 0.768128000000028 0.008621 0.861524000000028 0.233646000000004 0.735453000000017 0.142385000000001 0.202225000000003 0 0.202911000000003 0.607763000000004 1.00064600000004 0.996539000000051 0.006918 0.659457000000006
"88" 87 1.06359588548991 0.069934 0.038176 0.771045000000023 0.009542 0.863405000000029 0.247040000000005 0.745665000000021 0.151764000000001 0.211810000000003 0 0.210234000000003 0.611249000000006 1.00062900000004 0.996414000000047 0.007862 0.670803000000012
"89" 88 1.06421489829531 0.0681329999999999 0.041508 0.774714000000024 0.011052 0.870456000000035 0.247330000000004 0.757511000000026 0.161975000000001 0.222968000000004 0 0.218669000000004 0.610884000000003 1.00054000000004 0.996348000000045 0.00843 0.681257000000016
"90" 89 1.06560369873764 0.0674459999999999 0.044985 0.774453000000025 0.013603 0.873894000000033 0.261097000000005 0.761147000000024 0.166982000000002 0.228877000000004 0 0.225574000000004 0.617656000000005 1.00061400000004 0.996482000000045 0.00966599999999999 0.690923000000019
"91" 90 1.06653290516298 0.066935 0.050098 0.770759000000023 0.014903 0.876000000000029 0.269831000000004 0.762246000000023 0.168728000000002 0.230830000000004 0 0.234163000000005 0.620764000000005 1.00057900000004 0.996261000000047 0.00927 0.697528000000015
"92" 91 1.0671482946493 0.0695059999999999 0.0544719999999999 0.763947000000019 0.016207 0.87718000000003 0.279973999999999 0.774304000000024 0.175501000000001 0.236308000000004 0 0.242674000000004 0.624901000000005 1.00054600000004 0.996183000000042 0.009598 0.708590000000015
"93" 92 1.06753246803542 0.0678959999999999 0.0615049999999998 0.762158000000019 0.017593 0.87800400000003 0.285599 0.785508000000023 0.183202000000002 0.247586000000004 0 0.250877000000004 0.625430000000005 1.00059300000004 0.996124000000046 0.010283 0.71604600000002
"94" 93 1.06843987063329 0.0680899999999999 0.0666389999999999 0.757564000000016 0.020393 0.880727000000029 0.298437999999997 0.791889000000021 0.188178000000002 0.255849000000003 0 0.256984000000004 0.624730000000009 1.00059700000004 0.996238000000044 0.00957999999999999 0.716186000000024
"95" 94 1.06909802959364 0.0700739999999998 0.0732379999999998 0.758477000000021 0.020084 0.88286900000003 0.306829999999998 0.797742000000028 0.192690000000004 0.260790000000003 0 0.263043000000002 0.624415000000004 1.00055100000004 0.996265000000043 0.010634 0.725612000000024
"96" 95 1.07009442895727 0.071408 0.0782359999999998 0.760847000000021 0.02083 0.884857000000029 0.311322999999998 0.803224000000027 0.204416000000003 0.270377000000003 0 0.270716000000003 0.624842000000004 1.00057300000004 0.99644600000004 0.011562 0.736372000000024
"97" 96 1.07104467281022 0.0736479999999999 0.0846399999999998 0.758907000000021 0.020414 0.890005000000029 0.326955999999994 0.805140000000026 0.212525000000003 0.274551000000002 0 0.281384 0.625711000000008 1.00057200000004 0.996786000000045 0.013674 0.743686000000025
"98" 97 1.07201932346252 0.0765099999999998 0.0942449999999997 0.75677700000002 0.022206 0.888554000000031 0.335666999999992 0.808690000000028 0.221279000000003 0.279029 0 0.290231999999998 0.622584000000009 1.00052500000004 0.996458000000046 0.014732 0.753885000000025
"99" 98 1.0728522824769 0.0745379999999998 0.105006 0.759225000000017 0.020251 0.890978000000026 0.346501999999994 0.814482000000023 0.230418000000003 0.292322999999997 0 0.299156999999998 0.612022000000008 1.00052200000003 0.996432000000037 0.015294 0.76236800000002
"100" 99 1.0741826193072 0.0751759999999999 0.111435 0.772656000000015 0.020831 0.896484000000027 0.359888999999991 0.818321000000023 0.243847000000004 0.304518999999999 0 0.313328999999999 0.609903000000005 1.00050900000004 0.995991000000043 0.015356 0.767418000000018
"101" 100 1.07511178727295 0.0749729999999998 0.117180999999999 0.771292000000019 0.022258 0.899679000000031 0.367378999999991 0.82772900000003 0.254794000000003 0.312453999999994 0 0.323266999999993 0.607893000000006 1.00056100000004 0.996365000000041 0.0157 0.774633000000025
"102" 101 1.07547302483351 0.0736529999999997 0.125339999999999 0.777114000000025 0.023143 0.901394000000031 0.374050999999991 0.834745000000028 0.267183000000002 0.322504999999996 0 0.336509999999994 0.602328000000003 1.00052000000004 0.996318000000041 0.015737 0.784155000000019
"103" 102 1.07655817711561 0.0723009999999999 0.138925000000001 0.781715000000021 0.023814 0.903701000000031 0.38826599999999 0.840131000000027 0.27679 0.335950999999994 0 0.337645999999994 0.604394000000002 1.00058400000004 0.996274000000044 0.017202 0.793373000000024
"104" 103 1.07737313165573 0.0722519999999998 0.143966 0.782340000000024 0.024546 0.905235000000036 0.38686199999999 0.844839000000027 0.285270999999999 0.349153999999994 0 0.351071999999994 0.601818 1.00050500000004 0.996439000000044 0.019482 0.803738000000027
"105" 104 1.07751857702855 0.0746989999999999 0.151626000000001 0.785336000000017 0.024812 0.908318000000029 0.39427899999999 0.847686000000025 0.293896999999998 0.353243999999993 0 0.353497999999993 0.602069000000006 1.00048100000004 0.996398000000041 0.020849 0.809311000000023
"106" 105 1.07839675466887 0.0785299999999998 0.161073000000001 0.789454000000018 0.023818 0.908909000000031 0.401157999999988 0.853626000000027 0.299148999999998 0.366735999999992 0 0.363623999999993 0.600343 1.00052900000004 0.996617000000039 0.020868 0.814943000000022
"107" 106 1.07907937981461 0.0813279999999998 0.166969000000001 0.791356000000023 0.022631 0.905330000000036 0.408145999999988 0.854944000000032 0.308471999999996 0.37647499999999 0 0.375147999999989 0.599884999999999 1.00051400000004 0.996645000000044 0.020615 0.821266000000033
"108" 107 1.07995775042982 0.0811969999999998 0.170295000000001 0.795718000000025 0.021943 0.908617000000038 0.409601999999987 0.855735000000032 0.312553999999995 0.37898399999999 0 0.380046999999991 0.596367000000003 1.00050900000004 0.996585000000046 0.019244 0.830259000000018
"109" 108 1.08057224638986 0.0800939999999999 0.180487000000002 0.793600000000021 0.02224 0.914812000000033 0.419837999999987 0.856671000000026 0.321162999999996 0.382921999999992 0 0.391843999999991 0.593468 1.00044200000004 0.996763000000046 0.020872 0.834578000000032
"110" 109 1.08137727271347 0.0811569999999998 0.193609000000002 0.798957000000022 0.021841 0.918552000000026 0.428911999999988 0.864159000000024 0.335588999999995 0.393139999999991 0 0.397107999999992 0.593525000000004 1.00048000000003 0.996881000000034 0.021669 0.837689000000023
"111" 110 1.08212342303167 0.0810919999999999 0.202137000000003 0.801851000000017 0.020786 0.918113000000025 0.434265999999988 0.866042000000023 0.346081999999993 0.398663999999991 0 0.405957999999991 0.589923000000001 1.00054800000003 0.996768000000037 0.023772 0.842251000000025
"112" 111 1.08318823247997 0.0810779999999999 0.207551000000002 0.808697000000025 0.020613 0.919656000000033 0.438430999999987 0.870322000000031 0.350638999999994 0.40355999999999 0 0.41058799999999 0.586556000000004 1.00048700000004 0.997154000000041 0.024675 0.842725000000024
"113" 112 1.08425517288901 0.0791489999999997 0.212799000000002 0.809512000000021 0.019709 0.92156100000003 0.436210999999987 0.880325000000031 0.361613999999992 0.412785999999989 0 0.41979099999999 0.584726000000001 1.00045300000004 0.997156000000042 0.025164 0.845304000000031
"114" 113 1.08401121547514 0.0760709999999997 0.225931000000003 0.81015900000002 0.021137 0.921577000000029 0.441720999999986 0.883326000000026 0.365425999999992 0.414491999999988 0 0.426216999999989 0.594925 1.00047900000003 0.997217000000037 0.026278 0.848119000000026
"115" 114 1.0851331670832 0.0764729999999998 0.234824000000003 0.813593000000019 0.022418 0.925805000000028 0.444327999999988 0.888781000000028 0.373132999999992 0.420190999999991 0 0.43489699999999 0.591345000000001 1.00042700000004 0.997171000000039 0.025026 0.854038000000024
"116" 115 1.08600018848374 0.0778599999999999 0.244244000000003 0.818847000000022 0.023076 0.926289000000032 0.451445999999985 0.89452100000003 0.388818999999992 0.42599799999999 0 0.449992999999988 0.591641000000003 1.00056000000004 0.99719100000004 0.02426 0.859033000000031
"117" 116 1.08705035066604 0.0788109999999999 0.257805000000002 0.819403000000019 0.023586 0.929593000000026 0.459315999999984 0.897348000000024 0.397144999999989 0.43107299999999 0 0.461176999999988 0.592281000000004 1.00052100000003 0.997109000000035 0.024708 0.864667000000023
"118" 117 1.0888939880608 0.0799869999999998 0.266655000000002 0.818521000000021 0.021887 0.93382000000003 0.467572999999988 0.90353200000003 0.40395699999999 0.439296999999988 0 0.469030999999986 0.589523999999999 1.00046500000004 0.996978000000039 0.026586 0.872770000000023
"119" 118 1.09035855047478 0.0808429999999999 0.274007999999998 0.817145000000019 0.022273 0.937904000000025 0.471557999999988 0.903785000000026 0.413304999999992 0.445461999999992 0 0.47829599999999 0.588903 1.00048300000003 0.997048000000036 0.02673 0.874754000000026
"120" 119 1.09069983270111 0.0840259999999999 0.28504 0.823041000000022 0.023077 0.942320000000032 0.482313999999988 0.908926000000031 0.423393999999992 0.458711999999989 0 0.490269999999988 0.590970999999998 1.00051700000003 0.997235000000036 0.02792 0.875027000000025
"121" 120 1.09260201320938 0.0855839999999998 0.290850999999999 0.824825000000023 0.025947 0.940794000000031 0.483438999999987 0.914213000000031 0.43184399999999 0.463797999999988 0 0.497206999999987 0.587399000000001 1.00045100000004 0.997046000000038 0.028394 0.879366000000025
"122" 121 1.09429882413593 0.0851749999999999 0.306953999999998 0.829451000000021 0.025283 0.944562000000027 0.493471999999987 0.919875000000029 0.442057999999993 0.470388999999991 0 0.503425999999991 0.592894 1.00044000000003 0.997467000000036 0.0294480000000001 0.879803000000031
"123" 122 1.09571046961911 0.0844600000000001 0.316797999999997 0.824260000000016 0.024879 0.945771000000022 0.496032999999989 0.920242000000022 0.45132999999999 0.47897499999999 0 0.511001999999989 0.597973000000004 1.00045300000003 0.997189000000032 0.02933 0.886517000000029
"124" 123 1.09648951976303 0.0853699999999998 0.326100999999996 0.831135000000021 0.025428 0.951012000000027 0.501835999999987 0.921004000000027 0.463474999999989 0.493706999999988 0 0.519436999999993 0.596949 1.00044200000003 0.997032000000034 0.028308 0.886523000000029
"125" 124 1.09793140348156 0.0838329999999997 0.335199999999995 0.832265000000022 0.026825 0.955453000000031 0.512089999999989 0.922710000000029 0.467168999999989 0.495830999999988 0 0.527549999999995 0.587788000000004 1.00039400000003 0.997131000000035 0.030478 0.886730000000027
"126" 125 1.09936859568875 0.0850309999999997 0.344206999999997 0.836954000000016 0.024256 0.953860000000021 0.514034999999991 0.924610000000022 0.467386999999992 0.49927099999999 0 0.528443999999992 0.585359999999998 1.00044100000002 0.996968000000029 0.030608 0.890849000000025
"127" 126 1.09994576420151 0.0871009999999998 0.354485999999995 0.842364000000022 0.023218 0.954283000000029 0.516636999999991 0.925674000000029 0.48090399999999 0.50916699999999 0 0.537084999999994 0.582718000000001 1.00036700000003 0.997042000000036 0.031085 0.896085000000028
"128" 127 1.10109190768785 0.0875529999999999 0.362387999999997 0.840112000000017 0.025081 0.955516000000025 0.519772999999994 0.926154000000025 0.48401299999999 0.51361999999999 0 0.542285999999993 0.588118000000002 1.00043300000003 0.996985000000033 0.032464 0.900207000000021
"129" 128 1.10276336520375 0.0840579999999997 0.368634999999993 0.838159000000023 0.023884 0.95573000000003 0.524066999999991 0.927285000000031 0.490310999999988 0.522057999999996 0 0.549947000000001 0.588420000000002 1.00040800000003 0.997017000000038 0.02928 0.906646000000024
"130" 129 1.10356066311683 0.0865699999999999 0.373155999999996 0.839289000000019 0.023513 0.953709000000024 0.523298999999994 0.928438000000024 0.498354999999991 0.528911999999997 0 0.552669000000002 0.592481000000003 1.00040500000002 0.997281000000028 0.029183 0.907569000000026
"131" 130 1.10476354423965 0.0873899999999998 0.378993999999994 0.840277000000018 0.023602 0.956277000000024 0.527536999999993 0.925403000000024 0.501049999999991 0.526650999999995 0 0.549592999999999 0.590700000000002 1.00039500000003 0.99700100000003 0.030165 0.911488000000023
"132" 131 1.10594895552265 0.0858289999999998 0.394074999999994 0.842419000000021 0.0242670000000001 0.960042000000023 0.538587999999997 0.928083000000025 0.505482999999993 0.539713999999999 0 0.559742000000001 0.587747000000001 1.00036500000003 0.99702000000003 0.031971 0.913588000000028
"133" 132 1.10766096450583 0.0887149999999998 0.401886999999995 0.84243500000002 0.025194 0.962236000000027 0.538382999999997 0.926612000000025 0.502504999999993 0.54242 0 0.560583000000003 0.594525000000006 1.00040100000003 0.997079000000031 0.032585 0.919245000000025
"134" 133 1.10879631699448 0.0879459999999997 0.407406999999996 0.841196000000014 0.026856 0.963240000000022 0.543683999999997 0.93040800000002 0.509679999999992 0.544909999999997 0 0.568924 0.587781999999999 1.00037500000002 0.997164000000028 0.035016 0.921072000000022
"135" 134 1.11079547675405 0.0844219999999999 0.416230999999993 0.844943000000018 0.02669 0.964016000000024 0.554492 0.930610000000024 0.514735999999992 0.551953999999997 0 0.573371 0.584168 1.00038800000003 0.997044000000032 0.036564 0.927965000000025
"136" 135 1.11217730632716 0.0850809999999998 0.424309999999993 0.84367000000002 0.025988 0.964852000000027 0.555887999999999 0.932054000000026 0.519882999999995 0.554340999999999 0 0.581257000000001 0.587798999999999 1.00033700000003 0.997087000000033 0.0372820000000001 0.932553000000027
"137" 136 1.1131104230872 0.0851079999999997 0.427783999999994 0.850586000000016 0.027148 0.963893000000021 0.556304999999999 0.934038000000021 0.526133999999995 0.558611999999998 0 0.585036 0.591496 1.00035400000003 0.996899000000028 0.035806 0.934212000000025
"138" 137 1.11433484455262 0.0845149999999998 0.442060999999992 0.849431000000019 0.027393 0.964967000000025 0.564632999999998 0.933013000000026 0.525727999999996 0.565708 0 0.584124000000002 0.590520999999999 1.00032900000003 0.99717800000003 0.038798 0.933699000000023
"139" 138 1.11555615554228 0.0806809999999999 0.444215999999994 0.848073000000022 0.027032 0.965240000000025 0.565327999999998 0.934332000000023 0.528698999999997 0.570144000000001 0 0.587212000000003 0.594108000000003 1.00032800000003 0.996918000000032 0.037754 0.936134000000025
"140" 139 1.11595887131446 0.0785159999999999 0.448278999999994 0.847704000000016 0.028219 0.970057000000019 0.570292 0.936352000000019 0.534395999999997 0.572721 0 0.592120000000002 0.593995000000001 1.00029900000002 0.997066000000025 0.040849 0.941219000000026
"141" 140 1.1162345131557 0.0763319999999999 0.455071999999994 0.851267000000015 0.028504 0.969505000000023 0.574978000000002 0.939713000000024 0.542801999999998 0.573846 0 0.598402000000003 0.592152000000002 1.00030700000002 0.997016000000026 0.038885 0.943528000000025
"142" 141 1.11784077462016 0.0760229999999999 0.459473999999994 0.849957000000017 0.028482 0.96964500000002 0.576105000000004 0.94328000000002 0.550637999999997 0.582016000000002 0 0.607010000000003 0.584743000000002 1.00032600000002 0.997088000000026 0.043087 0.943785000000024
"143" 142 1.11896085107635 0.0722549999999999 0.461884999999995 0.845955000000013 0.02964 0.970521000000018 0.583478000000002 0.945721000000019 0.550888000000001 0.580185000000002 0 0.608094000000004 0.585402000000002 1.00034100000002 0.997113000000024 0.0435299999999999 0.945699000000022
"144" 143 1.11965796368659 0.0714829999999999 0.462417999999992 0.846071000000018 0.03269 0.970172000000025 0.583458000000002 0.948478000000026 0.558968999999997 0.586615000000002 0 0.613196000000005 0.585170000000001 1.00035500000003 0.997098000000029 0.044982 0.946263000000022
"145" 144 1.12055704903146 0.0736859999999999 0.460548999999993 0.849108000000014 0.030768 0.97116200000002 0.586524000000004 0.95137200000002 0.563101000000002 0.593787000000006 0 0.619418000000008 0.587001000000003 1.00033400000002 0.997118000000023 0.044062 0.947455000000025
"146" 145 1.12194766032933 0.073461 0.468237999999993 0.851406000000017 0.03114 0.971790000000024 0.589876000000005 0.953710000000025 0.578644000000001 0.604683000000004 0 0.628212000000005 0.587761000000003 1.00032000000003 0.997008000000028 0.0477 0.952687000000022
"147" 146 1.12323790013874 0.07183 0.472136999999992 0.85224400000002 0.0313880000000001 0.972552000000026 0.592407000000002 0.956103000000028 0.588390000000003 0.614728000000005 0 0.636973000000008 0.584630000000003 1.00034700000003 0.996836000000031 0.048618 0.95469600000002
"148" 147 1.12449480334903 0.0732849999999999 0.476551999999993 0.849994000000017 0.034229 0.972025000000022 0.597751000000003 0.959100000000024 0.594065000000001 0.621086000000003 0 0.638026000000005 0.586012000000003 1.00031400000003 0.996926000000028 0.049831 0.955350000000023
"149" 148 1.12684162400364 0.0707899999999999 0.474775999999994 0.846648000000016 0.036902 0.970646000000019 0.590490000000003 0.96210600000002 0.598818000000005 0.626585000000008 0 0.641398000000009 0.583347000000002 1.00031100000002 0.997026000000024 0.049467 0.956585000000019
"150" 149 1.12842145596052 0.0727569999999999 0.482249999999993 0.846514000000015 0.03979 0.973145000000025 0.596142000000006 0.962398000000025 0.603290000000004 0.638132000000008 0 0.648352000000008 0.579964000000002 1.00032300000003 0.99702400000003 0.051397 0.960002000000022
"151" 150 1.12991661438969 0.0762399999999998 0.485189999999995 0.847558000000014 0.040761 0.97419300000002 0.595516000000007 0.96263700000002 0.611036000000007 0.64297700000001 0 0.64975100000001 0.580222000000001 1.00025400000002 0.997065000000026 0.0521749999999999 0.959888000000028
"152" 151 1.13136855723921 0.074739 0.484581999999992 0.845712000000016 0.043075 0.973271000000022 0.598230000000003 0.962952000000023 0.623742000000005 0.644245000000007 0 0.654662000000007 0.577803000000001 1.00032000000002 0.997040000000027 0.052275 0.96412400000002
"153" 152 1.1324965316908 0.0796549999999999 0.484292999999993 0.844946000000013 0.043698 0.97421200000002 0.599426000000002 0.963527000000019 0.623671000000002 0.642303000000005 0 0.659415000000004 0.577582 1.00030400000002 0.996969000000024 0.052571 0.96335700000002
"154" 153 1.13374794035835 0.081919 0.494487999999993 0.838886000000014 0.046535 0.976255000000014 0.604879000000006 0.964517000000016 0.62143500000001 0.648403000000009 0 0.66110200000001 0.574019000000001 1.00029300000002 0.996954000000019 0.053524 0.965916000000019
"155" 154 1.13531024502018 0.0818739999999999 0.494900999999994 0.839423000000017 0.048897 0.977834000000021 0.604779000000004 0.966656000000021 0.629631000000006 0.654921000000007 0 0.661786000000008 0.568567999999999 1.00030400000002 0.996917000000025 0.053949 0.965768000000023
"156" 155 1.13659201028683 0.081899 0.498720999999992 0.838398000000014 0.051656 0.978486000000021 0.602813000000004 0.966859000000023 0.632420000000008 0.653974000000008 0 0.663012000000008 0.564028999999999 1.00030900000002 0.997001000000025 0.0542559999999999 0.966888000000019
"157" 156 1.13758880147988 0.0830789999999999 0.502711999999994 0.840295000000018 0.050451 0.977342000000024 0.604041000000006 0.966027000000025 0.631239000000008 0.655941000000009 0 0.659380000000009 0.55749 1.00028000000003 0.996924000000029 0.0535819999999999 0.967484000000019
"158" 157 1.13946013505834 0.0849369999999999 0.508129999999994 0.841038000000017 0.05087 0.978132000000022 0.606807000000006 0.967702000000023 0.641149000000008 0.66056300000001 0 0.67207000000001 0.558013 1.00030200000002 0.997191000000027 0.054728 0.967698000000023
"159" 158 1.14091978349137 0.08517 0.513016999999993 0.842593000000017 0.047402 0.980009000000023 0.610369999999997 0.968007000000024 0.64507 0.665136000000002 0 0.676663000000004 0.559138999999998 1.00025200000002 0.997087000000025 0.054256 0.96594200000002
"160" 159 1.14238586541319 0.0810769999999999 0.518915999999995 0.843644000000011 0.04826 0.979552000000017 0.611934000000004 0.967925000000018 0.651371000000006 0.666766000000006 0 0.680462000000007 0.552378999999996 1.00024500000002 0.996821000000021 0.056581 0.96718800000002
"161" 160 1.14366990712593 0.0777259999999999 0.522356999999997 0.846638000000013 0.0491739999999999 0.98046500000002 0.615593000000007 0.969702000000022 0.654034000000008 0.675294000000007 0 0.687184000000007 0.548668999999998 1.00027200000002 0.996850000000025 0.056284 0.970056000000016
"162" 161 1.1457799781046 0.07831 0.527034999999998 0.849117000000015 0.047379 0.981999000000022 0.616951000000008 0.972822000000023 0.667435000000008 0.683312000000007 0 0.698712000000008 0.546347999999998 1.00024900000003 0.996996000000028 0.055263 0.972640000000017
"163" 162 1.14754218771096 0.0788919999999999 0.535793999999993 0.853804000000017 0.048939 0.982229000000025 0.625732000000004 0.974582000000024 0.67248900000001 0.686777000000009 0 0.70456400000001 0.544928999999996 1.00028600000003 0.996863000000028 0.056676 0.975121000000025
"164" 163 1.14916022219566 0.080315 0.546750999999997 0.855294000000014 0.051174 0.983383000000019 0.638266000000009 0.97637500000002 0.672666000000008 0.689836000000007 0 0.70648600000001 0.546640999999996 1.00022200000002 0.997127000000022 0.059605 0.975235000000023
"165" 164 1.15025192440677 0.0784869999999999 0.552614 0.856353000000013 0.053665 0.982904000000021 0.644706000000008 0.978798000000021 0.676852000000008 0.694297000000009 0 0.709891000000009 0.545360999999996 1.00028100000002 0.996948000000023 0.065006 0.974782000000015
"166" 165 1.15080749608628 0.07635 0.554272000000001 0.860605000000015 0.050674 0.982215000000018 0.647827000000007 0.978466000000019 0.670878000000007 0.694731000000005 0 0.709462000000004 0.534046999999997 1.00020300000002 0.997019000000021 0.068564 0.973725000000016
"167" 166 1.15192723177999 0.0739079999999998 0.557827000000001 0.863874000000016 0.049619 0.981764000000023 0.65580400000001 0.979332000000024 0.674977000000011 0.70246400000001 0 0.719538000000011 0.533042999999996 1.00030700000002 0.996992000000027 0.06924 0.973164000000019
"168" 167 1.15355144917683 0.0715819999999999 0.566046999999999 0.863673000000017 0.048824 0.982115000000022 0.664810000000008 0.979927000000024 0.683831000000011 0.704939000000009 0 0.72325100000001 0.526568999999994 1.00028200000002 0.997156000000026 0.0742379999999999 0.974210000000015
"169" 168 1.15498069942239 0.0721849999999999 0.574077 0.866401000000013 0.0492859999999999 0.982282000000018 0.667628000000012 0.981373000000019 0.686064000000011 0.70573300000001 0 0.72267900000001 0.527387999999994 1.00026700000002 0.997046000000023 0.075155 0.974677000000019
"170" 169 1.15686331796247 0.072609 0.583322000000001 0.863724000000012 0.054574 0.982773000000018 0.673586000000009 0.98345700000002 0.684281000000007 0.710483000000006 0 0.729471000000009 0.532364999999996 1.00022700000002 0.996930000000022 0.072042 0.974673000000017
"171" 170 1.15864720119879 0.0747469999999999 0.589832000000005 0.869049000000016 0.050443 0.984011000000019 0.676440000000012 0.983914000000021 0.695774000000011 0.721835000000011 0 0.739884000000011 0.526756 1.00021100000002 0.996902000000022 0.072291 0.975187000000018
"172" 171 1.16053927207837 0.074739 0.591726000000003 0.874190000000015 0.0505989999999999 0.984056000000018 0.677963000000009 0.98372500000002 0.703641000000006 0.722789000000007 0 0.742080000000009 0.525525999999994 1.00022000000002 0.997014000000021 0.0717869999999999 0.976038000000015
"173" 172 1.16194236405833 0.0724879999999999 0.600654000000001 0.876986000000013 0.051147 0.98366900000002 0.687069000000009 0.984926000000022 0.712700000000009 0.726936000000009 0 0.751593000000011 0.523954999999996 1.00025500000002 0.996881000000023 0.073779 0.976793000000014
"174" 173 1.16396181988709 0.0719559999999999 0.610537000000004 0.877385000000017 0.051825 0.985411000000022 0.695754000000008 0.983466000000024 0.71879700000001 0.73245200000001 0 0.756590000000009 0.522702999999994 1.00021800000002 0.997141000000025 0.0730579999999999 0.977332000000016
"175" 174 1.16549708552755 0.0724219999999998 0.613948000000006 0.880516000000014 0.048322 0.984602000000018 0.696415000000011 0.982771000000018 0.725351000000009 0.745370000000009 0 0.76594200000001 0.520134999999997 1.00021400000002 0.99685000000002 0.075556 0.978876000000011
"176" 175 1.16836304286088 0.0708819999999999 0.614885999999999 0.88152500000001 0.047834 0.984429000000015 0.697618000000003 0.982156000000016 0.732603000000006 0.749354000000005 0 0.766157000000005 0.519202999999994 1.00024400000002 0.99712600000002 0.077778 0.977757000000018
"177" 176 1.17045207598153 0.0701689999999999 0.623211000000002 0.882688000000013 0.047905 0.983247000000019 0.705079000000011 0.98220200000002 0.73742600000001 0.75251400000001 0 0.77242200000001 0.520563999999994 1.00019900000002 0.996740000000022 0.076265 0.978181000000016
"178" 177 1.17195844780334 0.0687099999999999 0.628972000000003 0.88043800000001 0.050783 0.984177000000015 0.709240000000008 0.982771000000015 0.746059000000005 0.756535000000007 0 0.776838000000006 0.520484999999993 1.00022100000002 0.996855000000019 0.0800249999999999 0.978540000000013
"179" 178 1.17375506010384 0.068266 0.639542000000005 0.883725000000014 0.051474 0.984001000000019 0.718412000000008 0.98452000000002 0.748697000000008 0.761265000000007 0 0.780505000000008 0.519191999999994 1.00018900000002 0.997003000000021 0.0796979999999999 0.978721000000018
"180" 179 1.1750309318542 0.0661279999999999 0.646520000000004 0.88525500000001 0.053486 0.985430000000016 0.727413000000005 0.984475000000017 0.755572000000006 0.760536000000006 0 0.780130000000007 0.515988999999993 1.00018000000002 0.996985000000019 0.078712 0.979690000000017
"181" 180 1.17576532618663 0.0690609999999999 0.644626000000006 0.890918000000013 0.0514979999999999 0.985853000000019 0.726645000000012 0.985286000000019 0.757937000000008 0.762579000000008 0 0.791256000000009 0.513137999999993 1.00017100000002 0.99704100000002 0.084165 0.981273000000014
"182" 181 1.17743961601114 0.069542 0.649487000000005 0.895623000000015 0.0496749999999999 0.985913000000018 0.72633000000001 0.986933000000018 0.760923000000009 0.77317600000001 0 0.802624000000009 0.515157999999996 1.00018600000002 0.99680800000002 0.0848589999999999 0.982256000000015
"183" 182 1.17925405045943 0.067052 0.659459000000005 0.89981000000001 0.046859 0.984503000000015 0.731563000000007 0.987541000000016 0.767867000000005 0.777445000000006 0 0.807924000000006 0.509045999999993 1.00018400000002 0.997060000000018 0.086547 0.981843000000013
"184" 183 1.18144982150141 0.066159 0.663264000000007 0.901940000000015 0.046044 0.984907000000017 0.73515900000001 0.988309000000018 0.770399000000008 0.779136000000008 0 0.816247000000009 0.513727999999993 1.00019900000002 0.99686100000002 0.086276 0.981819000000018
"185" 184 1.18242333615434 0.0681730000000001 0.667587000000006 0.904500000000008 0.045682 0.986583000000009 0.737343000000006 0.98783800000001 0.775153000000006 0.786120000000005 0 0.819561000000006 0.512416999999994 1.00017800000001 0.996842000000013 0.0885369999999999 0.98375400000002
"186" 185 1.18390136532455 0.0674889999999999 0.669963000000005 0.90441500000001 0.045113 0.986762000000012 0.734093000000008 0.987130000000013 0.778071000000006 0.784477000000007 0 0.820535000000005 0.508919999999995 1.00018700000001 0.996786000000015 0.089813 0.983237000000016
"187" 186 1.18655685608699 0.06652 0.670090000000004 0.902990000000008 0.04645 0.987985000000013 0.731520000000007 0.987312000000013 0.779787000000007 0.783893000000006 0 0.819591000000006 0.508793999999992 1.00018800000001 0.996861000000018 0.0958509999999999 0.983063000000013
"188" 187 1.18724505906354 0.065537 0.673436000000004 0.901860000000011 0.0467819999999999 0.987500000000015 0.735080000000007 0.988063000000014 0.783848000000005 0.784085000000004 0 0.826851000000007 0.505643999999995 1.00015400000002 0.996771000000016 0.099286 0.983957000000011
"189" 188 1.18917551952959 0.0674599999999999 0.672708000000003 0.89817900000001 0.047748 0.987138000000016 0.731289000000007 0.988747000000016 0.783352000000009 0.780440000000007 0 0.829564000000008 0.518590999999994 1.00014000000002 0.996798000000017 0.100531 0.98466800000001
"190" 189 1.19242434704896 0.0683239999999999 0.676295000000005 0.899046000000009 0.048327 0.987126000000012 0.734307000000007 0.988465000000012 0.779467000000006 0.784283000000005 0 0.833169000000006 0.522481 1.00013600000001 0.996716000000014 0.10233 0.98453900000001
"191" 190 1.19430241539558 0.068386 0.676691000000005 0.900650000000006 0.045246 0.989140000000009 0.735095000000005 0.989700000000009 0.783617000000003 0.792812000000003 0 0.841005000000004 0.514087999999995 1.00011300000001 0.99669400000001 0.101243 0.985244000000011
"192" 191 1.19714127223698 0.0654839999999999 0.678524000000005 0.900090000000009 0.044435 0.988635000000011 0.737175000000007 0.989426000000012 0.782497000000006 0.795165000000006 0 0.842550000000006 0.523390999999997 1.00014800000001 0.996749000000014 0.101604 0.98567300000001
"193" 192 1.19879811575777 0.064353 0.684088000000005 0.90324200000001 0.043499 0.988349000000012 0.742371000000007 0.987682000000012 0.785290000000006 0.795518000000006 0 0.841597000000006 0.518904999999995 1.00012900000001 0.996696000000015 0.105317 0.985736000000011
"194" 193 1.20001969103774 0.066996 0.676371000000004 0.90318900000001 0.04441 0.987560000000016 0.737849000000007 0.987240000000017 0.785811000000005 0.797000000000007 0 0.841945000000007 0.512084999999994 1.00013700000002 0.996726000000017 0.102745 0.986020000000011
"195" 194 1.20185092108628 0.065004 0.680932000000005 0.907298000000009 0.04239 0.98790100000001 0.743693000000008 0.98905700000001 0.790267000000006 0.800991000000004 0 0.844810000000007 0.507905999999994 1.00015800000001 0.996673000000012 0.106376 0.985894000000012
"196" 195 1.20453705789492 0.0648949999999999 0.682752000000005 0.90758800000001 0.040882 0.98796400000001 0.744026000000008 0.98940300000001 0.794756000000006 0.806161000000007 0 0.847246000000008 0.504056999999994 1.00010900000001 0.996731000000012 0.107166 0.986271000000011
"197" 196 1.20640529487173 0.0644759999999999 0.680700000000002 0.908361000000007 0.040277 0.988814000000008 0.739727000000003 0.989659000000009 0.795407000000005 0.809670000000005 0 0.845165000000006 0.499529999999994 1.00013800000001 0.99678000000001 0.108939 0.987374000000011
"198" 197 1.20834036896471 0.065909 0.690075000000004 0.909346000000009 0.038672 0.988334000000012 0.747978000000006 0.991027000000012 0.800778000000008 0.811658000000005 0 0.852458000000008 0.495620999999993 1.00010500000001 0.996960000000014 0.111643 0.988197000000013
"199" 198 1.20967075171096 0.066056 0.688210000000003 0.911869000000007 0.036311 0.987454000000012 0.746050000000005 0.991044000000012 0.810502000000005 0.816803000000006 0 0.859267000000005 0.491563999999993 1.00010800000001 0.996772000000014 0.113161 0.989187000000008
"200" 199 1.21146832244801 0.0647949999999999 0.691376000000003 0.913369000000009 0.037204 0.986562000000011 0.751231000000005 0.99002600000001 0.814423000000006 0.823662000000006 0 0.863214000000007 0.486217999999993 1.00010600000001 0.996889000000012 0.112944 0.98874600000001
"201" 200 1.2131995106808 0.067573 0.697668000000003 0.915298000000007 0.03678 0.986193000000011 0.756708000000005 0.991430000000011 0.820257000000006 0.832069000000005 0 0.869118000000006 0.487854999999993 1.00010100000001 0.996840000000012 0.118311 0.988049000000013
