"X" "PopRatio" "Diff_KC" "Fibroblast" "M1" "M2" "Neutrophil" "Prol_KC" "Th0" "Th1" "Th17" "Th2" "Th22" "Treg" "iDC" "pDC" "preDiff_KC" "ILC3"
"1" 0 1 0.000295 0 0 0 0 0 0 0 0 0 0 0.16135 0 0 0 0
"2" 1 1.000001 0.00114 0 0 0 0 0 0 0 0 0 0 0.118373 0 0 0 0
"3" 2 1.000002000001 0.002432 0 0 0 0 0 0 0 0 0 0 0.1174 0.00067 0.00067 0 0
"4" 3 1.000003000003 0.002979 0 9.6e-05 0 5.2e-05 0 0 0 0 0 0 0.130185 0.003596 0.003601 0 0
"5" 4 1.000000999997 0.003673 0 0.00027 0 0.000117 0 0 0 0 0 0 0.142964 0.010089 0.010099 0 0
"6" 5 1.000011000007 0.004925 0 0.000755 0 0.000626 0 0 0 0 0 0 0.158441 0.022222 0.022209 0 0
"7" 6 1.000023000139 0.005589 0 0.002166 0 0.001722 0 0 0 0 0 0 0.171841 0.041894 0.041943 0 0
"8" 7 1.000047000691 0.00707 0 0.004217 0 0.003187 0 0 0 0 0 0 0.189555 0.0652269999999999 0.0653299999999999 0 0
"9" 8 1.00008700257103 0.008132 0 0.005833 0 0.005236 0 0 0 0 0 0 0.203319 0.0960459999999998 0.0959259999999998 0 0
"10" 9 1.00014000718218 0.008948 0 0.009918 0 0.007716 0 0 0 0 0 0 0.22453 0.131648 0.131657 0 0
"11" 10 1.00017901264246 0.008306 0 0.015102 0 0.011687 0 0 0 0 0 0 0.236866000000001 0.168922000000001 0.168896000000001 0 0
"12" 11 1.00023602284618 0.010535 0 0.020111 0 0.016409 0 6.7e-05 0 0 0 0 0.248745000000001 0.209105000000001 0.208975000000001 0 0
"13" 12 1.0002760322871 0.011505 0 0.024779 0 0.023882 0 9.7e-05 0 0 0 0 0.263662999999999 0.252509000000001 0.252554000000001 0 0
"14" 13 1.00037806044241 0.011982 0 0.0322680000000001 0 0.034385 0 0.000173 0 0 0 0 0.269584999999998 0.295595999999998 0.295374999999998 0 0
"15" 14 1.00049810580966 0.013484 0 0.0469629999999999 0 0.0467929999999999 0 0.000178 0 0 0 0 0.278834999999999 0.346261999999998 0.346107999999998 0 0
"16" 15 1.00065618451039 0.013874 0 0.0581289999999999 0 0.0579849999999998 0 0.00054 0 0 0 0 0.302516999999998 0.392097999999994 0.391416999999995 0 0
"17" 16 1.00084630918546 0.013619 0 0.0670209999999997 0 0.0727519999999998 0 0.000374 0 0 0 0 0.318882999999998 0.438402999999993 0.437801999999994 0 0
"18" 17 1.00103847167684 0.014109 0 0.0799069999999997 0 0.0849829999999996 0 0.001001 0 0 0 0 0.340359999999998 0.483070999999993 0.481995999999994 0 0
"19" 18 1.00132076452588 0.015578 0 0.0937659999999993 0 0.0961829999999994 0 0.001739 0 0 0 0 0.347774999999997 0.523789999999998 0.522616999999998 0 0
"20" 19 1.00163517924596 0.01728 0 0.103607 0 0.110060999999999 0 0.002184 0 0 0 0 0.355631999999997 0.554958999999999 0.552612999999998 0 0
"21" 20 1.00199777118088 0.017956 0 0.123612999999999 0 0.121439999999999 0 0.00321 0 0 0 0 0.363415999999998 0.592055000000005 0.589766000000006 0 0
"22" 21 1.00240257828047 0.019068 0 0.137362 0 0.133729 0 0.004683 0 0 0 0 0.372230999999995 0.625128000000011 0.621725000000011 0 0
"23" 22 1.00287871950519 0.019034 0 0.156091000000001 0 0.148849000000001 0 0.006347 0 0 0 0 0.384501999999994 0.658838000000014 0.654547000000014 0 0
"24" 23 1.00342929992224 0.019548 0 0.173370000000002 0 0.160875000000002 6.2e-05 0.00871400000000001 0 0 0 0 0.390037999999993 0.693828000000013 0.688679000000013 0 0
"25" 24 1.00396111745124 0.019626 0 0.184889000000002 0 0.178175000000003 0.000134 0.010987 0 0 0 0 0.396513999999996 0.723978000000017 0.716744000000017 0 0
"26" 25 1.00462172386657 0.019851 0 0.202365000000004 0 0.193896000000004 0.000134 0.013343 0 0 0 0 0.402838999999993 0.748536000000019 0.741461000000019 0 5.3e-05
"27" 26 1.00532194520813 0.020704 0 0.214640000000005 0 0.208792000000004 0.000428 0.017245 0 0 0 0 0.410656999999992 0.772604000000032 0.765251000000031 0 0.000134
"28" 27 1.00604778765262 0.020848 0 0.235074000000005 0 0.225243000000005 0.000718 0.022197 0 0 0 0 0.417105999999993 0.794234000000034 0.785441000000034 0 0.000133
"29" 28 1.00687978917306 0.021172 0 0.254279000000005 0 0.243814000000007 0.000947 0.0277510000000001 0 0 0 0 0.426650999999989 0.816316000000032 0.805605000000031 0 6.7e-05
"30" 29 1.00774872643115 0.020671 0 0.279694000000003 0 0.260011000000005 0.001027 0.0353610000000001 0 0 0 0 0.433097999999987 0.838007000000046 0.826784000000044 0 0
"31" 30 1.00870608772132 0.022888 0 0.293411000000001 0 0.275182000000003 0.000766 0.04016 0 0 0 0 0.443980999999987 0.852914000000062 0.841110000000059 0 0.000122
"32" 31 1.00965729756211 0.023215 0 0.301625999999998 0 0.289319000000001 0.001245 0.0493779999999999 0 0 0 0 0.450885999999985 0.868945000000048 0.855220000000049 0 0.000193
"33" 32 1.0106336361689 0.022208 0 0.319632999999998 0 0.315720999999998 0.001315 0.0568749999999998 0 0 0 0 0.460011999999982 0.882701000000055 0.869781000000053 0 0.000596
"34" 33 1.01173522683239 0.021921 0 0.330985999999996 0 0.325561999999996 0.00104 0.0616149999999997 0 0 0 0 0.465872999999985 0.89425700000005 0.88139100000005 0 0.001701
"35" 34 1.01279249014449 0.023018 0 0.343980999999993 0 0.339358999999994 0.001179 0.0727219999999997 0 0 0 0 0.46626499999998 0.904847000000058 0.891801000000059 0 0.002538
"36" 35 1.01391263863866 0.0248400000000001 0 0.35882699999999 0 0.353168999999993 0.001677 0.0793039999999995 0 9e-06 0 0 0.469773999999979 0.914719000000063 0.901669000000062 0 0.003045
"37" 36 1.01506444339623 0.026018 0 0.372756999999991 0 0.371050999999993 0.002377 0.0906299999999995 0 0 0 0 0.482193999999985 0.924507000000048 0.911411000000048 0 0.005536
"38" 37 1.01616071299515 0.024791 0 0.393906999999988 0 0.38293799999999 0.003001 0.104980999999999 6.7e-05 0.000134 0 0 0.492467999999983 0.934184000000058 0.92182300000006 0 0.007866
"39" 38 1.01729779683305 0.026786 0 0.413323999999988 0 0.403197999999987 0.004265 0.116805999999999 6.7e-05 0.000333 0 0 0.502162999999983 0.942044000000059 0.93117300000006 0 0.009908
"40" 39 1.01843208387658 0.0268920000000001 0 0.437603999999984 0 0.418205999999984 0.004811 0.131553 0 0.000662 0 0 0.50326499999998 0.948921000000058 0.938540000000059 0 0.012051
"41" 40 1.01961957568645 0.0275300000000001 0 0.456267999999985 0 0.431389999999985 0.00543900000000001 0.141906000000001 0.000187 0.000362 0 1.8e-05 0.508460999999981 0.955683000000063 0.945486000000063 0 0.014586
"42" 41 1.02076664770916 0.0282110000000001 0 0.470975999999985 0 0.448930999999981 0.00730800000000001 0.159250000000001 0.000229 0.000654 0 0.000171 0.51253099999998 0.962741000000059 0.952277000000058 0 0.018135
"43" 42 1.02201810761932 0.0283160000000001 0 0.48765899999998 0 0.45965499999998 0.009264 0.171651000000002 0.000157 0.00099 0 0.000431 0.515403999999986 0.967187000000059 0.956629000000058 0 0.0266780000000001
"44" 43 1.02314130551966 0.0292570000000001 0 0.507426999999981 0 0.477962999999977 0.010115 0.184356000000003 0.000335 0.001279 0 0.00084 0.525969999999987 0.972615000000053 0.963273000000054 0 0.037276
"45" 44 1.02427801551015 0.0297730000000001 0 0.522438999999984 0 0.485306999999977 0.012822 0.201308000000003 0.000485 0.001593 0 0.001012 0.529401999999987 0.976121000000066 0.967281000000065 1e-06 0.0482939999999999
"46" 45 1.02548768784654 0.0298750000000001 0 0.535807999999985 0 0.505708999999978 0.01688 0.214416000000004 0.000498 0.002334 0 0.001655 0.529099999999986 0.977052000000058 0.96853700000006 6.7e-05 0.0614569999999998
"47" 46 1.02665059088462 0.0319990000000001 0 0.54757699999999 0 0.529474999999983 0.016692 0.230286000000005 0.000723 0.002612 0 0.002155 0.529629999999989 0.979274000000065 0.970843000000066 2e-04 0.0752939999999997
"48" 47 1.02776964002875 0.033964 0 0.554244999999995 0 0.535215999999984 0.018068 0.241114000000006 0.000757 0.002467 0 0.002278 0.53777699999999 0.981785000000053 0.973566000000054 0.000134 0.0896979999999995
"49" 48 1.0289916581308 0.034391 2.5e-05 0.573923000000001 6.7e-05 0.546826999999988 0.019819 0.261961000000003 0.000897 0.003419 0 0.002859 0.535043999999992 0.985174000000063 0.976920000000066 0.000134 0.100770999999999
"50" 49 1.03013383887139 0.0338880000000001 1.4e-05 0.581272999999994 0.000134 0.556861999999988 0.022353 0.271365000000002 0.002069 0.005201 0 0.004018 0.533025999999988 0.985821000000057 0.977060000000058 0.000134 0.115041999999999
"51" 50 1.03122063007146 0.032908 0 0.592628999999994 0.000201 0.572103999999993 0.027248 0.286847 0.002199 0.00757600000000001 0 0.005234 0.534517999999986 0.988165000000063 0.979503000000068 0.000134 0.133741
"52" 51 1.03223535117152 0.036879 1.9e-05 0.606759000000005 4e-04 0.582984999999998 0.0295100000000001 0.298609999999997 0.002899 0.00765900000000001 0 0.005628 0.529871999999987 0.989592000000061 0.981818000000063 6.7e-05 0.149900000000001
"53" 52 1.03319739451887 0.038102 0 0.622533000000004 0.00032 0.593245999999998 0.03404 0.310079999999997 0.003939 0.010008 0 0.00764000000000001 0.527684999999987 0.991622000000064 0.984204000000064 0.000257 0.166556000000002
"54" 53 1.034166533675 0.040325 6e-05 0.632078000000008 0.00061 0.603628000000001 0.0361540000000001 0.320914999999995 0.004747 0.012335 0 0.010125 0.53139399999999 0.992448000000057 0.98542900000006 0.000506 0.184355000000003
"55" 54 1.03521724687327 0.039518 6.7e-05 0.644579000000007 0.000669 0.614450000000001 0.036619 0.342273999999992 0.00525400000000001 0.015345 0 0.011572 0.532970999999987 0.994101000000053 0.986615000000055 0.000333 0.203919000000003
"56" 55 1.03628248542036 0.041825 0.000199 0.649594000000009 0.000934 0.631603000000006 0.039201 0.362315999999991 0.00629300000000001 0.01896 0 0.013929 0.532238999999986 0.995925000000057 0.988041000000059 4e-04 0.215262000000005
"57" 56 1.03734571125046 0.042256 0.000313 0.659555000000008 0.001317 0.641503000000009 0.0424049999999999 0.371164999999991 0.00752400000000001 0.021123 0 0.017057 0.535649999999985 0.99708400000006 0.989978000000064 0.000359 0.234123000000005
"58" 57 1.03834156313332 0.042519 0.000589 0.66504000000001 0.000949 0.648036000000007 0.045754 0.383971999999989 0.009166 0.024384 0 0.02054 0.533504999999988 0.998063000000057 0.99202200000006 0.000334 0.251852000000005
"59" 58 1.03929787571303 0.042289 0.000601 0.666854000000011 0.001095 0.657403000000006 0.047465 0.399538999999988 0.010867 0.028002 0 0.023996 0.52971199999999 0.998098000000054 0.992907000000058 0.000201 0.271291000000003
"60" 59 1.04043798548274 0.044288 0.000533 0.679510000000011 0.001025 0.664144000000011 0.0494139999999999 0.419456999999987 0.014154 0.0328980000000001 0 0.0294200000000001 0.531063999999987 0.998997000000063 0.994035000000066 0.000267 0.291088999999999
"61" 60 1.04155437544123 0.04481 0.000401 0.690813000000014 0.001312 0.677757000000014 0.0547689999999998 0.439093999999983 0.016174 0.0322660000000001 0 0.0327260000000001 0.526633999999986 0.999486000000052 0.995333000000056 0.000394 0.312994999999995
"62" 61 1.04254489365233 0.04634 0.000139 0.700234000000012 0.001944 0.693557000000012 0.0597359999999999 0.455775999999985 0.018307 0.033993 0 0.035929 0.527470999999986 0.999524000000047 0.995148000000051 0.000716 0.334515999999994
"63" 62 1.04342584408751 0.044412 2e-04 0.711109000000021 0.002108 0.705933000000017 0.0639899999999998 0.463709999999982 0.018939 0.037464 0 0.037958 0.525194999999983 0.999506000000062 0.996005000000064 0.000997 0.354064999999992
"64" 63 1.04430127837077 0.0468059999999999 0.000542 0.718879000000017 0.001989 0.715172000000019 0.0701829999999999 0.471817999999978 0.019615 0.040709 0 0.039631 0.533249999999989 0.99923100000006 0.995687000000061 0.001188 0.370174999999992
"65" 64 1.0448965300995 0.046722 0.000699 0.724831000000025 0.001676 0.718410000000025 0.0739509999999997 0.483190999999981 0.021717 0.0459939999999999 0 0.042579 0.536616999999991 0.99887800000006 0.995538000000063 0.00089 0.38443999999999
"66" 65 1.04576274932302 0.049761 0.001118 0.730887000000024 0.001873 0.731125000000021 0.0767159999999996 0.492257999999979 0.026448 0.0517899999999999 0 0.0490059999999999 0.539437999999992 0.998730000000055 0.995724000000059 0.000937 0.39767599999999
"67" 66 1.04699047479078 0.0531379999999999 0.001274 0.738190000000026 0.002317 0.731635000000027 0.0824809999999996 0.503535999999978 0.0275850000000001 0.0556829999999999 0 0.0550149999999999 0.545925999999992 0.999028000000063 0.995765000000065 0.00087 0.418409999999988
"68" 67 1.0478144562945 0.0528179999999999 0.001402 0.744231000000026 0.002706 0.740592000000028 0.0895449999999996 0.519365999999984 0.0310950000000001 0.0606259999999999 0 0.0621099999999999 0.548723999999992 0.999040000000063 0.995661000000066 0.001166 0.435679999999988
"69" 68 1.04892723524716 0.0566959999999999 0.000962 0.748310000000026 0.003224 0.748238000000022 0.0935359999999997 0.529759999999986 0.035733 0.0705069999999999 0 0.0668399999999999 0.551378999999995 0.99927700000005 0.995917000000055 0.002119 0.457316999999984
"70" 69 1.0497810620167 0.0591249999999999 0.001131 0.751447000000025 0.002758 0.752523000000023 0.0950759999999995 0.542443999999991 0.0382380000000001 0.0753219999999997 0 0.0705559999999998 0.54832399999999 0.999634000000057 0.996073000000059 0.002338 0.478659999999982
"71" 70 1.05039518393804 0.0563879999999999 0.002134 0.754492000000021 0.003435 0.754257000000025 0.102185 0.557319999999994 0.043874 0.0795549999999996 0 0.0781209999999997 0.546179999999992 0.999491000000052 0.996059000000056 0.003403 0.492608999999981
"72" 71 1.05149494769568 0.0591989999999999 0.002726 0.755546000000019 0.003745 0.756192000000022 0.104976999999999 0.571162999999995 0.049245 0.0864899999999995 0 0.0822659999999996 0.548593999999994 0.999594000000047 0.996269000000051 0.004199 0.50196399999998
"73" 72 1.05254959712827 0.0635219999999999 0.003356 0.760549000000026 0.004232 0.761074000000029 0.108922999999999 0.587936999999997 0.0549019999999999 0.0957899999999997 0 0.0860909999999998 0.556963999999994 0.999823000000056 0.99635200000006 0.003804 0.520243999999988
"74" 73 1.05365161655652 0.0638079999999999 0.004424 0.766681000000027 0.00437 0.768817000000029 0.118427999999999 0.595059 0.0601079999999997 0.104564999999999 0 0.0944789999999993 0.559646999999994 1.00020500000005 0.996699000000056 0.003708 0.53487299999999
"75" 74 1.05466312210847 0.0655729999999999 0.006416 0.764098000000025 0.004814 0.775936000000029 0.129385 0.612788000000007 0.0630199999999999 0.112423999999999 0 0.101178999999999 0.564112999999996 1.00023900000005 0.996567000000057 0.003877 0.550872999999991
"76" 75 1.05556485907793 0.0690049999999999 0.00723500000000001 0.764353000000021 0.005915 0.783876000000024 0.139067000000001 0.623854000000002 0.0697989999999997 0.119968999999999 0 0.107683999999999 0.565617999999994 1.00060900000004 0.996768000000048 0.005045 0.565083999999998
"77" 76 1.05651697858086 0.0705329999999998 0.008541 0.760408000000024 0.006804 0.787090000000029 0.142237 0.640121000000008 0.0778969999999996 0.125252999999999 0 0.114932999999999 0.567352999999995 1.00051700000005 0.996463000000052 0.004739 0.58343
"78" 77 1.05722695799052 0.0699439999999999 0.00930699999999999 0.761942000000022 0.007264 0.799204000000032 0.151436000000001 0.657308000000011 0.0904459999999996 0.132944 0 0.122822999999999 0.559207999999997 1.00048200000005 0.99631200000005 0.006334 0.595541
"79" 78 1.05783380626446 0.0690979999999999 0.010813 0.763533000000024 0.00645600000000001 0.805370000000035 0.155278000000001 0.675021000000014 0.0983399999999994 0.140843 0 0.133185 0.559445999999997 1.00063200000005 0.996661000000055 0.00628800000000001 0.603280000000002
"80" 79 1.05827280729411 0.0728879999999999 0.013647 0.774717000000024 0.00704500000000001 0.80650800000003 0.160720000000002 0.684304000000012 0.103206999999999 0.14122 0 0.137319 0.557558999999992 1.00058400000005 0.996417000000053 0.006115 0.619087000000004
"81" 80 1.05922842763915 0.0702209999999999 0.01428 0.77916600000002 0.008995 0.810368000000025 0.165956000000001 0.690696000000012 0.11245 0.148008000000001 0 0.141106 0.561711999999995 1.00050200000004 0.996265000000046 0.00654500000000001 0.624807000000007
"82" 81 1.06003132278734 0.0677869999999998 0.017239 0.78340700000003 0.007871 0.813794000000032 0.174582000000002 0.695836000000018 0.116159999999999 0.157914000000002 0 0.150800000000001 0.566760999999995 1.00049400000005 0.996552000000053 0.00744000000000001 0.637817000000006
"83" 82 1.06073942371102 0.0692749999999998 0.018195 0.787568000000024 0.008752 0.813939000000028 0.179573000000002 0.705071000000015 0.118533 0.163537000000001 0 0.160156000000001 0.567287999999995 1.00062600000004 0.996394000000048 0.006965 0.647196000000011
"84" 83 1.06171424324145 0.0729079999999999 0.02072 0.79043500000003 0.009742 0.819119000000035 0.186494000000003 0.718430000000021 0.126126999999999 0.171822000000002 0 0.171097000000001 0.569034999999996 1.00075500000005 0.996475000000058 0.00744 0.656091000000008
"85" 84 1.06258378720673 0.0741299999999998 0.023702 0.790978000000027 0.01029 0.823140000000029 0.197241000000003 0.730084000000022 0.137212 0.181711000000002 0 0.185129000000002 0.564147999999995 1.00069300000005 0.996628000000052 0.007594 0.66436700000001
"86" 85 1.06292912693762 0.0715099999999998 0.026236 0.793699000000027 0.010739 0.824738000000035 0.206193000000004 0.732076000000025 0.142451 0.185715000000002 0 0.188605000000003 0.566607999999996 1.00067400000005 0.99669900000005 0.00703900000000001 0.674978000000013
"87" 86 1.0636327860197 0.0710719999999998 0.0286330000000001 0.794722000000023 0.010168 0.827627000000031 0.213587000000004 0.742398000000022 0.145694 0.194356000000003 0 0.196809000000003 0.563477999999997 1.00063400000005 0.996473000000049 0.007981 0.682781000000013
"88" 87 1.06423373854385 0.0720799999999997 0.0297640000000001 0.788620000000025 0.011776 0.82952800000003 0.221077000000004 0.750303000000024 0.151582000000001 0.199044000000003 0 0.201065000000003 0.569134999999998 1.00065400000004 0.996384000000046 0.007411 0.686640000000017
"89" 88 1.06498508756331 0.0717139999999999 0.032202 0.782172000000027 0.012125 0.831161000000032 0.230839000000005 0.762882000000029 0.161007000000001 0.212707000000004 0 0.207215000000003 0.569217 1.00062500000005 0.996498000000047 0.00784200000000001 0.690587000000013
"90" 89 1.06613420647284 0.0732829999999999 0.0348470000000001 0.783243000000024 0.013814 0.83345100000003 0.234221000000005 0.770695000000023 0.169125000000002 0.220831000000004 0 0.216732000000004 0.578541999999998 1.00059900000004 0.996543000000047 0.0089 0.699343000000017
"91" 90 1.0673549301393 0.0716489999999999 0.038947 0.789890000000028 0.013485 0.838241000000036 0.243925000000004 0.776515000000025 0.182115000000002 0.230606000000004 0 0.221508000000004 0.575057999999997 1.00063800000005 0.996549000000054 0.00983800000000001 0.701862000000021
"92" 91 1.06827072066941 0.0742879999999999 0.0408410000000001 0.792956000000026 0.014496 0.83671400000003 0.248545000000005 0.784264000000026 0.189500000000002 0.241753000000005 0 0.235132000000004 0.577264999999999 1.00062500000004 0.997075000000046 0.009073 0.710138000000021
"93" 92 1.06907833333428 0.0762879999999999 0.0433949999999999 0.795659000000028 0.015078 0.840512000000032 0.256858000000004 0.784767000000027 0.199235000000003 0.251004000000005 0 0.243811000000005 0.574856999999999 1.00068500000004 0.997332000000047 0.009944 0.714013000000015
"94" 93 1.07021155636766 0.0778179999999997 0.0468239999999999 0.796365000000027 0.016128 0.846966000000034 0.267690000000001 0.793967000000029 0.206856000000004 0.263021000000003 0 0.255490000000004 0.575343999999999 1.00062900000005 0.997520000000053 0.010822 0.723523000000021
"95" 94 1.07102063630433 0.0763479999999999 0.0508709999999999 0.804937000000028 0.014635 0.850392000000028 0.277618 0.801581000000027 0.214694000000004 0.272396 0 0.261473000000002 0.570971999999999 1.00057000000004 0.997276000000042 0.01075 0.733183000000015
"96" 95 1.07113202245054 0.0801219999999998 0.0564519999999999 0.80448100000003 0.015508 0.851511000000031 0.287010000000002 0.811295000000032 0.224550000000005 0.288165999999999 0 0.271576000000002 0.568037999999997 1.00059000000005 0.99739100000005 0.010534 0.742951000000019
"97" 96 1.07172114506294 0.0791489999999998 0.0614819999999998 0.800484000000027 0.016439 0.857434000000037 0.295602999999999 0.81350900000003 0.232262000000005 0.290886999999998 0 0.277595 0.576619999999992 1.00057000000005 0.997491000000053 0.010567 0.755567000000023
"98" 97 1.07282180267897 0.0781769999999997 0.0673059999999997 0.802388000000028 0.018091 0.864745000000033 0.301944999999999 0.819429000000031 0.239361000000005 0.300479999999997 0 0.290330999999999 0.570228 1.00061800000004 0.997352000000045 0.012278 0.758815000000019
"99" 98 1.0734944619493 0.0806789999999998 0.0744789999999998 0.802386000000029 0.018076 0.862053000000037 0.308058999999997 0.827376000000035 0.248940000000005 0.308697999999996 0 0.306336999999996 0.572616000000002 1.00064800000004 0.997311000000047 0.012688 0.76558700000002
"100" 99 1.07453467808297 0.0797929999999998 0.0810229999999997 0.799657000000025 0.017784 0.871142000000033 0.319900999999996 0.82894600000003 0.253937000000003 0.311195999999995 0 0.310977999999995 0.565830999999998 1.00060100000004 0.997157000000044 0.013665 0.773617000000023
"101" 100 1.07535562257707 0.077297 0.0859499999999996 0.803327000000025 0.016591 0.869302000000026 0.320569999999995 0.836538000000025 0.265240000000002 0.320521999999997 0 0.323942999999996 0.556968999999995 1.00055500000004 0.997243000000045 0.013096 0.779044000000024
"102" 101 1.0762503184551 0.0778839999999997 0.0949089999999997 0.807683000000025 0.016952 0.873703000000032 0.329628999999994 0.842946000000034 0.283046999999998 0.323293999999993 0 0.338410999999992 0.551810999999997 1.00054800000005 0.997432000000049 0.012766 0.787664000000013
"103" 102 1.07657642230164 0.0818569999999999 0.104415999999999 0.813635000000023 0.016536 0.873417000000025 0.339917999999996 0.844947000000026 0.288643999999999 0.329846999999995 0 0.339352999999994 0.547952999999994 1.00060100000003 0.997283000000039 0.013089 0.794995000000021
"104" 103 1.07723313391928 0.0848319999999999 0.115481 0.812016000000025 0.016972 0.876277000000031 0.353487999999994 0.847380000000029 0.301545999999998 0.344843999999993 0 0.351025999999993 0.547754999999994 1.00058800000004 0.997230000000049 0.011752 0.796137000000025
"105" 104 1.07852904537943 0.0856289999999997 0.125849999999999 0.817101000000026 0.016598 0.879569000000032 0.366825999999992 0.856028000000035 0.309415999999997 0.361404999999991 0 0.364895999999993 0.549349999999995 1.00055500000004 0.997113000000048 0.013786 0.796222000000025
"106" 105 1.07975317584599 0.0873539999999998 0.131501 0.817477000000027 0.015902 0.877197000000031 0.36323499999999 0.860923000000029 0.316067999999996 0.369392999999992 0 0.369867999999991 0.553772999999995 1.00060200000004 0.997453000000047 0.015276 0.80706500000002
"107" 106 1.08127670757715 0.0882849999999997 0.140427000000001 0.816506000000024 0.014456 0.87812000000003 0.37406499999999 0.86454800000003 0.327838999999994 0.380506999999991 0 0.37845599999999 0.546852999999993 1.00056000000004 0.997213000000042 0.016567 0.80945000000002
"108" 107 1.08292241072613 0.0913769999999997 0.149598000000001 0.82197500000003 0.013917 0.883150000000035 0.381060999999989 0.866904000000035 0.334720999999994 0.390619999999989 0 0.38432199999999 0.535384999999988 1.00057800000005 0.997279000000049 0.01658 0.814634000000025
"109" 108 1.08396743085253 0.0949279999999998 0.161265000000001 0.824222000000027 0.013502 0.888986000000036 0.38820599999999 0.868173000000036 0.333985999999993 0.397132999999989 0 0.39433799999999 0.535591999999993 1.00057200000004 0.997367000000047 0.016497 0.818414000000026
"110" 109 1.08462106321338 0.0946209999999996 0.166546000000001 0.825937000000027 0.012921 0.894358000000031 0.395103999999989 0.87319900000003 0.344068999999994 0.409830999999989 0 0.401877999999989 0.530640999999988 1.00053100000004 0.997492000000043 0.015281 0.825215000000025
"111" 110 1.08513300435525 0.0989139999999998 0.173092000000001 0.825613000000027 0.012769 0.892854000000034 0.399764999999989 0.875092000000032 0.352570999999993 0.416733999999989 0 0.407670999999992 0.534900999999993 1.00049600000004 0.997523000000047 0.016521 0.828722000000025
"112" 111 1.08604126067995 0.0972139999999998 0.176520000000002 0.823790000000023 0.013743 0.891403000000032 0.404649999999989 0.877688000000029 0.358610999999994 0.420144999999988 0 0.418094999999989 0.539917999999994 1.00053600000004 0.997335000000046 0.018474 0.832487000000019
"113" 112 1.08649848405074 0.100084 0.184752000000002 0.829951000000024 0.013067 0.896190000000036 0.407932999999989 0.884499000000037 0.362017999999994 0.430474999999989 0 0.42336099999999 0.537412999999992 1.00053000000004 0.997355000000046 0.019282 0.837770000000029
"114" 113 1.08674729220363 0.102074 0.195218000000002 0.832235000000022 0.013113 0.897916000000028 0.412273999999988 0.890918000000027 0.372547999999992 0.435642999999988 0 0.430059999999989 0.539262999999992 1.00050300000004 0.99696800000004 0.020562 0.846080000000028
"115" 114 1.08865670719608 0.105977 0.203199000000002 0.835401000000026 0.01204 0.898278000000032 0.415519999999986 0.894211000000032 0.392417999999989 0.445654999999985 0 0.444380999999986 0.534273999999994 1.00051900000004 0.997369000000045 0.019656 0.853592000000026
"116" 115 1.08904318032718 0.105444 0.209399000000003 0.832336000000026 0.014736 0.901402000000028 0.410031999999987 0.896489000000032 0.39573399999999 0.454121999999987 0 0.449957999999987 0.535319999999993 1.00053600000004 0.997243000000043 0.018262 0.857800000000025
"117" 116 1.08970422953768 0.107606 0.216872000000003 0.830380000000025 0.014271 0.907517000000029 0.414661999999988 0.899575000000031 0.40739999999999 0.459132999999987 0 0.458192999999988 0.53007699999999 1.00049200000004 0.99713500000004 0.017917 0.862454000000024
"118" 117 1.09080265140109 0.109775 0.221733000000003 0.832035000000021 0.013246 0.908838000000031 0.426781999999986 0.901961000000033 0.419836999999988 0.466447999999985 0 0.468941999999985 0.535586999999992 1.00049000000004 0.997413000000044 0.019345 0.865154000000027
"119" 118 1.09256102527519 0.10977 0.232122000000004 0.836044000000024 0.01347 0.913494000000031 0.437381999999985 0.906681000000032 0.431619999999988 0.484326999999986 0 0.478015999999986 0.526763999999989 1.00050200000004 0.997173000000043 0.021264 0.868054000000025
"120" 119 1.09319252554784 0.108806 0.239835000000003 0.839601000000022 0.013916 0.914919000000028 0.442910999999985 0.907356000000029 0.437967999999988 0.487268999999986 0 0.484325999999985 0.523875999999988 1.00048300000004 0.99739600000004 0.021666 0.870624000000023
"121" 120 1.09428571807343 0.106134 0.248508000000003 0.846715000000019 0.013874 0.920562000000025 0.451942999999986 0.913471000000028 0.454940999999987 0.502063999999986 0 0.496837999999985 0.523115999999988 1.00049600000003 0.997194000000038 0.0213280000000001 0.873650000000025
"122" 121 1.09573455236419 0.103918999999999 0.255972000000001 0.841261000000021 0.014522 0.921014000000025 0.457091999999988 0.915036000000026 0.46428899999999 0.51387499999999 0 0.502677999999988 0.52506099999999 1.00044600000003 0.997331000000034 0.0235 0.882756000000023
"123" 122 1.09665606512276 0.102815999999999 0.261950000000002 0.838576000000028 0.016223 0.921863000000034 0.466328999999987 0.916465000000036 0.466534999999987 0.519722999999992 0 0.505228999999988 0.52519699999999 1.00041700000004 0.997081000000044 0.023729 0.887944000000023
"124" 123 1.0972504527101 0.10367 0.273144999999999 0.83737900000002 0.016675 0.924086000000024 0.479738999999987 0.915709000000026 0.474559999999989 0.528125999999998 0 0.513400999999993 0.529524999999993 1.00048000000003 0.997123000000034 0.02512 0.889838000000022
"125" 124 1.09923098977728 0.101154 0.276290999999999 0.838506000000022 0.018843 0.927670000000028 0.478353999999988 0.916214000000032 0.47809899999999 0.531118999999996 0 0.513002999999992 0.528036999999992 1.00048700000004 0.997381000000039 0.024064 0.893045000000025
"126" 125 1.09973443757064 0.100904 0.285846999999998 0.840027000000022 0.017351 0.933701000000025 0.482162999999987 0.915829000000026 0.489565999999989 0.541107999999995 0 0.522726999999993 0.526543999999989 1.00044300000003 0.996971000000034 0.024604 0.893921000000022
"127" 126 1.10128396339321 0.101693 0.296939999999997 0.84622300000002 0.01661 0.940800000000025 0.484956999999988 0.918181000000026 0.49289899999999 0.553641999999998 0 0.533663999999996 0.527901999999991 1.00046500000003 0.997200000000035 0.025544 0.894480000000025
"128" 127 1.10266717605126 0.10024 0.306263999999996 0.843175000000024 0.018819 0.942102000000033 0.491732999999986 0.921010000000031 0.494390999999988 0.555737999999999 0 0.536596999999994 0.527001999999991 1.00036700000003 0.996874000000037 0.024914 0.895590000000023
"129" 128 1.10373345521054 0.1004 0.313368999999997 0.841475000000019 0.021035 0.944877000000026 0.491931999999989 0.926429000000026 0.506133999999991 0.565457999999999 0 0.541677999999996 0.517349999999989 1.00042600000003 0.997205000000035 0.0236490000000001 0.899852000000026
"130" 129 1.10540009272794 0.0983139999999997 0.328513999999997 0.84532900000002 0.019486 0.947505000000024 0.500783999999988 0.929779000000024 0.513762999999991 0.571055999999999 0 0.554020999999996 0.510526999999989 1.00041100000003 0.997212000000032 0.023063 0.904029000000021
"131" 130 1.10629546680308 0.0996669999999999 0.337486999999996 0.843935000000018 0.019336 0.945282000000026 0.503436999999987 0.931386000000027 0.523019999999991 0.575221999999995 0 0.563432999999995 0.509836999999987 1.00035200000003 0.996966000000034 0.02323 0.90530600000002
"132" 131 1.10746039592966 0.105381 0.342191999999996 0.845358000000022 0.018802 0.946108000000028 0.507491999999989 0.933112000000029 0.529279999999991 0.581383 0 0.572064 0.504984999999984 1.00040200000003 0.996836000000037 0.023748 0.910809000000021
"133" 132 1.10869189188997 0.107283 0.354284999999996 0.846829000000022 0.016756 0.945124000000026 0.512708999999988 0.937750000000029 0.535465999999996 0.594807000000001 0 0.580209999999999 0.505654999999986 1.00039700000003 0.997063000000033 0.026319 0.913438000000022
"134" 133 1.10978284471162 0.111132 0.364581999999995 0.851412000000021 0.015879 0.948301000000025 0.518304999999992 0.937534000000027 0.542979999999998 0.599870000000002 0 0.583081000000001 0.505070999999987 1.00033000000003 0.996935000000033 0.027563 0.915282000000022
"135" 134 1.1115662657431 0.113676 0.366156999999995 0.855197000000017 0.016888 0.950332000000024 0.519752999999994 0.940336000000025 0.551674999999996 0.604021000000003 0 0.589929999999999 0.502733999999985 1.00034700000003 0.997282000000033 0.029414 0.919087000000021
"136" 135 1.11286235200899 0.110845 0.370168999999995 0.859435000000024 0.016682 0.95322700000003 0.526884999999994 0.945077000000029 0.558461000000001 0.609135000000005 0 0.595975000000005 0.499976999999986 1.00034900000003 0.997043000000034 0.028831 0.916345000000023
"137" 136 1.11484658558266 0.115992 0.377424999999994 0.856376000000021 0.018022 0.955258000000022 0.533216999999995 0.950504000000023 0.564728000000006 0.614255000000005 0 0.603219000000004 0.504592999999987 1.00034300000003 0.997013000000027 0.02967 0.920905000000024
"138" 137 1.11596812124778 0.117722 0.387216999999995 0.858286000000016 0.019535 0.958173000000018 0.542656999999999 0.94942000000002 0.569403000000002 0.617785000000004 0 0.610889000000004 0.501203999999987 1.00034200000002 0.996953000000026 0.0317560000000001 0.922305000000023
"139" 138 1.11759297083234 0.122865 0.390837999999994 0.858034000000018 0.019118 0.960432000000023 0.538454999999995 0.953861000000025 0.573040000000003 0.623525000000005 0 0.617133000000004 0.500102999999989 1.00037500000003 0.997136000000029 0.031223 0.92475900000002
"140" 139 1.11857868783265 0.122117 0.397208999999994 0.861197000000017 0.02018 0.961745000000022 0.543771 0.957664000000023 0.578546000000001 0.623840000000008 0 0.622563000000006 0.504174999999988 1.00035700000003 0.996925000000029 0.03224 0.927436000000027
"141" 140 1.12013127505139 0.123532 0.407833999999993 0.869593000000022 0.018911 0.960744000000025 0.553651999999999 0.960689000000027 0.589393000000002 0.632108000000005 0 0.632961000000006 0.498033999999987 1.00026800000003 0.99690900000003 0.033037 0.92920500000002
"142" 141 1.12203549821901 0.119955 0.413536999999993 0.869814000000015 0.019901 0.962536000000022 0.561628000000003 0.959569000000023 0.597914000000007 0.628041000000006 0 0.633819000000005 0.497217999999987 1.00035300000002 0.996856000000027 0.033477 0.929529000000017
"143" 142 1.12410116557125 0.119414 0.418484999999993 0.873612000000022 0.019881 0.962395000000023 0.564739 0.959855000000025 0.602479000000005 0.631149000000007 0 0.630171000000007 0.493904999999988 1.00030400000003 0.99678000000003 0.036381 0.933061000000024
"144" 143 1.12517917858907 0.116958 0.421640999999994 0.869433000000016 0.020428 0.963044000000021 0.563751999999998 0.95932400000002 0.606842000000003 0.628305000000003 0 0.627318000000005 0.490773999999988 1.00029200000002 0.997017000000024 0.036006 0.93417400000002
"145" 144 1.12715611840587 0.115128 0.433205999999994 0.87312200000002 0.021295 0.963711000000026 0.569575000000004 0.959840000000027 0.607284000000006 0.630287000000008 0 0.632014000000008 0.487854999999987 1.00038200000003 0.997021000000031 0.037883 0.932703000000019
"146" 145 1.12809165798418 0.113064 0.439013999999994 0.872954000000021 0.021505 0.962225000000023 0.574707000000001 0.958008000000025 0.609459000000007 0.636411000000007 0 0.635479000000007 0.482215999999987 1.00027300000003 0.99724600000003 0.038742 0.932771000000015
"147" 146 1.12978492356284 0.110937 0.447337999999993 0.872398000000017 0.022636 0.963212000000022 0.581952 0.961224000000024 0.618672000000003 0.643456000000004 0 0.645319000000005 0.474794999999989 1.00034900000003 0.996848000000028 0.039362 0.935280000000022
"148" 147 1.13165019847167 0.108858 0.452256999999993 0.874195000000017 0.023663 0.967220000000019 0.584156 0.963882000000021 0.630329000000005 0.652315000000006 0 0.654610000000007 0.475804999999989 1.00034600000002 0.996838000000025 0.039918 0.936073000000019
"149" 148 1.1323178720888 0.106724 0.463683999999994 0.875092000000017 0.022768 0.968081000000019 0.589038000000004 0.966887000000019 0.634114000000007 0.653627000000007 0 0.660382000000006 0.474212999999988 1.00032500000002 0.996914000000024 0.039163 0.938236000000021
"150" 149 1.13389179393102 0.108821 0.465388999999993 0.88137700000002 0.022741 0.969517000000025 0.588742000000001 0.968326000000026 0.644047000000004 0.662178000000004 0 0.666471000000006 0.471614999999989 1.00026900000003 0.99672100000003 0.040316 0.939236000000019
"151" 150 1.13585569451814 0.107722 0.472223999999994 0.881516000000016 0.024011 0.969855000000019 0.596020000000004 0.97137900000002 0.647525000000009 0.66410700000001 0 0.669685000000009 0.469098999999989 1.00029400000002 0.996944000000026 0.039216 0.94271500000002
"152" 151 1.13759241787508 0.107298 0.477460999999994 0.88126000000002 0.023706 0.969689000000024 0.593809000000005 0.972053000000025 0.65413600000001 0.670059000000011 0 0.674205000000011 0.46791199999999 1.00033100000003 0.996877000000028 0.039253 0.942895000000013
"153" 152 1.13869133215078 0.104886 0.480198999999992 0.88038700000002 0.0251 0.972041000000023 0.599294000000003 0.975633000000023 0.659529000000012 0.679218000000012 0 0.67862700000001 0.463774999999988 1.00025400000002 0.997018000000028 0.039781 0.94513100000002
"154" 153 1.14056561808353 0.102823 0.487566999999993 0.881271000000019 0.026884 0.974840000000024 0.606266000000004 0.977443000000024 0.666542000000009 0.684372000000009 0 0.689038000000008 0.466460999999988 1.00030400000003 0.996967000000028 0.041274 0.944701000000022
"155" 154 1.14093173964696 0.0993579999999997 0.490429999999993 0.883403000000019 0.029996 0.975600000000024 0.610785999999998 0.979778000000025 0.672025000000005 0.691660000000007 0 0.698789000000006 0.464662999999988 1.00030000000003 0.997096000000029 0.044618 0.94718400000002
"156" 155 1.14229401214413 0.099258 0.501549999999994 0.882855000000015 0.0288890000000001 0.976539000000021 0.621785000000006 0.979004000000022 0.671768000000009 0.702513000000009 0 0.703888000000009 0.464949999999988 1.00026900000002 0.996898000000025 0.043907 0.949411000000016
"157" 156 1.14412054026957 0.0965079999999998 0.508494999999997 0.886010000000016 0.029769 0.977020000000021 0.624462000000008 0.979475000000021 0.67672200000001 0.71048800000001 0 0.70098300000001 0.468009999999989 1.00029700000002 0.996759000000024 0.045084 0.950597000000016
"158" 157 1.14504727790721 0.0920699999999998 0.518693999999997 0.886589000000017 0.032313 0.974676000000022 0.63559000000001 0.979472000000023 0.684659000000008 0.71897200000001 0 0.710875000000008 0.464673999999988 1.00028500000002 0.996789000000027 0.048521 0.953209000000016
"159" 158 1.14618087471237 0.0946039999999998 0.523237 0.890225000000014 0.030561 0.976080000000019 0.640174000000007 0.98085900000002 0.689436000000011 0.72424900000001 0 0.71824000000001 0.463583999999991 1.00028100000002 0.997190000000023 0.0510739999999999 0.955558000000021
"160" 159 1.14814657491252 0.0967829999999998 0.523704999999996 0.890110000000014 0.028978 0.975826000000017 0.641959000000005 0.981421000000018 0.695713000000008 0.729836000000009 0 0.72421400000001 0.465797999999989 1.00026100000002 0.996880000000021 0.054145 0.956240000000021
"161" 160 1.14962194326131 0.0975309999999998 0.526421999999998 0.890346000000014 0.028028 0.975908000000016 0.641385000000005 0.981170000000017 0.699411000000009 0.729043000000009 0 0.721335000000008 0.469305999999992 1.00025200000002 0.996864000000018 0.054999 0.960893000000013
"162" 161 1.15229021579163 0.0988039999999997 0.531729999999999 0.886593000000018 0.030008 0.979116000000021 0.643164000000012 0.979716000000022 0.698173000000009 0.72676800000001 0 0.718012000000008 0.46648399999999 1.00023100000002 0.996939000000025 0.056045 0.961560000000021
"163" 162 1.15347131326284 0.101518 0.530719999999999 0.889181000000015 0.02906 0.980438000000019 0.643715000000009 0.98267100000002 0.704288000000009 0.72960000000001 0 0.724605000000009 0.470994999999989 1.00027300000002 0.997056000000021 0.0558299999999999 0.963071000000012
"164" 163 1.15549334847501 0.104669 0.531675999999996 0.884742000000013 0.0322080000000001 0.980174000000021 0.641748000000007 0.983474000000022 0.703149000000011 0.72802200000001 0 0.729177000000009 0.472359999999989 1.00025000000002 0.996899000000025 0.0535689999999999 0.963687000000014
"165" 164 1.15649053923477 0.105613 0.535457999999999 0.888786000000019 0.030614 0.981040000000022 0.64505000000001 0.983565000000022 0.71493500000001 0.734657000000011 0 0.737162000000012 0.473922999999987 1.00027000000002 0.997059000000024 0.0577879999999999 0.964525000000015
"166" 165 1.15787370191972 0.110301 0.539747000000001 0.891096000000018 0.030442 0.980131000000019 0.647184000000006 0.984657000000021 0.71996700000001 0.744630000000012 0 0.743873000000009 0.474731999999989 1.00023700000002 0.996928000000023 0.054485 0.965593000000019
"167" 166 1.1592342035195 0.110777 0.544792 0.886400000000014 0.0306900000000001 0.982860000000019 0.651603000000009 0.98786100000002 0.722942000000009 0.751725000000011 0 0.754558000000011 0.474648999999989 1.00024700000002 0.997128000000022 0.053547 0.966479000000015
"168" 167 1.16183204736961 0.11188 0.548905999999993 0.888231000000017 0.029747 0.982747000000022 0.659068000000004 0.990077000000023 0.727517000000011 0.758537000000011 0 0.76281800000001 0.47690599999999 1.00022100000002 0.996928000000024 0.053543 0.966905000000018
"169" 168 1.16241761072151 0.111028 0.559228000000004 0.890598000000013 0.026683 0.983577000000017 0.665301000000009 0.990362000000019 0.73007300000001 0.765580000000009 0 0.770550000000009 0.47153899999999 1.00024500000002 0.997093000000021 0.054226 0.969017000000018
"170" 169 1.16381832394245 0.107254 0.559076000000003 0.890442000000012 0.028335 0.985043000000018 0.662724000000008 0.991621000000019 0.73442000000001 0.772092000000011 0 0.77540600000001 0.467649999999989 1.00023600000002 0.997053000000022 0.055799 0.97069900000001
"171" 170 1.16509852409881 0.104449 0.566692 0.895578000000015 0.028812 0.983372000000021 0.667802000000005 0.990446000000022 0.73942100000001 0.774301000000012 0 0.782950000000013 0.465008999999989 1.00023000000002 0.996892000000025 0.058645 0.972418000000016
"172" 171 1.16587214951884 0.105369 0.569313999999999 0.894650000000011 0.030571 0.982316000000015 0.670399000000003 0.992640000000016 0.737791000000004 0.775558000000005 0 0.785701000000005 0.46347299999999 1.00023500000002 0.996945000000018 0.059783 0.972241000000015
"173" 172 1.16755683477491 0.10198 0.576973 0.899451000000016 0.029099 0.983417000000016 0.674063000000007 0.992914000000017 0.742915000000008 0.778179000000009 0 0.788662000000011 0.45160999999999 1.00023300000002 0.996975000000019 0.061107 0.971942000000018
"174" 173 1.17030759867766 0.0988819999999997 0.577988999999999 0.90191400000001 0.027897 0.985224000000013 0.678004000000001 0.993243000000015 0.752556000000006 0.782291000000007 0 0.793007000000008 0.449013999999992 1.00021200000002 0.996943000000018 0.0613829999999999 0.97263200000002
"175" 174 1.17149077965994 0.100707 0.584487000000004 0.900840000000018 0.027922 0.985507000000021 0.685417000000013 0.994050000000023 0.753902000000013 0.789564000000014 0 0.795664000000015 0.45293999999999 1.00021800000002 0.996728000000023 0.059937 0.972567000000017
"176" 175 1.17311563737136 0.100994 0.588920000000003 0.903858000000013 0.027203 0.985892000000016 0.685001000000008 0.993626000000016 0.757169000000007 0.788861000000008 0 0.801983000000007 0.449162999999994 1.00015800000002 0.996959000000018 0.063049 0.972532000000016
"177" 176 1.1745386266395 0.100602 0.599847000000003 0.905622000000011 0.025914 0.984748000000016 0.694437000000007 0.994233000000016 0.766365000000009 0.793753000000008 0 0.804260000000008 0.445017999999993 1.00019500000002 0.996920000000017 0.068049 0.971874000000018
"178" 177 1.17600797446145 0.0991879999999998 0.605152000000003 0.909196000000011 0.023674 0.986866000000014 0.699741000000005 0.995893000000015 0.773091000000006 0.802249000000006 0 0.810414000000007 0.438418999999995 1.00022000000002 0.997042000000016 0.0688519999999999 0.973064000000016
"179" 178 1.17667359497501 0.10175 0.612268000000001 0.907282000000013 0.025156 0.986307000000016 0.701874000000007 0.995903000000017 0.768420000000009 0.799787000000008 0 0.812884000000008 0.428089999999993 1.00023700000002 0.996886000000018 0.069807 0.974219000000016
"180" 179 1.17960586557371 0.103176 0.617943000000002 0.908393000000013 0.02546 0.985810000000019 0.707371000000009 0.99509800000002 0.771229000000009 0.798583000000009 0 0.813101000000009 0.429631999999995 1.00019900000002 0.996889000000021 0.0684709999999999 0.975120000000016
"181" 180 1.18134342501372 0.106941 0.626663000000003 0.908434000000012 0.02907 0.985033000000016 0.712923000000007 0.994967000000017 0.777215000000009 0.804773000000009 0 0.820441000000008 0.435580999999995 1.00016700000002 0.996861000000019 0.0723739999999999 0.973794000000014
"182" 181 1.18269606323538 0.10861 0.633734000000005 0.909546000000009 0.029083 0.984736000000012 0.718385000000008 0.995784000000013 0.781442000000006 0.807323000000007 0 0.819955000000007 0.437876999999994 1.00018700000001 0.996744000000014 0.0740749999999999 0.974018000000015
"183" 182 1.18439323208613 0.10753 0.64171 0.911298000000008 0.029006 0.986131000000012 0.724508000000002 0.995915000000013 0.783141000000006 0.808955000000006 0 0.824594000000005 0.446977999999992 1.00016200000001 0.996829000000016 0.0766149999999999 0.975140000000011
"184" 183 1.18634155895293 0.109714 0.655253000000005 0.91017800000001 0.030168 0.985800000000011 0.735488000000008 0.996031000000012 0.787103000000007 0.812112000000007 0 0.824296000000007 0.454257999999993 1.00014900000001 0.996984000000015 0.0763930000000001 0.974674000000014
"185" 184 1.18769754735483 0.107518 0.660476000000003 0.913079000000012 0.032266 0.985890000000014 0.741559000000008 0.996985000000014 0.793697000000007 0.818373000000007 0 0.826175000000009 0.457407999999994 1.00016700000001 0.996791000000016 0.076306 0.974481000000016
"186" 185 1.18887930641446 0.108362 0.668910000000008 0.913016000000012 0.032342 0.985516000000014 0.747938000000012 0.997032000000015 0.797805000000008 0.827049000000008 0 0.830122000000009 0.454502999999993 1.00014000000002 0.996866000000017 0.077594 0.973816000000018
"187" 186 1.19004084149685 0.109016 0.672704000000005 0.912911000000009 0.0314250000000001 0.986075000000012 0.751989000000009 0.997278000000013 0.805169000000006 0.827700000000007 0 0.835171000000005 0.457957999999993 1.00014500000001 0.997039000000014 0.0773829999999999 0.974002000000011
"188" 187 1.19273509396201 0.106744 0.679077000000005 0.914622000000009 0.031475 0.98666000000001 0.759234000000009 0.996830000000011 0.808773000000007 0.838277000000008 0 0.838569000000007 0.454784999999994 1.00019100000001 0.996963000000014 0.0784859999999999 0.977709000000012
"189" 188 1.19500248337564 0.106654 0.682160000000004 0.917395000000007 0.030484 0.987488000000012 0.763570000000006 0.996831000000013 0.819180000000006 0.842977000000007 0 0.839188000000006 0.451227999999993 1.00015900000001 0.996950000000014 0.0807419999999999 0.976917000000015
"190" 189 1.19585213014134 0.103548 0.687747000000005 0.916899000000011 0.032071 0.989475000000012 0.768698000000009 0.997613000000012 0.825985000000007 0.847420000000007 0 0.841139000000007 0.447264999999994 1.00015200000001 0.996886000000014 0.083587 0.975789000000013
"191" 190 1.19761601203331 0.104865 0.690578000000005 0.91704700000001 0.032147 0.989576000000014 0.767347000000008 0.997615000000014 0.826107000000008 0.845704000000007 0 0.841101000000007 0.445427999999992 1.00017900000001 0.996805000000016 0.0813639999999998 0.976405000000011
"192" 191 1.19943758598763 0.102659 0.691431000000005 0.91722700000001 0.032642 0.990969000000014 0.765553000000008 0.996974000000015 0.825951000000009 0.845170000000009 0 0.840450000000007 0.441015999999994 1.00014100000001 0.996710000000015 0.0839459999999999 0.979174000000014
"193" 192 1.20135548668764 0.0998289999999998 0.693669000000003 0.917947000000009 0.0330130000000001 0.991128000000012 0.768597000000006 0.997763000000012 0.827359000000006 0.842021000000005 0 0.840525000000006 0.437326999999993 1.00015800000001 0.996821000000014 0.0873309999999999 0.981086000000013
"194" 193 1.20233819547576 0.0984539999999999 0.695800000000003 0.915245000000006 0.033359 0.991766000000007 0.768826000000006 0.997873000000008 0.827414000000004 0.842497000000004 0 0.838624000000003 0.440730999999994 1.00013300000001 0.99670100000001 0.087824 0.98154500000001
"195" 194 1.20375695454643 0.100557 0.706697000000004 0.918296000000008 0.031772 0.99133300000001 0.775058000000007 0.99855800000001 0.835278000000006 0.854434000000007 0 0.847788000000006 0.439135999999995 1.00015800000001 0.996704000000012 0.089191 0.98311400000001
"196" 195 1.20535313626817 0.102094 0.710102000000006 0.917414000000008 0.034482 0.991335000000012 0.776926000000008 0.998708000000012 0.837924000000006 0.855547000000005 0 0.851237000000005 0.436273999999994 1.00013000000001 0.996867000000014 0.089129 0.982860000000011
"197" 196 1.20627041000489 0.105452 0.720856000000007 0.91662900000001 0.037477 0.991350000000011 0.783724000000009 0.998859000000011 0.840910000000007 0.859355000000007 0 0.853880000000006 0.430988999999994 1.00012600000001 0.996722000000013 0.0914439999999999 0.981680000000012
"198" 197 1.2089471240447 0.103084 0.724767000000006 0.920885000000012 0.036711 0.990617000000015 0.78584000000001 0.999263000000015 0.848875000000009 0.866702000000008 0 0.858501000000009 0.424004999999994 1.00012900000002 0.996652000000016 0.09004 0.982107000000012
"199" 198 1.21082340998123 0.105406 0.734519000000006 0.92180800000001 0.035678 0.990896000000014 0.794079000000008 0.999404000000014 0.854347000000008 0.866959000000009 0 0.859162000000008 0.422831999999994 1.00007000000001 0.996608000000015 0.0883409999999999 0.982630000000012
"200" 199 1.21277525731814 0.101951 0.736283000000006 0.924205000000009 0.034743 0.991007000000012 0.795572000000009 0.999385000000012 0.854251000000006 0.873900000000006 0 0.862051000000006 0.422112999999994 1.00012000000001 0.996566000000014 0.092448 0.983110000000007
"201" 200 1.21392860658786 0.10233 0.736338000000002 0.923692000000008 0.036213 0.991965000000009 0.798229000000006 0.99924000000001 0.853836000000005 0.875336000000006 0 0.865109000000004 0.418423999999995 1.00010700000001 0.996787000000011 0.091448 0.98528000000001
