"X" "PopRatio" "Diff_KC" "Fibroblast" "M1" "M2" "Neutrophil" "Prol_KC" "Th0" "Th1" "Th17" "Th2" "Th22" "Treg" "iDC" "pDC" "preDiff_KC" "ILC3"
"1" 0 1 0.000323 0 0 0 0 0 0 0 0 0 0 0.165054 0 0 0 0
"2" 1 1.000004 0.001614 0 0 0 0 0 0 0 0 0 0 0.121052 0 0 0 0
"3" 2 1.000007000012 0.003017 0 0 0 0 0 0 0 0 0 0 0.117145 0.000758 0.000746 0 0
"4" 3 1.000001999977 0.003693 0 0.000105 0 0 0 0 0 0 0 0 0.123238 0.004301 0.004264 0 0
"5" 4 1.000000999975 0.005203 0 0.000455 0 0.000159 0 0 0 0 0 0 0.142303 0.010529 0.010548 0 0
"6" 5 1.000010999985 0.006217 0 0.00112 0 0.000875 0 0 0 0 0 0 0.158324 0.026073 0.026128 0 0
"7" 6 1.000017000051 0.006027 0 0.001734 0 0.002238 0 0 0 0 0 0 0.181191 0.04704 0.047113 0 0
"8" 7 1.000026000204 0.008371 0 0.00392 0 0.004072 0 0 0 0 0 0 0.195972 0.0703319999999998 0.0702619999999998 0 0
"9" 8 1.00008100163402 0.009854 0 0.006285 0 0.006234 0 3.4e-05 0 0 0 0 0.21706 0.0972469999999998 0.0972889999999998 0 0
"10" 9 1.0001310056841 0.010972 0 0.00961 0 0.0095 0 0.000133 0 0 0 0 0.239805 0.131019 0.131019 0 0
"11" 10 1.00020201498551 0.011215 0 0.012933 0 0.013831 0 0.000392 0 0 0 0 0.254293 0.168583000000001 0.168450000000001 0 0
"12" 11 1.00025702609633 0.012381 0 0.019486 0 0.021625 0 0.000468 0 0 0 0 0.273606999999999 0.210364000000001 0.210250000000001 0 0
"13" 12 1.00032904460221 0.013167 0 0.026408 0 0.029702 0 4e-04 0 0 0 0 0.295173999999999 0.255892 0.255694 0 0
"14" 13 1.00044408244235 0.012809 0 0.032465 0 0.0390440000000001 0 0.000274 0 0 0 0 0.314746999999999 0.294282999999999 0.294205999999999 0 0
"15" 14 1.00055413129142 0.01111 0 0.041023 0 0.048352 0 0.000401 0 0 0 0 0.331375 0.339283999999997 0.338940999999997 0 0
"16" 15 1.00070521496525 0.010903 0 0.050687 0 0.0572039999999999 0 0.000574 0 0 0 0 0.341443999999999 0.384910999999997 0.384497999999996 0 0
"17" 16 1.00087233273616 0.012259 0 0.0644749999999998 0 0.0682829999999999 0 0.000714 0 0 0 0 0.353852999999997 0.426180999999992 0.425641999999992 0 0
"18" 17 1.00107751156438 0.014325 0 0.0752489999999999 0 0.0800919999999997 0 0.001172 0 0 0 0 0.363930999999999 0.474113999999991 0.473639999999991 0 0
"19" 18 1.00131676908966 0.016583 0 0.0865769999999997 0 0.0921389999999996 5e-05 0.001267 0 0 0 0 0.379046999999997 0.514566999999995 0.513646999999995 0 0
"20" 19 1.00158712461733 0.016467 0 0.0993199999999995 0 0.108084999999999 0 0.002259 0 0 0 0 0.390461999999995 0.556637999999999 0.555306 0 0
"21" 20 1.00196071661485 0.016904 0 0.10953 0 0.117846999999999 0 0.003379 0 0 0 0 0.400162999999995 0.591858000000008 0.589507000000008 0 0
"22" 21 1.00236851462655 0.017456 0 0.123250999999999 0 0.133099 0 0.003752 0 0 0 0 0.412533999999995 0.627936000000007 0.625854000000008 0 0
"23" 22 1.00283561835439 0.019002 0 0.140023 0 0.149808000000001 0 0.004426 0 0 0 0 0.41931099999999 0.666605000000016 0.664115000000015 0 0
"24" 23 1.00338316660205 0.01988 0 0.156982000000001 0 0.168537000000002 0 0.00648 0 0 0 0 0.42722799999999 0.691890000000026 0.688574000000027 0 0
"25" 24 1.00404038257623 0.020023 0 0.173853000000002 0 0.192896000000003 6.6e-05 0.00857100000000001 0 0 0 0 0.441896999999991 0.720535000000022 0.716518000000022 0 0
"26" 25 1.00472212599604 0.021342 0 0.185635000000003 0 0.213383000000004 5.5e-05 0.011787 0 0 0 0 0.448161999999989 0.749702000000034 0.744104000000034 0 0
"27" 26 1.00543849287191 0.022388 0 0.202127000000004 0 0.232232000000006 6.7e-05 0.015952 0 0 0 0 0.45231299999999 0.775162000000032 0.769393000000032 0 0
"28" 27 1.00622474577338 0.023997 0 0.223052000000005 0 0.242936000000007 0.000137 0.021531 0 0 0 0 0.464556999999987 0.796918000000038 0.789836000000038 0 0
"29" 28 1.00703576291852 0.0255100000000001 0 0.242237000000007 0 0.264561000000005 0.000379 0.0263500000000001 0 0 0 0 0.468463999999987 0.822075000000044 0.814293000000043 0 5.1e-05
"30" 29 1.00798439060724 0.0265680000000001 0 0.260229000000005 0 0.281959000000001 0.000457 0.0311270000000001 0 0 0 0 0.474559999999984 0.839048000000048 0.829785000000048 0 0.000134
"31" 30 1.00894600771594 0.0269360000000001 0 0.277793000000002 0 0.303641999999998 0.000617 0.037848 0 0 0 0 0.481735999999984 0.85164800000005 0.841212000000049 0 0.000258
"32" 31 1.01002154416022 0.027492 0 0.293824 0 0.314860999999996 0.001089 0.045591 0 0 0 0 0.489893999999986 0.867238000000041 0.85658000000004 0 0.000577
"33" 32 1.01112751775112 0.026929 0 0.306045999999998 0 0.337447999999996 0.001812 0.0582409999999998 0 0 0 0 0.501339999999985 0.879847000000045 0.869439000000048 0 0.001354
"34" 33 1.01225290267843 0.0272180000000001 0 0.317825999999998 0 0.363891999999993 0.002913 0.064254 0 0 0 0 0.506259999999976 0.886642000000057 0.875257000000057 0 0.001895
"35" 34 1.01340079747014 0.027656 0 0.332161999999996 0 0.377041999999992 0.003181 0.0747069999999995 3.8e-05 0 0 0 0.517286999999987 0.902375000000055 0.890426000000053 0 0.002624
"36" 35 1.01461282482398 0.0291450000000001 0 0.349404999999993 0 0.397255999999988 0.003195 0.0834389999999995 0 0 0 0 0.520855999999983 0.915097000000059 0.902706000000058 0 0.003289
"37" 36 1.01589123698334 0.0303810000000001 0 0.365912999999993 0 0.404188999999988 0.003702 0.0938709999999993 0 0 0 0 0.517802999999985 0.92386700000006 0.911890000000061 0 0.005004
"38" 37 1.01705138477604 0.0295570000000001 0 0.38150199999999 0 0.423278999999984 0.004634 0.105228999999999 6.7e-05 0 0 0 0.521701999999985 0.93398900000007 0.921165000000068 0 0.006284
"39" 38 1.01827184643785 0.0299640000000001 0 0.400359999999987 0 0.439465999999982 0.004776 0.117248999999999 6.7e-05 0 0 0 0.525625999999986 0.942941000000057 0.930421000000056 0 0.008261
"40" 39 1.01942554843992 0.0317360000000001 0 0.420099999999987 0 0.45668399999998 0.005564 0.13039 0.000181 2e-04 0 0.000183 0.520137999999986 0.948565000000058 0.937075000000059 0 0.010833
"41" 40 1.02064478139592 0.0310880000000001 0 0.444069999999983 0 0.468643999999979 0.00665 0.146556 0.000335 0.000285 0 0.000192 0.524704999999985 0.957564000000064 0.947382000000063 0 0.015528
"42" 41 1.02184505965892 0.0351540000000001 0 0.464316999999982 0 0.483044999999977 0.007851 0.163049000000002 0.000262 0.000229 0 0.00036 0.529484999999989 0.963684000000065 0.954755000000065 0 0.020655
"43" 42 1.02302937808313 0.0344710000000001 0 0.48304699999998 0 0.495823999999977 0.008544 0.181427000000002 0.000338 0.000585 0 0.000417 0.535059999999987 0.968942000000063 0.960242000000062 0 0.025676
"44" 43 1.02413731889966 0.0339490000000001 0 0.500601999999979 0 0.509520999999978 0.01087 0.195323000000003 0.000725 0.000686 0 0.000818 0.527140999999986 0.972804000000069 0.964340000000069 0 0.0346800000000001
"45" 44 1.02530688371792 0.032812 0 0.511886999999983 0 0.524466999999983 0.012278 0.209587000000004 0.001127 0.001403 0 0.001399 0.523019999999985 0.973677000000061 0.965944000000063 0 0.042892
"46" 45 1.0264203669937 0.032117 0 0.526620999999986 0 0.543307999999986 0.014862 0.227422000000005 0.001015 0.002204 0 0.002793 0.531483999999989 0.976547000000061 0.967908000000062 0.000115 0.0542239999999999
"47" 46 1.0276725998415 0.0338420000000001 0 0.545792999999987 0 0.560760999999988 0.016498 0.243167000000006 0.000961 0.002799 0 0.004568 0.537516999999988 0.979167000000059 0.969758000000062 0 0.0659459999999998
"48" 47 1.02881331642738 0.035256 0.000134 0.558219999999988 0 0.576494999999991 0.020376 0.257679000000004 0.001316 0.003429 0 0.005159 0.537886999999987 0.98373000000006 0.974090000000063 4.6e-05 0.0748279999999997
"49" 48 1.03000159580792 0.0385940000000001 0.000333 0.571658999999992 0 0.592149999999995 0.021996 0.274224000000002 0.002292 0.004509 0 0.00616900000000001 0.55141899999999 0.985671000000056 0.976157000000057 0.000133 0.0855329999999995
"50" 49 1.0309553772857 0.040795 0.000178 0.581147999999993 0 0.602640999999998 0.0268520000000001 0.293309999999999 0.002629 0.00624800000000001 0 0.008044 0.554232999999989 0.988619000000062 0.980115000000063 0.000134 0.0980339999999994
"51" 50 1.03220283329228 0.042324 0.000302 0.597321999999995 0.000134 0.618661000000002 0.029978 0.309247999999999 0.003871 0.00787100000000001 0 0.010405 0.551521999999988 0.989543000000062 0.981605000000063 0.000133 0.113316999999999
"52" 51 1.03335270724863 0.045263 0.000334 0.606128000000004 2e-04 0.637226000000005 0.033396 0.324757999999993 0.00453 0.008762 0 0.01225 0.562380999999994 0.991973000000058 0.984467000000061 6.7e-05 0.129439999999999
"53" 52 1.03459996396634 0.0474929999999999 0.000599 0.613905000000004 0.000333 0.643834000000006 0.038018 0.332460999999996 0.005512 0.00955699999999999 0 0.012059 0.570529999999995 0.993644000000059 0.986464000000062 6.7e-05 0.146867
"54" 53 1.03593252871999 0.0490139999999999 0.000468 0.626868000000006 0.000133 0.654943000000011 0.0418359999999999 0.35430499999999 0.00597200000000001 0.01293 0 0.01402 0.573159999999997 0.994980000000056 0.988532000000057 0.000161 0.165312000000001
"55" 54 1.03703268906555 0.0520159999999999 0.00058 0.643009000000013 6.7e-05 0.668416000000014 0.046979 0.37133899999999 0.008453 0.015159 0 0.01719 0.576921000000001 0.996014000000057 0.989166000000059 0.000134 0.179789000000002
"56" 55 1.03809875866997 0.0519959999999999 0.000729 0.650426000000009 0.000133 0.674068000000013 0.0531679999999998 0.392363999999988 0.010225 0.016757 0 0.019003 0.583519999999999 0.996171000000066 0.990154000000068 6.7e-05 0.196153000000003
"57" 56 1.03909014298457 0.0539079999999998 0.000944 0.666293000000014 2e-04 0.686483000000017 0.0588899999999999 0.403355999999989 0.011279 0.019631 0 0.021323 0.581983999999997 0.997193000000056 0.990944000000059 5.8e-05 0.219937000000004
"58" 57 1.04008143498103 0.051885 0.00093 0.678894000000014 4e-04 0.693708000000012 0.0592569999999999 0.419255999999986 0.012725 0.02258 0 0.022302 0.585851999999995 0.996831000000063 0.990104000000065 0.000134 0.237128000000006
"59" 58 1.04102062851688 0.0493159999999999 0.000926 0.688690000000014 0.000467 0.704165000000016 0.0641159999999999 0.433952999999986 0.015705 0.026368 0 0.026581 0.582838999999998 0.99766500000005 0.991454000000055 0.000116 0.257652000000004
"60" 59 1.042037705671 0.052475 0.001028 0.700012000000011 0.000659 0.715250000000015 0.0687629999999997 0.444009999999984 0.01858 0.029747 0 0.0297430000000001 0.592031999999997 0.998163000000055 0.993246000000058 0.000198 0.275031000000003
"61" 60 1.04299117017174 0.0531599999999999 0.001734 0.703368000000016 0.001113 0.727306000000023 0.0726609999999997 0.460758999999986 0.021071 0.0340120000000001 0 0.0322010000000001 0.599102000000002 0.998022000000056 0.992944000000058 0.000416 0.297368999999998
"62" 61 1.04389857248985 0.0547339999999999 0.001627 0.713262000000019 0.001468 0.741114000000027 0.0787369999999997 0.474386999999983 0.021935 0.036805 0 0.035671 0.599413000000001 0.998133000000059 0.99363900000006 0.000346 0.317896999999996
"63" 62 1.04470237439073 0.055009 0.001312 0.72209300000002 0.001764 0.747082000000024 0.0844379999999996 0.49116399999998 0.0255000000000001 0.042537 0 0.041284 0.593686999999998 0.998753000000059 0.994433000000063 0.000682 0.328860999999995
"64" 63 1.04550888462382 0.053434 0.001026 0.725435000000024 0.001759 0.759564000000028 0.0939779999999994 0.504337999999982 0.0283790000000001 0.047872 0 0.0475239999999999 0.591606 0.999048000000055 0.995178000000059 0.000516 0.345107999999993
"65" 64 1.04655021147297 0.052536 0.00114 0.731172000000021 0.002199 0.771257000000025 0.104338999999999 0.521514999999987 0.0314170000000001 0.0565349999999999 0 0.0569339999999999 0.591105999999999 0.999334000000053 0.995123000000056 0.001 0.361987999999991
"66" 65 1.04755071347519 0.0509759999999999 0.001182 0.736247000000019 0.002288 0.775763000000024 0.110038 0.525918999999988 0.0361460000000001 0.0590769999999999 0 0.0602589999999999 0.589503 0.999019000000047 0.99525900000005 0.000881 0.37899799999999
"67" 66 1.04827771367039 0.0556989999999999 0.001583 0.747133000000019 0.002345 0.786043000000022 0.114624999999999 0.539391999999989 0.040454 0.0644689999999997 0 0.0629629999999997 0.599139999999996 0.99889000000005 0.995119000000054 0.001068 0.394358999999989
"68" 67 1.04866347986907 0.0575489999999999 0.002295 0.752701000000019 0.002983 0.797649000000024 0.125833999999999 0.541737999999986 0.043065 0.0697319999999998 0 0.0704509999999999 0.604285 0.999137000000047 0.99574400000005 0.001618 0.415830999999989
"69" 68 1.04940907960331 0.0593819999999999 0.003028 0.756086000000021 0.003979 0.802183000000027 0.131573 0.555802999999995 0.044069 0.0742219999999999 0 0.0765619999999999 0.605590000000001 0.999534000000054 0.996227000000057 0.002245 0.432812999999987
"70" 69 1.05017514823148 0.0591189999999999 0.004074 0.758886000000021 0.003897 0.807972000000031 0.141161 0.566860999999994 0.0491329999999999 0.0803219999999997 0 0.0859869999999996 0.607402000000001 0.999556000000053 0.996147000000056 0.002743 0.446411999999984
"71" 70 1.05126838056084 0.0603779999999999 0.004391 0.761202000000023 0.004853 0.814543000000033 0.141254 0.578835999999997 0.0513329999999999 0.0872299999999996 0 0.0892689999999994 0.607972000000004 0.999094000000058 0.99553600000006 0.003646 0.461485999999981
"72" 71 1.0522092657615 0.0617159999999999 0.005156 0.765231000000023 0.004319 0.820694000000027 0.149338 0.592583999999997 0.0568389999999999 0.0926459999999994 0 0.0948209999999994 0.611246000000002 0.999790000000044 0.996317000000047 0.003145 0.478938999999982
"73" 72 1.05291003713255 0.0627379999999999 0.006094 0.772262000000024 0.003734 0.821026000000031 0.149594000000001 0.600800000000001 0.0604539999999999 0.101315999999999 0 0.100032999999999 0.611694000000002 0.999859000000048 0.99648800000005 0.003294 0.494472999999982
"74" 73 1.05403665087233 0.0603479999999998 0.008769 0.773601000000017 0.004615 0.828146000000029 0.154155000000001 0.608762000000003 0.0681369999999997 0.106509999999999 0 0.106687999999999 0.613752000000004 0.999275000000045 0.99578500000005 0.003688 0.509333999999984
"75" 74 1.05467223497285 0.0614789999999999 0.010893 0.780608000000023 0.005299 0.831736000000033 0.157312000000001 0.622758000000005 0.0733529999999998 0.116211999999999 0 0.113580999999999 0.616549000000002 0.999440000000049 0.996147000000052 0.004355 0.524994999999987
"76" 75 1.0555497222724 0.0640889999999999 0.012134 0.774543000000024 0.005912 0.833362000000033 0.164349000000001 0.631836000000007 0.0813929999999997 0.123798999999999 0 0.120273999999999 0.616322000000002 0.999459000000049 0.99622100000005 0.004834 0.541160999999991
"77" 76 1.05645538393416 0.0634759999999999 0.013086 0.771280000000024 0.005766 0.840522000000029 0.170268000000002 0.640306000000008 0.0877559999999997 0.131147 0 0.126309999999999 0.619118000000006 0.999487000000046 0.99627700000005 0.00607900000000001 0.556386999999994
"78" 77 1.05749599248739 0.065757 0.016485 0.772342000000022 0.005032 0.843945000000032 0.174950000000003 0.647079000000006 0.0958619999999994 0.138882 0 0.135483 0.618354000000005 0.999736000000052 0.996384000000055 0.006406 0.567446999999997
"79" 78 1.0580501203875 0.0682649999999999 0.018324 0.777947000000022 0.005411 0.847859000000029 0.184421000000003 0.657481000000008 0.0962869999999995 0.145828000000001 0 0.144272 0.619775000000005 0.999781000000041 0.996403000000045 0.007747 0.580546
"80" 79 1.05885106432868 0.065795 0.019641 0.77056600000002 0.007261 0.847793000000029 0.193095000000003 0.668793000000012 0.100404 0.150952000000001 0 0.150747000000001 0.617245000000004 1.00005000000004 0.996458000000046 0.00721300000000001 0.587668000000001
"81" 80 1.05946731564816 0.0705469999999998 0.02322 0.770425000000022 0.00803600000000001 0.856305000000032 0.204985000000003 0.680793000000012 0.102991999999999 0.152434000000001 0 0.155356000000001 0.615101000000007 1.00024800000004 0.996512000000046 0.006969 0.601920000000003
"82" 81 1.06017715874969 0.0708319999999997 0.026896 0.769002000000023 0.008915 0.859020000000031 0.215820000000004 0.690838000000014 0.110497999999999 0.162279000000002 0 0.167855000000002 0.618459000000007 1.00031000000005 0.99646300000005 0.007457 0.612617000000008
"83" 82 1.06097123144164 0.0717119999999998 0.029433 0.775613000000027 0.010243 0.860230000000037 0.226638000000005 0.689348000000021 0.116260999999999 0.171564000000002 0 0.170519000000002 0.616096000000008 1.00063700000005 0.996609000000049 0.00714600000000001 0.617894000000006
"84" 83 1.06199506868004 0.0708079999999997 0.032352 0.775302000000028 0.012049 0.868087000000036 0.231838000000005 0.701500000000016 0.120461999999999 0.175454000000003 0 0.175278000000002 0.616740000000005 1.00064300000005 0.997185000000049 0.007086 0.620439000000005
"85" 84 1.06224569951629 0.0739699999999999 0.039015 0.775022000000028 0.011007 0.876368000000033 0.248309000000005 0.709200000000018 0.129837 0.182792000000002 0 0.186276000000003 0.609776000000004 1.00057500000005 0.997176000000048 0.00919499999999999 0.629108000000009
"86" 85 1.06351189639016 0.0776199999999999 0.042012 0.771744000000025 0.011431 0.881812000000035 0.251929000000005 0.71963000000002 0.138723 0.192629000000004 0 0.199345000000004 0.605049000000002 1.00063900000004 0.996997000000047 0.008657 0.642325000000009
"87" 86 1.06437227751439 0.0774839999999998 0.0463839999999999 0.768503000000022 0.011977 0.882345000000032 0.259736000000003 0.729850000000021 0.145100000000001 0.198697000000003 0 0.214769000000003 0.604266000000006 1.00057500000004 0.997118000000046 0.00853400000000001 0.646841000000008
"88" 87 1.06500025715817 0.0776989999999998 0.0527459999999999 0.770682000000021 0.012589 0.887778000000032 0.270998000000001 0.73789800000002 0.149392000000001 0.204543000000004 0 0.225266000000004 0.609030000000004 1.00060600000004 0.996817000000045 0.008642 0.652648000000013
"89" 88 1.06577025234414 0.0795519999999998 0.056957 0.765278000000018 0.012975 0.889781000000027 0.275694999999999 0.748475000000015 0.158010000000001 0.212279000000004 0 0.232755000000004 0.618818000000008 1.00057100000004 0.997175000000042 0.00836899999999999 0.661549000000011
"90" 89 1.06649817342653 0.0802399999999998 0.0611739999999999 0.770642000000022 0.013003 0.890582000000034 0.284538999999999 0.75967800000002 0.169912000000002 0.230519000000004 0 0.243829000000005 0.610680000000005 1.00057600000004 0.997152000000047 0.00786 0.670345000000012
"91" 90 1.06739936438312 0.0814439999999998 0.0668689999999999 0.771388000000023 0.013785 0.893646000000039 0.292861999999997 0.771147000000027 0.177603000000002 0.236321000000004 0 0.249839000000004 0.613582000000005 1.00055000000005 0.997209000000049 0.007785 0.674723000000012
"92" 91 1.06830772124226 0.0816189999999999 0.0688939999999998 0.776131000000016 0.013448 0.89491900000003 0.294823999999998 0.776429000000018 0.181266000000002 0.245696000000003 0 0.256600000000002 0.615752000000009 1.00056200000004 0.997373000000042 0.007364 0.679902000000013
"93" 92 1.0685790714035 0.0850249999999997 0.074432 0.781627000000023 0.012685 0.895013000000028 0.304450999999998 0.781081000000021 0.184582000000002 0.258853000000002 0 0.267115000000001 0.610726000000002 1.00056600000004 0.997295000000043 0.008497 0.694281000000009
"94" 93 1.0696380332633 0.0867109999999997 0.0772939999999998 0.783214000000025 0.012337 0.894486000000033 0.304896999999997 0.787767000000028 0.190843000000003 0.265994000000001 0 0.274536 0.614805000000005 1.00057200000005 0.997130000000049 0.008341 0.696666000000012
"95" 94 1.07081142618583 0.0856709999999997 0.0809559999999997 0.783571000000024 0.014917 0.899582000000038 0.310834999999997 0.792174000000027 0.200148000000003 0.275787000000001 0 0.287063999999999 0.620110000000006 1.00058900000004 0.997249000000048 0.008286 0.707328000000015
"96" 95 1.07213923235435 0.0871789999999997 0.0826449999999997 0.784715000000018 0.014523 0.906645000000025 0.312198999999995 0.80006100000002 0.212169000000003 0.288146999999999 0 0.296928999999998 0.621989000000004 1.00051500000003 0.997133000000037 0.008786 0.717613000000018
"97" 96 1.07329392630763 0.0872499999999997 0.0924419999999997 0.785836000000021 0.015116 0.904258000000031 0.320032999999995 0.805898000000025 0.219260000000004 0.295278999999997 0 0.302139999999996 0.615596000000004 1.00053600000004 0.997230000000041 0.00961099999999999 0.724135000000022
"98" 97 1.07427491695632 0.088797 0.0973219999999997 0.78860800000002 0.014878 0.907259000000029 0.324410999999998 0.807501000000025 0.228217000000004 0.302330999999996 0 0.311000999999996 0.614988000000006 1.00055400000004 0.997309000000041 0.010909 0.731692000000021
"99" 98 1.07501831519889 0.0864679999999996 0.106096999999999 0.798079000000024 0.014619 0.913051000000032 0.327931999999996 0.815145000000027 0.232705000000004 0.315554999999995 0 0.320140999999995 0.614876000000005 1.00053700000004 0.997155000000044 0.012407 0.739158000000025
"100" 99 1.07547842303784 0.0836369999999997 0.11259 0.799964000000021 0.014883 0.915551000000029 0.333518999999994 0.819158000000025 0.240782000000004 0.319658999999995 0 0.323564999999994 0.615132999999999 1.00048400000004 0.997234000000039 0.013319 0.744242000000021
"101" 100 1.07630223950993 0.0849299999999997 0.122305999999999 0.80447900000002 0.015115 0.91692800000003 0.348449999999993 0.824918000000027 0.249216000000004 0.327883999999995 0 0.330072999999994 0.614104000000005 1.00048400000004 0.997113000000042 0.014493 0.747427000000021
"102" 101 1.07688559532378 0.0867499999999997 0.128566 0.799918000000025 0.015142 0.916589000000029 0.360274999999991 0.831140000000024 0.260410000000003 0.340259999999993 0 0.338331999999993 0.612148000000001 1.00046800000004 0.997153000000041 0.015727 0.75930100000002
"103" 102 1.07717097000658 0.0901369999999997 0.137927 0.806880000000022 0.015093 0.921502000000028 0.366213999999993 0.834003000000026 0.265897000000001 0.344106999999994 0 0.350530999999994 0.608521 1.00044500000004 0.997218000000044 0.016495 0.76698200000002
"104" 103 1.07793899290824 0.0911949999999996 0.147093000000001 0.805995000000023 0.01511 0.924529000000034 0.375180999999989 0.834384000000027 0.275856 0.352278999999994 0 0.360400999999993 0.603897000000002 1.00049900000004 0.997194000000044 0.017597 0.773548000000022
"105" 104 1.07918509038409 0.0909439999999997 0.152190000000001 0.804261000000024 0.015603 0.924241000000033 0.381602999999989 0.83364200000003 0.278280999999999 0.353214999999991 0 0.365183999999992 0.598104000000003 1.00046200000004 0.997326000000044 0.017422 0.776658000000025
"106" 105 1.07937718533022 0.0921439999999997 0.164205000000002 0.810044000000021 0.015309 0.928396000000029 0.397031999999989 0.835248000000028 0.290388999999997 0.358871999999991 0 0.371432999999992 0.592563000000005 1.00045200000003 0.997424000000038 0.016915 0.779258000000018
"107" 106 1.08027522714845 0.0934889999999997 0.170073000000002 0.812955000000023 0.015283 0.93111400000003 0.402754999999988 0.840558000000026 0.295704999999997 0.363546999999992 0 0.377300999999992 0.586257000000001 1.00047400000004 0.99705500000004 0.018736 0.785049000000018
"108" 107 1.08133929824723 0.0929129999999997 0.181221000000001 0.815683000000025 0.014753 0.929618000000036 0.418003999999988 0.845156000000031 0.304243999999996 0.377849999999992 0 0.386506999999991 0.580186999999999 1.00048500000004 0.99711700000004 0.021106 0.793485000000027
"109" 108 1.08174263780552 0.0946999999999998 0.185011000000002 0.818174000000023 0.014381 0.930040000000031 0.418466999999988 0.850402000000027 0.305875999999996 0.39217999999999 0 0.39445499999999 0.584266000000001 1.00053600000004 0.997125000000038 0.021399 0.807170000000022
"110" 109 1.0826480563934 0.0944499999999996 0.193703000000002 0.818454000000025 0.013805 0.932587000000033 0.427606999999986 0.856218000000029 0.321104999999995 0.39980299999999 0 0.402094999999989 0.582339 1.00045700000004 0.997222000000043 0.022085 0.809512000000027
"111" 110 1.08323160369584 0.0947009999999999 0.200770000000003 0.814225000000024 0.013899 0.936850000000033 0.433643999999987 0.860774000000031 0.329158999999994 0.403897999999989 0 0.409058999999989 0.581154000000001 1.00049600000003 0.997202000000039 0.021838 0.813380000000021
"112" 111 1.08401586337695 0.0947439999999998 0.208425000000003 0.811357000000024 0.01253 0.936989000000028 0.434804999999986 0.862717000000029 0.338293999999994 0.418269999999989 0 0.41534399999999 0.583960000000001 1.00047900000003 0.997229000000037 0.020172 0.818749000000023
"113" 112 1.08523646523915 0.0975739999999998 0.221288000000002 0.813536000000022 0.011361 0.935945000000031 0.444484999999989 0.864034000000029 0.352299999999993 0.420805999999991 0 0.42605099999999 0.584212000000002 1.00052000000004 0.997123000000041 0.020779 0.828188000000032
"114" 113 1.08665703977219 0.100901 0.232670000000003 0.811263000000018 0.013046 0.935438000000031 0.451782999999987 0.862324000000026 0.361197999999992 0.423041999999989 0 0.432960999999989 0.583448000000001 1.00039400000004 0.997263000000038 0.021841 0.827418000000029
"115" 114 1.08707540273254 0.0984989999999998 0.238166000000003 0.809714000000017 0.014635 0.938505000000023 0.456740999999987 0.869256000000022 0.371705999999992 0.43342299999999 0 0.446042999999989 0.577547000000001 1.00045100000003 0.997354000000032 0.021006 0.832304000000026
"116" 115 1.08718302319744 0.0941359999999997 0.243292000000003 0.814144000000021 0.013904 0.94145600000003 0.457713999999988 0.869982000000027 0.376658999999991 0.444455999999988 0 0.448747999999988 0.572538999999998 1.00045700000003 0.997146000000037 0.020746 0.834084000000022
"117" 116 1.08795818469302 0.0941249999999996 0.250371000000002 0.816515000000019 0.014063 0.942929000000031 0.462103999999988 0.868651000000028 0.379766999999993 0.447328999999989 0 0.452461999999989 0.566465999999997 1.00046000000004 0.997221000000039 0.020717 0.837285000000028
"118" 117 1.08919519314905 0.0934079999999996 0.258207000000002 0.819464000000018 0.014045 0.942861000000028 0.463700999999987 0.875427000000026 0.391705999999991 0.460959999999988 0 0.463617999999988 0.567388999999997 1.00047800000003 0.996885000000034 0.022391 0.843914000000023
"119" 118 1.0900676384988 0.0932919999999998 0.268302 0.823668000000016 0.014863 0.942402000000023 0.46808099999999 0.873732000000021 0.393706999999993 0.467058999999991 0 0.466858999999991 0.568080999999998 1.00041600000003 0.99718300000003 0.021631 0.853450000000023
"120" 119 1.09076201158455 0.0927639999999999 0.270741999999999 0.827206000000022 0.015544 0.943407000000028 0.467430999999988 0.88197300000003 0.401885999999991 0.477748999999989 0 0.474581999999988 0.564983999999997 1.00046100000003 0.997316000000036 0.019611 0.855141000000024
"121" 120 1.09235234259748 0.0916989999999997 0.272267 0.829035000000015 0.015496 0.942792000000022 0.472535999999989 0.887664000000023 0.40684399999999 0.486612999999988 0 0.482975999999988 0.559688999999997 1.00040900000003 0.997288000000029 0.020016 0.857412000000022
"122" 121 1.09408809046989 0.0893089999999997 0.282176 0.834544000000019 0.01395 0.944960000000027 0.483052999999988 0.893712000000026 0.416142999999991 0.496850999999989 0 0.493084999999989 0.560040999999999 1.00042500000003 0.997195000000033 0.021311 0.861042000000022
"123" 122 1.09540865479512 0.0841449999999998 0.289328999999998 0.842974000000019 0.013928 0.945629000000027 0.48756499999999 0.900179000000026 0.426746999999994 0.504219999999992 0 0.506336999999993 0.559017 1.00039900000003 0.997228000000034 0.02279 0.867083000000026
"124" 123 1.09683706768101 0.0839109999999999 0.292779999999997 0.846535000000018 0.014965 0.948723000000025 0.494581999999987 0.900303000000025 0.435110999999991 0.507586999999991 0 0.510496999999992 0.557984999999999 1.00045600000003 0.997037000000034 0.022143 0.872499000000024
"125" 124 1.09839238264302 0.0875949999999998 0.308138999999997 0.846080000000019 0.015704 0.951878000000027 0.499861999999986 0.905736000000025 0.44819599999999 0.518977999999989 0 0.523254999999989 0.559108999999996 1.00041900000003 0.997113000000035 0.025768 0.877370000000025
"126" 125 1.10048042656245 0.0890139999999998 0.309789999999998 0.849393000000017 0.015245 0.950624000000022 0.496634999999988 0.911904000000022 0.451295999999989 0.530361999999993 0 0.534737999999995 0.555759999999999 1.00041900000003 0.997234000000029 0.025497 0.882873000000025
"127" 126 1.10169865839469 0.0873339999999998 0.321378999999997 0.854163000000014 0.014602 0.954609000000022 0.50468299999999 0.916200000000021 0.461271999999991 0.531732999999994 0 0.538404999999995 0.551684999999999 1.00042100000003 0.99728700000003 0.027378 0.888178000000021
"128" 127 1.10306366303247 0.0834699999999998 0.332900999999996 0.859637000000021 0.015111 0.957945000000027 0.512527999999989 0.915885000000028 0.46989099999999 0.536700999999994 0 0.535458999999993 0.552295999999995 1.00040700000003 0.996995000000033 0.028564 0.892236000000027
"129" 128 1.10495762334193 0.0829729999999998 0.337862999999996 0.86157800000002 0.017343 0.960301000000024 0.518547999999991 0.913747000000022 0.47813199999999 0.541124999999999 0 0.539034999999998 0.551804999999997 1.00041700000003 0.996978000000031 0.027172 0.898644000000023
"130" 129 1.10543496503524 0.0799389999999998 0.346776999999996 0.862765000000022 0.016904 0.960869000000026 0.524606999999994 0.918624000000027 0.48947899999999 0.552786999999999 0 0.549149999999997 0.543013999999996 1.00038100000003 0.997092000000031 0.027903 0.898901000000017
"131" 130 1.10691845875835 0.0775669999999998 0.359680999999996 0.862651000000018 0.0168 0.963271000000023 0.536752999999995 0.922062000000022 0.49527899999999 0.559361999999998 0 0.558788 0.544312999999995 1.00032800000003 0.996822000000029 0.026651 0.902511000000021
"132" 131 1.10850356599132 0.0787239999999998 0.368918999999994 0.864569000000021 0.015175 0.966058000000027 0.546369999999997 0.924228000000026 0.508594999999989 0.572625999999998 0 0.567428999999999 0.548350999999996 1.00039300000003 0.996902000000032 0.027468 0.905450000000022
"133" 132 1.10894031639635 0.0780919999999998 0.382404999999994 0.867215000000015 0.014337 0.966735000000022 0.555418999999999 0.92849100000002 0.514253999999993 0.57409 0 0.574178 0.547590999999998 1.00035200000003 0.996726000000029 0.028636 0.910247000000028
"134" 133 1.10991840175544 0.0773619999999998 0.386078999999996 0.873477000000016 0.013963 0.970508000000024 0.553453 0.927624000000021 0.515038999999991 0.581490000000001 0 0.576074000000001 0.546946999999997 1.00037800000003 0.997066000000027 0.0304300000000001 0.913338000000025
"135" 134 1.11141124200583 0.078395 0.395964999999993 0.876359000000017 0.014362 0.972364000000023 0.558006999999998 0.932750000000025 0.524385999999995 0.590815999999999 0 0.586003000000001 0.536907999999996 1.00033900000002 0.997096000000027 0.0332470000000001 0.918324000000026
"136" 135 1.11334065192198 0.0798089999999998 0.404072999999994 0.874046000000023 0.014517 0.972853000000029 0.560230000000002 0.936997000000029 0.528761999999995 0.595983000000005 0 0.596401000000003 0.541489999999995 1.00033000000003 0.997109000000034 0.033446 0.920665000000026
"137" 136 1.11526116454657 0.0804609999999999 0.416529999999994 0.878773000000019 0.013686 0.975061000000026 0.567635000000001 0.940567000000026 0.542257999999997 0.608076000000003 0 0.610346000000003 0.541655999999998 1.00034500000003 0.99709500000003 0.035647 0.923320000000026
"138" 137 1.11692513420411 0.0800539999999999 0.421163999999994 0.879371000000019 0.013088 0.975910000000023 0.571779 0.942782000000023 0.549559999999998 0.611511000000005 0 0.607298000000004 0.542742999999997 1.00034900000003 0.997202000000028 0.038109 0.920290000000026
"139" 138 1.11816268725283 0.0829009999999998 0.435756999999993 0.880014000000019 0.01415 0.977330000000026 0.580231000000002 0.945570000000026 0.560235 0.620898000000007 0 0.618782000000007 0.545845999999994 1.00031200000003 0.99723500000003 0.037734 0.923586000000018
"140" 139 1.11971693338814 0.0803199999999997 0.445490999999993 0.885414000000024 0.014808 0.978582000000028 0.581953000000004 0.944898000000028 0.563455000000001 0.622512000000008 0 0.621025000000006 0.542362999999999 1.00037300000003 0.997271000000031 0.035198 0.927470000000021
"141" 140 1.12046378458275 0.0830539999999999 0.452562999999994 0.886975000000015 0.015167 0.979941000000019 0.585982000000001 0.945942000000018 0.567729 0.629237000000004 0 0.630126000000003 0.539651999999994 1.00028900000002 0.996727000000024 0.037323 0.931609000000021
"142" 141 1.1218128229794 0.0857319999999998 0.461689999999993 0.884416000000018 0.017509 0.981805000000022 0.592297000000005 0.947587000000021 0.581887000000002 0.634977000000006 0 0.640984000000007 0.550340000000001 1.00026600000002 0.997048000000027 0.038711 0.936002000000026
"143" 142 1.12297838650251 0.0813219999999998 0.466281999999992 0.88935600000002 0.016534 0.981625000000023 0.596293000000004 0.950248000000023 0.586986000000004 0.644738000000008 0 0.645730000000008 0.544423999999998 1.00026700000003 0.996876000000029 0.040025 0.940712000000023
"144" 143 1.12443601244821 0.0842019999999999 0.478951999999993 0.886387000000016 0.018064 0.981318000000019 0.601808000000002 0.953230000000017 0.600844000000002 0.648901000000004 0 0.654608000000006 0.542995999999997 1.00032600000002 0.997071000000021 0.042667 0.940812000000018
"145" 144 1.12581794430753 0.0823639999999996 0.490430999999992 0.886380000000017 0.018819 0.981690000000022 0.610287 0.95603500000002 0.608516000000001 0.653416000000004 0 0.664316000000004 0.547435999999997 1.00031500000002 0.996927000000025 0.0442469999999999 0.939147000000017
"146" 145 1.12815964563172 0.0862859999999998 0.491620999999991 0.891220000000022 0.017632 0.981278000000027 0.612127000000004 0.952848000000027 0.617138000000006 0.657915000000009 0 0.663490000000009 0.546450000000001 1.00026800000003 0.99699200000003 0.046289 0.940199000000027
"147" 146 1.13020387090964 0.0847309999999997 0.504837999999994 0.897818000000016 0.018844 0.981853000000021 0.625377000000005 0.95143200000002 0.622984000000002 0.660832000000009 0 0.664779000000008 0.537378999999999 1.00034400000002 0.997036000000025 0.046534 0.943223000000017
"148" 147 1.13141997027476 0.086566 0.514742999999995 0.898767000000015 0.018479 0.984525000000018 0.633415000000006 0.953047000000017 0.630838000000006 0.665689000000005 0 0.667493000000005 0.532083999999994 1.00032900000002 0.997014000000023 0.046023 0.944966000000023
"149" 148 1.13320648240784 0.0854339999999998 0.520263999999995 0.898587000000019 0.018499 0.984534000000021 0.634567000000001 0.955212000000019 0.636771000000003 0.667543000000006 0 0.668001000000005 0.522715999999993 1.00027100000002 0.996955000000024 0.046207 0.946967000000019
"150" 149 1.13466378594424 0.0867659999999998 0.525924999999998 0.898781000000018 0.019594 0.984371000000024 0.63930300000001 0.956012000000025 0.64299900000001 0.668297000000009 0 0.671176000000008 0.524586999999992 1.00029500000002 0.996880000000027 0.04908 0.947613000000021
"151" 150 1.13589489615202 0.0838719999999999 0.529581999999995 0.897376000000019 0.021026 0.984812000000021 0.641187000000008 0.959364000000021 0.649336000000008 0.670090000000009 0 0.676114000000009 0.524778999999994 1.00025500000002 0.996955000000024 0.051458 0.948549000000022
"152" 151 1.13707963452873 0.0861289999999998 0.534918999999995 0.900143000000015 0.020822 0.984211000000019 0.646196000000006 0.961601000000018 0.658386000000006 0.675685000000007 0 0.683800000000008 0.520704999999992 1.00029100000002 0.997152000000023 0.050495 0.950540000000024
"153" 152 1.13757426416977 0.0836249999999998 0.537542999999996 0.897097000000015 0.019931 0.984249000000018 0.649995000000006 0.962730000000018 0.671786000000006 0.679376000000006 0 0.687131000000007 0.517937999999993 1.00024000000002 0.99680500000002 0.0494089999999999 0.953220000000016
"154" 153 1.13945581200273 0.086769 0.552736000000001 0.902409000000015 0.017995 0.985630000000018 0.661591000000008 0.964769000000018 0.676194000000008 0.681037000000008 0 0.69260200000001 0.517223999999995 1.00021700000002 0.996793000000023 0.05201 0.954322000000022
"155" 154 1.14183271682659 0.0875209999999998 0.556707 0.905936000000019 0.017838 0.985890000000023 0.664762000000008 0.968261000000022 0.684779000000007 0.693983000000006 0 0.705972000000007 0.515822999999993 1.00027200000002 0.997015000000026 0.05644 0.954799000000017
"156" 155 1.14242989533751 0.090302 0.561406000000002 0.904702000000017 0.018166 0.98564000000002 0.665998000000011 0.96920200000002 0.682140000000009 0.697123000000009 0 0.710483000000008 0.517831999999993 1.00020800000002 0.996604000000023 0.0582829999999999 0.956581000000016
"157" 156 1.1434934975701 0.089528 0.567447999999999 0.904901000000013 0.017978 0.986133000000018 0.669613000000007 0.968811000000017 0.687901000000008 0.701743000000008 0 0.714983000000006 0.51683099999999 1.00021600000002 0.996818000000021 0.056814 0.95736800000002
"158" 157 1.14505665318129 0.0887809999999999 0.578919999999998 0.905704000000013 0.017653 0.985359000000017 0.681541000000004 0.970886000000017 0.694598000000005 0.715761000000003 0 0.723035000000004 0.520446999999993 1.00023700000002 0.996976000000021 0.055907 0.961237000000018
"159" 158 1.146186824098 0.0886849999999999 0.575026 0.902613000000016 0.018742 0.985137000000018 0.674962000000007 0.973712000000018 0.694279000000006 0.715099000000007 0 0.726431000000007 0.523581999999996 1.00020600000002 0.996909000000022 0.0531939999999999 0.96156100000002
"160" 159 1.14662925221212 0.0915089999999999 0.586687000000004 0.908814000000017 0.015766 0.983954000000021 0.682368000000008 0.975922000000022 0.701772000000006 0.721444000000007 0 0.729945000000007 0.517650999999993 1.00021800000002 0.997118000000024 0.051476 0.962544000000023
"161" 160 1.14837900845102 0.0910449999999999 0.593241000000001 0.911373000000015 0.014574 0.982527000000018 0.686764000000009 0.975520000000018 0.705286000000008 0.729116000000009 0 0.73579800000001 0.513861999999993 1.00019300000002 0.99664100000002 0.053221 0.963191000000022
"162" 161 1.14977199218829 0.0930239999999999 0.596375000000001 0.911274000000008 0.013763 0.983189000000012 0.687785000000004 0.974652000000013 0.715132000000006 0.734422000000002 0 0.740761000000005 0.517120999999996 1.00020600000001 0.997023000000014 0.052841 0.964573000000018
"163" 162 1.15151274698448 0.0912399999999999 0.597393 0.914539000000016 0.01344 0.984237000000018 0.684817000000007 0.974800000000018 0.719516000000009 0.734255000000008 0 0.748886000000008 0.519875999999994 1.00018400000002 0.996826000000021 0.0560149999999999 0.965051000000014
"164" 163 1.15393783282965 0.0877959999999999 0.603702000000001 0.917713000000014 0.013148 0.984144000000016 0.686246000000006 0.974906000000016 0.724206000000008 0.741787000000008 0 0.74841400000001 0.515730999999992 1.00017200000002 0.99686800000002 0.053202 0.964502000000016
"165" 164 1.15647188031056 0.0878909999999999 0.607985000000005 0.920943000000011 0.012157 0.984104000000014 0.692667000000009 0.978296000000015 0.736068000000009 0.750772000000007 0 0.755964000000009 0.513031999999996 1.00019400000002 0.996763000000017 0.053467 0.965191000000016
"166" 165 1.1581094444931 0.0896729999999999 0.610284000000002 0.923607000000013 0.011332 0.984407000000018 0.692552000000007 0.980161000000018 0.745810000000008 0.752453000000008 0 0.762441000000007 0.513719999999993 1.00025300000002 0.997025000000021 0.056947 0.965438000000018
"167" 166 1.16010139273765 0.0902019999999999 0.617943000000005 0.929261000000009 0.011293 0.985329000000013 0.697581000000009 0.980633000000013 0.748790000000008 0.752712000000007 0 0.76804900000001 0.512171999999992 1.00019500000001 0.996892000000016 0.0604039999999999 0.965864000000015
"168" 167 1.16139954619614 0.090092 0.625034000000003 0.930402000000015 0.011443 0.982825000000016 0.70564800000001 0.980009000000016 0.75069000000001 0.752661000000009 0 0.76837300000001 0.505194999999993 1.00020600000002 0.996982000000018 0.0582559999999999 0.965878000000015
"169" 168 1.16223459246987 0.0897909999999999 0.630250000000004 0.927275000000013 0.012384 0.984650000000016 0.706062000000006 0.981451000000016 0.753059000000008 0.754341000000006 0 0.767185000000006 0.505190999999995 1.00020400000002 0.997132000000017 0.057948 0.966558000000019
"170" 169 1.16470666544807 0.092464 0.634316000000002 0.925171000000012 0.013876 0.985617000000015 0.710937000000005 0.981638000000014 0.750719000000005 0.759836000000003 0 0.776991000000004 0.505507999999993 1.00017100000001 0.996974000000016 0.060586 0.969647000000016
"171" 170 1.16661445496609 0.0943419999999999 0.637893000000004 0.929645000000013 0.012081 0.987229000000015 0.714575000000008 0.983127000000015 0.755735000000008 0.765551000000009 0 0.786337000000007 0.498639999999992 1.00020800000002 0.996984000000018 0.060266 0.972396000000014
"172" 171 1.16827338072107 0.0947739999999998 0.642931000000005 0.930366000000011 0.012126 0.988278000000015 0.717801000000007 0.982405000000015 0.758299000000005 0.772205000000005 0 0.786072000000005 0.502585999999994 1.00018600000002 0.997090000000018 0.061441 0.971154000000014
"173" 172 1.16985522287858 0.09831 0.643465000000004 0.930914000000009 0.012819 0.989391000000011 0.718939000000006 0.982227000000011 0.760856000000006 0.776863000000007 0 0.791777000000006 0.505855999999993 1.00018300000001 0.996816000000013 0.060009 0.971575000000015
"174" 173 1.17126489842217 0.098421 0.651489000000004 0.934634000000013 0.012502 0.990182000000014 0.727885000000006 0.981563000000015 0.762721000000008 0.780910000000007 0 0.798031000000008 0.500514999999992 1.00018400000002 0.996792000000016 0.062793 0.973491000000016
"175" 174 1.17270438298234 0.09876 0.653752000000005 0.935115000000012 0.012632 0.991635000000015 0.728415000000007 0.983028000000015 0.769137000000008 0.788037000000007 0 0.805586000000007 0.501282999999993 1.00017400000002 0.996998000000016 0.066543 0.97169100000002
"176" 175 1.17424179842845 0.098715 0.660270000000005 0.938854000000014 0.010105 0.990753000000017 0.734136000000008 0.982869000000017 0.772823000000008 0.79723400000001 0 0.812903000000008 0.501634999999994 1.00017800000002 0.996673000000018 0.069139 0.972578000000015
"177" 176 1.17550058563639 0.0984589999999999 0.663897000000006 0.939994000000013 0.009205 0.991047000000016 0.737665000000008 0.983440000000015 0.769700000000009 0.802235000000007 0 0.815045000000009 0.502607999999993 1.00016000000002 0.996622000000018 0.072579 0.974201000000011
"178" 177 1.17723680000139 0.099729 0.666862000000004 0.94100800000001 0.010097 0.991725000000013 0.741078000000007 0.982786000000013 0.777476000000006 0.804877000000007 0 0.818800000000007 0.498833999999993 1.00019800000001 0.996897000000015 0.071875 0.975846000000018
"179" 178 1.17966073057261 0.100204 0.679601000000004 0.941178000000015 0.009737 0.991065000000018 0.749678000000009 0.983249000000018 0.781311000000006 0.808989000000007 0 0.820763000000006 0.500591999999995 1.00018600000002 0.996917000000019 0.0778209999999999 0.974202000000019
"180" 179 1.18184546224565 0.103459 0.683534000000007 0.942202000000011 0.00950499999999999 0.992838000000013 0.753904000000011 0.983893000000014 0.785751000000009 0.807419000000009 0 0.824750000000009 0.495595999999992 1.00018000000001 0.996955000000016 0.0824259999999999 0.974352000000012
"181" 180 1.1852125399676 0.101207 0.693177000000005 0.942906000000012 0.01036 0.992382000000014 0.758906000000011 0.985946000000014 0.787625000000007 0.809879000000008 0 0.827848000000007 0.488437999999991 1.00017500000001 0.996928000000016 0.083951 0.976031000000017
"182" 181 1.18792430625906 0.0987609999999998 0.694995000000005 0.943050000000008 0.010154 0.991425000000012 0.762986000000007 0.988282000000012 0.797101000000006 0.817547000000005 0 0.838001000000004 0.483368999999992 1.00016400000001 0.996895000000015 0.086641 0.978499000000015
"183" 182 1.18959452783367 0.100215 0.702376000000007 0.944732000000014 0.009543 0.991549000000016 0.767547000000011 0.990327000000017 0.805595000000008 0.824630000000009 0 0.845290000000009 0.483183999999992 1.00017200000002 0.997013000000018 0.088667 0.981226000000013
"184" 183 1.19149193110559 0.0971019999999999 0.704418000000005 0.943047000000009 0.008203 0.993177000000012 0.767349000000007 0.989482000000012 0.812444000000005 0.830196000000006 0 0.851057000000006 0.483833999999993 1.00013700000001 0.996904000000013 0.088527 0.982095000000018
"185" 184 1.19372716996835 0.0924689999999999 0.707968000000006 0.943386000000011 0.008555 0.992945000000015 0.770721000000009 0.990615000000015 0.811876000000006 0.831033000000006 0 0.854428000000007 0.475273999999994 1.00017300000001 0.996909000000016 0.0864939999999999 0.981921000000016
"186" 185 1.19474183806284 0.087456 0.715554000000004 0.942662000000011 0.00886899999999999 0.994173000000015 0.776974000000007 0.991323000000015 0.817123000000006 0.832089000000005 0 0.858780000000006 0.472960999999993 1.00011400000001 0.996706000000016 0.089758 0.980872000000017
"187" 186 1.19669643570993 0.0893829999999999 0.713564000000005 0.94420700000001 0.00924 0.994566000000012 0.773292000000005 0.989707000000012 0.824326000000007 0.833365000000007 0 0.860740000000007 0.479642999999994 1.00014700000001 0.996823000000014 0.090722 0.980512000000013
"188" 187 1.19835266357697 0.089718 0.711996000000005 0.944086000000008 0.009932 0.994788000000011 0.771760000000006 0.990385000000011 0.827269000000005 0.834715000000004 0 0.863453000000005 0.474057999999995 1.00012200000001 0.996840000000012 0.089858 0.979451000000014
"189" 188 1.19947911508074 0.0860039999999999 0.714576000000001 0.942428000000005 0.009427 0.994825000000007 0.774226000000005 0.990467000000008 0.833993000000005 0.840496000000004 0 0.867434000000003 0.462496999999994 1.00011400000001 0.996752000000009 0.090943 0.980059000000016
"190" 189 1.20146545249532 0.087209 0.718522000000005 0.942523000000008 0.011397 0.995320000000013 0.781375000000007 0.991074000000012 0.838139000000005 0.846084000000005 0 0.868843000000005 0.457455999999994 1.00012100000001 0.996745000000013 0.0935229999999999 0.978908000000015
"191" 190 1.20347069833555 0.085333 0.722808000000006 0.943414000000011 0.010716 0.996414000000015 0.784833000000008 0.991250000000015 0.843651000000008 0.849857000000008 0 0.873094000000008 0.457005999999993 1.00014400000002 0.996818000000016 0.091889 0.977215000000014
"192" 191 1.20616887964124 0.082832 0.722861000000006 0.947188000000011 0.009002 0.997200000000013 0.784994000000008 0.990200000000013 0.845127000000006 0.850183000000006 0 0.873771000000006 0.450610999999993 1.00013500000001 0.996595000000015 0.09631 0.977765000000014
"193" 192 1.2087729982524 0.083126 0.731527000000004 0.948252000000011 0.008842 0.996341000000014 0.792072000000008 0.990760000000014 0.848795000000009 0.858286000000007 0 0.873294000000008 0.444753999999993 1.00015300000001 0.996817000000015 0.101742 0.979025000000011
"194" 193 1.21067681572466 0.0834679999999999 0.734977000000006 0.950351000000011 0.009392 0.996670000000014 0.794993000000011 0.990491000000014 0.852113000000007 0.864920000000009 0 0.875049000000007 0.440367999999995 1.00013300000001 0.996965000000015 0.102084 0.978436000000015
"195" 194 1.21297225896729 0.088235 0.736762999999999 0.951513000000006 0.00901 0.996755000000008 0.794254000000001 0.990125000000008 0.860136000000001 0.870383000000004 0 0.881204000000004 0.434476999999994 1.00012500000001 0.99663300000001 0.102755 0.981052000000015
"196" 195 1.21509132150372 0.083489 0.744622000000005 0.95670400000001 0.00787 0.997260000000012 0.801806000000007 0.990844000000012 0.862842000000007 0.873822000000008 0 0.885781000000007 0.427357999999995 1.00013700000001 0.996966000000013 0.102027 0.981123000000012
"197" 196 1.21780340533333 0.0848949999999999 0.757171000000006 0.960164000000011 0.0062 0.997342000000013 0.808767000000007 0.991585000000013 0.865198000000007 0.884668000000007 0 0.893395000000007 0.428030999999994 1.00014700000001 0.996828000000015 0.106555 0.981331000000015
"198" 197 1.21899928827738 0.082313 0.758287000000006 0.961400000000012 0.004671 0.997844000000014 0.809220000000009 0.992072000000013 0.869704000000008 0.886798000000009 0 0.89468000000001 0.419605999999993 1.00011000000001 0.996921000000015 0.111902 0.97989200000001
"199" 198 1.22021219256923 0.076388 0.766101000000005 0.96176200000001 0.003899 0.998054000000012 0.815252000000007 0.991335000000012 0.878006000000007 0.892037000000008 0 0.896878000000008 0.412852999999993 1.00012100000001 0.996949000000014 0.116111 0.981696000000012
"200" 199 1.22325418156532 0.076448 0.773174000000006 0.96638500000001 0.004445 0.997088000000012 0.822169000000008 0.992490000000012 0.884016000000008 0.897089000000007 0 0.901378000000007 0.406546999999996 1.00013800000001 0.996798000000013 0.121185 0.982853000000014
"201" 200 1.22460954719851 0.0769399999999999 0.780976000000005 0.970315000000006 0.003471 0.996971000000007 0.828323000000007 0.992306000000008 0.889899000000005 0.902244000000005 0 0.904033000000005 0.405170999999996 1.00011300000001 0.996941000000008 0.122604 0.984683000000013
