"X" "PopRatio" "Diff_KC" "Fibroblast" "M1" "M2" "Neutrophil" "Prol_KC" "Th0" "Th1" "Th17" "Th2" "Th22" "Treg" "iDC" "pDC" "preDiff_KC" "ILC3"
"1" 0 1 0.000356 0 0 0 0 0 0 0 0 0 0 0.166835 0 0 0 0
"2" 1 0.999995 0.002201 0 0 0 0 0 0 0 0 0 0 0.123439 0 0 0 0
"3" 2 0.999995 0.003631 0 3e-05 0 0 0 0 0 0 0 0 0.119348 0.000673 0.000661 0 0
"4" 3 0.99998700004 0.004773 0 0.000133 0 0.000139 0 0 0 0 0 0 0.130138 0.003793 0.003767 0 0
"5" 4 0.999986000053 0.005759 0 0.000302 0 0.000332 0 0 0 0 0 0 0.146948 0.01129 0.011268 0 0
"6" 5 0.999997999885 0.006864 0 0.000847 0 0.000941 0 0 0 0 0 0 0.16413 0.024432 0.024401 0 0
"7" 6 1.000009999861 0.007306 0 0.002666 0 0.002397 0 0 0 0 0 0 0.179965 0.04756 0.04747 0 0
"8" 7 1.000033000091 0.008048 0 0.003504 0 0.004828 0 0 0 0 0 0 0.189046 0.0722129999999998 0.0721929999999998 0 0
"9" 8 1.000067001213 0.009585 0 0.00629 0 0.008434 0 0 0 0 0 0 0.202696 0.103771 0.103851 0 0
"10" 9 1.00008700255303 0.01135 0 0.009561 0 0.011395 0 0 0 0 0 0 0.221742 0.132248 0.132089 0 0
"11" 10 1.00014100725117 0.013794 0 0.015231 0 0.017059 0 6.7e-05 0 0 0 0 0.234924000000001 0.168792 0.168756 0 0
"12" 11 1.00020101571161 0.015495 0 0.019975 0 0.024883 0 0 0 0 0 0 0.251944 0.206907000000001 0.206853000000001 0 0
"13" 12 1.00027303018474 0.018452 0 0.025665 0 0.0315070000000001 0 0 0 0 0 0 0.276169999999999 0.251698000000002 0.251511000000002 0 0
"14" 13 1.00036605557656 0.01897 0 0.0314200000000001 0 0.038829 0 0 0 0 0 0 0.293848999999998 0.290464999999999 0.290315999999998 0 0
"15" 14 1.00051711085096 0.01796 0 0.038004 0 0.0497459999999999 0 0.000137 0 0 0 0 0.302959999999998 0.325973999999995 0.325704999999995 0 0
"16" 15 1.00067219100315 0.018662 0 0.0466419999999999 0 0.058143 0 0.000155 0 0 0 0 0.318734 0.372264999999998 0.372157999999998 0 0
"17" 16 1.00086532073602 0.019094 0 0.0576939999999998 0 0.0702769999999999 0 0.000117 0 0 0 0 0.329943999999999 0.420606999999995 0.420138999999995 0 0
"18" 17 1.00108951456788 0.020486 0 0.0723929999999998 0 0.0822519999999996 0 0.000594 0 0 0 0 0.339151999999995 0.464550999999991 0.463924999999991 0 0
"19" 18 1.00135580437877 0.022324 0 0.0813789999999996 0 0.0962899999999997 0 0.000704 0 0 0 0 0.346291999999996 0.498679999999991 0.497587999999991 0 0
"20" 19 1.00165721247592 0.02439 0 0.0986309999999995 0 0.110277999999999 0 0.00119 0 0 0 0 0.355243999999998 0.539507999999996 0.537920999999996 0 0
"21" 20 1.00203884387389 0.026065 0 0.111740999999999 0 0.126054999999999 6.7e-05 0.001954 0 0 0 0 0.368946999999993 0.570390999999998 0.568502999999998 0 0
"22" 21 1.00240959824615 0.027403 0 0.129698999999999 0 0.143366000000001 6.7e-05 0.002774 0 0 0 0 0.383184999999995 0.611730000000007 0.608659000000006 0 0
"23" 22 1.00286870184218 0.0292580000000001 0 0.147895000000001 0 0.159798000000001 0 0.003692 0 0 0 0 0.392820999999995 0.642970000000007 0.639529000000008 0 0
"24" 23 1.00338718496107 0.0309360000000001 0 0.159992000000001 0 0.171848000000002 0.000135 0.005024 0 0 0 0 0.402122999999994 0.671524000000015 0.666804000000015 0 0
"25" 24 1.00395409872062 0.033096 0 0.180504000000003 0 0.196132000000003 0.000134 0.008433 0 0 0 0 0.408294999999993 0.698910000000025 0.693345000000026 0 0
"26" 25 1.00459562538974 0.034496 0 0.196194000000003 0 0.215827000000005 0.000337 0.011084 0 0 0 0 0.417152999999992 0.720496000000024 0.714607000000025 0 4.8e-05
"27" 26 1.00535911806507 0.032145 0 0.207454000000004 0 0.229812000000006 0.000853 0.01424 0 0 0 0 0.425105999999993 0.742189000000028 0.734531000000025 0 0
"28" 27 1.00609504093954 0.0330740000000001 0 0.222108000000006 0 0.252698000000006 0.001187 0.018205 0 0 0 0 0.43418499999999 0.768438000000029 0.75898700000003 0 1.2e-05
"29" 28 1.00696531314999 0.033276 0 0.246605000000006 0 0.268045000000004 0.001528 0.023093 0 0 0 0 0.443630999999983 0.790028000000038 0.780756000000039 0 0.000132
"30" 29 1.00785043566031 0.034891 0 0.257109000000005 0 0.289670000000002 0.001901 0.0295220000000001 0 0 0 0 0.449583999999983 0.811198000000048 0.799866000000045 0 8.1e-05
"31" 30 1.00879378366815 0.0351820000000001 0 0.279057000000003 0 0.308082999999999 0.002736 0.037599 0 0 0 0 0.454222999999983 0.830939000000055 0.818130000000053 0 0.000214
"32" 31 1.00980257745189 0.034588 0 0.298500999999999 0 0.327652999999996 0.003263 0.0431450000000001 0 6.7e-05 0 0 0.455419999999984 0.851282000000038 0.836272000000035 0 0.000583
"33" 32 1.01083560548868 0.035022 0 0.316827999999997 0 0.347840999999994 0.003236 0.0523389999999999 0 6.7e-05 0 0 0.462382999999985 0.864546000000049 0.850089000000048 0 0.00112
"34" 33 1.01198694724339 0.0389000000000001 0 0.339159999999995 0 0.367579999999991 0.003719 0.0620319999999999 0 0.000134 0 0 0.471304999999984 0.876946000000055 0.863368000000054 0 0.001747
"35" 34 1.01311025275489 0.038953 0 0.358590999999994 0 0.38265499999999 0.004269 0.0725989999999997 0 4e-06 0 0 0.480133999999983 0.888664000000058 0.875206000000055 0 0.002352
"36" 35 1.0142864737584 0.037316 0 0.378423999999991 0 0.399371999999987 0.006029 0.0808699999999996 0 0 0 0 0.490703999999981 0.899649000000052 0.885697000000051 0 0.002826
"37" 36 1.01548333179751 0.035386 0 0.388548999999988 0 0.418208999999987 0.007596 0.0926019999999995 0 0 0 0 0.49851799999998 0.91175200000006 0.898245000000059 0 0.00388
"38" 37 1.01675167047899 0.0366150000000001 0 0.406280999999987 0 0.445684999999983 0.008588 0.104185999999999 0 2.3e-05 0 6.2e-05 0.507263999999984 0.918984000000053 0.904033000000051 0 0.005698
"39" 38 1.01798600700702 0.0356770000000001 0 0.424926999999986 0 0.45864699999998 0.010805 0.112618999999999 0 5.9e-05 0 0 0.510307999999983 0.929419000000055 0.913559000000053 0 0.00756700000000001
"40" 39 1.0192666334039 0.036206 0 0.440563999999985 0 0.465528999999981 0.010736 0.127174999999999 0 0.000125 0 0 0.519732999999986 0.93961200000005 0.925023000000049 0 0.011397
"41" 40 1.02055906349511 0.037773 0 0.458535999999984 0 0.475168999999978 0.010743 0.136 0 2e-04 0 0 0.533878999999988 0.946314000000057 0.932266000000057 0 0.01603
"42" 41 1.02181537170234 0.0371050000000001 0 0.471031999999979 0 0.489914999999975 0.012476 0.141797 0 0.000526 0 1e-05 0.546516999999983 0.951164000000064 0.939233000000064 0 0.022676
"43" 42 1.02289236510419 0.041959 0 0.477280999999979 0 0.504355999999978 0.013322 0.152521000000001 6.7e-05 0.000825 0 0.000128 0.54875599999999 0.956046000000053 0.943138000000053 0 0.0295400000000001
"44" 43 1.02401243224403 0.043384 0 0.490860999999975 3.2e-05 0.518680999999982 0.01577 0.161913000000002 6.7e-05 0.001147 0 0.000345 0.550191999999991 0.957505000000061 0.943611000000065 0 0.0359490000000001
"45" 44 1.02536003260493 0.045675 0 0.513316999999983 0 0.535261999999982 0.017263 0.179309000000003 0.000293 0.001547 0 0.000727 0.554991999999992 0.96097700000006 0.948401000000058 5e-05 0.0443429999999999
"46" 45 1.02657303352357 0.049275 0 0.523684999999984 0 0.544401999999987 0.019425 0.184823000000003 0.000201 0.001977 0 0.000735 0.554562999999993 0.965535000000058 0.953529000000061 0.000199 0.0541229999999999
"47" 46 1.0276345100403 0.049832 0 0.538131999999988 0 0.554345999999988 0.020635 0.200581000000003 0.000662 0.002317 0 0.00119 0.556255999999991 0.970100000000056 0.957664000000056 0.000263 0.0637719999999998
"48" 47 1.02873099606257 0.0479719999999999 0 0.546926999999991 0 0.570050999999992 0.022824 0.220076000000004 0.001204 0.003531 0 0.002048 0.555515999999993 0.975687000000062 0.963600000000064 0.000133 0.0776499999999997
"49" 48 1.03003439823465 0.050929 0 0.557520999999991 4e-06 0.575093999999992 0.023356 0.239997000000005 0.001766 0.004186 0 0.002278 0.560514999999992 0.977675000000062 0.964846000000063 6.7e-05 0.0900289999999995
"50" 49 1.03112417462805 0.0509859999999999 6.7e-05 0.570531999999991 0 0.588536999999995 0.025063 0.246490000000006 0.002455 0.004885 0 0.00305 0.55806999999999 0.981244000000055 0.968004000000057 0.000201 0.104706999999999
"51" 50 1.03219654376972 0.0524559999999999 0 0.596515999999998 0.000201 0.599097999999999 0.0291110000000001 0.262430000000003 0.003226 0.005116 0 0.003992 0.562651999999994 0.984472000000064 0.972341000000065 0.000134 0.115535999999999
"52" 51 1.03330821944743 0.0533879999999999 0 0.611289 0 0.615757999999999 0.033349 0.270592000000003 0.003584 0.005943 0 0.005907 0.562805999999993 0.987046000000062 0.975924000000064 0.000257 0.131519999999999
"53" 52 1.03448205758479 0.0559779999999998 6e-06 0.624312000000003 6.7e-05 0.630789000000007 0.037223 0.287386000000002 0.004882 0.00713800000000001 0 0.00716700000000001 0.569820999999995 0.989848000000063 0.978665000000063 6.7e-05 0.147123000000001
"54" 53 1.03560550509939 0.0559319999999998 0.00012 0.631991000000006 0.00019 0.640952000000007 0.041452 0.300594999999997 0.005728 0.00761700000000001 0 0.008519 0.571467999999994 0.992087000000068 0.981525000000069 0.00012 0.164689000000002
"55" 54 1.03658000987976 0.0532579999999998 0.000188 0.642167000000011 8e-05 0.65643500000001 0.0462179999999999 0.314944999999997 0.005758 0.009576 0 0.010568 0.572824999999994 0.99311800000006 0.983119000000061 0.000252 0.184738000000002
"56" 55 1.03761969962973 0.0576169999999999 6.7e-05 0.654008000000007 0.000262 0.661041000000007 0.047605 0.327714999999996 0.00659200000000001 0.011705 0 0.013521 0.582799999999997 0.994053000000051 0.984961000000053 0.000137 0.203018000000003
"57" 56 1.0386822222022 0.0599809999999998 0.000173 0.666140000000012 0.000365 0.672303000000009 0.0509259999999999 0.343504999999993 0.007656 0.015091 0 0.015958 0.592512999999999 0.995307000000055 0.985473000000057 0 0.224066000000005
"58" 57 1.03960249465113 0.0575099999999999 0.000134 0.672902000000015 0.000471 0.688506000000018 0.054516 0.36304299999999 0.008689 0.018113 0 0.017683 0.594422000000002 0.995075000000057 0.98569200000006 0.000104 0.238974000000005
"59" 58 1.04062234469845 0.0581609999999999 0.000212 0.680452000000014 0.000857 0.697605000000015 0.0580509999999998 0.380695999999988 0.009566 0.0221270000000001 0 0.022389 0.598589 0.995586000000059 0.986619000000061 9.4e-05 0.263440000000004
"60" 59 1.04160989530363 0.0593289999999999 5.8e-05 0.682836000000018 0.001137 0.703384000000018 0.0616179999999999 0.40094799999999 0.011343 0.025087 0 0.027032 0.604221 0.995960000000064 0.987469000000067 6.6e-05 0.282174
"61" 60 1.04246714024753 0.0663979999999997 0.000269 0.697518000000023 0.001186 0.706981000000023 0.0632429999999998 0.416713999999985 0.013003 0.0302790000000001 0 0.0315890000000001 0.612020000000005 0.996556000000061 0.988912000000064 0.000355 0.308529999999997
"62" 61 1.04358153762052 0.0647489999999998 0.000237 0.709888000000014 0.001459 0.71458200000002 0.0701849999999997 0.429089999999986 0.015372 0.0331660000000001 0 0.035296 0.609811000000003 0.997665000000055 0.990894000000058 0.000379 0.324071999999996
"63" 62 1.04456459142901 0.0656489999999998 0.00054 0.71274100000002 0.002061 0.724407000000022 0.0763499999999998 0.434412999999986 0.01759 0.0371450000000001 0 0.039041 0.614372000000003 0.998705000000055 0.992353000000056 0.000267 0.342489999999993
"64" 63 1.04536054964774 0.0691279999999998 0.000468 0.717676000000023 0.001872 0.732990000000026 0.0832879999999997 0.447591999999985 0.020622 0.0449909999999999 0 0.0425269999999999 0.615796000000004 0.999241000000064 0.993166000000065 0.000601 0.36276599999999
"65" 64 1.04648431223868 0.0712759999999998 0.000764 0.720202000000018 0.001447 0.744092000000024 0.0901419999999996 0.459492999999986 0.022717 0.0496869999999999 0 0.0475199999999999 0.616280000000005 0.999489000000057 0.993398000000059 0.001206 0.37161999999999
"66" 65 1.0475328895196 0.0726049999999998 0.00075 0.725067000000018 0.001884 0.752971000000026 0.0991159999999994 0.473211999999983 0.026795 0.0553329999999998 0 0.0553629999999999 0.611999000000002 0.999649000000053 0.993809000000057 0.002144 0.38849199999999
"67" 66 1.04838977142328 0.0744919999999998 0.001218 0.722970000000019 0.001853 0.756126000000026 0.103356999999999 0.486073999999979 0.030126 0.0586089999999998 0 0.0619619999999999 0.609979000000002 0.999852000000058 0.99464500000006 0.002201 0.404442999999989
"68" 67 1.04938154814711 0.0767419999999999 0.001633 0.721270000000019 0.002608 0.764084000000025 0.106151999999999 0.50688699999998 0.0313200000000001 0.0650219999999998 0 0.0649949999999998 0.613639000000003 0.999277000000058 0.994405000000061 0.002768 0.418075999999988
"69" 68 1.05027457184464 0.0731029999999997 0.002531 0.718783000000023 0.003438 0.778304000000029 0.113198999999999 0.521032999999987 0.034995 0.0718499999999997 0 0.0707249999999997 0.614382000000006 0.999392000000054 0.994446000000057 0.003545 0.431064999999986
"70" 69 1.0511736068782 0.0721289999999997 0.003146 0.723873000000022 0.00302 0.78045300000003 0.117234999999999 0.532626999999989 0.041044 0.0732279999999997 0 0.0754449999999996 0.613976000000006 0.99983900000005 0.995186000000052 0.003678 0.445978999999985
"71" 70 1.05172862654268 0.0718389999999998 0.00434 0.726400000000016 0.003374 0.791473000000029 0.126152999999999 0.54325599999999 0.0462239999999999 0.0798449999999997 0 0.0804599999999996 0.615842000000007 0.999855000000049 0.994918000000052 0.003944 0.460918999999981
"72" 71 1.05261628550354 0.0740739999999998 0.004597 0.729529000000018 0.004224 0.80101800000003 0.132727 0.55546799999999 0.0504229999999999 0.0900719999999996 0 0.0880239999999997 0.607748000000004 0.999669000000051 0.995139000000053 0.004113 0.472233999999981
"73" 72 1.05307101573893 0.0777169999999998 0.005488 0.728637000000023 0.005171 0.804629000000031 0.13896 0.565162999999996 0.0551519999999999 0.0954719999999995 0 0.0941469999999995 0.612968000000001 1.00005800000005 0.996058000000055 0.002733 0.48731499999998
"74" 73 1.05385660671672 0.0722089999999997 0.005806 0.732625000000022 0.00585500000000001 0.812446000000033 0.150713000000001 0.581066 0.0629259999999999 0.105006999999999 0 0.102119 0.610691000000004 1.00015400000005 0.995831000000055 0.003398 0.49870799999998
"75" 74 1.054550044364 0.0717129999999999 0.00725500000000001 0.742513000000021 0.005798 0.816419000000027 0.160286000000002 0.599647999999999 0.0684569999999998 0.114808999999999 0 0.107857999999999 0.605602000000002 1.00033900000005 0.996215000000051 0.004221 0.513061999999986
"76" 75 1.05525764744381 0.0708339999999996 0.010642 0.749370000000018 0.00707400000000001 0.822673000000033 0.164878000000002 0.609569000000002 0.0703959999999997 0.115475999999999 0 0.108796999999999 0.600223000000002 1.00058500000005 0.996787000000059 0.004406 0.527758999999986
"77" 76 1.0561324560336 0.0748019999999998 0.013258 0.753630000000022 0.008041 0.829437000000032 0.172841000000002 0.622052000000004 0.0768539999999996 0.125073999999999 0 0.115771999999999 0.608702000000002 1.00062400000005 0.996507000000055 0.003988 0.53960899999999
"78" 77 1.05696785680638 0.0740449999999998 0.015132 0.756215000000015 0.00841800000000001 0.836163000000028 0.182558000000003 0.637001000000004 0.0855929999999998 0.135248 0 0.121676999999999 0.605724000000001 1.00067400000004 0.996568000000047 0.00522 0.55227699999999
"79" 78 1.05778172205617 0.0738859999999997 0.01749 0.75661100000002 0.007906 0.840753000000031 0.185091000000002 0.640306000000009 0.0950959999999995 0.140439 0 0.124624999999999 0.612124000000006 1.00075100000005 0.99702400000005 0.004676 0.563511999999993
"80" 79 1.05903942452374 0.0718779999999997 0.019806 0.761410000000025 0.008806 0.848303000000035 0.196809000000004 0.65038000000001 0.103860999999999 0.151225000000001 0 0.135584 0.616787000000001 1.00072200000005 0.99694500000005 0.004535 0.573597999999995
"81" 80 1.05998408769047 0.0764659999999997 0.023415 0.763543000000027 0.00970299999999999 0.848243000000036 0.207748000000003 0.655766000000014 0.105959 0.158841000000001 0 0.143346 0.620060000000006 1.00070600000005 0.997036000000055 0.005985 0.581696000000001
"82" 81 1.0609158137036 0.0740639999999997 0.0289350000000001 0.763129000000023 0.009777 0.855407000000035 0.212682000000003 0.660229000000011 0.114639999999999 0.162376000000001 0 0.144216 0.618485000000005 1.00069400000005 0.996637000000049 0.00619500000000001 0.598907000000001
"83" 82 1.06158631249791 0.0760949999999998 0.0304670000000001 0.763897000000022 0.009646 0.858794000000032 0.221944000000004 0.671275000000014 0.121690999999999 0.173260000000002 0 0.151711000000001 0.619810000000007 1.00062800000005 0.996543000000051 0.00601100000000001 0.619177000000006
"84" 83 1.06245893644684 0.0738339999999999 0.0313540000000001 0.770003000000021 0.00888499999999999 0.865336000000028 0.221962000000004 0.682738000000014 0.128398 0.177430000000002 0 0.161015000000002 0.620118000000007 1.00065500000004 0.996987000000043 0.00708500000000001 0.631447000000008
"85" 84 1.06327809228688 0.0769239999999998 0.035329 0.769501000000025 0.00906 0.86678000000003 0.228295000000005 0.694519000000016 0.135196 0.185796000000002 0 0.176232000000001 0.621639000000004 1.00070700000004 0.996991000000045 0.00713200000000001 0.641431000000015
"86" 85 1.06420952389577 0.0769029999999998 0.038608 0.767167000000026 0.009081 0.873162000000038 0.236198000000005 0.705046000000023 0.138716 0.198509000000004 0 0.185010000000003 0.628217000000011 1.00065000000005 0.997079000000052 0.007632 0.652809000000002
"87" 86 1.06484060014349 0.0761179999999997 0.0433889999999999 0.765977000000026 0.009098 0.873808000000035 0.244753000000006 0.712263000000022 0.147327000000001 0.205390000000004 0 0.189754000000003 0.628988000000008 1.00061800000004 0.997097000000049 0.00749400000000001 0.663376000000013
"88" 87 1.06563923059365 0.0770059999999997 0.0473499999999999 0.769693000000025 0.009086 0.879803000000034 0.255374000000004 0.720105000000026 0.154550000000001 0.217873000000004 0 0.194919000000003 0.62783700000001 1.00056700000004 0.997182000000048 0.007011 0.672699000000015
"89" 88 1.06627541721436 0.0728789999999998 0.048467 0.772315000000022 0.010201 0.882067000000031 0.261152000000003 0.729840000000016 0.164912000000002 0.225776000000004 0 0.203275000000003 0.628710000000003 1.00062100000004 0.997295000000047 0.007353 0.682625000000011
"90" 89 1.06745471782584 0.0717699999999997 0.0533379999999999 0.771311000000022 0.010518 0.886243000000035 0.270333000000004 0.732417000000017 0.174340000000002 0.235786000000004 0 0.209867000000003 0.625781 1.00061400000004 0.997149000000044 0.008361 0.693620000000018
"91" 90 1.06868335820611 0.0737129999999999 0.0568409999999998 0.769291000000023 0.010729 0.889817000000037 0.276023000000001 0.735135000000021 0.180525000000002 0.241730000000004 0 0.212757000000003 0.627208000000005 1.00058600000005 0.99735600000005 0.00803 0.697403000000015
"92" 91 1.06894625431227 0.0717759999999998 0.0647409999999998 0.768552000000021 0.010322 0.89525700000003 0.284850000000001 0.735618000000018 0.185153000000002 0.244817000000004 0 0.219800000000003 0.624374000000007 1.00053100000004 0.997202000000042 0.008741 0.70380400000002
"93" 92 1.06976399819686 0.0705069999999999 0.0685979999999997 0.772103000000017 0.00969199999999999 0.898190000000033 0.292464000000001 0.745073000000019 0.195928000000002 0.249855000000004 0 0.231688000000004 0.614983999999998 1.00066500000004 0.997608000000047 0.01014 0.716196000000022
"94" 93 1.07045934479574 0.0739809999999999 0.0721269999999998 0.780118000000025 0.009391 0.898648000000035 0.299540999999998 0.74966900000002 0.203181000000003 0.253617000000004 0 0.238944000000004 0.612133000000004 1.00056600000005 0.99718100000005 0.00972 0.724547000000019
"95" 94 1.07124399149553 0.0726449999999999 0.0756379999999996 0.778535000000028 0.009369 0.900112000000038 0.302019999999997 0.762732000000028 0.212050000000004 0.266688000000002 0 0.249664000000005 0.606756000000007 1.00056400000005 0.997063000000051 0.010147 0.729334000000017
"96" 95 1.07167677406814 0.0699399999999998 0.0839499999999996 0.778343000000019 0.008602 0.90458200000003 0.307816999999996 0.764964000000017 0.219771000000003 0.275513000000002 0 0.257977000000004 0.598959999999997 1.00056300000004 0.997249000000046 0.010357 0.73648800000002
"97" 96 1.07289205552998 0.0712589999999998 0.0881009999999998 0.779372000000023 0.008707 0.90339600000003 0.304960999999997 0.772562000000022 0.232536000000003 0.285160999999999 0 0.269044000000001 0.597308000000006 1.00057000000004 0.997293000000045 0.010174 0.744690000000021
"98" 97 1.07367848540673 0.0731439999999999 0.0923299999999996 0.783608000000025 0.01093 0.905740000000031 0.311681999999995 0.776939000000024 0.242767000000004 0.293759999999999 0 0.276582 0.599555000000001 1.00058800000004 0.997127000000044 0.011688 0.745987000000018
"99" 98 1.07460399626119 0.0696159999999999 0.0992659999999995 0.786405000000024 0.011296 0.907545000000034 0.320278999999995 0.777445000000022 0.243848000000004 0.297408999999998 0 0.27943 0.591256000000002 1.00054000000004 0.997237000000047 0.011134 0.754655000000023
"100" 99 1.07552170807404 0.072419 0.101374 0.78665100000002 0.011057 0.91172900000003 0.327263999999994 0.777536000000021 0.247639000000004 0.302001999999999 0 0.285561 0.589271999999998 1.00052400000003 0.997137000000037 0.010243 0.763085000000028
"101" 100 1.07665853451951 0.0716659999999999 0.105404999999999 0.791430000000025 0.011991 0.915993000000039 0.328829999999995 0.786661000000028 0.254561000000004 0.308526999999997 0 0.293234999999999 0.580969 1.00052900000005 0.997116000000052 0.00922 0.774702000000028
"102" 101 1.07736051588407 0.0746969999999998 0.113982 0.795625000000022 0.011847 0.91975600000003 0.337537999999993 0.787755000000024 0.263692000000001 0.319731999999994 0 0.307274999999996 0.579094999999998 1.00049800000004 0.997345000000044 0.00817 0.779295000000021
"103" 102 1.07806080021944 0.0756689999999998 0.121677 0.800437000000025 0.010305 0.921748000000035 0.339267999999992 0.796459000000028 0.270373 0.331426999999994 0 0.316750999999994 0.584384 1.00052500000004 0.997173000000042 0.007843 0.787339000000025
"104" 103 1.07909358246609 0.0741009999999997 0.132571 0.800853000000023 0.010691 0.923291000000034 0.351525999999992 0.804023000000025 0.279345999999999 0.339963999999995 0 0.326515999999996 0.584603999999998 1.00052300000004 0.996985000000046 0.00843700000000001 0.79557400000003
"105" 104 1.07969787487231 0.0722159999999999 0.140014 0.805647000000021 0.011888 0.924716000000033 0.356926999999992 0.812924000000024 0.289499999999997 0.348080999999994 0 0.339009999999994 0.582851 1.00054600000004 0.997144000000043 0.010163 0.806221000000026
"106" 105 1.08027659293328 0.0735159999999998 0.142686000000001 0.811272000000023 0.012818 0.927636000000034 0.36466199999999 0.814327000000025 0.297655999999998 0.349460999999993 0 0.353107999999992 0.586341000000003 1.00054200000004 0.997301000000048 0.009295 0.815527000000027
"107" 106 1.08137631450494 0.0738149999999999 0.145326000000001 0.815562000000024 0.012884 0.925978000000031 0.367405999999991 0.81942800000003 0.308054999999995 0.357849999999991 0 0.364557999999991 0.586116 1.00050500000004 0.997202000000038 0.010802 0.823847000000029
"108" 107 1.0818629338465 0.0719469999999998 0.152555000000001 0.814286000000025 0.012978 0.928755000000034 0.369629999999989 0.826747000000026 0.315838999999995 0.366202999999993 0 0.370995999999992 0.586607000000001 1.00053000000004 0.997274000000046 0.01331 0.825191000000025
"109" 108 1.08253693445433 0.0724539999999999 0.162919000000001 0.817538000000021 0.011476 0.930897000000029 0.377069999999991 0.830158000000025 0.323041999999995 0.374191999999992 0 0.378467999999992 0.589889999999999 1.00051500000004 0.997157000000042 0.015029 0.828411000000029
"110" 109 1.08347765905042 0.0726529999999997 0.168233000000002 0.815414000000024 0.01202 0.933707000000034 0.38554899999999 0.835148000000028 0.324989999999995 0.385421999999991 0 0.38628199999999 0.590209000000005 1.00054400000004 0.997152000000042 0.017425 0.832811000000027
"111" 110 1.08390021533749 0.0698619999999999 0.171212000000001 0.812361000000021 0.0124 0.936728000000025 0.391613999999991 0.835469000000023 0.332868999999994 0.39383199999999 0 0.39457399999999 0.598806000000002 1.00048600000003 0.997041000000034 0.019337 0.839211000000028
"112" 111 1.08455705886801 0.0702049999999999 0.180566000000002 0.812209000000024 0.011589 0.938050000000033 0.401537999999989 0.83669800000003 0.338263999999994 0.40168899999999 0 0.402651999999989 0.602344000000003 1.00044600000004 0.997295000000042 0.019928 0.841448000000024
"113" 112 1.08488459509983 0.0707899999999999 0.190174000000002 0.818311000000026 0.013291 0.938876000000036 0.412776999999989 0.841843000000028 0.347698999999993 0.40544299999999 0 0.41159499999999 0.598213000000002 1.00044900000004 0.996956000000044 0.020639 0.844303000000025
"114" 113 1.086140891461 0.0711179999999998 0.197761000000002 0.823912000000021 0.011897 0.941035000000033 0.414583999999987 0.847567000000028 0.360918999999992 0.419904999999989 0 0.421751999999989 0.59085 1.00046800000004 0.997173000000039 0.021355 0.849912000000029
"115" 114 1.08673066596511 0.072149 0.202328000000002 0.822629000000019 0.013112 0.945579000000028 0.419897999999987 0.851446000000027 0.369146999999992 0.423836999999989 0 0.435277999999988 0.590773999999998 1.00042500000004 0.997317000000038 0.020567 0.848005000000025
"116" 115 1.08794997777236 0.0712639999999999 0.210408000000002 0.823819000000024 0.013438 0.946214000000032 0.427513999999989 0.853801000000028 0.382563999999991 0.43359299999999 0 0.449143999999988 0.588001000000001 1.00046700000004 0.99704300000004 0.022788 0.851263000000026
"117" 116 1.08875397280597 0.0691889999999999 0.220934000000003 0.825759000000025 0.016081 0.952935000000033 0.436825999999985 0.85635000000003 0.39320999999999 0.439735999999988 0 0.455313999999986 0.584146999999998 1.00049800000004 0.997175000000037 0.024324 0.853563000000028
"118" 117 1.09029455967753 0.0681239999999999 0.231460000000003 0.824573000000019 0.015366 0.952869000000027 0.444138999999989 0.862488000000025 0.405085999999992 0.449127999999989 0 0.463905999999989 0.587911999999998 1.00048400000003 0.997172000000036 0.023772 0.85963300000003
"119" 118 1.09088004785611 0.0678939999999999 0.240954000000003 0.823995000000024 0.014887 0.957053000000033 0.446079999999988 0.867331000000028 0.40832899999999 0.460809999999988 0 0.471158999999987 0.583025000000003 1.00047900000004 0.997325000000042 0.023784 0.854937000000023
"120" 119 1.09188911190042 0.0663319999999999 0.253324000000002 0.82678800000002 0.014435 0.958601000000027 0.459882999999988 0.869612000000023 0.41285299999999 0.466119999999988 0 0.477845999999988 0.579363999999999 1.00048500000003 0.997361000000035 0.024744 0.860897000000022
"121" 120 1.09235316477301 0.0645339999999999 0.268220999999999 0.828102000000025 0.014301 0.957754000000031 0.471115999999988 0.876315000000029 0.419194999999991 0.474856999999989 0 0.487896999999988 0.581275999999997 1.00045900000003 0.997288000000035 0.0261320000000001 0.862917000000026
"122" 121 1.093917414505 0.0686899999999999 0.272522999999999 0.831263000000024 0.014002 0.959648000000031 0.475982999999988 0.87670800000003 0.428980999999991 0.484021999999989 0 0.502855999999989 0.580249 1.00046000000004 0.997249000000039 0.024712 0.864761000000021
"123" 122 1.09487678007756 0.0683479999999999 0.282233999999998 0.831359000000021 0.016217 0.961480000000027 0.483396999999989 0.881187000000022 0.43737399999999 0.48872299999999 0 0.504069999999989 0.576737999999998 1.00046900000003 0.997163000000032 0.025546 0.869364000000027
"124" 123 1.09574611224097 0.066944 0.295934999999997 0.832249000000024 0.01653 0.960021000000031 0.488655999999985 0.887409000000028 0.44384499999999 0.492692999999988 0 0.51069199999999 0.572331999999998 1.00047200000004 0.997191000000038 0.025341 0.87438300000003
"125" 124 1.09709168846684 0.0680299999999999 0.301312999999998 0.83299100000002 0.015853 0.961280000000027 0.493509999999989 0.891572000000023 0.454214999999992 0.49831899999999 0 0.519555999999994 0.573805 1.00039400000003 0.997246000000033 0.02555 0.870373000000023
"126" 125 1.09837528574238 0.0689099999999998 0.307759999999998 0.835037000000019 0.015731 0.960233000000026 0.494598999999989 0.898707000000023 0.46398299999999 0.510440999999992 0 0.531264999999996 0.578122999999996 1.00045100000003 0.997246000000033 0.026252 0.874775000000023
"127" 126 1.09911339393443 0.0672169999999999 0.319798999999997 0.840075000000023 0.015101 0.96009200000003 0.504465999999988 0.902301000000028 0.47340999999999 0.520252999999994 0 0.540570999999995 0.569437000000001 1.00038100000003 0.997026000000035 0.026831 0.88130300000002
"128" 127 1.10023339048289 0.0734049999999999 0.328966999999996 0.84164300000002 0.015386 0.960604000000024 0.51017999999999 0.904308000000025 0.480923999999989 0.526065999999995 0 0.552415000000001 0.567939999999998 1.00038500000003 0.996817000000031 0.026926 0.885173000000022
"129" 128 1.10092213658536 0.0698749999999998 0.334607999999997 0.840747000000016 0.016071 0.962177000000023 0.518131999999992 0.907899000000021 0.489581999999991 0.534794999999997 0 0.560235 0.563818000000001 1.00041100000003 0.997256000000029 0.024319 0.888696000000019
"130" 129 1.10269021753674 0.072334 0.340195999999996 0.841639000000017 0.016826 0.964438000000019 0.528680999999994 0.91121200000002 0.494253999999989 0.539980999999998 0 0.568332000000001 0.560808999999997 1.00033900000002 0.997154000000024 0.024292 0.891259000000022
"131" 130 1.10361868269993 0.0725459999999999 0.344795999999996 0.841359000000021 0.017714 0.966383000000025 0.529445999999993 0.917093000000025 0.499377999999989 0.545592999999996 0 0.580435000000002 0.554792999999995 1.00039800000003 0.997378000000029 0.023892 0.895779000000021
"132" 131 1.10426429962934 0.0716739999999999 0.352886999999996 0.840477000000021 0.018131 0.967236000000024 0.532215999999995 0.918422000000024 0.503725999999989 0.555340999999998 0 0.585093 0.553451999999997 1.00038900000003 0.997229000000029 0.024556 0.903386000000029
"133" 132 1.10528574410653 0.0719789999999998 0.358937999999995 0.840504000000016 0.019697 0.968391000000023 0.536624999999996 0.919940000000021 0.508607999999992 0.559644000000001 0 0.585272000000002 0.558708999999998 1.00041500000002 0.997187000000027 0.024699 0.907966000000019
"134" 133 1.10651040071103 0.0743549999999999 0.363824999999994 0.839807000000015 0.017649 0.967008000000026 0.537785999999996 0.925509000000026 0.510772999999994 0.561863999999998 0 0.594265000000001 0.561317999999998 1.00036800000003 0.996953000000032 0.022565 0.911635000000023
"135" 134 1.10743544340605 0.0725189999999999 0.367691999999995 0.838272000000016 0.018162 0.967569000000022 0.533900999999991 0.928457000000021 0.524712999999994 0.574558000000002 0 0.599297000000001 0.559131999999997 1.00039600000003 0.997111000000029 0.022256 0.913488000000022
"136" 135 1.10878319234071 0.074059 0.380250999999995 0.842696000000018 0.016124 0.970300000000024 0.546549999999998 0.933829000000024 0.537427999999996 0.586652000000001 0 0.609328000000004 0.560456999999999 1.00032800000003 0.997280000000029 0.024433 0.915307000000026
"137" 136 1.10837626890915 0.0731809999999999 0.394876999999994 0.842852000000016 0.015964 0.971921000000023 0.556822999999998 0.935160000000024 0.546416999999997 0.590882000000001 0 0.612325000000003 0.561428999999997 1.00034800000002 0.996959000000026 0.024959 0.921018000000027
"138" 137 1.10973181308605 0.075179 0.402896999999994 0.851772000000016 0.014273 0.970532000000021 0.559340999999999 0.936758000000023 0.563863999999999 0.601614000000003 0 0.622422000000005 0.553811999999998 1.00037700000002 0.997006000000028 0.028013 0.924837000000024
"139" 138 1.11036436021953 0.0745389999999999 0.409806999999994 0.857963000000018 0.014438 0.971184000000024 0.562242000000001 0.939841000000024 0.564069000000003 0.603001000000005 0 0.629013000000008 0.547344999999995 1.00034700000003 0.997075000000029 0.029499 0.93105900000002
"140" 139 1.11120601640461 0.0732999999999999 0.423242999999994 0.863156000000019 0.014391 0.971117000000024 0.571616000000004 0.940233000000025 0.572369 0.611080000000004 0 0.635387000000004 0.544957999999998 1.00037700000003 0.99729900000003 0.031858 0.934456000000023
"141" 140 1.11273614708923 0.0700269999999999 0.436586999999994 0.865060000000016 0.01462 0.97155000000002 0.585918000000001 0.94300700000002 0.579868000000001 0.620136000000003 0 0.644776000000007 0.543796999999994 1.00036100000002 0.996960000000025 0.0298010000000001 0.936084000000021
"142" 141 1.11431289420968 0.0707909999999999 0.444917999999993 0.867891000000017 0.01536 0.97388900000002 0.591087000000003 0.94418700000002 0.588339000000003 0.629796000000005 0 0.649327000000007 0.548857999999997 1.00033300000002 0.997081000000025 0.03323 0.939867000000023
"143" 142 1.11525003135373 0.0710839999999998 0.451944999999993 0.866440000000018 0.0154 0.975272000000024 0.590368000000001 0.945771000000023 0.596348999999999 0.639387999999999 0 0.654814000000001 0.543298999999994 1.00035700000003 0.996812000000028 0.034116 0.940578000000025
"144" 143 1.11734893191277 0.0722009999999998 0.457002999999994 0.871618000000017 0.015357 0.976351000000024 0.597354 0.948572000000024 0.603266000000005 0.645813000000006 0 0.660733000000007 0.542267999999992 1.00029900000003 0.996636000000029 0.035076 0.941623000000025
"145" 144 1.11836683678977 0.070316 0.468061999999992 0.874354000000021 0.015592 0.977461000000024 0.604794000000002 0.950553000000025 0.608339 0.650399000000006 0 0.663151000000006 0.540733999999996 1.00030800000003 0.997382000000028 0.037321 0.943538000000024
"146" 145 1.12053423171949 0.068226 0.481701999999993 0.876529000000018 0.017069 0.976716000000022 0.615475000000004 0.953230000000022 0.619349000000003 0.655976000000007 0 0.672027000000006 0.540203999999996 1.00034400000002 0.996870000000028 0.040985 0.943426000000022
"147" 146 1.12048716928179 0.069339 0.483793999999994 0.879586000000016 0.016857 0.977239000000021 0.617651000000006 0.954585000000021 0.628317000000004 0.659031000000007 0 0.673978000000009 0.544997999999996 1.00028000000002 0.996937000000026 0.041911 0.947058000000027
"148" 147 1.12181830803892 0.0679669999999999 0.492246999999992 0.881305000000014 0.01659 0.978782000000018 0.622099000000004 0.957395000000018 0.634052000000006 0.667112000000009 0 0.681010000000009 0.537048999999995 1.00030500000002 0.996995000000023 0.04044 0.94641600000002
"149" 148 1.1240316555607 0.068899 0.504009999999993 0.883387000000016 0.016716 0.977728000000021 0.628122000000004 0.957089000000021 0.634766000000006 0.675712000000009 0 0.68691600000001 0.531116999999992 1.00034300000002 0.997059000000022 0.043852 0.947469000000025
"150" 149 1.1247735164534 0.073532 0.512043999999992 0.885687000000015 0.016819 0.97938800000002 0.629864000000002 0.95837300000002 0.646522000000006 0.677741000000007 0 0.690444000000007 0.523344999999993 1.00030900000002 0.996873000000023 0.045996 0.948499000000023
"151" 150 1.12664289003777 0.0692059999999999 0.523136999999993 0.889417000000019 0.018358 0.980320000000026 0.633811000000005 0.959764000000026 0.652277000000008 0.68267600000001 0 0.693854000000011 0.518989999999991 1.00028200000003 0.996805000000031 0.0468569999999999 0.953076000000018
"152" 151 1.12784952457303 0.068589 0.527401999999994 0.89065700000002 0.01838 0.980934000000023 0.632416000000005 0.960886000000024 0.656868000000006 0.684834000000007 0 0.698156000000008 0.523995999999991 1.00030400000002 0.996966000000028 0.0505349999999999 0.954490000000014
"153" 152 1.13013680340889 0.0667559999999999 0.526338999999999 0.890504000000013 0.018314 0.981332000000019 0.634770000000007 0.961827000000019 0.665480000000006 0.689942000000007 0 0.701369000000007 0.524062999999993 1.00032200000002 0.997103000000023 0.0511339999999999 0.95624000000002
"154" 153 1.13215183732939 0.0643039999999999 0.532031999999997 0.891221000000012 0.017882 0.982156000000018 0.633945000000007 0.961761000000016 0.667179000000009 0.693487000000007 0 0.709336000000007 0.515428999999993 1.00025100000002 0.996980000000021 0.054306 0.95772400000002
"155" 154 1.13301680133313 0.0630089999999999 0.534567 0.889160000000015 0.020007 0.983365000000019 0.634588000000008 0.963623000000018 0.67377900000001 0.697180000000011 0 0.713532000000009 0.51518199999999 1.00025600000002 0.996924000000024 0.0558309999999999 0.96128300000002
"156" 155 1.13363316247307 0.0639029999999999 0.541180999999999 0.888544000000017 0.023256 0.983394000000021 0.643505000000011 0.967509000000021 0.675272000000006 0.703832000000005 0 0.716176000000007 0.518550999999992 1.00027300000002 0.997055000000025 0.057344 0.961230000000025
"157" 156 1.13494931057473 0.063297 0.546197999999999 0.885232000000015 0.023145 0.98277200000002 0.645130000000008 0.968414000000022 0.683618000000009 0.707912000000009 0 0.72403900000001 0.519823999999994 1.00027600000002 0.996859000000025 0.057137 0.96404000000002
"158" 157 1.13711592880864 0.0604339999999999 0.552473999999999 0.883688000000016 0.022961 0.982367000000022 0.650823000000009 0.967906000000022 0.686643000000009 0.715020000000008 0 0.72818800000001 0.516861999999991 1.00023600000002 0.996793000000025 0.0567640000000001 0.96430200000002
"159" 158 1.1398882174431 0.059968 0.558505999999998 0.881289000000013 0.023935 0.982313000000018 0.651340000000005 0.969898000000019 0.687996000000007 0.71699400000001 0 0.73312600000001 0.517601999999995 1.00027300000002 0.997114000000022 0.0579939999999999 0.968493000000022
"160" 159 1.14080696734638 0.0583279999999999 0.561896999999999 0.881522000000013 0.025226 0.983755000000019 0.652700000000004 0.971139000000019 0.694040000000003 0.720624000000007 0 0.736886000000006 0.525356999999994 1.00025900000002 0.997273000000023 0.05834 0.969128000000017
"161" 160 1.14202420838056 0.061391 0.565003 0.882957000000012 0.027765 0.983490000000017 0.656483000000004 0.971917000000018 0.69653700000001 0.720558000000011 0 0.738856000000009 0.522759999999997 1.00025000000002 0.997008000000022 0.0592499999999999 0.969292000000016
"162" 161 1.14381832841195 0.066144 0.565211000000006 0.880937000000009 0.029752 0.984268000000016 0.65846900000001 0.973441000000016 0.70101200000001 0.725136000000007 0 0.743101000000008 0.525190999999999 1.00026300000002 0.99693900000002 0.0595059999999999 0.967988000000015
"163" 162 1.14473567071135 0.064584 0.565603999999999 0.880042000000011 0.030837 0.986365000000016 0.656385000000006 0.973205000000016 0.704419000000006 0.725882000000005 0 0.742975000000006 0.526213999999997 1.00026800000002 0.99708100000002 0.056274 0.969794000000017
"164" 163 1.14605898514671 0.0633659999999999 0.563150000000001 0.88050700000001 0.030956 0.988067000000015 0.649153000000008 0.973778000000015 0.704400000000007 0.730574000000006 0 0.748196000000006 0.525539999999998 1.00021400000002 0.996853000000018 0.0556599999999999 0.968809000000018
"165" 164 1.14745603104962 0.063371 0.569344999999999 0.882604000000015 0.033162 0.989022000000019 0.653792000000008 0.976686000000019 0.707153000000011 0.73765700000001 0 0.75250000000001 0.523950999999996 1.00023000000002 0.997000000000022 0.059001 0.971165000000017
"166" 165 1.14875495127679 0.0671759999999999 0.57308 0.886448000000012 0.032324 0.988688000000016 0.655534000000005 0.977774000000017 0.711465000000009 0.743314000000008 0 0.75293700000001 0.522563999999996 1.00018700000002 0.996787000000018 0.05925 0.972265000000018
"167" 166 1.15016677111193 0.066425 0.579653000000004 0.887360000000013 0.033585 0.988533000000016 0.660491000000009 0.975499000000016 0.716628000000008 0.738263000000006 0 0.752016000000006 0.521809999999995 1.00020600000002 0.99701800000002 0.063301 0.970846000000015
"168" 167 1.15044281113701 0.063359 0.589249000000003 0.884137000000014 0.0344080000000001 0.988612000000017 0.671820000000011 0.975964000000017 0.71690400000001 0.73846800000001 0 0.753722000000009 0.515337999999993 1.00019900000002 0.99705500000002 0.063544 0.973827000000017
"169" 168 1.15184059915256 0.0630909999999999 0.602948000000002 0.88881600000001 0.032594 0.988041000000013 0.682042000000007 0.977493000000014 0.720326000000007 0.745726000000006 0 0.757607000000007 0.509740999999994 1.00019500000002 0.996950000000018 0.0664049999999999 0.972960000000019
"170" 169 1.1537169474886 0.061687 0.603529000000001 0.888485000000013 0.032533 0.986561000000019 0.682243000000007 0.978410000000018 0.730082000000009 0.753260000000008 0 0.762856000000008 0.511005999999993 1.00019300000002 0.996720000000021 0.0637599999999999 0.974921000000018
"171" 170 1.15477029106168 0.060918 0.612605000000003 0.889879000000008 0.033104 0.986765000000013 0.690035000000009 0.978030000000013 0.731533000000006 0.757925000000006 0 0.769224000000006 0.506583999999991 1.00018500000001 0.996903000000016 0.067088 0.975014000000017
"172" 171 1.15625648042629 0.058134 0.623144000000008 0.890577000000014 0.031747 0.988683000000016 0.700280000000012 0.979390000000016 0.737935000000011 0.762711000000009 0 0.776222000000009 0.500362999999991 1.00014900000002 0.997007000000018 0.071041 0.974047000000016
"173" 172 1.15716992304584 0.059656 0.627892000000004 0.88946300000001 0.033317 0.989811000000014 0.704400000000009 0.980698000000014 0.740678000000008 0.770608000000007 0 0.776630000000006 0.502960999999988 1.00024500000002 0.996725000000017 0.072605 0.974745000000014
"174" 173 1.15820906163675 0.061963 0.631105000000003 0.889397000000012 0.034248 0.990837000000016 0.707373000000009 0.980887000000017 0.743235000000008 0.775580000000008 0 0.777645000000006 0.500333999999993 1.00016700000002 0.997078000000019 0.0738319999999999 0.977313000000015
"175" 174 1.16006335434445 0.059782 0.636810000000002 0.89259800000001 0.031247 0.988745000000013 0.711963000000004 0.979331000000013 0.741282000000003 0.779699000000004 0 0.778918000000003 0.502338999999992 1.00020100000001 0.996854000000017 0.076006 0.978650000000017
"176" 175 1.1621665492059 0.0601589999999999 0.644080000000002 0.893020000000013 0.029137 0.990355000000017 0.715597000000007 0.979269000000017 0.749539000000007 0.785390000000009 0 0.783811000000007 0.505595999999993 1.00021100000002 0.996983000000019 0.0755119999999999 0.980033000000016
"177" 176 1.16387958269944 0.062831 0.650378000000001 0.894288000000009 0.029365 0.990774000000012 0.719859000000005 0.978955000000013 0.754708000000006 0.780196000000005 0 0.787577000000006 0.503298999999993 1.00017800000001 0.996896000000014 0.076866 0.977969000000017
"178" 177 1.16469895392568 0.0623409999999999 0.652294000000005 0.896356000000015 0.027921 0.991237000000021 0.72279400000001 0.979701000000021 0.763893000000009 0.78988100000001 0 0.791174000000009 0.493941999999992 1.00013600000002 0.996811000000022 0.0764899999999999 0.981031000000016
"179" 178 1.16642270837751 0.0618589999999999 0.658014000000004 0.894705000000014 0.028659 0.992117000000018 0.726934000000006 0.978933000000017 0.766604000000006 0.789086000000007 0 0.790801000000008 0.493888999999993 1.00021500000002 0.997026000000018 0.072086 0.981999000000014
"180" 179 1.16792856009405 0.0580339999999999 0.662538000000004 0.896050000000009 0.029571 0.992625000000014 0.731095000000007 0.981514000000014 0.768900000000008 0.798475000000008 0 0.796699000000005 0.494120999999992 1.00018000000001 0.997124000000016 0.074353 0.982684000000018
"181" 180 1.16994206893166 0.057035 0.667298000000003 0.895083000000007 0.030194 0.993479000000011 0.737803000000005 0.979649000000012 0.769386000000004 0.794678000000003 0 0.793243000000003 0.488923999999992 1.00020400000001 0.996931000000013 0.0728629999999999 0.983476000000011
"182" 181 1.17162327568473 0.0563569999999999 0.676560000000005 0.899354000000009 0.029033 0.993215000000012 0.744473000000008 0.980075000000012 0.778175000000007 0.798633000000006 0 0.805268000000007 0.482454999999993 1.00018700000001 0.996811000000014 0.0761449999999999 0.984008000000014
"183" 182 1.17297298569834 0.056712 0.675344000000005 0.897767000000011 0.0297930000000001 0.994217000000015 0.740562000000009 0.980072000000015 0.779639000000007 0.799476000000008 0 0.808628000000007 0.482082999999993 1.00015900000002 0.996902000000017 0.07377 0.984705000000013
"184" 183 1.17458347760772 0.056352 0.676520000000004 0.892175000000011 0.031407 0.994010000000015 0.742460000000007 0.980654000000015 0.781894000000008 0.805735000000009 0 0.808554000000008 0.475632999999993 1.00010400000002 0.996856000000018 0.0776049999999999 0.984580000000018
"185" 184 1.175671141908 0.0559829999999999 0.683458000000003 0.895373000000008 0.031211 0.993515000000012 0.748933000000006 0.981523000000012 0.786938000000005 0.811668000000006 0 0.814566000000004 0.477024999999994 1.00020200000001 0.996569000000015 0.080176 0.985231000000016
"186" 185 1.17838811791696 0.05311 0.689905000000003 0.899210000000007 0.029588 0.99171100000001 0.753361000000005 0.98226300000001 0.791929000000006 0.813853000000006 0 0.817898000000005 0.469067999999993 1.00013300000001 0.997001000000011 0.0843040000000001 0.985625000000012
"187" 186 1.1799553741138 0.055723 0.687359000000003 0.900237000000008 0.02809 0.991875000000009 0.748121000000006 0.98116700000001 0.795443000000008 0.816744000000006 0 0.818059000000005 0.467994999999993 1.00011400000001 0.996709000000011 0.08027 0.986722000000012
"188" 187 1.18083208095678 0.0541939999999999 0.693098000000004 0.89943500000001 0.027628 0.992706000000014 0.752522000000005 0.981877000000014 0.796873000000008 0.819205000000006 0 0.824235000000007 0.462809999999991 1.00012700000001 0.996841000000016 0.080545 0.98669800000001
"189" 188 1.18189128733341 0.056781 0.698607000000007 0.903676000000011 0.027497 0.992994000000015 0.757349000000009 0.981770000000016 0.800813000000009 0.826249000000009 0 0.827138000000009 0.469016999999992 1.00013200000002 0.996939000000017 0.083326 0.987134000000015
"190" 189 1.18350220515807 0.054276 0.707547000000005 0.907511000000009 0.024453 0.993949000000012 0.765304000000008 0.982065000000012 0.806216000000006 0.827641000000007 0 0.832407000000006 0.469118999999993 1.00016100000001 0.996891000000014 0.080753 0.989153000000011
"191" 190 1.18667044056129 0.052354 0.722908000000003 0.913385000000009 0.023292 0.994575000000014 0.776490000000005 0.982627000000014 0.813631000000004 0.833683000000005 0 0.842835000000005 0.467303999999992 1.00014100000001 0.997100000000015 0.080824 0.989382000000013
"192" 191 1.18737769614388 0.052216 0.724805000000004 0.913655000000009 0.024683 0.99419600000001 0.776838000000007 0.98227800000001 0.818629000000007 0.837816000000007 0 0.844808000000006 0.467633999999993 1.00011500000001 0.996782000000012 0.084613 0.990775000000011
"193" 192 1.18964202541043 0.0522649999999999 0.731961000000007 0.911644000000008 0.027123 0.994570000000014 0.780762000000009 0.983193000000013 0.814202000000005 0.837337000000006 0 0.841803000000005 0.468700999999995 1.00011200000001 0.996845000000015 0.08281 0.990644000000013
"194" 193 1.19165965828555 0.0540249999999999 0.731975000000004 0.915806000000009 0.026211 0.994981000000011 0.782428000000007 0.984236000000011 0.819434000000006 0.841611000000008 0 0.846580000000007 0.468829999999994 1.00013300000001 0.996863000000012 0.082799 0.989285000000012
"195" 194 1.19222569662325 0.051485 0.741235999999999 0.918838000000005 0.024504 0.996409000000007 0.789674000000003 0.985336000000007 0.823147000000005 0.840665000000005 0 0.849954000000004 0.467328999999993 1.00014400000001 0.996891000000009 0.0840269999999999 0.989725000000012
"196" 195 1.19314132595826 0.05341 0.744596000000004 0.920032000000011 0.024276 0.996699000000015 0.792549000000007 0.986103000000014 0.824537000000007 0.843544000000006 0 0.852208000000007 0.464938999999994 1.00012000000002 0.996963000000016 0.0885739999999999 0.99095400000001
"197" 196 1.19418293833584 0.0540839999999999 0.752322000000006 0.919100000000009 0.023485 0.996499000000012 0.798421000000009 0.986398000000011 0.826762000000007 0.850708000000008 0 0.853600000000008 0.459977999999993 1.00010800000001 0.996605000000013 0.092082 0.991953000000009
"198" 197 1.19595510581634 0.054426 0.747386000000005 0.920931000000006 0.022805 0.997164000000009 0.795805000000007 0.986240000000009 0.831947000000005 0.853536000000004 0 0.858423000000004 0.457221999999995 1.00009400000001 0.996904000000011 0.091428 0.991748000000014
"199" 198 1.19750267172328 0.0521229999999999 0.745336000000004 0.921324000000008 0.024063 0.99751700000001 0.794481000000006 0.98503100000001 0.832581000000005 0.854958000000006 0 0.853170000000006 0.457012999999995 1.00014100000001 0.997038000000012 0.093808 0.991896000000013
"200" 199 1.19925342062935 0.0532119999999999 0.751846000000004 0.920952000000009 0.023785 0.997581000000011 0.801481000000006 0.985020000000011 0.839005000000007 0.855380000000006 0 0.857901000000007 0.461114999999994 1.00011600000001 0.996810000000014 0.089986 0.992692000000013
"201" 200 1.20200210946944 0.055424 0.760019000000004 0.923128000000007 0.022993 0.998043000000012 0.807227000000006 0.986371000000012 0.840101000000005 0.861362000000006 0 0.859752000000006 0.462770999999995 1.00011300000001 0.996852000000013 0.0950859999999999 0.992789000000011
