"X" "PopRatio" "Diff_KC" "Fibroblast" "M1" "M2" "Neutrophil" "Prol_KC" "Th0" "Th1" "Th17" "Th2" "Th22" "Treg" "iDC" "pDC" "preDiff_KC" "ILC3"
"1" 0 1 0.000322 0 0 0 0 0 0 0 0 0 0 0.166514 0 0 0 0
"2" 1 1.000004 0.000917 0 0 0 0 0 0 0 0 0 0 0.124702 4.6e-05 4.4e-05 0 0
"3" 2 1.000007000012 0.001901 0 4.3e-05 0 6.7e-05 0 0 0 0 0 0 0.119377 0.001329 0.001363 0 0
"4" 3 1.000010000033 0.00292 0 0.000292 0 0.000202 0 0 0 0 0 0 0.127258 0.004053 0.004073 0 0
"5" 4 1.000005999993 0.003779 0 0.000654 0 0.000175 0 0 0 0 0 0 0.138719 0.011663 0.011672 0 0
"6" 5 0.999999999957 0.00532 0 0.000991 0 0.000583 0 0 0 0 0 0 0.155254 0.021734 0.021714 0 0
"7" 6 1.000007999957 0.006174 0 0.002006 0 0.001756 0 0 0 0 0 0 0.169964 0.039278 0.039278 0 0
"8" 7 1.000016000021 0.006081 0 0.003378 0 0.002784 0 0 0 0 0 0 0.180846 0.064517 0.064594 0 0
"9" 8 1.000029000229 0.006795 0 0.004682 0 0.005211 0 0 0 0 0 0 0.199705 0.0964739999999997 0.0965109999999997 0 0
"10" 9 1.00005800107001 0.0078 0 0.007949 0 0.009636 0 0 0 0 0 0 0.212544 0.136022 0.136018 0 0
"11" 10 1.00010200362206 0.009075 0 0.012277 0 0.014263 0 0 0 0 0 0 0.222416 0.174828000000001 0.174954000000001 0 0
"12" 11 1.00015200872225 0.009641 0 0.018622 0 0.019904 0 5.2e-05 0 0 0 0 0.240145000000001 0.217378000000001 0.217377000000001 0 0
"13" 12 1.00024702316308 0.010982 0 0.025255 0 0.027349 0 6.6e-05 0 0 0 0 0.252886 0.261203999999999 0.260934999999999 0 0
"14" 13 1.00031503996067 0.012413 0 0.034714 0 0.036574 0 0.000191 0 0 0 0 0.265165999999999 0.301445999999998 0.301154999999999 0 0
"15" 14 1.00042107335491 0.013106 0 0.0480439999999999 0 0.043589 0 0.000234 0 0 0 0 0.277536999999999 0.351028999999997 0.351051999999997 0 0
"16" 15 1.0005571306209 0.01422 0 0.0539519999999999 0 0.0537819999999999 0 0.000176 0 0 0 0 0.292801999999999 0.399511999999995 0.399259999999996 0 0
"17" 16 1.00078425708956 0.015547 0 0.0652559999999998 0 0.0684559999999999 0 0.000391 0 0 0 0 0.301228999999998 0.445257999999993 0.443992999999993 0 0
"18" 17 1.00103945707513 0.015923 0 0.0814979999999995 0 0.0804179999999997 0 0.000507 0 0 0 0 0.309916999999997 0.488821999999992 0.487285999999992 0 0
"19" 18 1.00130072837344 0.015036 0 0.0926519999999994 0 0.0985159999999993 0 0.000833 0 0 0 0 0.319180999999997 0.526815999999999 0.524363999999998 0 0
"20" 19 1.0015881016825 0.015708 0 0.105622999999999 0 0.114958999999999 0 0.002302 0 0 0 0 0.330720999999996 0.568618000000002 0.565455000000001 0 0
"21" 20 1.00197070833738 0.015937 0 0.120413999999999 0 0.127993999999999 0 0.003917 0 0 0 0 0.341072999999996 0.606012000000008 0.601685000000007 0 0
"22" 21 1.0024506523067 0.018112 0 0.136207 0 0.144569 6.3e-05 0.005342 0 0 0 0 0.354635999999995 0.636726000000008 0.631541000000008 0 0
"23" 22 1.00291478695875 0.019581 0 0.151688000000001 0 0.158366000000001 0.000144 0.00770100000000001 0 0 0 0 0.367900999999994 0.669584000000019 0.664341000000019 0 0
"24" 23 1.00350450085352 0.019977 0 0.169612000000001 0 0.179717000000003 0.000198 0.008719 0 0 0 0 0.377798999999997 0.70080000000002 0.695002000000019 0 0
"25" 24 1.00411964911257 0.019654 0 0.181786000000003 0 0.194461000000005 0.000402 0.010255 0 0 0 0 0.385978999999993 0.719891000000031 0.713274000000029 0 4.6e-05
"26" 25 1.00480847519191 0.019115 0 0.201755000000003 0 0.211466000000004 0.00026 0.014612 0 0 0 0 0.400571999999989 0.749964000000035 0.742305000000034 0 6.7e-05
"27" 26 1.00558519214329 0.01867 0 0.217404000000005 0 0.221303000000005 0.000268 0.018209 0 0 0 0 0.412271999999986 0.774729000000035 0.767439000000033 0 0.000134
"28" 27 1.00636653183764 0.019856 0 0.238030000000006 0 0.235957000000006 0.000526 0.022617 0 0 0 0 0.425465999999989 0.791470000000035 0.784866000000034 0 0.000257
"29" 28 1.00722697522241 0.019976 0 0.251294000000006 0 0.260842000000006 0.000803 0.0294620000000001 0 0 0 0 0.437485999999988 0.815937000000034 0.807496000000034 0 0.000267
"30" 29 1.00814758067782 0.02009 0 0.272949000000004 0 0.285752000000002 0.000979 0.034275 0 0 0 0 0.44930899999999 0.835304000000036 0.824992000000036 0 0.000387
"31" 30 1.00908011719 0.020946 0 0.29332 0 0.308802999999998 0.001512 0.0389340000000001 0 0 0 0 0.459191999999984 0.858156000000049 0.847671000000049 0 0.000262
"32" 31 1.01005892490374 0.022359 0 0.316536999999995 0 0.331877999999996 0.001825 0.0472599999999999 0 0 0 0 0.469326999999983 0.876883000000054 0.865475000000053 0 0.000496
"33" 32 1.01117099978012 0.021275 0 0.334326999999996 0 0.352607999999993 0.00184 0.054489 0 0 0 0 0.472175999999984 0.888037000000054 0.875370000000054 0 0.000926
"34" 33 1.01225800860494 0.021723 0 0.343223999999993 0 0.37260299999999 0.002415 0.0655709999999997 0 0 0 0 0.48140399999998 0.900784000000056 0.887098000000055 0 0.001753
"35" 34 1.01341299499282 0.023885 0 0.356152999999991 0 0.391718999999987 0.003463 0.0803779999999995 0 6.7e-05 0 0 0.492650999999981 0.913450000000051 0.89844500000005 0 0.002449
"36" 35 1.01457740652413 0.0233390000000001 0 0.373460999999992 0 0.406332999999987 0.003569 0.0961989999999995 0 0 0 0 0.49979599999998 0.918692000000055 0.904111000000055 0 0.004616
"37" 36 1.01565691688474 0.024321 0 0.393485999999992 0 0.415774999999988 0.003606 0.108085999999999 6.7e-05 0 0 0.000175 0.511722999999983 0.928944000000061 0.91383400000006 0 0.006011
"38" 37 1.01684117284989 0.0237060000000001 0 0.414691999999985 0 0.426842999999985 0.003031 0.120804999999999 6.7e-05 0.000115 0 0.000134 0.514820999999981 0.938379000000061 0.923145000000061 0 0.006954
"39" 38 1.01807765171615 0.023189 0 0.429177999999984 0 0.439527999999982 0.004205 0.130910999999999 1e-06 0.000299 0 0.000201 0.525208999999981 0.94711700000006 0.932631000000058 0 0.010291
"40" 39 1.01924640486038 0.023195 0 0.445451999999984 0 0.45098699999998 0.005161 0.144522 0 0.000394 0 0.000134 0.533819999999987 0.953217000000061 0.93955300000006 0 0.013641
"41" 40 1.02025953578688 0.025049 0 0.461714999999981 0 0.469661999999978 0.006751 0.161350000000001 9.2e-05 0.000634 0 2.7e-05 0.542725999999994 0.96087500000006 0.947148000000059 0 0.020708
"42" 41 1.02147670541314 0.0262680000000001 0 0.474780999999978 0 0.480837999999978 0.00872 0.179860000000002 0.00025 0.000633 0 0.00016 0.550343999999991 0.968230000000062 0.955254000000062 0 0.0286550000000001
"43" 42 1.02275252981827 0.0268 0 0.494726999999979 0 0.492521999999976 0.009599 0.200634000000003 0.000542 0.000574 0 0.000378 0.550738999999989 0.971442000000063 0.95849900000006 0 0.038405
"44" 43 1.02392358146497 0.0285900000000001 0 0.502969999999978 0 0.509321999999981 0.011976 0.214416000000004 0.000779 0.000764 0 0.000617 0.55362399999999 0.974906000000063 0.961654000000063 0 0.0458159999999999
"45" 44 1.02508061511209 0.029054 0 0.511274999999979 0 0.530049999999985 0.014116 0.227930000000004 0.00127 0.001736 0 0.000957 0.553937999999993 0.976955000000063 0.962632000000061 0 0.054277
"46" 45 1.02624613177154 0.0304840000000001 0 0.527293999999986 0 0.546405999999989 0.016648 0.246029000000006 0.002075 0.002699 0 0.001485 0.552996999999991 0.981878000000063 0.969163000000063 0 0.0659589999999999
"47" 46 1.02738629122401 0.032485 0 0.535922999999985 0 0.563810999999989 0.017688 0.260894000000003 0.002185 0.002997 0 0.001939 0.552827999999988 0.984306000000061 0.971604000000062 5.4e-05 0.0794269999999995
"48" 47 1.02847634807906 0.034628 0 0.55578099999999 0 0.567822999999992 0.019479 0.275445 0.002894 0.003541 0 0.003504 0.553407999999993 0.986544000000058 0.974667000000061 0 0.0950789999999993
"49" 48 1.02953773567034 0.0339350000000001 0 0.579566999999997 0 0.576864999999995 0.020082 0.288761999999998 0.003464 0.003667 0 0.004686 0.554904999999992 0.988651000000061 0.978432000000065 0 0.114731999999999
"50" 49 1.03058271647211 0.034417 0 0.598721 0 0.587697999999994 0.025366 0.305919999999996 0.003521 0.004215 0 0.006245 0.55867999999999 0.991062000000059 0.979353000000059 7.2e-05 0.131316
"51" 50 1.03175551960352 0.036921 0 0.614824000000002 6.6e-05 0.599816999999997 0.0273470000000001 0.321750999999994 0.004382 0.005491 0 0.00785100000000001 0.565728999999993 0.992095000000055 0.981612000000058 6.6e-05 0.147706
"52" 51 1.03277695756798 0.0393660000000001 0 0.624186999999999 0.000188 0.613197000000002 0.0299140000000001 0.334907999999994 0.00661500000000001 0.008166 0 0.00939 0.576326999999998 0.99234700000006 0.982530000000061 0.000133 0.166102000000002
"53" 52 1.03382212784911 0.041452 0 0.635625000000008 0.000307 0.627753000000003 0.033209 0.348281999999994 0.00693900000000001 0.01108 0 0.0121 0.576350999999995 0.993612000000059 0.984491000000062 0.000154 0.183908000000002
"54" 53 1.03480012358211 0.042855 8.1e-05 0.64752400000001 0.000316 0.639684000000008 0.038825 0.366279999999989 0.00863200000000001 0.01195 0 0.01367 0.577925999999997 0.994193000000059 0.98495200000006 0.000333 0.199925000000004
"55" 54 1.03578007929921 0.0418069999999999 0.000201 0.661008000000008 0.000484 0.646855000000005 0.041406 0.382857999999989 0.01066 0.013596 0 0.016933 0.580134999999992 0.994682000000054 0.986522000000055 0.000222 0.221567000000004
"56" 55 1.03699297777212 0.041513 0.000592 0.664711000000012 0.000267 0.654982000000009 0.0477480000000001 0.394002999999987 0.012257 0.017264 0 0.020036 0.577434999999995 0.99566200000006 0.987497000000061 0.000321 0.240681000000005
"57" 56 1.03796360319938 0.043457 0.000736 0.67279200000001 0.000396 0.673703000000011 0.050564 0.411560999999989 0.013422 0.019561 0 0.022255 0.578235999999996 0.996192000000053 0.988928000000055 0.000652 0.260591000000004
"58" 57 1.03911574279898 0.0469139999999999 0.000422 0.679472000000017 0.000883 0.683798000000014 0.0513429999999998 0.422503999999988 0.015466 0.02444 0 0.024524 0.586401999999996 0.99682100000006 0.989392000000061 0.000602 0.280875
"59" 58 1.04023902691701 0.0490039999999999 0.000668 0.684501000000015 0.001092 0.701200000000015 0.0561599999999999 0.441870999999985 0.016507 0.0279080000000001 0 0.028136 0.588259 0.99756000000006 0.991316000000063 0.000762 0.303816999999998
"60" 59 1.04118044323643 0.0508039999999999 0.000868 0.696153000000017 0.000758 0.706757000000018 0.0624119999999998 0.454108999999984 0.01734 0.0319870000000001 0 0.028444 0.590022999999999 0.997683000000055 0.990685000000057 0.000797 0.332777999999994
"61" 60 1.04222787076239 0.0534919999999999 0.001373 0.703582000000015 0.001254 0.706729000000014 0.0660459999999999 0.46388799999998 0.020047 0.035534 0 0.0313500000000001 0.596266999999998 0.998212000000054 0.991995000000058 0.000668 0.352709999999992
"62" 61 1.04312731341491 0.0540409999999999 0.001619 0.711541000000017 0.001368 0.71617300000002 0.0668049999999998 0.480592999999982 0.020598 0.040102 0 0.034272 0.601029000000003 0.998064000000052 0.991894000000054 0.000747 0.371518999999992
"63" 62 1.04425389091345 0.0521689999999999 0.00213 0.70891700000002 0.001586 0.725707000000018 0.0706919999999998 0.497715999999979 0.0243480000000001 0.043834 0 0.03966 0.601422000000002 0.998029000000056 0.992183000000059 0.001378 0.38541599999999
"64" 63 1.04534826899119 0.0509899999999999 0.002487 0.722065000000015 0.001401 0.734633000000019 0.0741909999999998 0.515412999999983 0.0306580000000001 0.0496889999999999 0 0.041432 0.600541999999998 0.998326000000051 0.992865000000055 0.001138 0.398537999999987
"65" 64 1.04635807541909 0.0528439999999999 0.002186 0.722973000000014 0.001672 0.737502000000018 0.0814819999999997 0.524983999999986 0.0316900000000001 0.055054 0 0.044662 0.604518999999998 0.998961000000051 0.993517000000055 0.001201 0.422358999999987
"66" 65 1.0474923275729 0.0510149999999999 0.003662 0.72773000000002 0.002376 0.73921500000002 0.0874639999999996 0.530595999999991 0.036337 0.0572579999999999 0 0.049416 0.601064000000003 0.999430000000051 0.994918000000052 0.001305 0.438323999999985
"67" 66 1.04861628684044 0.0506899999999999 0.0046 0.731911000000017 0.003161 0.746889000000023 0.0923609999999996 0.537176999999989 0.041404 0.0658269999999997 0 0.050242 0.606833999999999 1.00029400000005 0.995925000000057 0.000869 0.456307999999984
"68" 67 1.04929579019436 0.052474 0.00532300000000001 0.74213400000002 0.00292 0.750948000000024 0.0941479999999994 0.553873999999994 0.0472089999999999 0.0732999999999997 0 0.0581549999999999 0.606593000000004 1.00020900000005 0.996104000000056 0.001068 0.472097999999983
"69" 68 1.05048359302892 0.0530609999999999 0.00645 0.74498200000003 0.002686 0.762781000000032 0.102475999999999 0.566162999999998 0.0483499999999999 0.0772279999999998 0 0.0631669999999998 0.602905000000002 1.00009700000006 0.995723000000063 0.001672 0.493895999999982
"70" 69 1.05116535688086 0.0563829999999999 0.006161 0.74984000000002 0.003768 0.773432000000025 0.109351 0.577810999999999 0.0511999999999998 0.0855019999999995 0 0.0692489999999997 0.606991000000002 1.00044900000005 0.996275000000051 0.00132 0.510573999999985
"71" 70 1.05229746197027 0.0559229999999999 0.00563400000000001 0.759238000000021 0.00362 0.779132000000022 0.115212999999999 0.588725999999996 0.0579069999999999 0.0955709999999993 0 0.0782459999999996 0.607729000000003 1.00062100000004 0.996770000000047 0.001703 0.521536999999982
"72" 71 1.05279940785968 0.0609399999999998 0.005329 0.761900000000024 0.004035 0.780936000000029 0.123099999999999 0.605147000000002 0.0633709999999999 0.102499999999999 0 0.0840489999999996 0.611120000000002 1.00073600000006 0.996911000000058 0.002106 0.529006999999988
"73" 72 1.05382378168358 0.0621989999999998 0.006081 0.763714000000023 0.00393 0.789469000000027 0.130121 0.616460000000001 0.0672739999999998 0.107476999999999 0 0.0933579999999995 0.613688000000003 1.00074500000005 0.996832000000056 0.002004 0.550211999999993
"74" 73 1.0546257415815 0.0609749999999998 0.00802200000000001 0.769426000000023 0.00436 0.793587000000023 0.136935 0.624716000000007 0.0731169999999997 0.114764999999999 0 0.0990859999999995 0.620042000000003 1.00076800000005 0.996949000000057 0.002162 0.567452999999994
"75" 74 1.05527433641263 0.0650849999999999 0.008543 0.766337000000022 0.00501 0.801273000000028 0.141441000000001 0.63924200000001 0.0765869999999998 0.119778 0 0.101945999999999 0.623036000000005 1.00077900000004 0.996977000000048 0.002603 0.577028999999999
"76" 75 1.05619136981101 0.0629639999999999 0.011237 0.767758000000029 0.00571000000000001 0.804701000000029 0.144987000000001 0.644133000000001 0.0783179999999997 0.120908999999999 0 0.110191999999999 0.62263 1.00071500000006 0.997437000000059 0.00324 0.584868000000001
"77" 76 1.05712926774747 0.0623069999999999 0.012534 0.774637000000022 0.005136 0.81262700000003 0.154223000000001 0.658107000000006 0.0846109999999995 0.126005999999999 0 0.117183999999999 0.614091 1.00069400000005 0.997309000000054 0.002972 0.599509
"78" 77 1.05801725633243 0.061377 0.014283 0.777275000000024 0.005048 0.815127000000031 0.159592000000002 0.67150300000001 0.0885159999999997 0.130956 0 0.122102999999999 0.618926000000007 1.00072700000005 0.99731600000005 0.003739 0.605489000000002
"79" 78 1.05880865324021 0.0613199999999999 0.015947 0.778247000000022 0.005834 0.826677000000029 0.167346000000003 0.678510000000012 0.0948739999999996 0.136238 0 0.131077 0.615875000000004 1.00073800000004 0.997452000000046 0.00346 0.613097000000007
"80" 79 1.05951170218601 0.0626129999999998 0.017398 0.781204000000026 0.004723 0.834788000000033 0.175194000000002 0.687713000000013 0.0999429999999995 0.141351000000001 0 0.138663 0.610844000000006 1.00060500000005 0.99733700000005 0.003625 0.621907000000005
"81" 80 1.06020568235099 0.0679829999999998 0.019655 0.779644000000021 0.005582 0.839187000000028 0.187638000000002 0.694803000000014 0.105353999999999 0.149852000000001 0 0.144349 0.612815 1.00067700000005 0.99749100000005 0.003955 0.629619000000009
"82" 81 1.06082590267521 0.0696489999999999 0.024266 0.776794000000021 0.00593200000000001 0.84709500000003 0.196378000000003 0.70573600000001 0.112416 0.157579000000002 0 0.156429000000002 0.615053000000001 1.00061700000004 0.997243000000045 0.004501 0.639850000000008
"83" 82 1.06148149308311 0.0703649999999998 0.0284010000000001 0.781827000000026 0.006441 0.851956000000033 0.203652000000003 0.71328500000002 0.117516999999999 0.164685000000002 0 0.162213000000001 0.620373000000005 1.00066100000005 0.997460000000052 0.004574 0.650951000000008
"84" 83 1.06226062049908 0.0695269999999997 0.0312110000000001 0.78092000000003 0.006734 0.855275000000038 0.207227000000004 0.724621000000024 0.128316999999999 0.176880000000002 0 0.173423000000002 0.623053000000006 1.00063200000005 0.997249000000052 0.004932 0.662312000000015
"85" 84 1.06276413203325 0.0691109999999999 0.033977 0.783162000000022 0.00692800000000001 0.859643000000032 0.214694000000004 0.73156600000002 0.138565 0.185351000000002 0 0.182528000000002 0.622839000000008 1.00059700000004 0.997470000000047 0.004224 0.666615000000012
"86" 85 1.06357927212257 0.0697409999999998 0.037139 0.784769000000026 0.007432 0.868385000000038 0.224708000000004 0.734653000000024 0.143248 0.195083000000002 0 0.191303000000003 0.622102000000011 1.00069200000005 0.997410000000055 0.004501 0.675012000000013
"87" 86 1.06428655233858 0.0703529999999998 0.039763 0.774197000000025 0.00743700000000001 0.871192000000035 0.229765000000005 0.73876700000002 0.147543000000001 0.200223000000003 0 0.196840000000003 0.621237000000004 1.00064000000005 0.997475000000051 0.003966 0.68632500000001
"88" 87 1.06482933848032 0.074225 0.042975 0.772015000000027 0.007691 0.877466000000038 0.241463000000004 0.748581000000024 0.153758000000001 0.216325000000003 0 0.207013000000003 0.610253000000003 1.00057300000004 0.997300000000048 0.004054 0.693947000000017
"89" 88 1.06542564290992 0.0762909999999997 0.0463629999999999 0.771446000000022 0.007584 0.876417000000031 0.243875000000005 0.758988000000018 0.161934000000002 0.225550000000004 0 0.217508000000004 0.612626 1.00055700000005 0.997226000000049 0.00415 0.699259000000016
"90" 89 1.06594876690064 0.0754149999999997 0.0522089999999999 0.773304000000022 0.008215 0.883259000000034 0.244333000000004 0.765626000000019 0.164173000000001 0.233618000000003 0 0.230446000000004 0.609373000000007 1.00064200000004 0.997198000000046 0.004378 0.71059200000002
"91" 90 1.06665122713807 0.0721539999999998 0.0527989999999999 0.774507000000023 0.00802 0.889946000000036 0.252851000000004 0.772913000000026 0.171784000000002 0.240773000000004 0 0.234597000000004 0.609117000000005 1.00062700000004 0.997550000000047 0.005235 0.715983000000019
"92" 91 1.06730401768913 0.0749329999999997 0.0571029999999998 0.772393000000022 0.008006 0.888543000000029 0.261298000000003 0.782303000000024 0.180736000000003 0.250258000000005 0 0.243899000000005 0.606761000000002 1.00056200000004 0.997412000000047 0.00617800000000001 0.725132000000018
"93" 92 1.06770959321589 0.0771559999999997 0.0612029999999999 0.767884000000024 0.009029 0.894412000000032 0.272204000000002 0.781791000000028 0.184086000000002 0.255226000000004 0 0.253607000000005 0.605790000000002 1.00053200000004 0.997163000000044 0.007043 0.729521000000025
"94" 93 1.06849649518613 0.0790079999999997 0.0701429999999998 0.769906000000026 0.008303 0.898122000000041 0.283756999999999 0.79040100000003 0.190520000000003 0.264152000000001 0 0.26958 0.596296000000001 1.00053400000005 0.997143000000051 0.00804 0.739071000000017
"95" 94 1.06935236087883 0.0760809999999997 0.0692679999999998 0.765402000000023 0.008929 0.899758000000033 0.284256000000001 0.792801000000021 0.200300000000004 0.269955000000002 0 0.280676 0.599306000000001 1.00052600000004 0.997305000000042 0.009793 0.744347000000021
"96" 95 1.06988062094514 0.0720349999999999 0.0732739999999998 0.767230000000016 0.009665 0.904079000000026 0.292630999999999 0.799275000000022 0.209202000000003 0.274520000000001 0 0.288807 0.599126000000003 1.00056200000004 0.997192000000042 0.011192 0.746781000000022
"97" 96 1.07036313710523 0.0724799999999999 0.0781359999999998 0.766415000000019 0.010175 0.903284000000037 0.297722999999999 0.810824000000026 0.221102000000004 0.28694 0 0.293712999999999 0.603662000000002 1.00054500000004 0.997333000000049 0.011386 0.754988000000022
"98" 97 1.0703320965743 0.0746079999999999 0.0861549999999997 0.764197000000021 0.008803 0.906098000000035 0.302325999999996 0.814650000000027 0.226089000000004 0.291407999999998 0 0.300399999999997 0.603131000000004 1.00056300000005 0.997314000000048 0.00889600000000001 0.761596000000022
"99" 98 1.07103958609019 0.0738319999999998 0.0897469999999997 0.765607000000023 0.00983999999999999 0.907243000000035 0.304899999999997 0.824161000000031 0.238650000000003 0.297948999999998 0 0.313698999999996 0.605611000000004 1.00051800000004 0.997308000000048 0.008789 0.767121000000021
"100" 99 1.07136089796606 0.0750379999999998 0.0960309999999998 0.766671000000023 0.011399 0.910614000000034 0.313296999999997 0.82895900000003 0.242314000000004 0.307609999999995 0 0.314374999999995 0.605279000000003 1.00051500000004 0.997175000000044 0.009311 0.774744000000024
"101" 100 1.07227369745117 0.0761559999999999 0.0995769999999995 0.766165000000021 0.011084 0.914331000000029 0.316875999999997 0.836602000000026 0.253971000000003 0.322476999999996 0 0.318791999999995 0.599787000000005 1.00054300000004 0.997220000000037 0.010179 0.781877000000021
"102" 101 1.07314974506202 0.0754969999999997 0.10014 0.772498000000019 0.009002 0.915571000000029 0.319889999999995 0.842517000000027 0.264168000000001 0.330534999999994 0 0.327531999999994 0.603056000000007 1.00057400000004 0.997373000000042 0.010454 0.789604000000027
"103" 102 1.07405870289613 0.0756829999999999 0.105203999999999 0.775709000000021 0.00775900000000001 0.918582000000031 0.328341999999995 0.843005000000027 0.272411 0.329370999999997 0 0.335777999999996 0.609776 1.00052100000004 0.997251000000045 0.010532 0.795559000000022
"104" 103 1.07528420387618 0.0797229999999998 0.112818 0.783131000000023 0.008317 0.922817000000035 0.338731999999993 0.85064700000003 0.285202999999998 0.344309999999994 0 0.347823999999994 0.610415000000001 1.00050500000004 0.997056000000044 0.011895 0.797036000000023
"105" 104 1.07631002500672 0.0786889999999997 0.120067999999999 0.783392000000027 0.009723 0.927659000000037 0.350702999999991 0.858602000000033 0.301288999999996 0.348948999999991 0 0.358213999999991 0.605786000000004 1.00044800000004 0.997044000000043 0.011995 0.797410000000024
"106" 105 1.07701823700322 0.0820199999999999 0.130809 0.784849000000022 0.00905799999999999 0.929288000000034 0.354463999999991 0.864915000000029 0.307579999999997 0.352241999999993 0 0.360832999999993 0.605256000000002 1.00051600000004 0.997405000000044 0.013139 0.803873000000029
"107" 106 1.07820618811868 0.0790979999999998 0.13603 0.789577000000023 0.010397 0.933719000000037 0.363293999999991 0.872152000000037 0.318798999999994 0.364590999999991 0 0.372207999999991 0.592830999999999 1.00053300000004 0.997233000000049 0.01487 0.80957300000003
"108" 107 1.0800143398962 0.0778979999999999 0.143398000000001 0.791590000000021 0.011012 0.932671000000027 0.375473999999991 0.874902000000024 0.326913999999994 0.373598999999993 0 0.380156999999992 0.588134999999997 1.00052200000003 0.997296000000037 0.015937 0.81691200000003
"109" 108 1.08009750100041 0.0793149999999999 0.151398000000001 0.791759000000031 0.011261 0.933709000000037 0.379556999999989 0.880843000000039 0.338578999999995 0.383852999999991 0 0.395826999999991 0.587945000000004 1.00050700000005 0.997280000000048 0.016549 0.820983000000026
"110" 109 1.08055222204838 0.0804899999999997 0.159159000000001 0.795912000000025 0.012123 0.936507000000035 0.387058999999988 0.882220000000032 0.353681999999993 0.396365999999991 0 0.410300999999989 0.589976000000004 1.00049200000004 0.997307000000044 0.016204 0.828584000000025
"111" 110 1.08144151652716 0.0766269999999999 0.165743000000001 0.797437000000023 0.01186 0.938049000000032 0.388384999999994 0.884816000000031 0.362266999999993 0.400667999999992 0 0.413467999999991 0.588965000000002 1.00047500000004 0.997092000000039 0.016046 0.832614000000026
"112" 111 1.08270247733548 0.0779869999999999 0.170145000000001 0.791765000000019 0.013226 0.94409000000003 0.389329999999991 0.890350000000028 0.367863999999992 0.408788999999989 0 0.420941999999988 0.593869000000002 1.00050400000004 0.997170000000039 0.017192 0.836285000000026
"113" 112 1.08359787228427 0.0753669999999998 0.177984000000002 0.791737000000021 0.013925 0.947508000000031 0.397405999999992 0.893448000000027 0.381371999999993 0.420106999999991 0 0.432130999999991 0.596142 1.00045000000004 0.997272000000039 0.018096 0.836808000000024
"114" 113 1.08498596115871 0.0784879999999999 0.181366000000002 0.794703000000018 0.01484 0.948039000000027 0.399309999999991 0.892177000000024 0.395967999999991 0.425254999999991 0 0.444139999999989 0.599572 1.00047300000003 0.997185000000034 0.018119 0.846547000000027
"115" 114 1.08614689613718 0.0814099999999999 0.199272000000002 0.80052000000002 0.013747 0.948681000000031 0.412200999999988 0.90122800000003 0.409179999999989 0.440367999999988 0 0.453347999999987 0.600669999999999 1.00047300000004 0.997054000000038 0.019081 0.849504000000025
"116" 115 1.08703862273895 0.0801579999999998 0.203517000000002 0.798247000000018 0.014236 0.950493000000031 0.415385999999991 0.905190000000027 0.42275899999999 0.444614999999989 0 0.455299999999988 0.604138000000003 1.00042600000003 0.997231000000037 0.021007 0.849001000000029
"117" 116 1.08761366617041 0.0802469999999999 0.211640000000002 0.802379000000016 0.014967 0.951301000000024 0.42062299999999 0.906687000000023 0.422797999999991 0.44780999999999 0 0.46699499999999 0.601219000000005 1.00038500000003 0.997151000000032 0.02115 0.848757000000025
"118" 117 1.08815638538986 0.0799719999999999 0.215391000000002 0.80864400000002 0.014397 0.951602000000027 0.42448799999999 0.911504000000027 0.436085999999991 0.460607999999991 0 0.47790399999999 0.593883000000003 1.00047400000003 0.997137000000032 0.022413 0.854199000000029
"119" 118 1.08960254522608 0.0815249999999997 0.220219000000002 0.809147000000021 0.015122 0.950905000000031 0.430811999999988 0.91423800000003 0.445894999999988 0.470893999999987 0 0.486783999999986 0.599431000000004 1.00041600000003 0.997275000000035 0.025063 0.865654000000025
"120" 119 1.09065074287462 0.0818899999999999 0.229639000000002 0.811531000000019 0.016179 0.951145000000027 0.434304999999991 0.916943000000026 0.454706999999989 0.481202999999988 0 0.494932999999988 0.597734000000002 1.00042200000003 0.997112000000038 0.026844 0.866284000000029
"121" 120 1.09146654963032 0.0813509999999997 0.241181000000003 0.815030000000025 0.015642 0.954142000000032 0.448081999999991 0.921242000000031 0.46654999999999 0.493657999999988 0 0.50315899999999 0.590462999999999 1.00043200000004 0.997149000000037 0.028751 0.871471000000026
"122" 121 1.09261258950747 0.0807629999999999 0.242850000000002 0.816676000000019 0.015096 0.957675000000028 0.452468999999989 0.925788000000029 0.478675999999988 0.512420999999992 0 0.513845999999993 0.588679 1.00037300000003 0.997056000000035 0.031448 0.876319000000025
"123" 122 1.09293928067177 0.0837759999999999 0.253029000000002 0.820274000000018 0.014256 0.959290000000029 0.458035999999988 0.923178000000029 0.48838799999999 0.520420999999995 0 0.519464999999995 0.586089999999999 1.00039700000003 0.997324000000034 0.03204 0.87643500000003
"124" 123 1.09494591719112 0.0809649999999998 0.265685000000001 0.817695000000017 0.015159 0.960371000000023 0.466627999999989 0.926737000000024 0.500641999999988 0.525111999999994 0 0.525157999999993 0.586401 1.00041600000003 0.997031000000033 0.03211 0.883132000000024
"125" 124 1.09537842082844 0.0844849999999996 0.272662999999999 0.818180000000018 0.015326 0.962771000000027 0.472705999999987 0.929153000000027 0.50706399999999 0.538739999999995 0 0.537925999999997 0.585745000000001 1.00043900000003 0.997010000000034 0.0346060000000001 0.887870000000028
"126" 125 1.09649570681772 0.0842039999999997 0.284491999999998 0.825476000000021 0.016014 0.966131000000032 0.481403999999987 0.930632000000031 0.513044999999992 0.546619999999999 0 0.546149999999998 0.579060000000003 1.00049600000004 0.99708500000004 0.035534 0.892786000000026
"127" 126 1.09687728732373 0.0821739999999997 0.297341999999998 0.824016000000018 0.016366 0.969991000000028 0.496221999999988 0.930066000000028 0.520531999999992 0.551734999999997 0 0.554979999999999 0.580999000000002 1.00039300000003 0.997020000000034 0.036086 0.899522000000028
"128" 127 1.09733358827529 0.0821519999999999 0.305250999999999 0.827663000000016 0.01735 0.973775000000025 0.497671999999987 0.935309000000024 0.525483999999991 0.555896999999996 0 0.567300999999996 0.585281999999996 1.00040800000003 0.997129000000032 0.038239 0.902274000000029
"129" 128 1.09925063005404 0.0813789999999998 0.313671999999996 0.823772000000022 0.018436 0.974756000000028 0.500777999999986 0.935435000000028 0.531901999999996 0.555151000000001 0 0.571248000000001 0.590640999999999 1.00037500000003 0.997144000000033 0.039964 0.904636000000028
"130" 129 1.09983103438674 0.0809129999999999 0.327266999999996 0.82745600000002 0.018273 0.975590000000027 0.507386999999988 0.937660000000026 0.539986999999996 0.559569999999999 0 0.581619 0.590304000000001 1.00039300000003 0.997175000000031 0.041129 0.907034000000024
"131" 130 1.10078678755565 0.0820909999999998 0.327796999999996 0.825014000000017 0.01829 0.975523000000029 0.510556999999988 0.942311000000027 0.548475999999999 0.569100000000001 0 0.583755000000001 0.593794000000002 1.00037900000003 0.996969000000032 0.041397 0.908606000000028
"132" 131 1.10136249904557 0.0845619999999999 0.341077999999996 0.830308000000014 0.016133 0.976287000000022 0.520853999999995 0.945336000000022 0.556441999999999 0.571656 0 0.592516000000001 0.595477000000003 1.00031000000002 0.997056000000028 0.0417279999999999 0.911435000000022
"133" 132 1.1021664936699 0.0885439999999997 0.341219999999995 0.825561000000018 0.018067 0.976508000000027 0.52184799999999 0.947069000000027 0.560300999999997 0.573869 0 0.589266000000002 0.593703 1.00040300000003 0.997198000000032 0.040615 0.915238000000025
"134" 133 1.10373597875692 0.0902339999999998 0.349408999999995 0.820412000000021 0.01939 0.976173000000032 0.525580999999991 0.946797000000031 0.556811000000002 0.577185000000004 0 0.588184000000004 0.591377000000002 1.00042600000003 0.997201000000035 0.041749 0.924306000000022
"135" 134 1.10441919132781 0.0919529999999998 0.350123999999995 0.823501000000017 0.01915 0.979093000000023 0.522700999999993 0.948756000000024 0.563863000000002 0.579651000000004 0 0.595597000000005 0.587157000000002 1.00034300000002 0.996789000000027 0.042926 0.923640000000022
"136" 135 1.10527180294354 0.093868 0.363546999999995 0.826330000000017 0.017915 0.980723000000024 0.533791999999993 0.953127000000024 0.571205 0.589617000000001 0 0.610746000000003 0.587808000000001 1.00035100000003 0.997009000000028 0.0451229999999999 0.925964000000028
"137" 136 1.10678049895458 0.0967669999999999 0.376845999999994 0.827829000000014 0.019072 0.980159000000023 0.544845999999998 0.954479000000022 0.578585000000002 0.598104000000006 0 0.612090000000005 0.591236000000002 1.00035300000002 0.997007000000027 0.0451749999999999 0.929225000000025
"138" 137 1.10812413048034 0.0970809999999998 0.380577999999994 0.824883000000018 0.019758 0.979726000000023 0.545345 0.956439000000023 0.581858000000005 0.606175000000004 0 0.616598000000006 0.587402000000004 1.00035300000002 0.996954000000026 0.0453429999999999 0.931371000000024
"139" 138 1.1093142557965 0.0971829999999998 0.395301999999993 0.828437000000017 0.020822 0.979605000000023 0.560159999999999 0.959124000000023 0.588755 0.612308000000003 0 0.624840000000004 0.588001000000003 1.00035600000002 0.997057000000028 0.047274 0.935724000000025
"140" 139 1.10943073379338 0.0974299999999999 0.403895999999993 0.825106000000019 0.021182 0.978548000000027 0.566946999999998 0.958709000000026 0.594243000000004 0.614556000000005 0 0.622909000000005 0.588459999999999 1.00034800000003 0.99706600000003 0.045907 0.942700000000026
"141" 140 1.10934308876544 0.0999599999999997 0.412907999999994 0.831909000000014 0.018627 0.97939700000002 0.572420999999999 0.958595000000019 0.595979000000002 0.619558000000004 0 0.622904000000006 0.586646000000002 1.00033500000002 0.997077000000024 0.048442 0.943411000000024
"142" 141 1.1103170919974 0.0974329999999998 0.415020999999994 0.831186000000016 0.018623 0.981734000000023 0.572827999999999 0.961389000000025 0.607372000000006 0.633017000000006 0 0.632666000000007 0.581175000000002 1.00031500000002 0.99682800000003 0.047197 0.946537000000024
"143" 142 1.11143740194325 0.0988379999999997 0.424712999999994 0.835083000000015 0.015987 0.983043000000023 0.574825000000002 0.961950000000024 0.608909000000003 0.633290000000007 0 0.639441000000008 0.583848000000002 1.00027700000002 0.997178000000027 0.050001 0.946201000000024
"144" 143 1.11325349065806 0.0997149999999999 0.428437999999993 0.842417000000017 0.014938 0.982982000000024 0.576326000000003 0.961324000000025 0.611816000000004 0.642116000000004 0 0.644766000000004 0.583211000000002 1.00032200000002 0.996982000000029 0.051907 0.945071000000028
"145" 144 1.11498682634304 0.0964599999999999 0.442519999999994 0.847639000000014 0.013742 0.983463000000022 0.588399000000003 0.964926000000023 0.622405000000003 0.649665000000007 0 0.658140000000005 0.583576 1.00026800000002 0.997022000000028 0.053935 0.946059000000023
"146" 145 1.11579742176581 0.0962169999999997 0.451569999999993 0.852197000000021 0.013143 0.984936000000028 0.600197 0.965468000000029 0.625690000000005 0.656962000000006 0 0.663015000000008 0.578134999999998 1.00035800000003 0.997090000000031 0.055818 0.944896000000022
"147" 146 1.11723010565539 0.0985869999999998 0.456984999999993 0.856381000000017 0.011806 0.984629000000022 0.598366000000003 0.967258000000022 0.636923000000008 0.665226000000009 0 0.668556000000006 0.574363000000001 1.00032100000002 0.997060000000026 0.059513 0.944909000000028
"148" 147 1.11857189901231 0.0971059999999997 0.466973999999991 0.858181000000018 0.014481 0.984538000000025 0.607025000000001 0.967350000000024 0.648378000000006 0.671871000000007 0 0.670239000000008 0.572790999999998 1.00028600000003 0.996964000000029 0.061191 0.945442000000023
"149" 148 1.11960881516272 0.10002 0.477492999999993 0.864897000000016 0.014334 0.986148000000022 0.615755000000006 0.966823000000024 0.65129500000001 0.673793000000013 0 0.667774000000011 0.567916000000001 1.00023500000002 0.996947000000026 0.063707 0.946269000000024
"150" 149 1.12021340392294 0.0997009999999998 0.490751999999992 0.868983000000014 0.014474 0.984382000000021 0.619602000000002 0.96864500000002 0.662903000000003 0.682580000000005 0 0.681045000000005 0.570587999999997 1.00025400000002 0.997006000000023 0.0657579999999999 0.947085000000018
"151" 150 1.12097178839742 0.0982959999999996 0.493977999999993 0.872719000000015 0.013986 0.986195000000021 0.619896000000005 0.969639000000022 0.666546000000008 0.695723000000009 0 0.684167000000009 0.573694999999999 1.00021500000002 0.997135000000024 0.066616 0.949034000000023
"152" 151 1.12181139626695 0.101859 0.504338999999996 0.874875000000011 0.014411 0.986235000000017 0.624926000000002 0.971973000000017 0.678246000000006 0.701370000000005 0 0.690908000000006 0.570979999999999 1.00027700000002 0.997015000000021 0.068515 0.948343000000024
"153" 152 1.12449589093824 0.0991999999999998 0.509791999999994 0.877349000000015 0.013093 0.98795100000002 0.625734000000007 0.97284200000002 0.681026000000009 0.706160000000009 0 0.698885000000006 0.567477000000001 1.00027900000002 0.996970000000023 0.070625 0.949726000000017
"154" 153 1.1256203868292 0.0930699999999997 0.518898999999998 0.876161000000016 0.012597 0.987619000000021 0.631346000000008 0.973567000000022 0.688471000000007 0.710166000000009 0 0.703249000000009 0.565523000000001 1.00027500000002 0.997053000000023 0.068515 0.950706000000021
"155" 154 1.12611115731788 0.0948559999999998 0.527854999999999 0.878517000000014 0.012055 0.988623000000019 0.636132000000006 0.973954000000019 0.696228000000006 0.713671000000008 0 0.714595000000011 0.566515000000003 1.00023100000002 0.996895000000022 0.067448 0.950072000000014
"156" 155 1.12698051513135 0.0943069999999999 0.535188999999999 0.877494000000016 0.013241 0.987900000000019 0.639006000000006 0.97317700000002 0.692394000000008 0.713171000000008 0 0.710819000000007 0.562360999999998 1.00027800000002 0.996906000000022 0.067666 0.950448000000018
"157" 156 1.12831486006128 0.0935609999999999 0.545558000000001 0.880696000000013 0.010974 0.986948000000017 0.647828000000004 0.975644000000017 0.702648000000008 0.724962000000006 0 0.721635000000007 0.558573 1.00025800000002 0.996920000000021 0.0670679999999999 0.948874000000026
"158" 157 1.12997235459073 0.0944869999999998 0.542320999999998 0.881781000000015 0.011641 0.987655000000018 0.643614000000007 0.97654500000002 0.70654100000001 0.72827700000001 0 0.724796000000007 0.551121999999995 1.00028800000002 0.996984000000022 0.0654429999999999 0.947772000000025
"159" 158 1.13085825291675 0.0916249999999998 0.548041999999998 0.883998000000015 0.01146 0.987481000000021 0.650002000000004 0.976692000000021 0.710962000000007 0.728635000000009 0 0.731119000000008 0.549002999999997 1.00022800000002 0.997097000000024 0.064865 0.950365000000019
"160" 159 1.13239508928249 0.087863 0.553609999999996 0.88346300000001 0.012727 0.987858000000015 0.656518000000004 0.979563000000016 0.714883000000005 0.730023000000008 0 0.735872000000008 0.546753999999994 1.00019400000002 0.99686500000002 0.065681 0.952467000000019
"161" 160 1.13538347992312 0.0890729999999999 0.558541000000001 0.887893000000012 0.012766 0.988706000000015 0.661834000000009 0.978866000000015 0.71317400000001 0.72728800000001 0 0.73450600000001 0.549929999999999 1.00026100000002 0.996729000000018 0.06955 0.951409000000016
"162" 161 1.13758612387419 0.086963 0.566468999999999 0.891383000000011 0.012286 0.989299000000015 0.667535000000006 0.981480000000015 0.722054000000008 0.735253000000006 0 0.742187000000005 0.543896999999999 1.00025900000001 0.996847000000017 0.0707749999999999 0.952990000000022
"163" 162 1.14005809852138 0.0900989999999998 0.569657000000001 0.89121200000001 0.014413 0.990247000000015 0.668711000000007 0.983256000000015 0.73013400000001 0.735380000000009 0 0.745345000000009 0.544849999999999 1.00025500000002 0.996955000000018 0.0745260000000001 0.954795000000023
"164" 163 1.14119815661992 0.089697 0.576323000000001 0.892988000000015 0.014431 0.990700000000021 0.671125000000008 0.984126000000022 0.727597000000009 0.737860000000009 0 0.74824500000001 0.543936 1.00020800000002 0.997074000000024 0.074931 0.955856000000016
"165" 164 1.142233223348 0.0882159999999998 0.578135000000006 0.893910000000012 0.015057 0.99116000000002 0.670382000000013 0.984070000000019 0.728547000000009 0.741484000000009 0 0.751422000000009 0.544219999999999 1.00022700000002 0.997010000000023 0.0751079999999999 0.957001000000021
"166" 165 1.14307048030074 0.0910829999999997 0.577960000000003 0.895614000000016 0.015261 0.991428000000023 0.670431000000014 0.984172000000023 0.735735000000011 0.742947000000012 0 0.751685000000012 0.544971999999996 1.00022600000002 0.996827000000026 0.077268 0.958411000000018
"167" 166 1.14516801463211 0.0913689999999998 0.585768999999999 0.896836000000012 0.016143 0.990803000000017 0.675401000000006 0.986184000000017 0.745181000000006 0.751082000000007 0 0.764529000000009 0.548434999999997 1.00017200000002 0.996920000000021 0.0806699999999999 0.959224000000017
"168" 167 1.14725794625884 0.0944019999999999 0.590539000000003 0.897993000000014 0.015407 0.989995000000019 0.678280000000009 0.98589600000002 0.747801000000008 0.751668000000008 0 0.76690500000001 0.550022999999999 1.00019300000002 0.996945000000021 0.081289 0.961567000000015
"169" 168 1.14907749736162 0.0952489999999999 0.597933000000003 0.899570000000012 0.016096 0.991319000000016 0.684431000000007 0.987362000000016 0.755337000000008 0.759524000000007 0 0.770511000000006 0.548722999999999 1.00020600000002 0.996923000000019 0.0825519999999999 0.963758000000017
"170" 169 1.15048281914091 0.0956009999999999 0.605094 0.903769000000014 0.014592 0.99212300000002 0.684456000000006 0.98788300000002 0.759682000000008 0.767637000000007 0 0.776284000000009 0.545845999999999 1.00020300000002 0.996895000000023 0.0830969999999999 0.964423000000019
"171" 170 1.15279068767613 0.0950309999999998 0.613754000000003 0.906171000000011 0.015836 0.991420000000013 0.691260000000007 0.988713000000013 0.763641000000007 0.776635000000008 0 0.779623000000008 0.545263000000001 1.00015800000001 0.996928000000014 0.0854509999999998 0.962857000000019
"172" 171 1.1542166897568 0.0953859999999999 0.612167000000002 0.907815000000015 0.014344 0.991267000000019 0.693324000000008 0.989776000000019 0.767933000000008 0.782554000000007 0 0.785354000000009 0.543542999999995 1.00018200000002 0.996701000000021 0.0870869999999999 0.963148000000021
"173" 172 1.15495769687165 0.0998329999999998 0.617355000000005 0.912249000000013 0.013889 0.991944000000017 0.697524000000012 0.989015000000018 0.778732000000009 0.786690000000008 0 0.794273000000009 0.536594999999993 1.00015000000002 0.996915000000021 0.0887989999999999 0.962142000000018
"174" 173 1.15617271236878 0.101663 0.623302000000005 0.911897000000015 0.013684 0.99220000000002 0.700447000000011 0.98931500000002 0.78332100000001 0.79262700000001 0 0.800527000000012 0.536704999999998 1.00019400000002 0.996812000000021 0.0877019999999999 0.961655000000015
"175" 174 1.15827232201446 0.0987489999999998 0.628609000000005 0.911721000000015 0.016181 0.992581000000018 0.705468000000011 0.989086000000018 0.782244000000009 0.796377000000008 0 0.801241000000009 0.535204999999996 1.00020100000002 0.99710100000002 0.088451 0.963172000000016
"176" 175 1.15986031336796 0.0996949999999999 0.636319000000001 0.909203000000011 0.0176 0.993661000000015 0.708001000000009 0.991121000000015 0.787717000000009 0.795158000000008 0 0.800994000000008 0.536836999999999 1.00018700000001 0.996942000000016 0.089399 0.965136000000016
"177" 176 1.16193646332891 0.100871 0.637927000000004 0.911343000000011 0.01447 0.994582000000016 0.706405000000007 0.991413000000016 0.795412000000007 0.800317000000007 0 0.808113000000008 0.543319999999998 1.00018500000002 0.996886000000017 0.09044 0.966377000000013
"178" 177 1.16201082726258 0.101013 0.639225000000003 0.911778000000012 0.015019 0.994592000000017 0.709584000000006 0.990319000000017 0.795905000000007 0.798730000000006 0 0.810479000000006 0.547388999999997 1.00015100000002 0.996919000000019 0.088365 0.967158000000014
"179" 178 1.16299272641163 0.100312 0.639686000000003 0.911278000000009 0.015736 0.993689000000015 0.707633000000007 0.989201000000016 0.795614000000006 0.792652000000006 0 0.812335000000007 0.540667999999995 1.00016300000002 0.996742000000017 0.087371 0.970198000000015
"180" 179 1.16478489820305 0.0990859999999999 0.640178000000005 0.911214000000012 0.016146 0.994358000000016 0.710634000000008 0.990897000000016 0.796644000000009 0.797755000000007 0 0.818584000000007 0.534195999999997 1.00013100000002 0.996985000000017 0.086735 0.968060000000015
"181" 180 1.16569575999347 0.0979799999999998 0.648644000000005 0.911955000000012 0.017694 0.994521000000018 0.717809000000007 0.992557000000018 0.799988000000007 0.803763000000008 0 0.822057000000009 0.538097000000001 1.00020700000002 0.99667900000002 0.087732 0.969799000000014
"182" 181 1.1670153275938 0.0996539999999998 0.659401000000006 0.912923000000009 0.019684 0.993601000000012 0.726047000000007 0.992679000000012 0.809102000000005 0.804576000000006 0 0.824784000000006 0.541964999999993 1.00018700000001 0.996985000000013 0.0864129999999999 0.973508000000015
"183" 182 1.16843441823216 0.104067 0.665588000000004 0.913269000000012 0.021066 0.993987000000011 0.729761000000007 0.992952000000011 0.810347000000007 0.810930000000007 0 0.824192000000008 0.547252999999998 1.00017700000001 0.996814000000013 0.09005 0.973989000000019
"184" 183 1.17105755350111 0.106286 0.675007000000002 0.915779000000009 0.021297 0.993890000000012 0.738672000000005 0.993985000000012 0.817606000000006 0.817065000000005 0 0.831566000000007 0.544116999999999 1.00018100000001 0.996821000000014 0.0928789999999999 0.975675000000014
"185" 184 1.17133392308375 0.104183 0.681278000000005 0.91503900000001 0.022517 0.993166000000013 0.741146000000007 0.993071000000013 0.816843000000007 0.821243000000007 0 0.832878000000007 0.542978999999999 1.00016600000001 0.996819000000014 0.0931889999999998 0.976420000000013
"186" 185 1.173051098615 0.10089 0.684243000000003 0.917229000000011 0.024078 0.992806000000012 0.746623000000006 0.991663000000013 0.822717000000007 0.825038000000008 0 0.834036000000007 0.543786999999997 1.00014100000001 0.996764000000015 0.094989 0.977450000000014
"187" 186 1.17555438965946 0.103114 0.689215000000004 0.919431000000007 0.024685 0.99196900000001 0.748998000000006 0.991296000000011 0.821770000000005 0.829255000000005 0 0.830879000000005 0.544464999999996 1.00017000000001 0.996848000000012 0.0959689999999999 0.976792000000015
"188" 187 1.17779264521739 0.104799 0.692716000000003 0.91975700000001 0.025579 0.992247000000013 0.752562000000005 0.990895000000013 0.819988000000006 0.831977000000008 0 0.833957000000007 0.544592999999998 1.00015400000001 0.996709000000015 0.098473 0.978210000000012
"189" 188 1.18029074341791 0.106297 0.693518000000002 0.919897000000008 0.025201 0.99285400000001 0.753602000000004 0.99040100000001 0.824047000000006 0.832244000000006 0 0.833618000000006 0.537350999999997 1.00015700000001 0.996672000000011 0.0996449999999999 0.977083000000014
"190" 189 1.18213553784988 0.104497 0.692484000000003 0.924393000000008 0.023495 0.993526000000009 0.750825000000007 0.992972000000009 0.825338000000005 0.841127000000004 0 0.837690000000006 0.537954999999998 1.00012800000001 0.996717000000011 0.102995 0.978494000000016
"191" 190 1.1847125933224 0.106603 0.697041000000003 0.927684000000009 0.022247 0.992586000000014 0.757628000000005 0.994147000000014 0.839463000000007 0.845904000000006 0 0.848360000000007 0.536495999999998 1.00010600000001 0.996618000000016 0.102983 0.979373000000016
"192" 191 1.18777270595097 0.10964 0.699855000000006 0.928645000000011 0.021184 0.992251000000013 0.763997000000008 0.993087000000013 0.839032000000009 0.850729000000006 0 0.849702000000007 0.532441999999999 1.00012300000001 0.996983000000015 0.100705 0.981647000000012
"193" 192 1.18832264471384 0.108824 0.700893000000004 0.928788000000011 0.021295 0.990900000000011 0.765292000000006 0.991570000000011 0.839390000000006 0.845308000000006 0 0.853000000000007 0.533455 1.00013100000001 0.996828000000012 0.10638 0.982894000000014
"194" 193 1.19042478747235 0.105578 0.707766000000005 0.926802000000008 0.021278 0.991434000000009 0.772160000000006 0.99136000000001 0.840071000000005 0.849644000000005 0 0.857655000000005 0.539240999999995 1.00010800000001 0.996828000000011 0.101925 0.984140000000015
"195" 194 1.19137236560319 0.111008 0.712754000000001 0.929492000000008 0.020401 0.99239200000001 0.775988000000003 0.99262400000001 0.847409000000005 0.854806000000005 0 0.863132000000005 0.532800999999998 1.00015300000001 0.996893000000012 0.105963 0.984706000000016
"196" 195 1.19203119452138 0.10835 0.716430000000005 0.928639000000012 0.021631 0.992333000000013 0.778743000000009 0.993069000000014 0.853195000000009 0.857361000000008 0 0.864504000000008 0.521590999999996 1.00011000000001 0.996797000000016 0.105382 0.985980000000017
"197" 196 1.19382281740676 0.107329 0.723041000000005 0.930848000000008 0.022337 0.99318300000001 0.784716000000006 0.99267200000001 0.854030000000006 0.858181000000005 0 0.865746000000006 0.521558999999998 1.00013300000001 0.996964000000011 0.106066 0.986948000000012
"198" 197 1.1956075825188 0.1088 0.730058000000004 0.930786000000007 0.021471 0.99332400000001 0.788147000000005 0.99333900000001 0.857934000000006 0.867471000000004 0 0.871998000000006 0.520088999999996 1.00014200000001 0.996552000000011 0.107317 0.987982000000013
"199" 198 1.19706383255431 0.107685 0.731601000000004 0.93247100000001 0.021553 0.993703000000013 0.790511000000008 0.994320000000013 0.859224000000007 0.872654000000007 0 0.876895000000008 0.516877999999997 1.00011800000001 0.996959000000014 0.105376 0.987241000000012
"200" 199 1.19894441983527 0.103737 0.735938000000005 0.927744000000009 0.023012 0.994836000000011 0.796646000000007 0.994248000000011 0.857652000000008 0.869103000000008 0 0.873408000000008 0.520792999999999 1.00010500000001 0.997108000000012 0.104909 0.988222000000015
"201" 200 1.20096584012713 0.107178 0.739120000000004 0.926872000000008 0.024435 0.994684000000012 0.800992000000005 0.993894000000012 0.856485000000006 0.870605000000006 0 0.876620000000006 0.519641999999999 1.00011100000001 0.996984000000014 0.107779 0.988069000000015
