"X" "PopRatio" "Diff_KC" "Fibroblast" "M1" "M2" "Neutrophil" "Prol_KC" "Th0" "Th1" "Th17" "Th2" "Th22" "Treg" "iDC" "pDC" "preDiff_KC" "ILC3"
"1" 0 1 0.000293 0 0 0 0 0 0 0 0 0 0 0.17343 0 0 0 0
"2" 1 0.999997 0.001344 0 0 0 0 0 0 0 0 0 0 0.131409 7e-06 3e-06 0 0
"3" 2 0.999992000015 0.002856 0 0 0 0 0 0 0 0 0 0 0.122859 0.000817 0.000817 0 0
"4" 3 0.999986000063 0.002917 0 8e-05 0 0.000164 0 0 0 0 0 0 0.131739 0.003872 0.003885 0 0
"5" 4 0.999988000035 0.004036 0 0.000322 0 0.000301 0 0 0 0 0 0 0.14633 0.012749 0.012721 0 0
"6" 5 0.999985000071 0.005152 0 0.00065 0 0.000689 0 0 0 0 0 0 0.168575 0.027785 0.027763 0 0
"7" 6 0.999994999921001 0.007197 0 0.001235 0 0.002419 0 0 0 0 0 0 0.182244 0.047828 0.047771 0 0
"8" 7 1.000019999796 0.00867 0 0.003042 0 0.004112 0 0 0 0 0 0 0.200651 0.072831 0.072904 0 0
"9" 8 1.000048000356 0.00892599999999999 0 0.005412 0 0.006811 0 0 0 0 0 0 0.214712 0.107735 0.107713 0 0
"10" 9 1.00010000285201 0.010393 0 0.008542 0 0.011784 0 0 0 0 0 0 0.230212 0.148054 0.148074 0 0
"11" 10 1.00014900775216 0.012321 0 0.013797 0 0.015478 0 0 0 0 0 0 0.241428000000001 0.192508000000001 0.192592000000001 0 0
"12" 11 1.00022401892775 0.013204 0 0.020012 0 0.022414 0 0 0 0 0 0 0.259379 0.240586000000001 0.240481000000001 0 0
"13" 12 1.00030503707328 0.01335 0 0.026139 0 0.0303490000000001 0 2.7e-05 0 0 0 0 0.280625 0.279955999999999 0.279903999999999 0 0
"14" 13 1.00043507672811 0.014995 0 0.035105 0 0.039492 0 0.000334 0 0 0 0 0.295136999999999 0.330381999999997 0.330013999999997 0 0
"15" 14 1.00058514198963 0.016203 0 0.0437729999999999 0 0.0500369999999999 0 0.000543 0 0 0 0 0.306491999999998 0.376930999999997 0.376227999999997 0 0
"16" 15 1.00073022683523 0.017723 0 0.0548369999999999 0 0.0628499999999998 0 0.000734 0 0 0 0 0.314642999999999 0.420778999999996 0.420171999999996 0 0
"17" 16 1.00092136630857 0.019702 0 0.0666009999999998 0 0.0728849999999997 0 0.001085 0 0 0 0 0.318610999999999 0.461310999999993 0.460701999999993 0 0
"18" 17 1.00122464548257 0.01966 0 0.0814459999999996 0 0.0838619999999995 0 0.002352 0 0 0 0 0.331067999999999 0.504310999999994 0.503390999999994 0 0
"19" 18 1.00149597736152 0.019475 0 0.0963839999999994 0 0.0951319999999994 0 0.003074 0 0 0 0 0.340431999999996 0.546473000000001 0.545122000000002 0 0
"20" 19 1.00182947552201 0.022089 0 0.109712999999999 0 0.106546999999999 0 0.004177 0 0 0 0 0.351884999999996 0.587424000000009 0.585796000000008 0 0
"21" 20 1.0022322109712 0.020638 0 0.124757999999999 0 0.120853999999999 6.6e-05 0.004484 0 0 0 0 0.362307999999999 0.62348000000001 0.621179000000009 0 0
"22" 21 1.00269323778827 0.022367 0 0.14083 0 0.135178 6.7e-05 0.007113 0 0 0 0 0.366988999999996 0.653657000000019 0.651522000000019 0 0
"23" 22 1.00321363557871 0.022798 0 0.157015000000001 0 0.152571000000001 6.7e-05 0.00769500000000001 0 0 0 0 0.373576999999995 0.684464000000022 0.681790000000023 0 0
"24" 23 1.0038125541192 0.024007 0 0.167542000000002 0 0.170255000000001 0 0.009714 0 0 0 0 0.386587999999993 0.710579000000028 0.706583000000027 0 0
"25" 24 1.00444094077811 0.025405 0 0.185325000000003 0 0.182262000000002 0.000134 0.013234 0 0 0 0 0.399953999999989 0.738429000000035 0.733198000000034 0 0
"26" 25 1.00512998726354 0.02462 0 0.203773000000003 0 0.199477000000004 0.000174 0.015889 0 0 0 0 0.406994999999989 0.761536000000029 0.755537000000028 0 0
"27" 26 1.00588986553396 0.026869 0 0.230460000000005 0 0.216107000000005 0.000134 0.019836 0 0 0 0 0.409282999999992 0.788417000000036 0.780930000000035 0 0
"28" 27 1.0067307894616 0.027672 0 0.249765000000006 0 0.239210000000007 0.000234 0.023931 0 0 0 0 0.417944999999994 0.810225000000033 0.802555000000034 0 0
"29" 28 1.0076509414032 0.0269480000000001 0 0.270086000000002 0 0.258848000000005 0.000393 0.028393 0 0 0 0 0.423024999999989 0.827205000000036 0.817602000000035 0 6.3e-05
"30" 29 1.00856185785428 0.0294030000000001 0 0.287497000000002 0 0.276999000000003 0.000952 0.033998 0 0 0 0 0.431741999999987 0.84750400000004 0.837132000000039 0 0.000373
"31" 30 1.00960975362466 0.0291540000000001 0 0.305488999999998 0 0.298203 0.001207 0.0409619999999999 0 0 0 0 0.441302999999989 0.865166000000048 0.852692000000049 0 0.000576
"32" 31 1.0106789303538 0.0328750000000001 0 0.317950999999996 0 0.313082999999998 0.000822 0.0518689999999999 0 0 0 0 0.444334999999984 0.875014000000042 0.863227000000043 0 0.001042
"33" 32 1.01176541020398 0.0345060000000001 0 0.334602999999995 0 0.335551999999995 0.001269 0.0553139999999999 0 0 0 0 0.449438999999985 0.889590000000055 0.876003000000053 0 0.001444
"34" 33 1.01293804631447 0.035936 0 0.354236999999992 0 0.355551999999994 0.001966 0.0633289999999999 0 0 0 0 0.454121999999987 0.901041000000051 0.885126000000051 0 0.002269
"35" 34 1.01409786037756 0.038176 0 0.366993999999992 0 0.368577999999991 0.002572 0.0710569999999997 0 0 0 0 0.457847999999985 0.907028000000053 0.891138000000053 0 0.003317
"36" 35 1.0152346640791 0.037821 0 0.387631999999991 0 0.384510999999988 0.003078 0.0801949999999996 0 0 0 0 0.461884999999985 0.918749000000059 0.903809000000057 6.7e-05 0.00556
"37" 36 1.01634837650566 0.035976 0 0.405977999999986 0 0.394513999999988 0.004436 0.0914479999999995 0 9.1e-05 0 0 0.464927999999984 0.929998000000052 0.915434000000053 0.000143 0.008597
"38" 37 1.01746635971988 0.037237 0 0.429471999999985 0 0.413409999999986 0.005788 0.105088999999999 0 0.000144 0 2.5e-05 0.465638999999981 0.940813000000059 0.926971000000058 6.7e-05 0.009057
"39" 38 1.01860083471103 0.0388660000000001 0 0.447661999999985 0 0.438214999999983 0.00705500000000001 0.118863999999999 1.1e-05 0 0 6e-06 0.47386799999998 0.945462000000059 0.932264000000057 0.000135 0.013176
"40" 39 1.01978954188521 0.039094 0 0.469109999999981 0 0.451970999999979 0.007677 0.133494 6.7e-05 0.000143 0 6.7e-05 0.483760999999982 0.954307000000062 0.940105000000061 2e-04 0.016659
"41" 40 1.0209806560702 0.0392219999999999 6.7e-05 0.479354999999981 0 0.470208999999978 0.008548 0.149411000000001 1e-04 0.000364 0 9e-05 0.490149999999981 0.960301000000054 0.945764000000055 0.000134 0.019108
"42" 41 1.02214355303752 0.036812 0 0.497272999999979 0 0.482001999999978 0.011595 0.162893000000002 0.000299 0.000796 0 0.000248 0.494228999999982 0.966515000000057 0.951692000000057 0.000161 0.023285
"43" 42 1.02326791094592 0.03999 0 0.508372999999978 0 0.497993999999976 0.012668 0.177670000000003 0.000134 0.001338 0 0.000482 0.500228999999977 0.972011000000066 0.957888000000065 8.1e-05 0.0275060000000001
"44" 43 1.02437815662937 0.040821 0 0.522167999999984 0 0.510582999999977 0.015843 0.194445000000003 0.000373 0.001973 0 0.001553 0.50484499999998 0.976546000000057 0.964573000000058 2e-04 0.0333740000000001
"45" 44 1.02558180096347 0.039481 0 0.536517999999982 0 0.52075499999998 0.019092 0.209748000000004 0.000402 0.002308 0 0.001767 0.50438899999998 0.978985000000069 0.967439000000069 4e-04 0.040554
"46" 45 1.02671814559901 0.03996 0 0.54990699999999 6.7e-05 0.534395999999985 0.02079 0.227349000000003 0.000494 0.002835 0 0.002466 0.504201999999979 0.979881000000057 0.969208000000059 0.000133 0.048121
"47" 46 1.02792659285644 0.040251 0 0.566520999999996 0 0.54707199999999 0.022929 0.248783000000005 0.000839 0.003605 0 0.003463 0.508163999999981 0.982687000000063 0.972866000000067 0.000402 0.0592439999999999
"48" 47 1.02911693185103 0.042167 0 0.575018999999999 0 0.55919899999999 0.024052 0.261829000000004 0.001876 0.004331 0 0.003178 0.516575999999985 0.98520900000005 0.974321000000052 0.000554 0.0723279999999998
"49" 48 1.0303776000926 0.044304 4.5e-05 0.585682999999997 0 0.570456999999994 0.0284540000000001 0.281278000000001 0.002684 0.005265 0 0.004263 0.522220999999985 0.987375000000061 0.976436000000062 0.000727 0.0835089999999997
"50" 49 1.03146155732796 0.0455309999999999 0.000199 0.598043000000002 0 0.577886999999993 0.0335530000000001 0.297087 0.003536 0.005223 0 0.004939 0.524128999999985 0.989880000000058 0.979277000000059 0.000801 0.0957849999999993
"51" 50 1.03259203919485 0.0484589999999999 0.000266 0.609845000000002 3.3e-05 0.597158000000002 0.0337590000000001 0.315641999999997 0.004272 0.00722500000000001 0 0.005739 0.526637999999984 0.991531000000058 0.98147500000006 0.000535 0.108047999999999
"52" 51 1.03357919718438 0.0504689999999999 0.000599 0.616544999999999 0 0.608963999999999 0.036372 0.329018999999995 0.004951 0.00854900000000001 0 0.00665100000000001 0.531098999999989 0.993199000000052 0.983965000000055 0.000468 0.124407999999999
"53" 52 1.03470993282616 0.0526369999999999 0.000465 0.626769000000006 0 0.619857000000002 0.039145 0.344842999999994 0.006254 0.010701 0 0.00859300000000001 0.532065999999985 0.994350000000058 0.98590900000006 0.000536 0.138001
"54" 53 1.03572291385046 0.052927 0.000466 0.640517000000011 0.000134 0.636140000000007 0.041953 0.36389399999999 0.007016 0.011692 0 0.010791 0.527783999999987 0.994886000000058 0.98655100000006 0.000599 0.15456
"55" 54 1.03664367152093 0.052836 0.000951 0.65308700000001 0.000144 0.645130000000006 0.043888 0.384847999999988 0.00852 0.013424 0 0.012839 0.533207999999987 0.99609800000006 0.988084000000062 0.000934 0.169739000000002
"56" 55 1.03777983298498 0.0556719999999999 0.001068 0.663355000000009 0.000201 0.653146000000007 0.0494239999999999 0.402727999999988 0.010121 0.015075 0 0.015384 0.539456999999991 0.996449000000059 0.989377000000063 0.001126 0.184730000000003
"57" 56 1.03884874621301 0.0559619999999999 0.000804 0.677129000000013 0.000316 0.663763000000008 0.0574679999999999 0.419202999999988 0.011854 0.018784 0 0.017303 0.534898999999986 0.997832000000055 0.990092000000058 0.001404 0.205065000000003
"58" 57 1.04006835464112 0.0576089999999999 0.000789 0.686239000000015 0.000534 0.67252300000001 0.0656119999999999 0.433991999999983 0.014143 0.023119 0 0.020209 0.529828999999984 0.998002000000056 0.990882000000059 0.001405 0.223160000000005
"59" 58 1.04107202060341 0.0577679999999998 0.000584 0.699163000000018 0.000879 0.684737000000015 0.0680529999999997 0.447644999999986 0.015027 0.026607 0 0.023092 0.531900999999987 0.998645000000061 0.992165000000064 0.002031 0.246410000000006
"60" 59 1.04201106756606 0.0542029999999998 0.000606 0.707427000000018 0.001128 0.69316300000002 0.0743429999999997 0.457824999999982 0.015425 0.0286300000000001 0 0.025144 0.54181999999999 0.999133000000059 0.992483000000062 0.003006 0.265748000000003
"61" 60 1.04300723014671 0.0585759999999999 0.000987 0.714933000000017 0.000981 0.698622000000011 0.0799839999999997 0.477441999999984 0.017425 0.032546 0 0.030881 0.545161999999992 0.999708000000051 0.993347000000054 0.002249 0.287284
"62" 61 1.04415140907824 0.0618299999999998 0.001269 0.73040700000002 0.000822 0.709165000000018 0.0846679999999997 0.485654999999981 0.02011 0.035557 0 0.0345900000000001 0.551100999999993 0.999794000000057 0.993955000000061 0.002607 0.306352999999998
"63" 62 1.04515379443101 0.0604269999999999 0.001833 0.736300000000021 0.00069 0.719935000000021 0.0903369999999995 0.495662999999981 0.0250430000000001 0.039721 0 0.040279 0.551047999999991 0.999532000000055 0.994464000000058 0.003135 0.318858999999995
"64" 63 1.04597528531349 0.0572189999999999 0.002284 0.730275000000023 0.001112 0.724681000000023 0.0990419999999994 0.509931999999983 0.027885 0.044009 0 0.042802 0.556333999999994 0.999011000000058 0.993844000000063 0.002894 0.339648999999994
"65" 64 1.04677545640682 0.057074 0.002852 0.736678000000014 0.001697 0.733088000000013 0.102815999999999 0.524731999999981 0.0293040000000001 0.045939 0 0.045572 0.557325999999989 0.999167000000053 0.994164000000055 0.003266 0.348077999999994
"66" 65 1.0478913190434 0.0551879999999999 0.00346 0.740220000000022 0.00163 0.741540000000021 0.113135999999999 0.530841999999989 0.031736 0.0504939999999999 0 0.049923 0.560483999999994 0.999342000000052 0.994773000000054 0.003128 0.363081999999991
"67" 66 1.04846556348629 0.0535609999999999 0.00452 0.737399000000018 0.002181 0.758570000000024 0.119220999999999 0.543722999999989 0.0325770000000001 0.0572009999999999 0 0.0546419999999999 0.552177999999989 1.00011900000005 0.995394000000053 0.002426 0.375764999999989
"68" 67 1.04929489974706 0.0526869999999999 0.004704 0.74565800000002 0.002101 0.768969000000023 0.124587999999999 0.55433499999999 0.035176 0.0641479999999999 0 0.0617729999999998 0.559838999999994 1.00045900000005 0.995456000000051 0.002451 0.391164999999989
"69" 68 1.05022247643849 0.0530249999999999 0.00666600000000001 0.743045000000018 0.001759 0.781480000000025 0.129075 0.562195999999996 0.039981 0.0674749999999997 0 0.0658699999999998 0.552259999999994 1.00067600000005 0.996048000000051 0.002887 0.414928999999986
"70" 69 1.05086416237164 0.0534409999999999 0.00747 0.744678000000022 0.001613 0.788173000000026 0.134832 0.569137999999994 0.042314 0.0742899999999997 0 0.0708189999999998 0.54913999999999 1.00063700000005 0.995933000000056 0.002463 0.425411999999987
"71" 70 1.05170485370159 0.0543469999999999 0.008209 0.751447000000022 0.001884 0.793671000000025 0.142656 0.583927999999999 0.045846 0.0811849999999997 0 0.0796119999999995 0.546742999999992 1.00068200000005 0.996333000000051 0.00301 0.446377999999985
"72" 71 1.05245682267204 0.049931 0.009021 0.75714600000002 0.001642 0.798347000000026 0.147703000000001 0.594047000000001 0.048907 0.0865849999999996 0 0.0870789999999995 0.54267099999999 1.00077700000005 0.99636100000005 0.003807 0.463947999999983
"73" 72 1.05354295811308 0.0510279999999999 0.010449 0.763271000000021 0.001717 0.807861000000028 0.154240000000001 0.606744000000003 0.0536369999999999 0.0940629999999993 0 0.0939449999999995 0.546357999999991 1.00076300000005 0.996460000000052 0.004136 0.474884999999983
"74" 73 1.05454171683743 0.0545939999999999 0.01121 0.764775000000025 0.002594 0.81808800000003 0.165150000000002 0.618538000000005 0.0585839999999998 0.0968299999999994 0 0.0997939999999995 0.547986999999993 1.00074700000004 0.996482000000048 0.00419 0.49588499999998
"75" 74 1.05580189418909 0.05437 0.01239 0.76389200000002 0.002915 0.825823000000027 0.171642000000002 0.623655000000006 0.0606179999999999 0.104807 0 0.105807999999999 0.550950999999993 1.00074000000004 0.996065000000049 0.004931 0.505711999999982
"76" 75 1.05641848249534 0.0580199999999998 0.014384 0.763656000000024 0.002719 0.830990000000031 0.183020000000002 0.628860000000007 0.0617409999999998 0.111897999999999 0 0.114684999999999 0.54929999999999 1.00075000000005 0.996582000000054 0.006635 0.525530999999987
"77" 76 1.05731115611311 0.0601309999999999 0.015293 0.767611000000022 0.001914 0.832817000000027 0.193550000000003 0.642245000000007 0.0668459999999998 0.119676999999999 0 0.122161999999999 0.548774999999995 1.00068900000004 0.996620000000045 0.007627 0.532689999999988
"78" 77 1.05783663975774 0.0595049999999999 0.017311 0.767253000000022 0.001925 0.840954000000033 0.197745000000004 0.652454000000006 0.0726979999999997 0.124535999999999 0 0.128066999999999 0.553783999999993 1.00061800000005 0.996719000000048 0.007068 0.551612999999994
"79" 78 1.05867973555968 0.0585049999999999 0.020214 0.768004000000023 0.001774 0.847318000000034 0.201240000000004 0.659248000000011 0.0793529999999996 0.128616 0 0.132562 0.556865999999994 1.00066900000005 0.996778000000049 0.006764 0.563070999999995
"80" 79 1.05935093851207 0.0611729999999998 0.022289 0.773939000000018 0.002153 0.853799000000028 0.201660000000004 0.663955000000011 0.0860139999999997 0.134961 0 0.13576 0.555701999999995 1.00063300000004 0.996809000000044 0.00620700000000001 0.570869999999995
"81" 80 1.05970476172558 0.0618369999999999 0.0256380000000001 0.775317000000023 0.003098 0.86149200000003 0.206593000000003 0.669762000000007 0.0896949999999996 0.141917 0 0.139527000000001 0.551755999999994 1.00061000000004 0.996668000000046 0.005625 0.584381999999998
"82" 81 1.06036919661122 0.0602499999999999 0.0256230000000001 0.777257000000014 0.004292 0.867793000000024 0.209204000000003 0.685618000000009 0.0971929999999995 0.147126000000001 0 0.142682 0.551770999999991 1.00062100000004 0.996638000000046 0.00562 0.596190999999998
"83" 82 1.0614232035927 0.0619079999999999 0.028475 0.776931000000022 0.004707 0.875414000000035 0.219573000000004 0.692995000000016 0.0983709999999996 0.154618000000001 0 0.149405000000001 0.552032999999996 1.00058900000004 0.997346000000045 0.00551900000000001 0.606749000000003
"84" 83 1.06153040733631 0.0624019999999998 0.0316930000000001 0.779923000000023 0.005922 0.876724000000029 0.229019000000005 0.703580000000015 0.104690999999999 0.166299000000002 0 0.157061000000001 0.550720999999995 1.00058400000004 0.997015000000046 0.00615 0.613021000000004
"85" 84 1.06222040210112 0.0636589999999998 0.036651 0.778601000000023 0.00628 0.880767000000034 0.238116000000005 0.715555000000014 0.11183 0.170618000000002 0 0.165494000000002 0.552976999999994 1.00059400000004 0.997198000000048 0.006747 0.629953000000007
"86" 85 1.06275151230222 0.0615659999999998 0.0359420000000001 0.778780000000025 0.007892 0.879509000000035 0.242883000000005 0.729739000000022 0.115784999999999 0.180468000000002 0 0.170911000000002 0.555718999999992 1.00055700000005 0.99722600000005 0.00777200000000001 0.641170000000006
"87" 86 1.06395348426268 0.0628169999999998 0.037856 0.783560000000021 0.00758200000000001 0.88227900000003 0.248792000000005 0.73836300000002 0.124017999999999 0.186303000000002 0 0.182587000000002 0.554635999999992 1.00064400000004 0.997298000000044 0.00818900000000001 0.648142000000011
"88" 87 1.06471740286442 0.0644359999999998 0.04105 0.788789000000026 0.008693 0.884774000000032 0.251306000000004 0.752735000000019 0.130702 0.194429000000003 0 0.194536000000002 0.548516999999996 1.00054000000005 0.997223000000047 0.00791 0.661000000000008
"89" 88 1.06534878028437 0.0644459999999999 0.042441 0.793111000000022 0.00877599999999999 0.886430000000029 0.253830000000004 0.756749000000016 0.134956 0.198689000000003 0 0.196014000000002 0.551273999999992 1.00052400000004 0.997168000000042 0.00753700000000001 0.672231000000015
"90" 89 1.06630759418667 0.0652849999999999 0.0483639999999999 0.796864000000023 0.008455 0.88929100000003 0.259435000000004 0.763854000000023 0.138944 0.203667000000003 0 0.200847000000003 0.549885999999995 1.00054700000004 0.997340000000042 0.00852 0.680659000000014
"91" 90 1.06761595360478 0.065441 0.0527909999999999 0.799518000000028 0.008823 0.895103000000035 0.265584000000003 0.770707000000026 0.143708000000001 0.214707000000004 0 0.207092000000003 0.548597999999991 1.00051800000004 0.997462000000048 0.00798500000000001 0.68900400000002
"92" 91 1.06917680812899 0.0648879999999999 0.0586679999999998 0.805544000000025 0.010555 0.900648000000033 0.272353000000001 0.775775000000029 0.151055000000001 0.224212000000004 0 0.214601000000004 0.550462999999997 1.00055500000004 0.997223000000043 0.008225 0.706264000000016
"93" 92 1.06997655238151 0.0666099999999998 0.0598529999999999 0.809532000000021 0.011251 0.906824000000028 0.276594999999999 0.783290000000022 0.159116000000002 0.229315000000003 0 0.220721000000003 0.545264999999995 1.00051200000004 0.99699700000004 0.008801 0.713030000000019
"94" 93 1.07025367630862 0.0663809999999998 0.0636289999999999 0.814206000000029 0.011458 0.911147000000036 0.276612 0.793061000000028 0.166322000000001 0.239305000000004 0 0.228482000000004 0.545718999999994 1.00058300000004 0.997333000000044 0.00954699999999999 0.725128000000018
"95" 94 1.07111201975706 0.0688329999999999 0.0714389999999998 0.814026000000022 0.011883 0.916320000000032 0.290714000000002 0.803633000000024 0.174964000000002 0.251479000000004 0 0.246834000000004 0.548705999999992 1.00049200000004 0.997300000000044 0.00895399999999999 0.729568000000018
"96" 95 1.07135409107357 0.0689779999999998 0.0777369999999996 0.814296000000023 0.011457 0.918789000000031 0.300348999999998 0.810201000000023 0.185722000000003 0.258647000000002 0 0.252434000000003 0.540889999999993 1.00057200000004 0.997396000000042 0.009158 0.737377000000022
"97" 96 1.07236866339786 0.0699899999999999 0.0822779999999997 0.81062400000002 0.011891 0.922739000000029 0.303889999999997 0.815690000000023 0.189930000000003 0.266268000000002 0 0.259718000000002 0.544695999999993 1.00048200000004 0.997137000000042 0.010545 0.748449000000022
"98" 97 1.07315042015352 0.0676229999999998 0.0902599999999997 0.810276000000019 0.011711 0.925162000000025 0.312662999999998 0.822727000000023 0.196757000000003 0.273688000000001 0 0.271947000000001 0.540136999999994 1.00052200000003 0.997236000000036 0.011702 0.754598000000025
"99" 98 1.0740904999216 0.0670309999999999 0.0939359999999996 0.817037000000018 0.011871 0.926796000000027 0.315197999999998 0.835825000000021 0.212463000000002 0.286416999999999 0 0.284010999999998 0.541558999999997 1.00047600000003 0.997128000000033 0.012662 0.765042000000021
"100" 99 1.07473817649309 0.0654519999999997 0.0989549999999997 0.814151000000021 0.013681 0.92812100000003 0.319640999999997 0.838932000000025 0.226224000000004 0.295891999999998 0 0.295828999999998 0.548310999999998 1.00048500000004 0.997074000000043 0.013568 0.766557000000024
"101" 100 1.07583870838586 0.0690399999999997 0.0982109999999997 0.817678000000021 0.013982 0.933001000000033 0.322702999999998 0.844414000000027 0.236523000000004 0.312475999999996 0 0.309497999999996 0.550038999999995 1.00047600000004 0.997172000000042 0.014975 0.772930000000024
"102" 101 1.07672842699774 0.0707809999999998 0.105979 0.820159000000024 0.013301 0.936541000000033 0.335577999999996 0.849547000000027 0.242618000000004 0.317080999999997 0 0.311393999999997 0.553456999999993 1.00052500000004 0.997273000000041 0.015328 0.776616000000026
"103" 102 1.07770501968106 0.0697389999999998 0.114429 0.824263000000024 0.014893 0.93508700000003 0.348899999999992 0.848881000000025 0.249871000000004 0.326497999999996 0 0.325432999999996 0.550985999999997 1.00047100000004 0.997257000000039 0.015086 0.782741000000024
"104" 103 1.07841953810915 0.0652969999999999 0.120644999999999 0.820742000000025 0.01607 0.938169000000032 0.351726999999993 0.855357000000031 0.256633000000002 0.328431999999995 0 0.334806999999995 0.548841999999997 1.00046200000004 0.997032000000039 0.015348 0.792999000000023
"105" 104 1.07943972299224 0.069888 0.124774 0.819630000000021 0.016193 0.939615000000032 0.357001999999992 0.858860000000027 0.264593000000001 0.342955999999994 0 0.345348999999994 0.544079999999994 1.00045900000004 0.997279000000039 0.015628 0.801974000000021
"106" 105 1.08009818122331 0.0715279999999999 0.131603 0.817271000000024 0.014444 0.937486000000038 0.361019999999992 0.862095000000028 0.269980000000002 0.351759999999995 0 0.358668999999994 0.543401999999988 1.00046400000004 0.997209000000045 0.015281 0.803601000000028
"107" 106 1.08064039051033 0.0725229999999999 0.139911000000001 0.816853000000026 0.014827 0.939604000000034 0.367022999999991 0.864772000000032 0.280183999999999 0.359007999999993 0 0.361811999999994 0.545070999999998 1.00047300000004 0.997199000000045 0.017263 0.813741000000023
"108" 107 1.08115909789782 0.0746729999999998 0.147429 0.816982000000025 0.014271 0.94014100000003 0.369082999999992 0.870300000000028 0.286004999999999 0.369024999999992 0 0.365888999999992 0.547478999999993 1.00049900000004 0.99717700000004 0.018933 0.817396000000025
"109" 108 1.08233431783727 0.0759449999999997 0.156186000000001 0.819811000000024 0.01565 0.942712000000032 0.38207799999999 0.878233000000031 0.294458999999997 0.37657699999999 0 0.37130099999999 0.543171999999989 1.00048500000004 0.997222000000042 0.018471 0.826934000000021
"110" 109 1.08311792788343 0.0739009999999996 0.168587000000001 0.824307000000023 0.014698 0.945575000000029 0.394530999999989 0.883759000000027 0.309332999999996 0.389103999999991 0 0.387763999999991 0.539287999999993 1.00048300000003 0.997040000000036 0.020828 0.832153000000025
"111" 110 1.08362157771993 0.0774459999999998 0.175423000000001 0.827539000000024 0.01441 0.946555000000027 0.39989099999999 0.886190000000028 0.310271999999996 0.396221999999991 0 0.396933999999991 0.537357999999993 1.00043400000003 0.996987000000034 0.021708 0.836619000000033
"112" 111 1.08416772299513 0.081812 0.185000000000002 0.829062000000024 0.015442 0.948728000000032 0.40893599999999 0.893035000000026 0.319905999999996 0.418619999999991 0 0.410081999999992 0.535824999999991 1.00041900000004 0.99708500000004 0.021317 0.844772000000024
"113" 112 1.08512287475913 0.0797889999999999 0.196930000000001 0.831624000000017 0.017407 0.947883000000024 0.41558599999999 0.893603000000023 0.323576999999996 0.425778999999991 0 0.41266199999999 0.534986999999993 1.00050800000003 0.997028000000033 0.021376 0.851758000000033
"114" 113 1.08639463876838 0.0779559999999999 0.201616000000001 0.830113000000015 0.015474 0.946591000000026 0.422541999999991 0.899762000000022 0.329815999999997 0.434751999999992 0 0.419739999999992 0.528120999999992 1.00046900000003 0.997278000000033 0.022115 0.859599000000025
"115" 114 1.08708667215331 0.0796909999999998 0.208593000000002 0.826103000000023 0.016227 0.948114000000032 0.428782999999989 0.902801000000027 0.335819999999995 0.44213799999999 0 0.42370599999999 0.527472999999993 1.00040500000003 0.99692900000004 0.020501 0.863644000000024
"116" 115 1.08822702607244 0.0790429999999999 0.213422000000002 0.825118000000015 0.015269 0.95209400000002 0.430409999999989 0.905469000000019 0.352126999999994 0.44649299999999 0 0.434264999999992 0.523589999999992 1.00043900000002 0.997186000000025 0.021857 0.870559000000027
"117" 116 1.0891346074122 0.0775429999999998 0.215331000000002 0.825793000000022 0.015169 0.952638000000027 0.430271999999991 0.907287000000026 0.361791999999994 0.45513299999999 0 0.44269199999999 0.525228999999991 1.00044900000003 0.997302000000034 0.023124 0.874958000000022
"118" 117 1.08976630548454 0.0785349999999999 0.219294000000002 0.826280000000021 0.015104 0.952533000000031 0.433354999999989 0.908711000000032 0.367017999999993 0.466574999999987 0 0.457373999999989 0.520095999999988 1.00048400000003 0.997023000000038 0.023435 0.879874000000029
"119" 118 1.09059016881152 0.0801179999999998 0.228936000000002 0.823241000000019 0.012371 0.952455000000023 0.442541999999988 0.912315000000023 0.380201999999994 0.48117699999999 0 0.47026699999999 0.52032399999999 1.00040200000003 0.99720000000003 0.021758 0.882143000000025
"120" 119 1.090819192747 0.0793379999999998 0.232131000000002 0.827096000000021 0.011076 0.951589000000033 0.44255799999999 0.914643000000033 0.392917999999991 0.489684999999988 0 0.483872999999987 0.516313999999989 1.00042600000004 0.997197000000038 0.020459 0.881517000000024
"121" 120 1.09239869893813 0.0851239999999998 0.235840000000003 0.828891000000022 0.011241 0.953128000000033 0.445160999999986 0.916575000000032 0.405477999999992 0.50468999999999 0 0.492372999999988 0.515053999999989 1.00039000000003 0.997087000000038 0.021695 0.886604000000021
"122" 121 1.09302027379787 0.0856669999999998 0.246730000000002 0.829616000000019 0.011696 0.951590000000025 0.451323999999989 0.918928000000025 0.419855999999992 0.509600999999993 0 0.50221799999999 0.515332999999991 1.00041800000003 0.996980000000031 0.025148 0.892233000000024
"123" 122 1.09389469001694 0.08439 0.256313000000002 0.829779000000019 0.011719 0.953420000000027 0.455969999999988 0.921508000000027 0.42884499999999 0.524001999999995 0 0.508702999999991 0.510798999999988 1.00041700000003 0.997021000000034 0.027237 0.895944000000028
"124" 123 1.0950640634406 0.083605 0.262865000000003 0.830175000000015 0.013549 0.953429000000024 0.463290999999988 0.922768000000024 0.438974999999991 0.531118999999992 0 0.515422999999991 0.511876999999987 1.00038100000003 0.997007000000028 0.026535 0.894646000000024
"125" 124 1.09626534871822 0.081969 0.268648999999999 0.831640000000022 0.013746 0.954232000000026 0.468324999999988 0.924789000000027 0.446560999999991 0.534060999999993 0 0.516183999999991 0.512215999999986 1.00044200000003 0.997128000000034 0.025831 0.899090000000024
"126" 125 1.09701300168608 0.0809509999999999 0.273790999999999 0.83269300000002 0.01429 0.957570000000025 0.470032999999987 0.926927000000025 0.451004999999991 0.540280999999994 0 0.52480299999999 0.51079499999999 1.00043900000003 0.997282000000029 0.0279030000000001 0.905255000000024
"127" 126 1.09827346962504 0.0824049999999999 0.279861999999999 0.830586000000017 0.013965 0.958130000000025 0.474189999999987 0.930225000000025 0.456823999999992 0.543413999999998 0 0.530351999999996 0.509907999999988 1.00041900000003 0.997228000000035 0.027077 0.910999000000021
"128" 127 1.09944313087023 0.081322 0.288311 0.832129000000016 0.014367 0.962032000000019 0.477669999999989 0.930528000000021 0.465834999999992 0.547057999999995 0 0.535417999999993 0.513337999999988 1.00039600000002 0.997332000000026 0.029304 0.915003000000027
"129" 128 1.10069099882379 0.0822719999999998 0.297179999999997 0.833061000000016 0.014527 0.966407000000025 0.482516999999988 0.933816000000022 0.46825399999999 0.545225999999999 0 0.537164999999998 0.514134999999988 1.00037600000003 0.997299000000029 0.0321420000000001 0.920737000000028
"130" 129 1.10128647265418 0.0816209999999998 0.307780999999997 0.833838000000022 0.013971 0.96637000000003 0.486033999999988 0.937372000000031 0.473586999999989 0.549974999999999 0 0.545456999999996 0.512747999999987 1.00046100000003 0.997158000000036 0.034208 0.920357000000025
"131" 130 1.10370710032111 0.0818899999999998 0.319618999999997 0.837988000000016 0.015796 0.965929000000024 0.499284999999988 0.939010000000023 0.479114999999991 0.555562999999995 0 0.557378999999997 0.513196999999991 1.00040000000003 0.997184000000031 0.034008 0.923959000000023
"132" 131 1.10511763799536 0.0843669999999997 0.325912999999998 0.839040000000015 0.015475 0.96769800000002 0.50326099999999 0.938194000000022 0.486387999999991 0.559718 0 0.558459999999999 0.50715699999999 1.00035600000002 0.997052000000023 0.037344 0.929650000000027
"133" 132 1.1071687363315 0.083435 0.335747999999996 0.839342000000019 0.016365 0.967192000000027 0.509912999999991 0.938300000000027 0.499288999999989 0.564705999999999 0 0.565000999999999 0.51365699999999 1.00039900000003 0.997092000000032 0.037548 0.929889000000027
"134" 133 1.10829029826143 0.0804219999999997 0.343417999999995 0.843003000000018 0.015337 0.969748000000024 0.515669999999989 0.940089000000024 0.514217999999993 0.571446999999997 0 0.578091999999998 0.505107999999985 1.00034100000003 0.996912000000028 0.037153 0.928918000000023
"135" 134 1.10925229424035 0.0765069999999999 0.360858999999994 0.84785400000002 0.016168 0.971784000000023 0.528317999999993 0.939620000000025 0.514788999999994 0.575275000000003 0 0.584507000000004 0.499109999999986 1.00036600000003 0.996786000000028 0.038559 0.928518000000018
"136" 135 1.11061556531 0.0745519999999998 0.371962999999994 0.85268500000002 0.017651 0.971288000000026 0.538400999999997 0.939556000000025 0.518568999999996 0.578626000000003 0 0.586119000000004 0.500751999999988 1.00040200000003 0.99693500000003 0.038555 0.928892000000023
"137" 136 1.11161956178107 0.0714879999999998 0.394062999999994 0.855158000000019 0.018893 0.973382000000025 0.552532999999995 0.943117000000027 0.527357999999993 0.582485000000002 0 0.596969000000001 0.500783999999987 1.00037100000003 0.996995000000029 0.041809 0.932346000000026
"138" 137 1.11349152912314 0.0712659999999998 0.398368999999993 0.854418000000019 0.019459 0.975990000000028 0.552428999999999 0.945564000000027 0.528640999999997 0.587022000000002 0 0.597161000000003 0.496153999999986 1.00037500000003 0.996997000000032 0.039047 0.932265000000025
"139" 138 1.11479876817836 0.0689919999999999 0.415311999999994 0.858514000000017 0.0197 0.977808000000025 0.564164999999996 0.947222000000023 0.533258999999995 0.587186 0 0.599050000000004 0.492402999999987 1.00037900000003 0.997064000000029 0.041974 0.932142000000022
"140" 139 1.11617777425463 0.0695179999999998 0.425622999999993 0.860618000000019 0.019086 0.978825000000022 0.565400000000001 0.947283000000021 0.537791999999997 0.587575000000004 0 0.608645000000007 0.485302999999987 1.00031600000002 0.996841000000026 0.043874 0.936437000000019
"141" 140 1.11665549834203 0.0703139999999999 0.425825999999993 0.858702000000016 0.020047 0.979969000000026 0.564941999999998 0.947664000000026 0.542697999999993 0.595497999999999 0 0.611717 0.485877999999986 1.00034300000003 0.996908000000029 0.041108 0.937203000000021
"142" 141 1.11829363195813 0.0690259999999999 0.432529999999994 0.860044000000016 0.019803 0.981437000000024 0.573488000000001 0.949012000000022 0.552209999999998 0.604838000000001 0 0.621865000000003 0.485985999999987 1.00030400000003 0.99706600000003 0.039212 0.937367000000025
"143" 142 1.11993864189077 0.0671599999999997 0.442299999999994 0.865062000000014 0.018595 0.980431000000026 0.576427999999999 0.949002000000026 0.565534999999998 0.616498000000002 0 0.626162000000003 0.482953999999986 1.00033100000003 0.996850000000028 0.036721 0.940100000000022
"144" 143 1.1211336164217 0.0682669999999999 0.452862999999992 0.869924000000016 0.018241 0.98139900000002 0.583205999999999 0.95133700000002 0.578199000000001 0.625586000000003 0 0.637201000000005 0.482061999999987 1.00023000000002 0.996922000000025 0.0373439999999999 0.944050000000024
"145" 144 1.12288819053142 0.0711889999999998 0.465706999999993 0.874017000000017 0.018429 0.98181900000002 0.587681000000003 0.952166000000019 0.583789000000002 0.634647000000005 0 0.637953000000006 0.474946999999987 1.00031000000002 0.996990000000023 0.03586 0.945078000000026
"146" 145 1.12392237055492 0.0709519999999999 0.476122999999993 0.873633000000017 0.017872 0.981618000000024 0.591887000000004 0.955312000000023 0.589277000000001 0.643521000000007 0 0.642293000000007 0.480944999999987 1.00030200000003 0.997112000000027 0.036437 0.943642000000025
"147" 146 1.12508675413084 0.071305 0.479607999999992 0.874395000000016 0.017275 0.981625000000023 0.594780000000006 0.957575000000021 0.593662000000003 0.645699000000003 0 0.649871000000005 0.470445999999989 1.00030200000002 0.996877000000026 0.037792 0.945605000000022
"148" 147 1.12666975119393 0.0693219999999999 0.487701999999992 0.875153000000018 0.017808 0.981763000000025 0.596016000000004 0.960211000000026 0.600086000000006 0.65063000000001 0 0.658110000000011 0.471487999999988 1.00027400000003 0.996974000000028 0.039213 0.946365000000021
"149" 148 1.12770403402555 0.0674179999999999 0.491978999999992 0.878417000000015 0.017608 0.98109900000002 0.599278000000004 0.958243000000019 0.603483000000002 0.659162000000004 0 0.659702000000005 0.464687999999989 1.00025800000002 0.997130000000023 0.036936 0.947908000000022
"150" 149 1.12859492021245 0.0667389999999999 0.500271999999992 0.885458000000015 0.01555 0.980881000000017 0.608014000000004 0.959110000000019 0.610072000000006 0.662425000000009 0 0.661797000000009 0.464593999999989 1.00028100000002 0.996968000000022 0.038964 0.95338500000002
"151" 150 1.13056996132285 0.064462 0.505366999999995 0.891194000000009 0.014471 0.981171000000015 0.612786000000002 0.959040000000016 0.617990000000002 0.671377000000004 0 0.670725000000004 0.46055899999999 1.00026100000002 0.99702300000002 0.039879 0.953459000000023
"152" 151 1.13199221833421 0.0646889999999999 0.507194999999996 0.896082000000015 0.014255 0.980096000000019 0.615514000000007 0.961398000000018 0.620229000000006 0.682356000000008 0 0.682041000000008 0.45611999999999 1.00025100000002 0.996934000000022 0.041281 0.955253000000024
"153" 152 1.13356908349437 0.0626719999999999 0.518235999999997 0.895414000000017 0.013541 0.97954800000002 0.628938000000008 0.96137400000002 0.626571000000008 0.692474000000011 0 0.686603000000011 0.456000999999989 1.00027700000002 0.996650000000021 0.041999 0.956337000000023
"154" 153 1.13517761802387 0.0633509999999999 0.524764999999996 0.897333000000016 0.01377 0.980750000000021 0.628523000000004 0.963755000000021 0.637918000000007 0.703543000000008 0 0.694250000000008 0.457425999999989 1.00024800000002 0.996957000000025 0.042772 0.957826000000023
"155" 154 1.13649896477127 0.0635959999999999 0.529298999999994 0.892124000000015 0.01723 0.982324000000019 0.632507000000007 0.962933000000019 0.638895000000007 0.701814000000009 0 0.69566300000001 0.465653999999989 1.00032200000002 0.997301000000023 0.043625 0.95755000000002
"156" 155 1.13810029181265 0.063202 0.532273 0.892305000000015 0.018203 0.982561000000021 0.634713000000009 0.966198000000022 0.646508000000006 0.70390000000001 0 0.70344900000001 0.46498799999999 1.00024400000002 0.996892000000025 0.0427269999999999 0.959222000000021
"157" 156 1.14045388321615 0.0637629999999999 0.534605999999999 0.890954000000011 0.020757 0.981535000000015 0.639142000000009 0.966545000000015 0.649296000000004 0.705043000000006 0 0.704942000000007 0.465021999999989 1.00026800000002 0.996852000000018 0.044336 0.961462000000027
"158" 157 1.14136966768438 0.0648169999999999 0.542730999999994 0.892174000000014 0.020797 0.98085900000002 0.643978000000008 0.96877600000002 0.652554000000004 0.708645000000009 0 0.707247000000007 0.464539999999991 1.00026600000002 0.996944000000023 0.044529 0.961365000000019
"159" 158 1.14318216271669 0.065778 0.547142999999997 0.888264000000016 0.021667 0.981562000000017 0.646108000000006 0.970267000000019 0.656436000000007 0.712978000000007 0 0.71559500000001 0.470183999999991 1.00025900000002 0.997007000000022 0.04708 0.964232000000018
"160" 159 1.14512900193982 0.061281 0.550996 0.891280000000014 0.022285 0.982368000000021 0.64702500000001 0.969747000000021 0.658196000000007 0.714878000000009 0 0.714376000000007 0.470355999999989 1.00024700000002 0.997070000000022 0.04599 0.965472000000025
"161" 160 1.14731963372055 0.062975 0.554998000000001 0.892391000000016 0.023347 0.98375700000002 0.646544000000008 0.97041500000002 0.662689000000006 0.714868000000009 0 0.71593700000001 0.469094999999989 1.00023900000002 0.996995000000023 0.044014 0.965884000000017
"162" 161 1.14786002126806 0.0631420000000001 0.566065000000005 0.896382000000017 0.022737 0.985904000000022 0.655796000000011 0.970665000000022 0.672011000000009 0.72125800000001 0 0.723836000000011 0.45838399999999 1.00022700000002 0.996727000000025 0.04632 0.966390000000025
"163" 162 1.14962887356086 0.0617429999999999 0.571586 0.89720700000001 0.024416 0.985999000000013 0.658209000000006 0.973450000000013 0.673495000000005 0.718599000000006 0 0.725606000000007 0.448579999999991 1.00020700000001 0.996778000000018 0.0448740000000001 0.967502000000014
"164" 163 1.15075665948584 0.060647 0.578804000000006 0.897948000000016 0.023584 0.987056000000018 0.661714000000011 0.972949000000019 0.680982000000011 0.723709000000012 0 0.734637000000013 0.446749999999992 1.00021200000002 0.997106000000021 0.044625 0.966922000000013
"165" 164 1.15264390040741 0.0590369999999999 0.587135000000003 0.902389000000013 0.021877 0.987910000000014 0.668178000000008 0.975631000000015 0.683253000000006 0.735680000000007 0 0.744379000000007 0.448001999999992 1.00024200000001 0.996944000000017 0.045913 0.969638000000021
"166" 165 1.15410660551705 0.060351 0.584897000000003 0.899990000000015 0.022678 0.986310000000021 0.66648200000001 0.97323600000002 0.686436000000006 0.735722000000008 0 0.743414000000008 0.451999999999992 1.00020700000002 0.996927000000023 0.047427 0.969226000000015
"167" 166 1.155724662978 0.060453 0.586363000000001 0.900847000000011 0.024144 0.987006000000016 0.670591000000006 0.974991000000016 0.686985000000006 0.740643000000007 0 0.743912000000008 0.454535999999989 1.00021000000002 0.996845000000018 0.045556 0.972329000000015
"168" 167 1.15695088684544 0.0609659999999999 0.585007000000004 0.900126000000011 0.023302 0.988275000000014 0.669230000000009 0.974361000000014 0.691883000000007 0.745437000000009 0 0.748646000000007 0.453477999999989 1.00021200000001 0.997170000000017 0.045112 0.973749000000017
"169" 168 1.15827675256178 0.061667 0.587440000000004 0.90096600000001 0.023552 0.988790000000015 0.67046000000001 0.975944000000015 0.699286000000007 0.749094000000007 0 0.753767000000007 0.452124999999991 1.00019100000002 0.996728000000017 0.042717 0.973610000000017
"170" 169 1.16017285160574 0.060069 0.593146999999999 0.903279000000011 0.02219 0.988081000000015 0.674966000000005 0.974059000000014 0.701919000000006 0.751455000000008 0 0.755181000000007 0.45156299999999 1.00022700000002 0.996677000000017 0.045477 0.975189000000018
"171" 170 1.16148152658237 0.0619639999999999 0.592619000000001 0.904897000000011 0.023473 0.989132000000014 0.676883000000007 0.973749000000015 0.705295000000004 0.754804000000006 0 0.756311000000007 0.44975399999999 1.00018600000002 0.996825000000019 0.045147 0.977257000000017
"172" 171 1.16376499926364 0.064577 0.596932000000004 0.909345000000014 0.023031 0.989184000000018 0.68188500000001 0.973846000000018 0.710021000000008 0.76034000000001 0 0.76416600000001 0.441926999999991 1.00017000000002 0.99672000000002 0.047756 0.978443000000015
"173" 172 1.16573525340742 0.067491 0.603529000000005 0.907525000000012 0.024498 0.988653000000016 0.689145000000011 0.975366000000016 0.718620000000008 0.770850000000008 0 0.771553000000007 0.434848999999994 1.00019900000002 0.996919000000019 0.047371 0.979723000000018
"174" 173 1.16745121570045 0.069031 0.611460000000003 0.91014500000001 0.023449 0.988505000000013 0.693616000000006 0.975869000000012 0.728871000000005 0.777503000000004 0 0.778818000000005 0.437586999999993 1.00015300000001 0.996935000000017 0.050318 0.981669000000015
"175" 174 1.16987484442426 0.06866 0.614852000000006 0.91439100000001 0.021869 0.989413000000015 0.695218000000008 0.976180000000015 0.733069000000006 0.787695000000007 0 0.785055000000007 0.438972999999993 1.00018600000002 0.996900000000016 0.049065 0.982466000000015
"176" 175 1.17154659557696 0.0712929999999999 0.613849000000003 0.915516000000009 0.020897 0.989437000000013 0.696871000000005 0.977231000000013 0.740232000000005 0.789149000000006 0 0.786934000000006 0.439857999999994 1.00019500000001 0.996860000000014 0.052771 0.981966000000016
"177" 176 1.1719378921399 0.07237 0.610186000000002 0.910980000000012 0.021182 0.987853000000014 0.693612000000008 0.979332000000015 0.74663600000001 0.792053000000008 0 0.786689000000008 0.431592999999995 1.00016000000002 0.996842000000016 0.053992 0.983794000000017
"178" 177 1.17364892146244 0.0724749999999999 0.619324000000002 0.910308000000008 0.021258 0.987849000000011 0.701774000000004 0.981225000000011 0.752727000000003 0.798419000000005 0 0.790412000000003 0.429801999999994 1.00016600000001 0.996901000000014 0.054239 0.983187000000015
"179" 178 1.17607133283635 0.0730679999999999 0.625118000000005 0.908574000000012 0.02185 0.987724000000016 0.710155000000008 0.982640000000016 0.75543200000001 0.803277000000009 0 0.786196000000009 0.431969999999993 1.00015800000002 0.996993000000018 0.057612 0.984092000000013
"180" 179 1.17728503845186 0.0745199999999999 0.631865000000001 0.906279000000006 0.021611 0.988385000000012 0.715072000000004 0.985573000000012 0.764537000000004 0.809226000000004 0 0.789844000000004 0.432982999999995 1.00020100000001 0.996860000000015 0.058843 0.983701000000014
"181" 180 1.17878372230582 0.0756489999999999 0.640691000000004 0.911144000000008 0.018957 0.989101000000012 0.725760000000006 0.986395000000012 0.767650000000005 0.814041000000005 0 0.797175000000003 0.434043999999994 1.00015600000001 0.996859000000014 0.058687 0.984514000000013
"182" 181 1.18126624082501 0.0781319999999999 0.651255000000003 0.913761000000008 0.018642 0.988786000000011 0.732471000000007 0.986927000000012 0.766755000000006 0.816683000000007 0 0.802823000000006 0.433935999999994 1.00017800000001 0.997106000000012 0.0584149999999999 0.985299000000018
"183" 182 1.18328148103187 0.0816339999999998 0.652784000000005 0.912539000000013 0.020439 0.989321000000013 0.732366000000009 0.985792000000013 0.772326000000011 0.817782000000009 0 0.806286000000008 0.431188999999994 1.00017200000001 0.996869000000014 0.061403 0.988757000000012
"184" 183 1.18472271787578 0.0833139999999999 0.653760000000003 0.916772000000008 0.019844 0.988800000000014 0.733957000000006 0.986632000000014 0.774906000000007 0.820504000000009 0 0.810746000000008 0.423718999999994 1.00020600000001 0.997017000000015 0.062869 0.989513000000014
"185" 184 1.18781010527858 0.0808889999999999 0.655700000000005 0.91915700000001 0.019388 0.989697000000013 0.730738000000009 0.988267000000013 0.780942000000008 0.825081000000008 0 0.815298000000008 0.418665999999995 1.00016800000001 0.997180000000015 0.061498 0.988354000000015
"186" 185 1.19052306355906 0.0831369999999999 0.659476000000005 0.918572000000009 0.020165 0.99093300000001 0.733998000000008 0.98911300000001 0.792044000000007 0.828671000000008 0 0.823307000000008 0.415143999999996 1.00017700000001 0.996797000000012 0.061924 0.987911000000017
"187" 186 1.19166953726928 0.0814009999999998 0.666746000000003 0.919979000000007 0.020474 0.990380000000011 0.738241000000005 0.990847000000012 0.798562000000006 0.837308000000006 0 0.829394000000006 0.414641999999994 1.00015600000001 0.997013000000014 0.064775 0.989078000000016
"188" 187 1.19362625864948 0.0824009999999999 0.675614000000006 0.919934000000011 0.021246 0.991231000000015 0.744561000000009 0.990515000000014 0.803073000000008 0.841565000000007 0 0.835481000000008 0.413715999999995 1.00017900000001 0.996750000000017 0.065202 0.989479000000014
"189" 188 1.19532956332059 0.0854879999999998 0.678566000000007 0.920897000000012 0.022163 0.990696000000014 0.746528000000011 0.991623000000014 0.808131000000008 0.843603000000009 0 0.839514000000008 0.409103999999995 1.00014400000001 0.997034000000015 0.063828 0.988871000000012
"190" 189 1.19743214802249 0.0888319999999999 0.681929000000004 0.92169300000001 0.023573 0.990782000000014 0.748072000000007 0.991939000000014 0.815519000000008 0.845078000000007 0 0.842913000000007 0.409975999999995 1.00013200000001 0.996827000000015 0.064046 0.989681000000012
"191" 190 1.19944982119192 0.090165 0.689518000000001 0.918791000000006 0.022673 0.990265000000011 0.753262000000004 0.992691000000011 0.820260000000005 0.848536000000005 0 0.843723000000005 0.405301999999995 1.00011100000001 0.996887000000013 0.0629329999999999 0.989968000000015
"192" 191 1.20130896841478 0.0892479999999999 0.699156000000004 0.919203000000003 0.021238 0.989177000000006 0.757629000000004 0.992891000000006 0.820040000000003 0.853998000000002 0 0.845854000000002 0.402050999999994 1.00015600000001 0.996781000000009 0.063501 0.991493000000014
"193" 192 1.20238173732358 0.090356 0.706509000000006 0.923117000000011 0.021882 0.989752000000015 0.763375000000009 0.992958000000015 0.826632000000009 0.857046000000008 0 0.846659000000009 0.394181999999995 1.00013200000002 0.996888000000016 0.064538 0.993158000000014
"194" 193 1.20443179818574 0.0905819999999998 0.707245000000005 0.920389000000011 0.024721 0.990041000000014 0.766254000000008 0.994201000000014 0.826093000000009 0.856616000000007 0 0.847579000000008 0.392964999999994 1.00012400000001 0.996642000000016 0.0650979999999999 0.993475000000012
"195" 194 1.20749587268034 0.0874389999999999 0.713650000000005 0.922248000000008 0.022143 0.990014000000011 0.772920000000009 0.995017000000011 0.835526000000007 0.860194000000007 0 0.852892000000007 0.388704999999996 1.00012600000001 0.996884000000012 0.066707 0.994270000000011
"196" 195 1.20928175907604 0.0873569999999999 0.714882000000003 0.921088000000006 0.023146 0.989736000000009 0.775217000000005 0.995696000000009 0.836979000000006 0.861050000000005 0 0.855337000000006 0.392205999999996 1.00014500000001 0.996698000000011 0.066957 0.994726000000011
"197" 196 1.21176320524568 0.0909409999999999 0.712254000000001 0.922614000000008 0.021677 0.990307000000012 0.771416000000003 0.995477000000012 0.840245000000006 0.863551000000007 0 0.857915000000006 0.392809999999996 1.00014600000001 0.996864000000015 0.0670389999999999 0.994304000000013
"198" 197 1.21400375541219 0.0939389999999999 0.711287000000003 0.923687000000004 0.021412 0.989803000000008 0.769410000000004 0.996026000000007 0.841677000000004 0.866620000000004 0 0.859569000000004 0.390177999999995 1.00014100000001 0.99683300000001 0.070446 0.994335000000014
"199" 198 1.21733133970579 0.0934379999999999 0.714424000000004 0.923499000000009 0.020073 0.991501000000012 0.772883000000008 0.995864000000012 0.846889000000007 0.871593000000007 0 0.860313000000007 0.385943999999996 1.00012000000001 0.996750000000013 0.0699639999999999 0.993462000000012
"200" 199 1.2199035608266 0.0961259999999999 0.716860000000002 0.921907000000004 0.022208 0.991524000000007 0.775745000000002 0.996726000000008 0.849953000000005 0.867004000000005 0 0.865770000000005 0.386665999999995 1.00012000000001 0.996791000000009 0.070014 0.994869000000012
"201" 200 1.22203229254025 0.098132 0.721479000000007 0.925042000000012 0.020616 0.992773000000015 0.78013700000001 0.997718000000015 0.855542000000009 0.872911000000008 0 0.871705000000008 0.389666999999997 1.00014200000002 0.996763000000015 0.070664 0.994720000000011
