"X" "PopRatio" "Diff_KC" "Fibroblast" "M1" "M2" "Neutrophil" "Prol_KC" "Th0" "Th1" "Th17" "Th2" "Th22" "Treg" "iDC" "pDC" "preDiff_KC" "ILC3"
"1" 0 1 0.00031 0 0 0 0 0 0 0 0 0 0 0.16209 0 0 0 0
"2" 1 0.999998 0.001321 0 0 0 0 0 0 0 0 0 0 0.119251 6.7e-05 6.7e-05 0 0
"3" 2 0.999998999998 0.002436 0 0 0 1.2e-05 0 0 0 0 0 0 0.117287 0.000585 0.000603 0 0
"4" 3 1.000001999995 0.002955 0 6.7e-05 0 1e-06 0 0 0 0 0 0 0.126647 0.004404 0.004426 0 0
"5" 4 1.000006000003 0.00418 0 0.000132 0 0.000103 0 0 0 0 0 0 0.136487 0.010961 0.011029 0 0
"6" 5 1.000010000027 0.00542 0 0.000846 0 0.00056 0 0 0 0 0 0 0.154016 0.02397 0.023974 0 0
"7" 6 1.000020000127 0.006864 0 0.001934 0 0.001349 0 0 0 0 0 0 0.172845 0.0428500000000001 0.042876 0 0
"8" 7 1.000043000587 0.007785 0 0.003572 0 0.003312 0 0 0 0 0 0 0.1873 0.069527 0.0694689999999999 0 0
"9" 8 1.00005500110301 0.008198 0 0.006611 0 0.005317 0 0 0 0 0 0 0.202168 0.100781 0.100734 0 0
"10" 9 1.00008600280805 0.009153 0 0.010086 0 0.008718 0 0 0 0 0 0 0.220114 0.135247 0.135303 0 0
"11" 10 1.00014900822623 0.009179 0 0.015848 0 0.012526 0 0 0 0 0 0 0.234485 0.174082 0.174115 0 0
"12" 11 1.00021701835879 0.010944 0 0.021271 0 0.018344 0 0 0 0 0 0 0.254583 0.209191 0.209042 0 0
"13" 12 1.00028503311605 0.011608 0 0.027445 0 0.02305 0 1.3e-05 0 0 0 0 0.2662 0.246697000000001 0.246585000000001 0 0
"14" 13 1.00040406703499 0.012324 0 0.035705 0 0.0288 0 6.7e-05 0 0 0 0 0.284380999999998 0.289838999999998 0.289720999999998 0 0
"15" 14 1.00054312320032 0.014247 0 0.0428309999999999 0 0.035289 0 6.7e-05 0 0 0 0 0.301440999999999 0.334354999999997 0.334233999999997 0 0
"16" 15 1.0006841997807 0.015125 0 0.0523099999999999 0 0.047543 0 0.000359 0 0 0 0 0.31758 0.368368999999994 0.368081999999994 0 0
"17" 16 1.00084631062108 0.016517 0 0.0627149999999998 0 0.0560529999999998 0 0.000565 0 0 0 0 0.328009999999997 0.406874999999997 0.406506999999997 0 0
"18" 17 1.00103346888117 0.017863 0 0.0751809999999998 0 0.0645209999999998 0 0.001175 0 0 0 0 0.344705999999997 0.445527999999995 0.445211999999996 0 0
"19" 18 1.001248691077 0.016546 0 0.0866319999999996 0 0.0792159999999997 0 0.002197 0 0 0 0 0.364162999999996 0.486342999999992 0.485573999999993 0 0
"20" 19 1.00150601199063 0.01713 0 0.101366999999999 0 0.0921219999999997 0 0.002537 0 0 0 0 0.377585999999996 0.525242000000001 0.524162000000001 0 0
"21" 20 1.00183650897461 0.017946 0 0.116562999999999 0 0.104880999999999 0 0.003624 0 0 0 0 0.385635999999995 0.569508000000007 0.568148000000007 0 0
"22" 21 1.00222622337664 0.016629 0 0.130518 0 0.120429999999999 0 0.00546 0 0 0 0 0.392126999999999 0.61209200000001 0.61058400000001 0 0
"23" 22 1.00263012054469 0.016792 0 0.148605000000001 0 0.133928 6.7e-05 0.00625000000000001 0 0 0 0 0.399828999999993 0.64050600000001 0.63821400000001 0 0
"24" 23 1.00318256974114 0.016461 0 0.166243000000001 0 0.148689000000001 0 0.008566 0 0 0 0 0.409074999999995 0.672304000000016 0.669500000000016 0 0
"25" 24 1.00373131060684 0.017405 0 0.188733000000003 0 0.165210000000002 6.7e-05 0.010578 0 0 0 0 0.415966999999991 0.701623000000022 0.697930000000021 0 0
"26" 25 1.00436566879517 0.019797 0 0.199687000000003 0 0.182737000000002 0.000134 0.0126 0 0 0 0 0.427449999999993 0.730407000000019 0.725796000000018 0 8.4e-05
"27" 26 1.00505767674102 0.021548 0 0.213059000000004 0 0.202543000000003 0.000325 0.015502 0 0 0 0 0.441256999999989 0.752905000000029 0.74768900000003 0 0.000134
"28" 27 1.00581247505629 0.0254660000000001 0 0.235396000000004 0 0.220211000000004 0.000515 0.019528 0 0 0 0 0.449051999999992 0.774804000000023 0.769153000000023 0 0.000134
"29" 28 1.00664327616072 0.026079 0 0.250304000000007 0 0.241048000000006 0.000545 0.023136 0 0 0 0 0.463194999999989 0.791537000000026 0.786644000000026 0 0.000176
"30" 29 1.00741939812668 0.026173 0 0.268175000000002 0 0.259371000000006 0.001108 0.030967 0 0 0 0 0.462754999999988 0.813963000000041 0.80705800000004 0 0.000275
"31" 30 1.00835932042518 0.0277260000000001 0 0.286791000000002 0 0.280044000000004 0.001388 0.03543 0 0 0 0 0.470397999999988 0.830049000000039 0.82109500000004 0 0.000334
"32" 31 1.00935356271517 0.02872 0 0.308938999999997 0 0.304762999999998 0.001395 0.0457869999999999 0 0 0 0 0.482014999999983 0.849262000000044 0.839763000000042 0 0.000494
"33" 32 1.0103911781777 0.030413 0 0.317931999999998 0 0.322786999999996 0.001923 0.05503 0 0 0 0 0.482132999999984 0.868720000000054 0.856915000000054 0 0.001047
"34" 33 1.01150867082082 0.0329600000000001 0 0.332075999999997 0 0.331830999999997 0.002901 0.0628289999999998 0 0 0 0 0.495612999999983 0.88539000000004 0.87358300000004 0 0.001661
"35" 34 1.01260615772872 0.033826 0 0.355793999999992 0 0.352669999999992 0.003034 0.0738899999999998 0 6.7e-05 0 0 0.497650999999983 0.896101000000052 0.883757000000053 0 0.001852
"36" 35 1.01376862959785 0.033773 0 0.37095499999999 0 0.367682999999991 0.004344 0.0856799999999994 0 0 0 6.7e-05 0.500946999999982 0.903664000000053 0.88981700000005 6.7e-05 0.003678
"37" 36 1.01492128452977 0.034626 0 0.387308999999992 0 0.37993799999999 0.005246 0.0912899999999994 0 0 0 0.000144 0.503268999999981 0.918194000000057 0.904367000000057 0 0.005358
"38" 37 1.01604074270667 0.037899 0 0.39652999999999 0 0.396953999999987 0.005634 0.101840999999999 4.5e-05 7e-05 0 0 0.506512999999982 0.92915900000006 0.915780000000057 0 0.006815
"39" 38 1.01708116842727 0.039762 0 0.418292999999989 0 0.404089999999986 0.005639 0.111067999999999 0 0.000195 0 6.6e-05 0.510976999999986 0.936929000000057 0.923306000000056 0 0.010048
"40" 39 1.01827318755673 0.0435 0 0.436754999999984 0 0.421292999999985 0.005397 0.124615999999999 6.7e-05 0.000297 0 2e-04 0.514916999999981 0.943401000000058 0.931323000000058 0 0.012551
"41" 40 1.01936070332111 0.0441569999999999 0 0.445908999999981 0 0.435989999999983 0.00659800000000001 0.137336 9.1e-05 0.000281 0 0.000132 0.522125999999984 0.951272000000067 0.937555000000064 0 0.017051
"42" 41 1.0205319487693 0.0439339999999999 0 0.460291999999982 0 0.450892999999984 0.009014 0.148163000000001 0.000268 0.000544 0 6.7e-05 0.528494999999985 0.955008000000062 0.942895000000062 0 0.021199
"43" 42 1.02168004721173 0.0424320000000001 0 0.479669999999981 0 0.465759999999979 0.010389 0.163810000000001 0.000328 0.000537 0 0.000193 0.540427999999986 0.960089000000065 0.948889000000066 0 0.0282170000000001
"44" 43 1.02286928278675 0.042539 0 0.497266999999981 0 0.474275999999978 0.011955 0.177685000000002 0.000339 0.000662 0 0.000517 0.552425999999988 0.967548000000055 0.957283000000056 1e-05 0.0346080000000001
"45" 44 1.02414582365173 0.042418 0 0.518042999999982 0 0.48205499999998 0.012634 0.189916000000003 0.000448 0.001028 0 0.000534 0.560188999999992 0.974024000000059 0.965612000000061 1.1e-05 0.041306
"46" 45 1.02532359134899 0.041218 0 0.531944999999985 2.1e-05 0.492708999999976 0.01387 0.202932000000004 0.00078 0.001173 0 0.000822 0.565408999999995 0.974755000000057 0.966253000000058 0 0.0542709999999999
"47" 46 1.02642889018052 0.0431630000000001 0 0.549447999999989 6.7e-05 0.506278999999975 0.01507 0.225265000000005 0.000926 0.002381 0 0.001677 0.572990999999992 0.977051000000058 0.968312000000057 0 0.0676789999999996
"48" 47 1.027640076271 0.042667 0 0.560254999999992 6.7e-05 0.518016999999981 0.018106 0.247045000000006 0.001706 0.002383 0 0.002953 0.573079999999998 0.979332000000063 0.971014000000067 2.3e-05 0.0812299999999997
"49" 48 1.02883933224007 0.042021 0 0.561385999999994 0 0.525537999999983 0.022297 0.261264000000003 0.002453 0.002979 0 0.003474 0.585529999999998 0.981772000000066 0.973805000000066 0 0.0989319999999993
"50" 49 1.02987640228704 0.042134 0 0.572012999999995 0 0.533647999999985 0.024121 0.276586 0.003253 0.004561 0 0.004699 0.586660999999997 0.98344100000006 0.975913000000061 6.7e-05 0.119570999999999
"51" 50 1.03079917154355 0.042818 0 0.587003999999999 0 0.546552999999987 0.026269 0.289382999999998 0.002983 0.006267 0 0.00569700000000001 0.593192 0.986752000000061 0.977948000000064 0.000134 0.139174
"52" 51 1.03180213913753 0.043381 0 0.598761000000001 0.000123 0.556689999999991 0.0293750000000001 0.299183999999998 0.003889 0.006738 0 0.00645700000000001 0.599534000000003 0.989309000000065 0.980441000000066 0.000133 0.152031000000001
"53" 52 1.03288553138369 0.0415409999999999 2.7e-05 0.607425000000006 0.000127 0.569195999999995 0.0321140000000001 0.313800999999998 0.004483 0.00691800000000001 0 0.00757900000000001 0.603939000000002 0.99181400000006 0.984458000000063 0.000259 0.167494000000002
"54" 53 1.03393287731258 0.0423709999999999 0.000201 0.623121000000004 4.1e-05 0.585287999999999 0.036619 0.329231999999993 0.005834 0.00924999999999999 0 0.008727 0.613252000000003 0.994284000000057 0.986444000000059 0.000535 0.182924000000002
"55" 54 1.03481275419123 0.0436139999999999 0.000459 0.626007000000005 0.000217 0.600154000000001 0.0375360000000001 0.342256999999994 0.006252 0.011326 0 0.010105 0.622967000000004 0.994834000000059 0.986899000000061 0.000134 0.199696000000003
"56" 55 1.03586722838781 0.043729 4e-04 0.635315000000006 0.000133 0.615772000000003 0.042487 0.353921999999991 0.00720200000000001 0.012586 0 0.010809 0.619084000000005 0.994671000000057 0.98574600000006 0.000133 0.217842000000003
"57" 56 1.03699010846344 0.044908 0.000503 0.642990000000012 0.000198 0.629687000000006 0.045581 0.369998999999991 0.009776 0.015305 0 0.01432 0.623156000000007 0.99538500000006 0.987736000000063 0.000222 0.238352000000005
"58" 57 1.03790784470949 0.04904 0.000668 0.653590000000012 0.000433 0.641283000000007 0.050486 0.382324999999988 0.010923 0.018745 0 0.016322 0.62743000000001 0.996091000000057 0.98934900000006 0.000282 0.256585000000004
"59" 58 1.03895301790917 0.0512529999999999 0.00065 0.656699000000013 0.000358 0.649162000000008 0.0528969999999998 0.396839999999986 0.014367 0.022546 0 0.020279 0.629458000000008 0.996671000000056 0.989515000000058 0.000281 0.275480000000002
"60" 59 1.04012184005438 0.055049 0.000902 0.666263000000013 0.000499 0.661050000000013 0.057152 0.405862999999986 0.016862 0.026601 0 0.024096 0.635297000000008 0.997797000000062 0.990846000000064 0.00038 0.298567
"61" 60 1.04111203604618 0.0559239999999999 0.000934 0.680662000000015 0.000746 0.667815000000009 0.0621499999999998 0.419782999999984 0.017803 0.0301100000000001 0 0.027832 0.638929000000009 0.99791900000006 0.992165000000061 0.000442 0.319812999999995
"62" 61 1.04206361244719 0.0542399999999999 0.001248 0.689161000000011 0.001341 0.684485000000012 0.0696409999999999 0.438730999999983 0.02151 0.0333180000000001 0 0.0311370000000001 0.643756000000007 0.998115000000055 0.992753000000058 0.000611 0.338548999999994
"63" 62 1.04317653638534 0.0542039999999999 0.001281 0.700496000000018 0.001419 0.696248000000017 0.0752989999999997 0.464082999999983 0.023176 0.038098 0 0.0362620000000001 0.650388000000012 0.998513000000056 0.993283000000058 0.000599 0.352861999999992
"64" 63 1.0440799272659 0.0518439999999999 0.001347 0.703541000000015 0.001427 0.706267000000017 0.0791989999999998 0.481064999999981 0.024675 0.041489 0 0.0428829999999999 0.647160000000008 0.998401000000058 0.992867000000062 0.000804 0.366390999999991
"65" 64 1.04507806767643 0.0547809999999998 0.000868 0.715908000000016 0.001801 0.713380000000017 0.0841459999999996 0.499068999999979 0.0294600000000001 0.0452509999999999 0 0.0502849999999999 0.653336000000003 0.998367000000053 0.992691000000057 6e-04 0.37959999999999
"66" 65 1.04591099489642 0.0559339999999998 0.001278 0.719147000000021 0.001699 0.726735000000022 0.0868749999999996 0.510157999999983 0.0329660000000001 0.0503049999999999 0 0.0565059999999999 0.653650000000008 0.998200000000051 0.991918000000055 0.000516 0.397219999999988
"67" 66 1.04719014404323 0.0565489999999999 0.001868 0.725243000000015 0.001067 0.73391500000002 0.0935189999999996 0.523953999999985 0.035411 0.0560849999999999 0 0.0628449999999999 0.646058000000007 0.998795000000048 0.99244000000005 0.000401 0.410145999999987
"68" 67 1.04805617029241 0.0589489999999999 0.002124 0.728901000000017 0.000959 0.734242000000017 0.0951389999999996 0.541374999999987 0.03904 0.0630259999999998 0 0.0675859999999997 0.646078000000003 0.999373000000049 0.993054000000051 0.00041 0.420640999999984
"69" 68 1.0492153204168 0.0599809999999999 0.003008 0.738985000000024 0.001353 0.750545000000029 0.101439999999999 0.557495999999991 0.0426790000000001 0.0680969999999998 0 0.0697559999999999 0.64572100000001 0.999476000000056 0.993919000000059 0.000423 0.437578999999986
"70" 69 1.0501113503005 0.0613599999999998 0.003679 0.742424000000018 0.00191 0.764995000000026 0.108786999999999 0.569754999999992 0.049212 0.0762409999999997 0 0.0752669999999997 0.646959000000005 0.999634000000051 0.993710000000055 0.000333 0.456196999999983
"71" 70 1.05102599728666 0.0599529999999999 0.004915 0.747074000000019 0.002302 0.773243000000025 0.116113999999999 0.581608999999994 0.0567549999999998 0.0837439999999997 0 0.0830629999999997 0.647109000000002 0.999687000000048 0.993812000000051 0.000541 0.477493999999983
"72" 71 1.05225779975553 0.0594899999999999 0.0055 0.74979300000002 0.002519 0.780484000000025 0.126582 0.590252999999998 0.0615849999999998 0.0914779999999996 0 0.0881339999999994 0.650581000000005 0.999678000000045 0.994319000000048 0.000598 0.490288999999979
"73" 72 1.05284285509224 0.0619709999999999 0.00756 0.754088000000019 0.003701 0.784681000000026 0.131419 0.605598000000003 0.0694749999999998 0.100056999999999 0 0.0931469999999995 0.649656000000006 0.999871000000054 0.994258000000057 0.000579 0.501789999999981
"74" 73 1.05409889661843 0.0596919999999999 0.008925 0.750322000000025 0.004433 0.782585000000031 0.143681000000001 0.608697 0.0751979999999996 0.104197999999999 0 0.0982919999999994 0.64623900000001 0.999894000000055 0.994908000000057 0.000871 0.515166999999985
"75" 74 1.05514140042724 0.061424 0.010311 0.750565000000027 0.006433 0.787985000000035 0.149614000000001 0.623527000000005 0.0782269999999997 0.111583999999999 0 0.102645 0.647026000000013 0.999475000000056 0.994492000000058 0.000767 0.521777999999985
"76" 75 1.0558852751146 0.062381 0.013411 0.752329000000026 0.00659 0.79284200000003 0.158474000000001 0.638856000000008 0.0894959999999995 0.119192999999999 0 0.113624999999999 0.645919000000013 0.999634000000051 0.994961000000054 0.000777 0.537505999999989
"77" 76 1.0568207894684 0.0609769999999999 0.014976 0.751179000000025 0.007301 0.796197000000028 0.164079000000002 0.650585000000008 0.0962849999999994 0.126112999999999 0 0.119795999999999 0.639212000000004 0.999858000000048 0.995632000000052 0.001172 0.552645999999991
"78" 77 1.05766307563766 0.060944 0.015379 0.747989000000022 0.008287 0.799607000000028 0.167981000000002 0.660364000000012 0.101394999999999 0.131555 0 0.124878999999999 0.64286000000001 1.00019000000005 0.995874000000055 0.001308 0.565037999999994
"79" 78 1.05831459609231 0.0637339999999999 0.018462 0.748487000000031 0.009632 0.811382000000036 0.176779000000002 0.674270000000019 0.114245999999999 0.140897 0 0.138558 0.643361000000014 1.00042700000005 0.996706000000055 0.001611 0.576565999999998
"80" 79 1.05920569698227 0.0624119999999999 0.020379 0.745244000000023 0.010269 0.820283000000029 0.185522000000002 0.67855300000001 0.117844999999999 0.146946 0 0.143279 0.650199000000008 1.00018800000004 0.996551000000047 0.001863 0.584418000000002
"81" 80 1.05999798284366 0.059875 0.021992 0.745373000000026 0.010985 0.822560000000031 0.191875000000003 0.685795000000018 0.12663 0.154986000000001 0 0.148816000000001 0.64819100000001 0.999981000000047 0.996136000000051 0.00269 0.598911000000002
"82" 81 1.06132510031823 0.0607789999999999 0.022956 0.743454000000024 0.01096 0.824408000000029 0.196853000000004 0.689077000000015 0.132691 0.161209000000002 0 0.153220000000001 0.652646000000009 0.999955000000046 0.996625000000047 0.002296 0.607267999999998
"83" 82 1.0620797024646 0.0591439999999999 0.0257020000000001 0.74134700000002 0.011836 0.82730400000003 0.200584000000003 0.697117000000013 0.136599 0.164855000000002 0 0.168282000000002 0.651763000000012 0.999939000000051 0.996303000000054 0.002639 0.619465000000008
"84" 83 1.06304407083449 0.0591939999999999 0.0283950000000001 0.740047000000023 0.012072 0.833673000000036 0.203661000000003 0.700854000000018 0.140741 0.167553000000002 0 0.169896000000002 0.65575100000001 1.00006900000005 0.996497000000051 0.002707 0.631454000000003
"85" 84 1.06397848657281 0.0579069999999999 0.0301310000000001 0.741662000000024 0.012341 0.835890000000033 0.211170000000004 0.715210000000023 0.145366 0.178850000000003 0 0.178838000000003 0.65192900000001 1.00013300000005 0.996753000000054 0.002882 0.634932000000005
"86" 85 1.06474348710471 0.0587089999999999 0.0338000000000001 0.742074000000023 0.012361 0.838764000000035 0.215225000000004 0.730397000000024 0.154488000000001 0.188417000000002 0 0.190302000000002 0.648936000000011 1.00032700000005 0.997064000000056 0.004073 0.647814000000008
"87" 86 1.06583910815299 0.0614709999999998 0.036824 0.74373600000002 0.012718 0.84543800000003 0.227266000000005 0.737646000000024 0.160723000000002 0.196853000000003 0 0.200945000000003 0.652962000000009 1.00049400000005 0.997038000000049 0.004848 0.658680000000012
"88" 87 1.06666193594453 0.0660929999999998 0.0423859999999999 0.741076000000023 0.011614 0.852606000000036 0.234187000000005 0.746502000000025 0.171738000000002 0.204620000000003 0 0.209490000000004 0.651752000000011 1.00016600000005 0.996966000000051 0.003845 0.66316700000001
"89" 88 1.06782673077864 0.0673539999999998 0.047795 0.742166000000021 0.01282 0.854556000000029 0.236467000000005 0.755752000000021 0.179542000000002 0.211784000000004 0 0.215460000000003 0.648942000000006 1.00047500000004 0.997092000000049 0.00443 0.671271000000011
"90" 89 1.06879631745023 0.0664669999999997 0.0488929999999998 0.740794000000023 0.014532 0.860666000000035 0.244133000000005 0.763203000000025 0.186576000000003 0.219759000000004 0 0.224415000000003 0.647953000000012 1.00043300000004 0.997190000000044 0.004738 0.68864100000001
"91" 90 1.07015475756975 0.0679319999999999 0.0514959999999999 0.741359000000022 0.016655 0.863720000000028 0.254545000000005 0.775810000000026 0.194828000000004 0.232952000000004 0 0.244917000000005 0.649130000000007 1.00051800000004 0.997179000000041 0.004481 0.708061000000016
"92" 91 1.071244175113 0.0657169999999998 0.053724 0.739222000000023 0.016951 0.870745000000033 0.259604000000004 0.789127000000029 0.206956000000004 0.245024000000005 0 0.252331000000004 0.650831000000014 1.00049200000004 0.996995000000044 0.005375 0.718892000000023
"93" 92 1.07187942290888 0.0650989999999999 0.0600809999999999 0.732086000000023 0.017377 0.876716000000035 0.271245000000002 0.79433600000003 0.209076000000003 0.252006000000004 0 0.255372000000003 0.647399000000013 1.00053500000004 0.997020000000048 0.00555400000000001 0.727154000000017
"94" 93 1.07255899446305 0.0661339999999999 0.0636459999999999 0.733109000000024 0.016963 0.878212000000035 0.283417000000002 0.80336100000003 0.217256000000003 0.263874000000002 0 0.272894 0.649961000000015 1.00055300000004 0.997047000000045 0.005624 0.737330000000023
"95" 94 1.07355111153298 0.0672329999999999 0.067295 0.735829000000018 0.016594 0.878543000000032 0.286549999999999 0.80504000000003 0.226875000000004 0.274913999999998 0 0.279744999999999 0.644294000000009 1.00059800000005 0.997115000000049 0.00684800000000001 0.747757000000027
"96" 95 1.07424033134663 0.0700139999999999 0.0706109999999999 0.742173000000019 0.017324 0.884926000000028 0.290747999999998 0.811991000000028 0.234951000000004 0.282926999999998 0 0.284885999999998 0.64199900000001 1.00055000000004 0.996653000000042 0.007167 0.754986000000023
"97" 96 1.07532961104266 0.0674119999999999 0.0746569999999998 0.73956000000002 0.018772 0.886764000000032 0.300861999999997 0.815975000000029 0.238470000000004 0.293039999999997 0 0.293847999999997 0.639733000000009 1.00059900000004 0.996830000000043 0.00722200000000001 0.758821000000024
"98" 97 1.0763812834023 0.0697649999999998 0.0827699999999998 0.743972000000018 0.01769 0.88696900000003 0.312587999999994 0.825070000000028 0.246611000000004 0.303456999999997 0 0.306577999999997 0.644254000000009 1.00060300000004 0.996413000000043 0.008829 0.769755000000026
"99" 98 1.07755669176382 0.0696499999999998 0.0868849999999999 0.748230000000024 0.016907 0.894348000000037 0.317995999999996 0.835786000000035 0.262841000000002 0.314589999999995 0 0.313268999999996 0.643537000000011 1.00053800000004 0.996499000000044 0.00971 0.78489300000002
"100" 99 1.07875277969172 0.0699099999999999 0.0904559999999997 0.741712000000016 0.016158 0.897168000000032 0.318138999999996 0.837559000000028 0.266146000000002 0.315055999999996 0 0.323029999999994 0.645691000000009 1.00057000000004 0.996358000000046 0.00944099999999999 0.79324300000003
"101" 100 1.0794625990208 0.0668099999999999 0.0966309999999998 0.748212000000023 0.016962 0.901181000000034 0.323880999999994 0.843037000000031 0.274949 0.326313999999994 0 0.337346999999993 0.644407000000014 1.00059400000004 0.996374000000042 0.010238 0.796967000000028
"102" 101 1.08003471419832 0.0716469999999999 0.10278 0.757955000000025 0.018851 0.906227000000036 0.330727999999994 0.845754000000034 0.283507999999999 0.333571999999993 0 0.347176999999992 0.638857000000011 1.00057800000004 0.996476000000046 0.011882 0.803775000000029
"103" 102 1.08128863450155 0.0733099999999997 0.111882 0.769431000000019 0.017874 0.908345000000031 0.337103999999994 0.854556000000025 0.294353999999998 0.346428999999992 0 0.364585999999992 0.630963000000005 1.00055700000004 0.996786000000042 0.010448 0.810991000000027
"104" 103 1.08169844289407 0.075143 0.116639 0.772921000000025 0.018591 0.915204000000034 0.344481999999994 0.86297400000003 0.299054999999998 0.353668999999993 0 0.368363999999991 0.628529000000008 1.00055500000004 0.996748000000046 0.00983999999999999 0.809306000000022
"105" 104 1.08256488334687 0.0762129999999999 0.119538 0.770804000000024 0.019756 0.916483000000035 0.344307999999993 0.868321000000032 0.311844999999996 0.363581999999992 0 0.382023999999992 0.623715000000007 1.00055500000004 0.997168000000045 0.010383 0.816868000000025
"106" 105 1.08348722862753 0.0787939999999999 0.124294 0.772433000000023 0.020234 0.919193000000035 0.345393999999992 0.873061000000033 0.319722999999996 0.371144999999992 0 0.39562399999999 0.621388000000011 1.00053000000004 0.997165000000045 0.011798 0.820419000000021
"107" 106 1.08432801471699 0.0803179999999998 0.130451 0.771834000000024 0.020987 0.919891000000035 0.348848999999993 0.876289000000033 0.331783999999992 0.374950999999991 0 0.404925999999988 0.625465000000008 1.00057900000004 0.997377000000047 0.013547 0.825696000000025
"108" 107 1.08542535466793 0.0822849999999999 0.138539 0.769022000000022 0.023386 0.920498000000035 0.357272999999993 0.879162000000033 0.346283999999992 0.382315999999991 0 0.408619999999989 0.630088000000006 1.00054000000004 0.997123000000044 0.014179 0.833257000000028
"109" 108 1.08635664962228 0.0794649999999998 0.141479000000001 0.77493300000002 0.024099 0.923546000000033 0.369208999999992 0.884665000000032 0.349592999999994 0.39270699999999 0 0.418097999999987 0.628348000000007 1.00051900000004 0.997303000000043 0.015073 0.840776000000025
"110" 109 1.08733871603358 0.0807579999999996 0.149882000000001 0.782207000000021 0.025486 0.925643000000031 0.37873799999999 0.890477000000033 0.366909999999993 0.40220199999999 0 0.42537499999999 0.623979000000005 1.00052300000004 0.997580000000042 0.016388 0.845841000000025
"111" 110 1.08844671418526 0.0819139999999998 0.157651000000001 0.786204000000022 0.025974 0.925932000000033 0.385946999999989 0.896272000000032 0.376268999999991 0.407568999999989 0 0.431030999999989 0.618034000000007 1.00055200000004 0.99716900000004 0.018352 0.845375000000028
"112" 111 1.08871120673684 0.0793459999999999 0.164409000000001 0.785991000000019 0.026223 0.928475000000028 0.388939999999989 0.897572000000027 0.379665999999993 0.42007499999999 0 0.439629999999989 0.622094000000002 1.00051000000004 0.997277000000039 0.019059 0.843502000000026
"113" 112 1.08952447400832 0.0788739999999999 0.175045000000002 0.783625000000018 0.027532 0.933813000000033 0.401288999999988 0.900859000000031 0.38797399999999 0.436421999999988 0 0.449189999999987 0.620641000000005 1.00049500000004 0.997246000000041 0.018089 0.84660700000003
"114" 113 1.09051703080418 0.0817319999999998 0.184766000000003 0.788755000000021 0.0301920000000001 0.937991000000027 0.409337999999988 0.902951000000029 0.399274999999992 0.447769999999989 0 0.455324999999989 0.623041000000008 1.00051100000003 0.997208000000036 0.018653 0.850200000000023
"115" 114 1.0916991512656 0.0822669999999999 0.192287000000002 0.787910000000023 0.032624 0.938514000000032 0.412398999999989 0.904756000000033 0.40792299999999 0.45910399999999 0 0.463366999999988 0.623308000000008 1.00050300000004 0.997243000000039 0.016564 0.854028000000026
"116" 115 1.09294587169639 0.0806099999999996 0.197978000000003 0.791281000000026 0.035658 0.940995000000036 0.416080999999988 0.907705000000034 0.41341199999999 0.463041999999989 0 0.467638999999988 0.627056000000007 1.00050700000004 0.997341000000043 0.016539 0.858762000000021
"117" 116 1.09314150900746 0.0753429999999998 0.210201000000002 0.791454000000023 0.033646 0.942635000000034 0.42252999999999 0.912151000000034 0.42073799999999 0.474133999999987 0 0.475105999999988 0.625546000000008 1.00045400000004 0.997085000000042 0.017971 0.861038000000031
"118" 117 1.09432647440327 0.0743499999999998 0.219334000000002 0.793243000000022 0.0328070000000001 0.944805000000031 0.43422599999999 0.914598000000032 0.435289999999988 0.486181999999988 0 0.486385999999988 0.628930000000009 1.00047200000004 0.997307000000038 0.020165 0.866250000000025
"119" 118 1.09540110300117 0.0754109999999997 0.228234000000003 0.799156000000018 0.031212 0.946804000000025 0.441241999999989 0.914472000000025 0.440714999999989 0.492120999999988 0 0.492619999999988 0.625079000000007 1.00046300000003 0.997068000000034 0.020415 0.874025000000027
"120" 119 1.0971493631616 0.0769599999999998 0.234121000000002 0.799564000000022 0.033134 0.947939000000031 0.44743099999999 0.918749000000032 0.454415999999989 0.501429999999988 0 0.509825999999991 0.623802000000004 1.00052800000004 0.99744200000004 0.020278 0.875909000000028
"121" 120 1.09757066851709 0.0773289999999998 0.245828000000003 0.804213000000019 0.034413 0.949837000000028 0.451682999999989 0.918496000000028 0.46529999999999 0.510674999999992 0 0.513442999999993 0.615952000000005 1.00052100000003 0.997195000000034 0.022183 0.881024000000031
"122" 121 1.09848604245467 0.0747609999999999 0.249103000000002 0.80083700000002 0.0350210000000001 0.948744000000032 0.44969599999999 0.91960600000003 0.475757999999988 0.513674999999992 0 0.521140999999992 0.620197000000007 1.00040700000004 0.997260000000039 0.023725 0.882601000000026
"123" 122 1.09905725519678 0.0764749999999998 0.253623000000003 0.798639000000018 0.036955 0.949805000000027 0.451216999999989 0.920600000000028 0.476609999999989 0.509900999999989 0 0.519636999999992 0.609246000000003 1.00042800000003 0.996999000000035 0.023832 0.884032000000025
"124" 123 1.09979032638603 0.0775059999999999 0.259149000000002 0.789894000000017 0.037735 0.946387000000028 0.45272499999999 0.925674000000028 0.482085999999989 0.514716999999991 0 0.527461999999993 0.620112000000002 1.00046400000003 0.996974000000035 0.025389 0.887313000000026
"125" 124 1.10104848651945 0.0759519999999998 0.269690000000001 0.786250000000016 0.0380690000000001 0.948206000000025 0.462136999999987 0.927552000000026 0.484944999999988 0.517588999999988 0 0.536967999999989 0.621482000000005 1.00047800000003 0.997198000000036 0.025567 0.891771000000025
"126" 125 1.10228386292136 0.0743220000000001 0.282198999999999 0.788033000000018 0.037136 0.946767000000023 0.470945999999988 0.930820000000026 0.497220999999989 0.527185999999997 0 0.544903999999998 0.619093000000006 1.00041700000003 0.997027000000032 0.02838 0.896661000000026
"127" 126 1.10383808316811 0.0744439999999999 0.282990999999999 0.789897000000014 0.038959 0.947196000000027 0.471022999999988 0.933520000000028 0.50470199999999 0.532440999999997 0 0.554227000000001 0.618661000000008 1.00040000000003 0.997040000000033 0.028793 0.892475000000025
"128" 127 1.10542319465557 0.0704719999999999 0.296670999999999 0.790711000000012 0.039281 0.951527000000022 0.478096999999991 0.938309000000023 0.509536999999991 0.535956999999995 0 0.551935999999996 0.613326000000005 1.00040600000003 0.997173000000029 0.030956 0.893016000000027
"129" 128 1.10692325393075 0.0707809999999999 0.308216999999998 0.789660000000015 0.03699 0.95709400000002 0.487756999999989 0.939294000000022 0.517248999999991 0.541412999999995 0 0.559566999999999 0.610116 1.00040700000003 0.996900000000031 0.032355 0.896784000000022
"130" 129 1.10742801093457 0.0715829999999999 0.317799999999998 0.789093000000016 0.038109 0.959302000000026 0.494234999999988 0.937148000000028 0.518668999999993 0.546175999999999 0 0.558964000000001 0.608079000000004 1.00039500000003 0.997286000000032 0.033077 0.89968500000002
"131" 130 1.10920764774817 0.069146 0.326807999999996 0.792312000000011 0.040363 0.959315000000021 0.50146999999999 0.938499000000024 0.527017999999995 0.560886999999997 0 0.566434999999997 0.607847000000001 1.00041200000002 0.997185000000026 0.036982 0.903337000000024
"132" 131 1.11039893676188 0.0721309999999999 0.330724999999997 0.800345000000016 0.041022 0.957604000000027 0.50465699999999 0.942278000000028 0.541629999999994 0.570409999999998 0 0.571948999999999 0.605966000000004 1.00046600000003 0.997095000000035 0.03679 0.905827000000024
"133" 132 1.11179026662968 0.0692469999999999 0.336446999999997 0.801222000000015 0.042704 0.960182000000026 0.503449999999988 0.946265000000029 0.545278999999998 0.57368 0 0.575973000000001 0.602404000000003 1.00041900000003 0.997177000000034 0.035702 0.907353000000025
"134" 133 1.1121838403841 0.0711749999999998 0.335948999999996 0.799635000000017 0.0459069999999999 0.959963000000027 0.496538999999986 0.94734000000003 0.550313999999998 0.581433000000003 0 0.577490000000001 0.602153000000005 1.00036700000003 0.997128000000034 0.034069 0.913865000000024
"135" 134 1.11300574424218 0.0722679999999999 0.341042999999995 0.802371000000017 0.046225 0.961769000000029 0.496539999999987 0.949502000000029 0.553442000000001 0.589690000000004 0 0.586316000000004 0.593251000000006 1.00040000000003 0.997355000000035 0.032349 0.917725000000024
"136" 135 1.11442037454314 0.0735779999999997 0.343768999999996 0.801170000000021 0.048126 0.960878000000029 0.494850999999988 0.95117700000003 0.558690999999997 0.595105000000007 0 0.586819000000004 0.599744000000007 1.00039200000003 0.997257000000034 0.03387 0.922876000000024
"137" 136 1.1152116130091 0.0724169999999999 0.346872999999996 0.802904000000018 0.0490449999999999 0.960598000000025 0.494753999999988 0.953372000000026 0.563949000000002 0.601252000000003 0 0.592945000000003 0.603312000000006 1.00042200000003 0.99717400000003 0.0363300000000001 0.924005000000024
"138" 137 1.11628333136924 0.070831 0.359012999999996 0.803524000000015 0.048416 0.96052600000002 0.50099299999999 0.955197000000021 0.569879000000001 0.615474000000005 0 0.598842000000004 0.596613 1.00034500000002 0.997299000000028 0.03622 0.928161000000026
"139" 138 1.11673319355181 0.069718 0.358065999999996 0.806909000000016 0.04755 0.962558000000022 0.504465999999989 0.956533000000023 0.571717000000002 0.615836000000001 0 0.596696000000002 0.587481000000002 1.00036000000002 0.997207000000026 0.036237 0.930303000000027
"140" 139 1.11748810519067 0.067221 0.369344999999995 0.805778000000015 0.046938 0.961717000000022 0.513000999999993 0.958694000000024 0.571522999999996 0.621730000000002 0 0.597087 0.592002000000005 1.00034400000003 0.997308000000029 0.034961 0.929623000000021
"141" 140 1.11895760204903 0.065793 0.374766999999995 0.807861000000014 0.045534 0.963213000000022 0.515292999999991 0.961314000000022 0.57473 0.630628000000004 0 0.602028000000002 0.590370999999998 1.00034900000002 0.997274000000025 0.035746 0.935622000000023
"142" 141 1.12014929189523 0.0662539999999999 0.378924999999995 0.808184000000019 0.04626 0.967185000000028 0.51447299999999 0.96265600000003 0.579882000000002 0.631629000000006 0 0.613858000000004 0.592870000000005 1.00032800000003 0.997123000000034 0.038665 0.937491000000025
"143" 142 1.1211260620778 0.069588 0.394137999999994 0.808425000000013 0.047199 0.966395000000023 0.523782999999996 0.962332000000023 0.585857000000003 0.629386000000004 0 0.617491000000004 0.587310999999999 1.00032000000002 0.997147000000027 0.040795 0.942066000000024
"144" 143 1.12339858460566 0.0700879999999999 0.406726999999995 0.815111000000017 0.045593 0.965446000000026 0.537147999999995 0.966304000000026 0.592281000000005 0.640294000000003 0 0.627715000000003 0.590666000000002 1.00036500000003 0.996984000000031 0.043987 0.943450000000025
"145" 144 1.12475003310297 0.0694689999999999 0.411661999999994 0.812305000000017 0.047474 0.967997000000024 0.542428 0.969605000000025 0.602099000000004 0.643475000000009 0 0.632084000000008 0.592025000000005 1.00033100000003 0.99718000000003 0.043199 0.94460200000002
"146" 145 1.12484113785568 0.071662 0.421333999999993 0.820446000000014 0.046825 0.969507000000021 0.550059999999995 0.971969000000023 0.608377000000002 0.655604000000006 0 0.639960000000005 0.589524000000001 1.00035900000002 0.997056000000028 0.043087 0.946001000000021
"147" 146 1.12677361493054 0.0714359999999998 0.421919999999994 0.825884000000017 0.047799 0.968990000000021 0.551083999999999 0.971969000000023 0.615052000000007 0.655848000000009 0 0.644635000000007 0.586794000000001 1.00032600000002 0.997007000000025 0.044227 0.946694000000023
"148" 147 1.12801306590699 0.068071 0.433000999999993 0.825073000000014 0.050178 0.972506000000017 0.563674 0.970619000000019 0.615266000000004 0.655419000000007 0 0.645753000000006 0.587466000000003 1.00029200000002 0.996900000000022 0.047678 0.946742000000023
"149" 148 1.12931930503733 0.0666099999999999 0.433801999999994 0.818369000000015 0.049935 0.970334000000021 0.561756 0.969952000000022 0.624607000000005 0.663882000000006 0 0.654872000000006 0.577812 1.00034400000002 0.997291000000025 0.047833 0.951579000000022
"150" 149 1.1299336547393 0.0662339999999999 0.436568999999994 0.821262000000012 0.049755 0.970271000000019 0.561781999999998 0.97023500000002 0.628234000000003 0.671691000000006 0 0.659241000000007 0.578991999999999 1.00033100000002 0.996941000000023 0.051469 0.95178900000002
"151" 150 1.13292458912341 0.0673549999999999 0.450262999999993 0.82354600000002 0.050783 0.970318000000023 0.571063000000005 0.971229000000024 0.63833900000001 0.669963000000011 0 0.668174000000011 0.576226000000002 1.00031000000002 0.996999000000027 0.049799 0.951836000000026
"152" 151 1.13475992695782 0.0683719999999999 0.448586999999994 0.821504000000015 0.053212 0.972500000000019 0.567693000000001 0.97281600000002 0.64449700000001 0.67106200000001 0 0.670691000000009 0.574121999999998 1.00027600000002 0.997088000000025 0.054098 0.952355000000021
"153" 152 1.13543057007468 0.0682609999999999 0.452413999999995 0.820651000000016 0.053075 0.972269000000019 0.571353000000004 0.973579000000021 0.651344000000009 0.678478000000011 0 0.676773000000009 0.573045000000001 1.00027800000002 0.996904000000023 0.054378 0.952395000000025
"154" 153 1.13642407182351 0.067936 0.457636999999992 0.820495000000017 0.052488 0.972263000000018 0.574687000000002 0.973460000000019 0.659830000000012 0.689803000000012 0 0.684028000000012 0.570027999999998 1.00025100000002 0.996868000000021 0.054655 0.952503000000018
"155" 154 1.13860259676922 0.0672209999999999 0.466277999999994 0.824290000000013 0.050797 0.974110000000016 0.586688000000003 0.973985000000016 0.662451000000007 0.696846000000007 0 0.693626000000008 0.566505999999999 1.00026700000002 0.997086000000019 0.053051 0.954237000000023
"156" 155 1.14090826702769 0.0700789999999999 0.476486999999994 0.821944000000016 0.049154 0.977614000000022 0.591717000000003 0.972101000000023 0.670044000000009 0.703465000000008 0 0.696665000000008 0.561811999999998 1.00028900000002 0.996984000000025 0.0542669999999999 0.952329000000022
"157" 156 1.14215642067185 0.07038 0.484271999999994 0.824016000000012 0.049897 0.978022000000016 0.599627000000004 0.970544000000017 0.673454000000009 0.709670000000011 0 0.69873800000001 0.565928000000001 1.00027800000002 0.99689100000002 0.057743 0.953854000000016
"158" 157 1.143479037807 0.069785 0.492182999999994 0.831135000000017 0.048303 0.977963000000024 0.609910000000006 0.972157000000024 0.67710900000001 0.71342500000001 0 0.702969000000011 0.557258 1.00029900000002 0.997050000000026 0.057895 0.953161000000017
"159" 158 1.14463852555137 0.0673669999999999 0.499711999999993 0.834363000000012 0.0478979999999999 0.977658000000017 0.617296000000005 0.973708000000017 0.681715000000005 0.721788000000009 0 0.702060000000009 0.548920999999996 1.00026600000002 0.996743000000021 0.0605859999999999 0.954856000000021
"160" 159 1.14600064539679 0.0679679999999999 0.499830999999993 0.837241000000012 0.047953 0.978718000000019 0.618899000000008 0.976411000000019 0.690233000000008 0.726824000000007 0 0.706170000000007 0.542519999999997 1.00023600000002 0.996935000000022 0.057216 0.954052000000021
"161" 160 1.14795457649721 0.068582 0.504896999999995 0.839593000000013 0.0480519999999999 0.980530000000019 0.622431000000005 0.976204000000019 0.694143000000007 0.729287000000009 0 0.714254000000009 0.54163 1.00027700000002 0.996750000000022 0.058595 0.954950000000023
"162" 161 1.14870993060857 0.069318 0.510802999999997 0.840088000000013 0.047378 0.981371000000019 0.621605000000006 0.976525000000019 0.693211000000008 0.728220000000008 0 0.712106000000009 0.537989999999996 1.00027300000002 0.997270000000023 0.058391 0.958802000000017
"163" 162 1.1508304491405 0.067218 0.517704999999999 0.842144000000013 0.048593 0.980682000000019 0.626942000000009 0.97891200000002 0.701363000000008 0.731407000000009 0 0.719156000000009 0.531174999999997 1.00027500000002 0.996982000000025 0.0582359999999999 0.961360000000019
"164" 163 1.15247153336099 0.0666689999999999 0.517378999999994 0.842726000000011 0.048576 0.981963000000018 0.626395000000004 0.978986000000019 0.708080000000007 0.743727000000007 0 0.731228000000007 0.52954799999999 1.00023600000002 0.996860000000022 0.057005 0.961413000000022
"165" 164 1.15344537180671 0.0667939999999999 0.517647999999994 0.846008000000012 0.047375 0.982174000000015 0.626938000000004 0.979853000000015 0.715913000000007 0.744029000000009 0 0.736397000000007 0.52551399999999 1.00023100000002 0.996861000000017 0.057295 0.963399000000021
"166" 165 1.15505558154576 0.066422 0.523400999999996 0.846065000000012 0.049136 0.983307000000015 0.629501000000003 0.980724000000017 0.714737000000007 0.74180600000001 0 0.737966000000008 0.526426999999991 1.00024300000002 0.996680000000019 0.0567619999999999 0.966630000000019
"167" 166 1.15675928852856 0.0678699999999999 0.529787999999998 0.849018000000012 0.048451 0.984611000000022 0.634554000000008 0.979680000000023 0.724780000000008 0.74796400000001 0 0.742885000000007 0.530101999999994 1.00020700000002 0.997005000000025 0.054917 0.965882000000019
"168" 167 1.15836602718036 0.0669429999999999 0.541874000000001 0.847934000000011 0.050319 0.985362000000015 0.640053000000006 0.981609000000016 0.724985000000006 0.753933000000007 0 0.742092000000008 0.524499999999999 1.00020200000002 0.996975000000021 0.057185 0.966644000000017
"169" 168 1.16060167361283 0.065011 0.550894 0.845023000000009 0.051598 0.985802000000017 0.647422000000005 0.980302000000017 0.725258000000007 0.759049000000005 0 0.734260000000006 0.528381999999993 1.00024600000002 0.99676400000002 0.060237 0.964782000000017
"170" 169 1.16283002882619 0.064859 0.550358000000001 0.83766400000001 0.055135 0.985680000000013 0.648350000000008 0.979835000000013 0.728657000000008 0.757246000000008 0 0.734258000000007 0.531256999999997 1.00020500000001 0.996843000000017 0.059975 0.966143000000019
"171" 170 1.16464869499129 0.06413 0.558300999999995 0.836159000000011 0.0545299999999999 0.985694000000016 0.650680000000003 0.979287000000017 0.730106000000009 0.755644000000008 0 0.734048000000009 0.527058999999993 1.00022500000002 0.996989000000018 0.064565 0.969467000000015
"172" 171 1.1670443773569 0.061155 0.564173000000002 0.838324000000016 0.056239 0.98455500000002 0.656661000000009 0.97873000000002 0.73070900000001 0.755977000000011 0 0.733514000000011 0.528848999999997 1.00023400000002 0.997156000000022 0.06221 0.969267000000018
"173" 172 1.16798501512508 0.062937 0.565326000000003 0.83909800000001 0.055079 0.985031000000015 0.654848000000007 0.979317000000016 0.741435000000007 0.760869000000007 0 0.737271000000006 0.535499 1.00022800000002 0.996972000000019 0.061957 0.969602000000016
"174" 173 1.17116427033626 0.064723 0.568388000000003 0.836089000000009 0.0587789999999999 0.983845000000017 0.657205000000008 0.978938000000017 0.739128000000006 0.757594000000006 0 0.735002000000007 0.534260999999997 1.00018300000002 0.996678000000022 0.064286 0.969479000000014
"175" 174 1.17198525648979 0.062673 0.570888000000001 0.83816800000001 0.056024 0.983641000000019 0.663580000000008 0.978071000000019 0.742658000000009 0.758224000000009 0 0.737963000000009 0.532339000000001 1.00016300000002 0.996872000000022 0.0635369999999999 0.969276000000013
"176" 175 1.1732193569649 0.0610979999999999 0.570815999999999 0.838254000000009 0.0560119999999999 0.984153000000013 0.663534000000004 0.979551000000014 0.753636000000007 0.763014000000008 0 0.747353000000007 0.518029999999994 1.00019200000001 0.996819000000017 0.065025 0.967320000000017
"177" 176 1.17399602817922 0.0639679999999999 0.574775000000001 0.839094000000012 0.057335 0.982361000000015 0.66955200000001 0.981894000000016 0.754773000000009 0.764322000000009 0 0.748537000000008 0.518088999999996 1.00020800000002 0.996809000000018 0.0642519999999999 0.966565000000011
"178" 177 1.1753026857586 0.0617 0.586656999999999 0.844984000000012 0.0566569999999999 0.981694000000016 0.678361000000004 0.982006000000016 0.754942000000007 0.770994000000008 0 0.754882000000007 0.508776999999995 1.00020400000002 0.997064000000019 0.066243 0.968413000000012
"179" 178 1.17645565769335 0.061916 0.589291000000001 0.848208000000009 0.05348 0.983381000000017 0.680046000000008 0.983140000000017 0.759119000000007 0.774744000000006 0 0.759262000000006 0.510284999999994 1.00021900000002 0.997061000000018 0.068365 0.968452000000014
"180" 179 1.17834033965699 0.060613 0.600864000000001 0.85310400000001 0.053071 0.983839000000017 0.688827000000005 0.984647000000016 0.763875000000004 0.778927000000006 0 0.761547000000004 0.503285999999993 1.00019200000002 0.996855000000019 0.0722009999999999 0.968815000000015
"181" 180 1.18051555592402 0.061656 0.606609000000002 0.85545600000001 0.053235 0.983074000000018 0.695091000000004 0.984940000000019 0.763979000000006 0.786631000000007 0 0.764368000000005 0.500880999999991 1.00022300000002 0.99683700000002 0.0737549999999999 0.969583000000015
"182" 181 1.18209626625342 0.06272 0.610087000000002 0.857440000000008 0.0557359999999999 0.980789000000013 0.694386000000006 0.984590000000013 0.765002000000005 0.781576000000005 0 0.769117000000006 0.494083999999993 1.00015800000001 0.996938000000016 0.0731969999999999 0.970203000000013
"183" 182 1.18338947956872 0.0625309999999999 0.619944 0.859103000000011 0.0550629999999999 0.981716000000018 0.700829000000007 0.984979000000018 0.766762000000007 0.78367100000001 0 0.773901000000007 0.496110999999992 1.00018200000002 0.99660000000002 0.073027 0.971594000000012
"184" 183 1.185082909914 0.060346 0.619422000000004 0.863475000000012 0.0550709999999999 0.982362000000015 0.698700000000008 0.986320000000016 0.771109000000006 0.791281000000007 0 0.781139000000006 0.496546999999992 1.00014000000002 0.996956000000017 0.0737499999999999 0.974781000000012
"185" 184 1.1869328243364 0.061766 0.617842000000003 0.861788000000012 0.055039 0.982537000000015 0.695548000000006 0.986945000000016 0.777316000000008 0.797127000000007 0 0.787050000000007 0.498745999999992 1.00016300000002 0.996955000000018 0.072411 0.97509000000001
"186" 185 1.18871084970727 0.06241 0.623969 0.859820000000011 0.058045 0.982915000000015 0.701943000000008 0.988201000000015 0.777778000000008 0.798200000000009 0 0.786631000000007 0.500011999999993 1.00017300000002 0.996714000000017 0.0736839999999999 0.976647000000012
"187" 186 1.19066984518761 0.062868 0.627221000000002 0.86535700000001 0.058081 0.984109000000013 0.704677000000007 0.989161000000013 0.783974000000007 0.802560000000006 0 0.793545000000006 0.498843999999993 1.00018700000001 0.996820000000015 0.07177 0.976713000000012
"188" 187 1.19280471622004 0.063436 0.633262000000005 0.862167000000012 0.0593769999999999 0.984135000000015 0.712156000000007 0.989471000000015 0.789036000000008 0.803808000000008 0 0.799701000000008 0.501814999999994 1.00016000000002 0.996904000000017 0.0717249999999999 0.975406000000012
"189" 188 1.19421103298048 0.0615249999999999 0.636767000000002 0.863010000000008 0.0589089999999999 0.985444000000012 0.714185000000007 0.990496000000012 0.787799000000005 0.805315000000007 0 0.803318000000005 0.495228999999994 1.00021000000001 0.996730000000013 0.0744579999999999 0.976977000000012
"190" 189 1.19739479959442 0.0616169999999999 0.643369000000006 0.870064000000012 0.056585 0.986037000000017 0.71948600000001 0.991161000000017 0.792345000000008 0.80522100000001 0 0.80974000000001 0.493209999999993 1.00016200000002 0.996738000000019 0.071212 0.979985000000014
"191" 190 1.19866284068721 0.0606909999999999 0.650749000000003 0.871700000000007 0.059189 0.986030000000012 0.724725000000007 0.992174000000012 0.795360000000006 0.806457000000005 0 0.809870000000005 0.493368999999994 1.00014900000001 0.996869000000013 0.072628 0.981570000000017
"192" 191 1.20134065347332 0.061339 0.653318000000004 0.873342000000011 0.0587449999999999 0.988069000000016 0.726448000000007 0.992688000000016 0.792191000000007 0.811641000000009 0 0.814635000000008 0.492974999999994 1.00015600000002 0.996690000000017 0.077201 0.982301000000012
"193" 192 1.20223805494148 0.0594839999999999 0.668765000000002 0.876465000000007 0.0564419999999999 0.989473000000012 0.740100000000004 0.993270000000013 0.798460000000005 0.817111000000006 0 0.821818000000006 0.491671999999993 1.00020800000001 0.996785000000014 0.078002 0.98075200000001
"194" 193 1.20452110500783 0.060988 0.677592000000008 0.876796000000011 0.056155 0.990321000000015 0.749903000000012 0.993443000000016 0.799783000000009 0.81452800000001 0 0.824002000000008 0.493556999999992 1.00014600000002 0.996868000000017 0.07674 0.979298000000013
"195" 194 1.20726620860616 0.057976 0.681547000000007 0.880093000000011 0.054875 0.990224000000015 0.75426700000001 0.994129000000015 0.805293000000008 0.816032000000008 0 0.829088000000008 0.487700999999993 1.00014200000002 0.996746000000017 0.0757439999999999 0.979335000000012
"196" 195 1.2089382723051 0.060959 0.686144000000005 0.881597000000009 0.053762 0.991366000000012 0.758114000000007 0.993648000000013 0.807215000000006 0.817564000000008 0 0.828384000000008 0.487059999999994 1.00017300000001 0.996933000000014 0.0795409999999999 0.980129000000013
"197" 196 1.21287820213455 0.061931 0.685449000000004 0.878998000000007 0.055484 0.991758000000009 0.755759000000006 0.994002000000008 0.807908000000005 0.816901000000005 0 0.828776000000005 0.489467999999993 1.00016800000001 0.996847000000011 0.079267 0.979876000000009
"198" 197 1.2150019518665 0.05973 0.688889000000004 0.877840000000008 0.056018 0.992129000000014 0.754631000000008 0.993966000000014 0.806270000000005 0.819341000000006 0 0.828073000000007 0.491987999999994 1.00016800000001 0.996959000000016 0.077884 0.981913000000012
"199" 198 1.21712213027253 0.0581039999999999 0.701460000000004 0.880383000000008 0.0579519999999999 0.991246000000012 0.764283000000008 0.994213000000013 0.810617000000005 0.820833000000007 0 0.830125000000006 0.491942999999994 1.00015600000001 0.996891000000014 0.0767559999999999 0.982213000000011
"200" 199 1.21816885530458 0.05506 0.699453000000006 0.884278000000011 0.056139 0.991343000000015 0.762983000000009 0.994154000000015 0.817532000000009 0.822983000000009 0 0.831736000000008 0.491767999999993 1.00011900000001 0.996921000000017 0.075671 0.982527000000013
"201" 200 1.22091704424216 0.05258 0.705250000000002 0.887790000000011 0.054469 0.991346000000014 0.764482000000003 0.994249000000015 0.822185000000005 0.828144000000007 0 0.836264000000006 0.490338999999993 1.00012700000002 0.996880000000016 0.0746129999999999 0.98367600000001
