"X" "PopRatio" "Diff_KC" "Fibroblast" "M1" "M2" "Neutrophil" "Prol_KC" "Th0" "Th1" "Th17" "Th2" "Th22" "Treg" "iDC" "pDC" "preDiff_KC" "ILC3"
"1" 0 1 0.000201 0 0 0 0 0 0 0 0 0 0 0.165852 0 0 0 0
"2" 1 0.999999000000001 0.001233 0 0 0 0 0 0 0 0 0 0 0.12033 0 0 0 0
"3" 2 0.999999999999 0.001408 0 0 0 0 0 0 0 0 0 0 0.111235 0.000749 0.000756 0 0
"4" 3 1.000000999999 0.002332 0 0 0 2e-06 0 0 0 0 0 0 0.121197 0.002973 0.00295 0 0
"5" 4 1.000002 0.003433 0 6.7e-05 0 0.000277 0 0 0 0 0 0 0.138937 0.00964 0.009632 0 0
"6" 5 1.000005000006 0.003777 0 0.000572 0 0.000887 0 0 0 0 0 0 0.151632 0.024018 0.024021 0 0
"7" 6 1.000008000021 0.005874 0 0.001413 0 0.001747 0 0 0 0 0 0 0.170845 0.043768 0.043854 0 0
"8" 7 1.000016000085 0.008532 0 0.003953 0 0.002959 0 0 0 0 0 0 0.186643 0.0712409999999999 0.0712339999999999 0 0
"9" 8 1.000031000325 0.009337 0 0.005892 0 0.005178 0 0 0 0 0 0 0.201457 0.1004 0.100529 0 0
"10" 9 1.00007000153402 0.010262 0 0.009938 0 0.007008 0 0 0 0 0 0 0.214799 0.13962 0.139508 0 0
"11" 10 1.00011100440408 0.013048 0 0.013844 0 0.010388 0 0 0 0 0 0 0.226967 0.171869 0.171835 0 0
"12" 11 1.0001610099543 0.014431 0 0.018024 0 0.016602 0 0 0 0 0 0 0.241476000000001 0.213940000000001 0.214019000000001 0 0
"13" 12 1.0002200194539 0.016503 0 0.0262 0 0.02357 0 0 0 0 0 0 0.251413 0.261813 0.261649 0 0
"14" 13 1.0003020374955 0.017961 0 0.036434 0 0.0316090000000001 0 0 0 0 0 0 0.268758999999999 0.309523999999999 0.309397999999999 0 0
"15" 14 1.00043107645834 0.017011 0 0.0483619999999999 0 0.044282 0 8.4e-05 0 0 0 0 0.277532999999999 0.358497999999998 0.358152999999998 0 0
"16" 15 1.0005651342226 0.01701 0 0.0601639999999998 0 0.0552749999999999 0 0.000106 0 0 0 0 0.293959999999997 0.398701999999994 0.398130999999994 0 0
"17" 16 1.00075223990271 0.018719 0 0.0724799999999998 0 0.0648429999999999 0 0.000469 0 0 0 0 0.303146999999998 0.438600999999995 0.437606999999995 0 0
"18" 17 1.00097440689999 0.02045 0 0.0837779999999996 0 0.0790039999999998 0 0.00088 0 0 0 0 0.315205999999998 0.479391999999989 0.478351999999989 0 0
"19" 18 1.00121564173207 0.023719 0 0.0983329999999992 0 0.0928149999999995 0 0.001288 0 0 0 0 0.335726999999999 0.519496999999994 0.518183999999994 0 0
"20" 19 1.00147896144587 0.02572 0 0.112409999999999 0 0.105362999999999 0 0.002092 0 0 0 0 0.349299999999997 0.560507000000007 0.559096000000007 0 0
"21" 20 1.00183949387201 0.0277090000000001 0 0.130680999999999 0 0.122242999999999 0 0.002724 0 0 0 0 0.362553999999999 0.599859000000012 0.597851000000011 0 0
"22" 21 1.00227930140986 0.0266490000000001 0 0.147023 0 0.140899 0 0.004546 0 0 0 0 0.373838999999996 0.633278000000011 0.631132000000012 0 0
"23" 22 1.00276640915039 0.0254220000000001 0 0.168615000000002 0 0.153900000000001 6.6e-05 0.00680400000000001 0 0 0 0 0.382569999999997 0.668609000000012 0.665537000000012 0 0
"24" 23 1.00330890577778 0.025232 0 0.182992000000003 0 0.175785000000002 0.000266 0.009549 0 0 0 0 0.390501999999991 0.703045000000023 0.699628000000022 0 0
"25" 24 1.00394500362409 0.0267570000000001 0 0.207672000000004 0 0.192134000000003 0.000185 0.012989 0 0 0 0 0.39686799999999 0.729304000000022 0.72442100000002 0 0
"26" 25 1.00461965466656 0.026858 0 0.227513000000006 0 0.207999000000004 0.000267 0.014349 0 0 0 0 0.408604999999989 0.756490000000037 0.750790000000038 0 0
"27" 26 1.00534398543763 0.026991 0 0.238510000000005 0 0.221861000000006 6.7e-05 0.018723 0 0 0 0 0.420445999999991 0.775850000000032 0.76907200000003 0 0
"28" 27 1.00616133009783 0.0276210000000001 0 0.255804000000005 0 0.246601000000006 0.000326 0.02286 0 0 0 0 0.424216999999988 0.807248000000038 0.799769000000037 0 0
"29" 28 1.00702864116444 0.0298130000000001 0 0.266318000000003 0 0.258708000000006 0.000651 0.026771 0 0 0 0 0.425346999999992 0.824154000000033 0.816928000000031 0 0
"30" 29 1.00794705128523 0.0297830000000001 0 0.283486000000001 0 0.278886000000002 0.00057 0.0332930000000001 0 0 0 0 0.43139199999999 0.839909000000046 0.832950000000047 6.7e-05 0
"31" 30 1.0089418950249 0.0320070000000001 0 0.301161999999998 0 0.303602999999999 0.000702 0.041628 0 0 0 0 0.433871999999987 0.855174000000047 0.847154000000047 0 0.000124
"32" 31 1.01004668640002 0.033959 0 0.316808999999997 0 0.329067999999997 0.000614 0.0494259999999999 0 0 0 0 0.439955999999988 0.87082300000005 0.861717000000049 0 0.000742
"33" 32 1.01110521532743 0.034044 0 0.335961999999995 0 0.347961999999995 0.001265 0.0587129999999999 4e-06 0 0 0 0.450448999999987 0.883589000000052 0.873675000000051 0 0.000988
"34" 33 1.01223765316865 0.034188 0 0.356123999999992 0 0.364035999999992 0.001678 0.0662039999999997 6.7e-05 0 0 0 0.458153999999983 0.896741000000056 0.886301000000055 0 0.002025
"35" 34 1.01341893450997 0.035817 0 0.370954999999992 0 0.385312999999992 0.00202 0.0765679999999996 0 0 0 0 0.468329999999982 0.910376000000048 0.898981000000047 0 0.003177
"36" 35 1.0146046346634 0.039071 0 0.384683999999988 0 0.406512999999986 0.002314 0.0865459999999993 0 0 0 4e-05 0.482022999999984 0.922507000000061 0.91139600000006 0 0.00485
"37" 36 1.01580795576018 0.039648 0 0.400383999999988 0 0.425557999999984 0.002439 0.0999829999999993 0 0 0 0 0.486229999999981 0.932666000000057 0.921682000000057 0 0.00747100000000001
"38" 37 1.01692026547181 0.042833 0 0.410642999999988 0 0.445044999999983 0.003236 0.111448999999999 6.7e-05 0 0 0 0.490641999999981 0.938618000000051 0.927060000000051 0 0.00930900000000001
"39" 38 1.01812328214592 0.0440479999999999 0 0.423174999999987 0 0.462236999999982 0.004487 0.124982999999999 0.000109 0.000134 0 6.7e-05 0.497371999999983 0.946923000000053 0.936644000000054 0 0.013575
"40" 39 1.0193368850983 0.0452549999999999 0 0.436740999999983 0 0.476248999999978 0.005163 0.141983 0.000134 0.000243 0 0.000179 0.496976999999981 0.954257000000057 0.942581000000057 0 0.017178
"41" 40 1.02062226891047 0.0468079999999999 0 0.447122999999982 0 0.485009999999978 0.006713 0.151943 9.7e-05 0.000561 0 0.000266 0.503508999999979 0.961041000000062 0.949642000000062 0 0.021893
"42" 41 1.02174087091726 0.0443069999999999 0 0.46726999999998 0 0.497068999999975 0.008544 0.167730000000002 0.000183 0.00092 0 0.000413 0.506005999999979 0.964939000000059 0.955174000000059 0 0.0302000000000001
"43" 42 1.02291076421453 0.0446249999999999 0 0.48813899999998 6.7e-05 0.504333999999978 0.010744 0.181554000000002 3e-04 8e-04 0 0.000371 0.518947999999986 0.969514000000057 0.960526000000058 0 0.040694
"44" 43 1.02410756980872 0.045367 0 0.494628999999978 0 0.522055999999981 0.012084 0.194646000000003 0.00062 0.001356 0 0.000708 0.525744999999985 0.972972000000059 0.964704000000061 0 0.049171
"45" 44 1.02528222119136 0.045871 0 0.503417999999979 0 0.534682999999984 0.01583 0.211941000000004 0.001065 0.002014 0 0.001117 0.535878999999991 0.976629000000066 0.968858000000068 0 0.0601999999999999
"46" 45 1.02646437159246 0.0477839999999999 0 0.517047999999979 5.3e-05 0.543797999999985 0.017962 0.218837000000004 0.001582 0.002408 0 0.002315 0.537121999999985 0.976967000000066 0.969239000000066 0 0.0720509999999997
"47" 46 1.02758629715068 0.0454619999999999 0 0.534157999999986 0 0.557001999999989 0.020478 0.234312000000004 0.001572 0.002951 0 0.002754 0.541587999999987 0.981072000000059 0.972570000000061 0 0.0850179999999996
"48" 47 1.02872897311317 0.046961 0 0.553577999999989 0 0.573521999999995 0.021798 0.250131000000007 0.001295 0.004138 0 0.003629 0.552020999999994 0.984403000000063 0.976323000000065 0 0.102144999999999
"49" 48 1.02982971311447 0.048417 0 0.569620999999994 0 0.590155999999995 0.024212 0.265832000000003 0.001834 0.004823 0 0.003783 0.556705999999994 0.985833000000057 0.977826000000059 0 0.114242999999999
"50" 49 1.03090279567559 0.0488659999999999 0 0.583072999999996 0 0.605270999999996 0.0271680000000001 0.287060999999999 0.001889 0.005015 0 0.004892 0.555339999999991 0.985991000000063 0.978309000000064 0 0.131918
"51" 50 1.03222956757369 0.0459439999999999 0 0.594844 0 0.616835000000002 0.0301970000000001 0.301708999999997 0.003288 0.004913 0 0.005866 0.560053999999993 0.988862000000056 0.981210000000059 8.6e-05 0.147490000000001
"52" 51 1.03333508544062 0.0468539999999999 1e-05 0.606530999999996 0 0.634467000000005 0.035426 0.316523999999997 0.004613 0.00700000000000001 0 0.00705400000000001 0.559730999999995 0.991247000000053 0.983854000000054 0.000267 0.164962000000002
"53" 52 1.03442112061548 0.043848 8.5e-05 0.618370000000006 6.7e-05 0.647172000000004 0.040688 0.330355999999995 0.005516 0.009036 0 0.00688400000000001 0.560850999999994 0.991979000000061 0.984668000000063 0.000441 0.182782000000002
"54" 53 1.03546692036848 0.04718 0.000267 0.633398000000005 0 0.655671000000009 0.0475289999999999 0.343404999999992 0.005263 0.01224 0 0.008641 0.56438899999999 0.994337000000063 0.987707000000065 0.000133 0.202638000000004
"55" 54 1.03644025927369 0.0471359999999999 0.000602 0.637000000000005 9e-05 0.670364000000013 0.0519409999999999 0.351916999999993 0.005924 0.015597 0 0.011818 0.564487999999995 0.994623000000058 0.98841100000006 0.000133 0.218167000000004
"56" 55 1.03754303170962 0.0478529999999999 0.000603 0.645539000000009 0.000133 0.687091000000015 0.0556179999999999 0.37020999999999 0.006587 0.017311 0 0.014563 0.566997999999996 0.996793000000056 0.990282000000057 0.000266 0.239226000000006
"57" 56 1.0385318102189 0.050736 0.000658 0.662833000000005 0.000267 0.696887000000013 0.0600449999999999 0.381752999999988 0.008445 0.020716 0 0.016121 0.579419999999995 0.997589000000062 0.991044000000063 0.000332 0.254332000000005
"58" 57 1.03945506499825 0.0491939999999999 0.000663 0.66511900000001 0.000453 0.699529000000015 0.0636509999999999 0.40072699999999 0.01105 0.023995 0 0.019622 0.580066999999999 0.998010000000052 0.992491000000054 0.000356 0.273271000000003
"59" 58 1.04048100714746 0.0508979999999999 0.00047 0.675945000000015 0.000375 0.704139000000021 0.0668499999999998 0.410915999999988 0.012797 0.025435 0 0.02263 0.589008000000001 0.999024000000059 0.993159000000062 0.00062 0.286571
"60" 59 1.04156102643294 0.0494159999999999 0.000341 0.682438000000013 0.000678 0.71500700000002 0.0681649999999996 0.425871999999985 0.015382 0.0306660000000001 0 0.025674 0.586590999999998 0.999619000000059 0.994064000000061 0.000956 0.304508999999997
"61" 60 1.04242239740186 0.047324 0.000542 0.685620000000012 0.00045 0.724754000000021 0.0732169999999996 0.437456999999985 0.018832 0.03588 0 0.0294630000000001 0.594450999999998 0.999857000000056 0.995134000000059 0.000978 0.323140999999996
"62" 61 1.04368685576996 0.0473679999999999 0.000481 0.699821000000017 0.000451 0.727562000000022 0.0779519999999995 0.448640999999984 0.021436 0.0399690000000001 0 0.0329820000000001 0.593805000000001 0.99988400000006 0.995712000000063 0.000941 0.340744999999992
"63" 62 1.04458860121341 0.0496739999999998 0.000658 0.709618000000011 0.000499 0.736608000000017 0.0835989999999997 0.466621999999982 0.026002 0.045259 0 0.038266 0.592725999999998 0.99991900000005 0.995713000000053 0.001216 0.360494999999992
"64" 63 1.04548694741051 0.0514419999999999 0.000945 0.71322900000002 0.000561 0.742177000000027 0.0848749999999997 0.484081999999982 0.030806 0.048566 0 0.0425220000000001 0.587143000000004 0.999944000000057 0.995590000000059 0.000802 0.374314999999992
"65" 64 1.04654602568829 0.0507079999999999 0.001244 0.714925000000018 0.000633 0.748272000000026 0.0885459999999995 0.503857999999983 0.035832 0.0550099999999999 0 0.050074 0.587152999999998 0.999898000000053 0.995220000000055 0.000733 0.39667399999999
"66" 65 1.0472367460653 0.048951 0.001651 0.72475600000002 0.000906 0.756615000000024 0.0936379999999996 0.512001999999982 0.0383680000000001 0.0600189999999998 0 0.057894 0.592299000000002 1.00047100000006 0.995714000000059 0.00112 0.413809999999986
"67" 66 1.04809129125015 0.0504249999999999 0.002255 0.731133000000015 0.000783 0.76046200000002 0.0987429999999997 0.523420999999988 0.041015 0.0669009999999998 0 0.0632369999999999 0.595263 1.00042000000005 0.996627000000056 0.001536 0.436416999999984
"68" 67 1.04886268644056 0.0484409999999999 0.002228 0.740839000000018 0.000988 0.767762000000026 0.104857999999999 0.54215899999999 0.044316 0.0743809999999997 0 0.0712269999999997 0.593150999999999 1.00065900000005 0.997295000000051 0.000857 0.456874999999984
"69" 68 1.04946997793606 0.049661 0.002553 0.747165000000022 0.000818 0.773055000000029 0.110361999999999 0.551437999999993 0.047578 0.0787409999999996 0 0.0756779999999996 0.594001 1.00062400000005 0.997336000000053 0.001018 0.476629999999983
"70" 69 1.05060235604231 0.0510939999999999 0.002875 0.754112000000021 0.000706 0.781750000000026 0.114486999999999 0.565485999999993 0.0526029999999999 0.0872249999999994 0 0.0800079999999997 0.592042000000002 1.00049700000005 0.997341000000051 0.001269 0.492261999999981
"71" 70 1.05134828371515 0.054752 0.003808 0.763653000000025 0.000805 0.790286000000029 0.119592999999999 0.574434999999994 0.0587159999999998 0.0968449999999995 0 0.0871719999999996 0.595298000000003 1.00061600000005 0.997496000000055 0.001722 0.504489999999984
"72" 71 1.05241645357146 0.055228 0.004256 0.769709000000027 0.001877 0.789543000000029 0.123474999999999 0.589768000000003 0.0625499999999998 0.100598 0 0.0942729999999995 0.598803000000004 1.00073300000005 0.997413000000056 0.001554 0.520535999999986
"73" 72 1.05308894768534 0.054087 0.005498 0.77533800000003 0.001122 0.795143000000035 0.127801999999999 0.60119 0.0688219999999998 0.109258999999999 0 0.0991229999999995 0.595018000000004 1.00073200000005 0.99748900000005 0.001254 0.53359199999999
"74" 73 1.05414098354413 0.054821 0.00726300000000001 0.775273000000014 0.001581 0.80563000000002 0.139152000000001 0.611741000000002 0.0739039999999998 0.112359999999999 0 0.105357999999999 0.587305999999999 1.00066700000004 0.997099000000048 0.001693 0.542965999999992
"75" 74 1.05491893959003 0.0564039999999998 0.008707 0.782174000000026 0.001803 0.813249000000029 0.145495 0.627538000000005 0.0828649999999997 0.120465999999999 0 0.113598999999999 0.584809999999995 1.00067600000005 0.99747900000005 0.001537 0.558787999999994
"76" 75 1.05585359777056 0.0568389999999999 0.010123 0.776363000000024 0.002148 0.82277000000003 0.147757000000001 0.645284000000007 0.0887649999999994 0.128902999999999 0 0.118777999999999 0.575564999999996 1.00066000000005 0.997499000000052 0.002289 0.572169999999994
"77" 76 1.05676902283988 0.0559919999999999 0.009969 0.781267000000025 0.00309 0.829038000000033 0.151171000000001 0.658775000000014 0.0959629999999995 0.136517 0 0.121506999999999 0.568030999999998 1.00072000000005 0.997558000000051 0.003151 0.585641000000003
"78" 77 1.05765565205009 0.0562769999999998 0.013121 0.780258000000021 0.004138 0.839176000000025 0.160833000000001 0.672395000000008 0.100476 0.146333000000001 0 0.132338 0.571118999999999 1.00065700000004 0.997520000000041 0.003126 0.597389000000003
"79" 78 1.05840024162918 0.0571559999999999 0.01433 0.783100000000026 0.004375 0.846075000000035 0.165671000000002 0.683565000000011 0.109944 0.151737 0 0.140345 0.568451999999995 1.00060900000005 0.997271000000051 0.002994 0.619443000000004
"80" 79 1.05925331222398 0.0528839999999999 0.015584 0.785805000000025 0.004918 0.84763700000003 0.170394000000002 0.692224000000017 0.116883999999999 0.157712000000001 0 0.149785000000001 0.564661999999994 1.00062400000004 0.997365000000042 0.002702 0.627056000000005
"81" 80 1.06003610042176 0.0548469999999999 0.017371 0.783696000000021 0.006301 0.852897000000029 0.181879000000002 0.701916000000018 0.124759999999999 0.171793000000002 0 0.157009000000001 0.564070999999996 1.00065700000004 0.99764200000004 0.002648 0.63543600000001
"82" 81 1.06071028338166 0.0552279999999999 0.017251 0.78988600000003 0.006488 0.860488000000034 0.185881000000002 0.709211000000024 0.134852 0.184748000000002 0 0.169765000000002 0.565529999999997 1.00062100000004 0.997341000000047 0.002511 0.655688000000012
"83" 82 1.06157688368323 0.0602029999999998 0.019444 0.789864000000027 0.006961 0.868899000000035 0.194388000000003 0.718163000000012 0.147846000000001 0.190727000000002 0 0.181506000000002 0.566237999999997 1.00060200000005 0.99752800000005 0.002438 0.672145000000011
"84" 83 1.06230937173302 0.060738 0.022265 0.789062000000021 0.006586 0.873761000000029 0.201523000000003 0.717589000000012 0.150059000000001 0.196322000000003 0 0.182735000000002 0.564659999999996 1.00053900000004 0.997164000000043 0.002107 0.684016000000017
"85" 84 1.06319321313035 0.0608189999999999 0.025124 0.787265000000023 0.006929 0.876826000000034 0.198666000000002 0.725479000000022 0.156269000000001 0.202383000000003 0 0.194313000000003 0.562834999999996 1.00060400000004 0.997319000000048 0.002466 0.693233000000019
"86" 85 1.06424258483175 0.0601629999999999 0.0291090000000001 0.790344000000023 0.007659 0.881112000000031 0.210230000000004 0.73516600000002 0.161727000000002 0.210281000000003 0 0.204471000000003 0.562282999999994 1.00056500000005 0.99724900000005 0.00269 0.700312000000017
"87" 86 1.0647757703668 0.0595759999999999 0.031423 0.791093000000024 0.008629 0.88583700000003 0.223009000000004 0.742042000000019 0.167036000000001 0.215260000000003 0 0.216990000000003 0.562640999999993 1.00059600000004 0.997211000000043 0.003638 0.710862000000021
"88" 87 1.06561161934658 0.0603659999999999 0.0349220000000001 0.791186000000024 0.009141 0.89020400000003 0.231143000000005 0.74572800000002 0.172242000000002 0.221642000000004 0 0.226875000000004 0.570596999999996 1.00056600000004 0.997229000000044 0.003965 0.717952000000022
"89" 88 1.0657480176339 0.062236 0.03795 0.788196000000014 0.010007 0.894750000000026 0.236443000000004 0.753005000000014 0.182601000000002 0.233273000000004 0 0.237373000000004 0.570445999999997 1.00060100000004 0.99729400000004 0.00341 0.73051800000002
"90" 89 1.06624998495025 0.0608539999999999 0.0425989999999999 0.788909000000034 0.00966699999999999 0.89890300000004 0.243074000000004 0.761818000000034 0.195042000000003 0.246145000000004 0 0.248346000000004 0.56499 1.00064500000005 0.997435000000052 0.003222 0.738317000000026
"91" 90 1.06703794368918 0.0609359999999999 0.0468889999999999 0.784325000000025 0.009849 0.906183000000036 0.249501000000005 0.767974000000022 0.197983000000003 0.245753000000004 0 0.250595000000004 0.572118999999995 1.00053900000004 0.997293000000049 0.003359 0.750286000000023
"92" 91 1.06796626670023 0.0630479999999999 0.0531029999999999 0.789666000000025 0.010871 0.910673000000035 0.260863000000004 0.776225000000024 0.206104000000004 0.250680000000004 0 0.255248000000003 0.568326999999996 1.00060800000004 0.997544000000047 0.005074 0.755408000000015
"93" 92 1.0685878230675 0.0636939999999999 0.0574499999999999 0.78743700000002 0.011145 0.91515600000003 0.270294000000002 0.780907000000022 0.215467000000004 0.263247000000002 0 0.265193000000003 0.571178999999998 1.00054900000004 0.997172000000046 0.006229 0.763851000000017
"94" 93 1.06927278786213 0.0644139999999998 0.0597739999999999 0.786813000000027 0.010837 0.916698000000037 0.270695000000001 0.786031000000026 0.222064000000003 0.271088000000001 0 0.276333 0.56824 1.00055700000004 0.997144000000045 0.006269 0.763459000000028
"95" 94 1.07003197154156 0.0671609999999999 0.0645529999999999 0.788758000000017 0.012396 0.91979200000003 0.283393999999998 0.783978000000019 0.237297000000004 0.278231999999999 0 0.289690999999997 0.563328999999998 1.00059100000004 0.997656000000045 0.00753100000000001 0.772900000000023
"96" 95 1.07105599213837 0.0657739999999999 0.0690589999999998 0.78923000000002 0.013818 0.922142000000033 0.285851999999998 0.786130000000018 0.241624000000004 0.283231 0 0.298694999999998 0.566426999999995 1.00047900000004 0.997166000000042 0.008247 0.772962000000031
"97" 96 1.07166756510992 0.0669559999999999 0.0751999999999998 0.790303000000017 0.014448 0.924366000000025 0.293826999999998 0.79108800000002 0.249553000000003 0.285052999999999 0 0.307423999999995 0.568428999999999 1.00046300000003 0.997406000000036 0.011132 0.784664000000028
"98" 97 1.07291712949087 0.0697379999999999 0.0829659999999998 0.783987000000022 0.015552 0.928151000000034 0.300738999999999 0.796273000000024 0.258349000000003 0.286527 0 0.313868999999997 0.57539 1.00050700000004 0.997062000000039 0.012446 0.788322000000026
"99" 98 1.07350294224362 0.0699809999999999 0.0835839999999997 0.786435000000022 0.01547 0.931736000000031 0.305324999999997 0.806235000000026 0.272677 0.299434999999996 0 0.320763999999994 0.572805999999996 1.00050200000004 0.996983000000041 0.011271 0.800432000000029
"100" 99 1.07459576823886 0.0705379999999999 0.0900589999999997 0.787832000000018 0.016279 0.932724000000033 0.315845999999997 0.812790000000025 0.283107999999999 0.307689999999997 0 0.325467999999995 0.572037 1.00055300000004 0.997190000000039 0.011713 0.811393000000029
"101" 100 1.07556935200492 0.0735369999999998 0.0941739999999998 0.791130000000027 0.014353 0.937348000000031 0.322557999999995 0.81566100000003 0.289309999999997 0.320843999999994 0 0.332928999999994 0.568932999999997 1.00047100000004 0.99696600000004 0.011884 0.809053000000033
"102" 101 1.07646745241388 0.0748779999999998 0.103358 0.790648000000024 0.012365 0.937626000000029 0.331423999999995 0.822798000000023 0.300753999999997 0.325508999999994 0 0.343264999999993 0.567720999999996 1.00048200000004 0.997333000000039 0.012338 0.819871000000025
"103" 102 1.07673549280958 0.0755559999999998 0.106465 0.78908900000002 0.012924 0.941141000000029 0.341083999999991 0.826391000000026 0.311276999999994 0.335055999999993 0 0.346693999999992 0.567921000000003 1.00048000000003 0.997370000000038 0.014271 0.829424000000024
"104" 103 1.07675056710651 0.0741389999999999 0.111979 0.79190600000002 0.013393 0.945083000000032 0.345245999999995 0.829508000000026 0.320822999999997 0.349061999999995 0 0.356301999999994 0.560451999999997 1.00051800000004 0.99724400000004 0.014276 0.835338000000022
"105" 104 1.07812234732905 0.0777209999999998 0.12369 0.798467000000017 0.014451 0.946226000000021 0.352498999999993 0.83430600000002 0.330185999999994 0.351123999999993 0 0.365814999999993 0.563837 1.00051600000003 0.99711500000003 0.013239 0.839961000000022
"106" 105 1.07889643917446 0.0769749999999998 0.131669 0.797697000000023 0.015745 0.947929000000028 0.359746999999992 0.838332000000022 0.336515999999995 0.357703999999994 0 0.375039999999993 0.567778000000001 1.00043400000003 0.997048000000037 0.013216 0.847937000000022
"107" 106 1.07952867248785 0.0774429999999998 0.138878 0.798111000000019 0.015592 0.952720000000031 0.364236999999994 0.840089000000029 0.343979999999994 0.361061999999993 0 0.380830999999991 0.568439000000001 1.00044300000003 0.996837000000038 0.012061 0.849384000000023
"108" 107 1.08006195965209 0.0772149999999998 0.147753000000001 0.800639000000019 0.015383 0.951019000000026 0.365624999999993 0.842855000000024 0.353196999999994 0.366520999999993 0 0.387941999999992 0.569854999999998 1.00044200000003 0.996944000000033 0.011557 0.849205000000028
"109" 108 1.08026285117662 0.0796369999999997 0.155645 0.805245000000021 0.016749 0.953252000000032 0.371105999999993 0.843401000000028 0.365307999999992 0.374108999999992 0 0.402478999999991 0.570377 1.00045900000003 0.997209000000036 0.012851 0.854325000000033
"110" 109 1.0810319983267 0.0797749999999998 0.156158 0.803745000000022 0.018068 0.954300000000031 0.367154999999994 0.845508000000025 0.366908999999993 0.380487999999992 0 0.414771999999992 0.572012 1.00046300000003 0.997204000000038 0.013894 0.858807000000033
"111" 110 1.08201141331722 0.0813029999999999 0.165008000000001 0.806962000000013 0.018835 0.954963000000024 0.378873999999992 0.851509000000018 0.375968999999992 0.389349999999993 0 0.419844999999992 0.570555999999998 1.00043000000003 0.997282000000032 0.014272 0.865090000000029
"112" 111 1.08307394852512 0.0825889999999997 0.176863000000001 0.809561000000022 0.020336 0.95666400000003 0.385085999999992 0.856628000000029 0.377338999999991 0.399834999999991 0 0.43016199999999 0.563166000000001 1.00041400000003 0.997041000000039 0.014918 0.864392000000026
"113" 112 1.08414294251236 0.0837799999999997 0.183019000000002 0.81271300000002 0.020491 0.956956000000029 0.39802299999999 0.859447000000024 0.376648999999993 0.413678999999992 0 0.434684999999991 0.558552999999999 1.00040100000003 0.997035000000036 0.016462 0.870462000000022
"114" 113 1.08434025652793 0.0855099999999998 0.182225000000002 0.812439000000018 0.022495 0.955203000000024 0.399383999999992 0.863302000000021 0.384362999999993 0.425023999999992 0 0.447776999999991 0.561832999999999 1.00042800000003 0.997015000000029 0.016214 0.875030000000029
"115" 114 1.08517628286574 0.0875449999999998 0.188411000000001 0.811791000000019 0.024444 0.959316000000032 0.408939999999992 0.867593000000027 0.385659999999993 0.429490999999992 0 0.448136999999991 0.558095 1.00039000000003 0.997218000000037 0.017089 0.879697000000029
"116" 115 1.08627122573519 0.0901719999999997 0.194772000000002 0.813185000000018 0.024419 0.960122000000029 0.414769999999991 0.870256000000024 0.393225999999991 0.441714999999989 0 0.452462999999989 0.555888999999995 1.00043700000003 0.997028000000034 0.016997 0.88081100000002
"117" 116 1.08703596067814 0.0883589999999998 0.204815000000002 0.812632000000019 0.025166 0.96261900000003 0.42614399999999 0.869232000000024 0.398232999999992 0.442778999999989 0 0.45600199999999 0.553219999999996 1.00046600000003 0.997130000000035 0.017405 0.886611000000024
"118" 117 1.08801755415067 0.0861329999999999 0.215365000000002 0.819007000000023 0.023777 0.964461000000025 0.43395399999999 0.875611000000024 0.414796999999992 0.455480999999991 0 0.47411299999999 0.550209999999998 1.00043300000003 0.997300000000031 0.020074 0.888011000000027
"119" 118 1.08923286975868 0.0842049999999997 0.225636000000002 0.822318000000017 0.022132 0.968211000000027 0.44318799999999 0.880225000000023 0.418910999999992 0.463532999999991 0 0.48197099999999 0.544996999999996 1.00039900000003 0.997125000000032 0.021412 0.893718000000023
"120" 119 1.09040706279231 0.0842669999999998 0.237443000000003 0.829265000000019 0.020952 0.970329000000028 0.449509999999989 0.886006000000021 0.434926999999991 0.47599999999999 0 0.494387999999989 0.541334999999994 1.00045500000003 0.996992000000033 0.021808 0.893905000000024
"121" 120 1.09113872593148 0.0880279999999999 0.255373000000001 0.832098000000018 0.023036 0.970448000000022 0.46094799999999 0.88771600000002 0.445924999999991 0.480384999999991 0 0.497185999999991 0.545382999999994 1.00039100000003 0.997007000000029 0.022807 0.895780000000026
"122" 121 1.09296747443617 0.0878559999999998 0.266822 0.831597000000017 0.023009 0.972539000000027 0.469716999999988 0.887872000000024 0.442122999999991 0.480327999999989 0 0.499482999999989 0.550141999999999 1.00040100000003 0.997093000000032 0.021676 0.901062000000028
"123" 122 1.09448451329072 0.0874139999999997 0.275115 0.833717000000015 0.022028 0.971551000000023 0.475169999999989 0.893225000000021 0.448552999999991 0.48791099999999 0 0.505299999999991 0.547396999999993 1.00039300000003 0.99701300000003 0.024282 0.904846000000023
"124" 123 1.0955516356912 0.0884219999999998 0.285492999999998 0.832471000000016 0.024273 0.973321000000027 0.482577999999989 0.897067000000021 0.45004399999999 0.495116999999989 0 0.515487999999992 0.547854999999995 1.00039900000003 0.997070000000035 0.025969 0.906377000000026
"125" 124 1.0959986207586 0.0879049999999997 0.300720999999997 0.838950000000019 0.024119 0.972921000000029 0.491078999999989 0.900358000000028 0.46081399999999 0.501183999999991 0 0.520888999999991 0.542672999999997 1.00038600000003 0.997017000000032 0.028061 0.910598000000027
"126" 125 1.09583531696414 0.0819139999999999 0.311713999999997 0.841847000000015 0.022917 0.973479000000024 0.501314999999987 0.90110300000002 0.47725299999999 0.511595999999993 0 0.530993999999996 0.539873999999994 1.00043900000003 0.997075000000029 0.027013 0.916390000000019
"127" 126 1.0969552606581 0.0813329999999999 0.320164999999997 0.842579000000014 0.024765 0.975122000000023 0.50851899999999 0.90587000000002 0.490131999999989 0.517700999999994 0 0.541276 0.543909999999996 1.00037300000002 0.997141000000029 0.029151 0.921571000000025
"128" 127 1.09791290260068 0.0777879999999999 0.334374999999996 0.845385000000017 0.024045 0.979405000000024 0.51726499999999 0.90716000000002 0.495287999999991 0.526549999999995 0 0.548267999999997 0.540638999999994 1.00038200000003 0.996976000000029 0.032032 0.925058000000023
"129" 128 1.09805014171354 0.0776799999999999 0.342725999999996 0.840632000000019 0.026935 0.980541000000028 0.527685999999992 0.911149000000027 0.50185699999999 0.531493999999997 0 0.555785999999999 0.543576999999995 1.00040500000003 0.997238000000033 0.032669 0.924675000000023
"130" 129 1.09890662082411 0.0763139999999999 0.355964999999996 0.843278000000015 0.02824 0.980291000000022 0.533480999999993 0.91622000000002 0.509466999999992 0.538701999999994 0 0.560464 0.543083999999992 1.00028600000002 0.996821000000026 0.033674 0.927594000000018
"131" 130 1.09967805327195 0.076402 0.371098999999994 0.841078000000019 0.029252 0.980169000000026 0.544763999999997 0.918937000000025 0.519350999999993 0.547396999999998 0 0.567792000000001 0.547475999999997 1.00030600000003 0.997037000000029 0.03534 0.931284000000019
"132" 131 1.10046212372396 0.0799289999999999 0.381193999999994 0.840688000000018 0.032191 0.980566000000029 0.550791999999997 0.924013000000025 0.529993999999994 0.555895999999999 0 0.570230000000001 0.547709999999994 1.00034600000003 0.996845000000033 0.036731 0.931798000000019
"133" 132 1.10180468751494 0.0802659999999998 0.384982999999994 0.83961000000002 0.0332300000000001 0.979884000000026 0.549273999999996 0.925318000000024 0.536722999999995 0.559096999999998 0 0.572650000000001 0.550903999999998 1.00035500000003 0.997117000000029 0.03649 0.936366000000022
"134" 133 1.10231923030403 0.0770449999999999 0.392666999999994 0.839189000000015 0.033554 0.981271000000021 0.551620999999995 0.92748600000002 0.543842999999995 0.561219999999999 0 0.582467000000001 0.551339999999995 1.00037200000002 0.997052000000024 0.037561 0.940303000000019
"135" 134 1.10328486194981 0.0769989999999999 0.406820999999993 0.840895000000015 0.030848 0.982747000000025 0.561126999999999 0.928092000000021 0.550419999999996 0.565343999999997 0 0.596895 0.554675999999997 1.00036400000003 0.996928000000031 0.039319 0.942448000000029
"136" 135 1.10496516479458 0.0732949999999999 0.409939999999994 0.838123000000015 0.031746 0.984090000000023 0.565633 0.929294000000021 0.553033999999999 0.574304000000001 0 0.603269000000003 0.556944999999999 1.00033200000002 0.996999000000027 0.039416 0.943340000000023
"137" 136 1.10631653719115 0.0749879999999998 0.414817999999994 0.837883000000015 0.032339 0.984389000000024 0.568618999999999 0.932487000000021 0.559924 0.578513000000001 0 0.611171000000003 0.561660999999998 1.00033600000002 0.997045000000028 0.039094 0.945579000000019
"138" 137 1.10749255167021 0.0761979999999999 0.420183999999994 0.840731000000017 0.031747 0.986106000000028 0.573731 0.937228000000026 0.575803999999999 0.589331000000002 0 0.623237000000003 0.563674999999997 1.00037400000003 0.997159000000031 0.039115 0.944766000000027
"139" 138 1.10913274813927 0.07353 0.431952999999993 0.83864300000002 0.029975 0.986679000000028 0.586063000000003 0.941351000000026 0.588779000000003 0.597905000000003 0 0.629616000000005 0.557022 1.00029100000003 0.996949000000032 0.042385 0.944177000000016
"140" 139 1.110499199685 0.0714509999999999 0.446445999999992 0.836703000000017 0.028402 0.986180000000024 0.590315 0.942566000000025 0.596752000000003 0.604848000000003 0 0.640006000000007 0.557656999999995 1.00033800000003 0.997112000000027 0.044039 0.939799000000027
"141" 140 1.11161303038232 0.0703439999999999 0.453455999999994 0.834801000000016 0.030666 0.986654000000027 0.592519000000006 0.945548000000025 0.599622000000004 0.610175000000003 0 0.639051000000005 0.562124999999998 1.00031800000003 0.996854000000031 0.0457479999999999 0.941677000000019
"142" 141 1.11309703377791 0.0692189999999999 0.463495999999993 0.837875000000012 0.031442 0.986110000000019 0.600598000000002 0.94630400000002 0.603316000000005 0.612713000000004 0 0.641612000000007 0.564488999999998 1.00031900000002 0.996743000000024 0.047292 0.943618000000016
"143" 142 1.11482901276249 0.0713519999999998 0.468835999999992 0.840032000000013 0.0310020000000001 0.986978000000022 0.601774000000005 0.949626000000021 0.610881000000005 0.615431000000004 0 0.649776000000006 0.557345000000001 1.00032800000002 0.997135000000027 0.045356 0.946862000000021
"144" 143 1.11647784487239 0.067393 0.477222999999992 0.836080000000013 0.0318930000000001 0.989188000000021 0.607878000000001 0.949067000000021 0.610329000000002 0.619431000000002 0 0.647964000000004 0.550185999999996 1.00033500000002 0.997107000000027 0.0456769999999999 0.950452000000021
"145" 144 1.11752286813521 0.0667619999999999 0.486425999999993 0.836304000000014 0.032623 0.98928500000002 0.612949000000002 0.952039000000017 0.621340000000004 0.624266000000004 0 0.647835000000006 0.548838999999995 1.00034900000002 0.997121000000024 0.044583 0.954248000000019
"146" 145 1.1189901756611 0.0667879999999999 0.488889999999992 0.839895000000016 0.0342000000000001 0.988713000000024 0.614215000000004 0.955245000000024 0.630838000000006 0.627268000000005 0 0.655365000000005 0.549909999999999 1.00029100000002 0.996977000000027 0.04669 0.955073000000021
"147" 146 1.12010357088591 0.0692209999999999 0.497886999999993 0.840054000000014 0.034327 0.990159000000022 0.619373000000007 0.95730500000002 0.634323000000007 0.635502000000007 0 0.663835000000006 0.554247999999999 1.00029500000002 0.997117000000026 0.0485879999999999 0.953346000000016
"148" 147 1.12174228241014 0.066803 0.50008399999999 0.841019000000017 0.03519 0.989367000000028 0.618865000000006 0.957394000000026 0.639321000000007 0.640319000000006 0 0.675677000000007 0.551349999999999 1.00031700000003 0.996945000000032 0.04726 0.955353000000019
"149" 148 1.12271819819587 0.0692219999999998 0.508093999999996 0.841882000000012 0.035321 0.989761000000016 0.623267000000006 0.957665000000015 0.644632000000009 0.646222000000006 0 0.675001000000008 0.553945999999997 1.00030100000002 0.997058000000019 0.047886 0.955079000000029
"150" 149 1.12411822778903 0.068923 0.512739999999994 0.840103000000015 0.037468 0.990780000000022 0.625742000000007 0.955975000000021 0.643579000000009 0.646686000000007 0 0.675836000000006 0.558761000000001 1.00030400000002 0.996969000000026 0.0497669999999999 0.954017000000018
"151" 150 1.12637096071755 0.0701989999999999 0.518785999999995 0.842689000000014 0.036755 0.990386000000023 0.629876000000005 0.956167000000022 0.644527000000005 0.653718000000004 0 0.681260000000009 0.559858999999997 1.00032100000002 0.996908000000025 0.0486219999999999 0.955756000000022
"152" 151 1.12757279853266 0.0697629999999999 0.528284999999996 0.846267000000013 0.038712 0.990103000000022 0.638825000000005 0.957599000000021 0.644607000000006 0.655362000000006 0 0.681325000000009 0.567080999999999 1.00027300000002 0.996909000000025 0.049692 0.958049000000018
"153" 152 1.12881876647506 0.067407 0.527926999999999 0.845468000000012 0.038493 0.988225000000017 0.637776000000007 0.955791000000017 0.647745000000005 0.661798000000006 0 0.684717000000006 0.560748000000001 1.00020900000002 0.996971000000019 0.04777 0.955989000000018
"154" 153 1.13039346865431 0.0656139999999999 0.534081999999997 0.843762000000015 0.042497 0.987626000000021 0.642400000000007 0.953154000000021 0.648734000000008 0.657645000000009 0 0.68256000000001 0.564218000000001 1.00028100000002 0.996802000000023 0.0493729999999999 0.957596000000019
"155" 154 1.13127969713376 0.064084 0.539108999999998 0.844737000000017 0.042196 0.988282000000024 0.642815000000007 0.953083000000023 0.651615000000008 0.655200000000009 0 0.68886300000001 0.557730999999998 1.00023400000003 0.996905000000028 0.048815 0.95795500000002
"156" 155 1.13225599151242 0.0643679999999999 0.539514999999999 0.845443000000016 0.042872 0.989017000000022 0.644903000000008 0.956393000000022 0.660026000000009 0.660317000000008 0 0.69105400000001 0.551219999999998 1.00025900000002 0.996820000000025 0.0463839999999999 0.95952500000002
"157" 156 1.13462127427871 0.062337 0.548214000000002 0.847900000000014 0.041389 0.990131000000021 0.650864000000012 0.958378000000021 0.664333000000009 0.661567000000008 0 0.688521000000009 0.555256000000002 1.00028100000002 0.997118000000022 0.045045 0.958191000000017
"158" 157 1.13730351897113 0.0623399999999999 0.552739000000004 0.847330000000015 0.043376 0.991072000000018 0.65653500000001 0.957778000000017 0.668767000000009 0.666063000000009 0 0.688533000000011 0.555873999999999 1.00024600000002 0.99692100000002 0.042402 0.962122000000023
"159" 158 1.13872856028042 0.061835 0.560849 0.848569000000013 0.0434359999999999 0.99288400000002 0.662618000000009 0.959542000000019 0.678629000000009 0.672523000000006 0 0.69772600000001 0.552971 1.00023000000002 0.997021000000023 0.04201 0.963126000000019
"160" 159 1.14090239310201 0.063094 0.563349000000001 0.845366000000012 0.045092 0.992150000000016 0.663829000000008 0.961486000000018 0.679693000000007 0.674590000000007 0 0.697204000000007 0.551289999999993 1.00023600000002 0.996855000000019 0.043823 0.962661000000018
"161" 160 1.14218248558709 0.0617229999999999 0.573073000000005 0.843712000000011 0.044778 0.991589000000017 0.673026000000012 0.963506000000018 0.680688000000008 0.673952000000007 0 0.699157000000008 0.546932999999998 1.00025000000002 0.99702000000002 0.042799 0.96582700000002
"162" 161 1.1436022184167 0.0569599999999999 0.592619 0.844058000000012 0.044213 0.990217000000019 0.687379000000007 0.96400400000002 0.690739000000007 0.676223000000004 0 0.700331000000007 0.541663999999992 1.00025400000002 0.997007000000025 0.044445 0.96908900000002
"163" 162 1.14503286479196 0.05586 0.591943000000005 0.846393000000009 0.044312 0.991375000000016 0.687444000000012 0.964160000000015 0.688795000000009 0.680471000000006 0 0.705925000000008 0.539436000000001 1.00020400000002 0.996974000000018 0.04473 0.968941000000017
"164" 163 1.14603247848294 0.0556059999999999 0.600765000000004 0.848084000000011 0.045317 0.990625000000019 0.697116000000011 0.965397000000018 0.697920000000007 0.687137000000007 0 0.715268000000006 0.540601999999999 1.00029500000002 0.996868000000021 0.047299 0.968589000000019
"165" 164 1.14823056877669 0.0550659999999999 0.609521000000005 0.84800100000001 0.046631 0.991145000000015 0.704981000000009 0.966081000000017 0.700325000000007 0.690261000000006 0 0.720023000000006 0.546412999999995 1.00020800000001 0.996822000000018 0.0492349999999999 0.971194000000019
"166" 165 1.14989779956257 0.056029 0.618096000000002 0.844528000000007 0.0495259999999999 0.989359000000017 0.708988000000007 0.966540000000014 0.705494000000008 0.694795000000007 0 0.724795000000009 0.551442 1.00023400000002 0.99697400000002 0.0511259999999999 0.973402000000017
"167" 166 1.15070847751128 0.057736 0.619113000000003 0.84315900000001 0.050238 0.989292000000014 0.708623000000008 0.968239000000014 0.70636100000001 0.698516000000008 0 0.729891000000009 0.546481999999998 1.00022300000001 0.996997000000015 0.0501 0.972478000000023
"168" 167 1.1525450082414 0.0583559999999999 0.623068000000004 0.840008000000007 0.053998 0.990202000000012 0.709225000000009 0.969167000000013 0.705956000000006 0.694734000000004 0 0.729400000000006 0.544623999999998 1.00024700000001 0.996728000000016 0.052739 0.975224000000016
"169" 168 1.15444094477997 0.0565009999999999 0.631588000000005 0.841843000000013 0.053761 0.989478000000019 0.717519000000013 0.97097700000002 0.713575000000008 0.702746000000007 0 0.729123000000009 0.547908999999999 1.00019500000002 0.996740000000022 0.053895 0.975646000000022
"170" 169 1.15636770671683 0.0559139999999999 0.642630000000006 0.843756000000017 0.054422 0.988769000000019 0.723477000000015 0.96951800000002 0.714011000000014 0.704446000000014 0 0.725535000000013 0.542512999999997 1.00024300000002 0.997009000000022 0.053273 0.977230000000014
"171" 170 1.15797852693231 0.057408 0.653236000000006 0.851531000000009 0.054262 0.990441000000016 0.73426900000001 0.970453000000016 0.716592000000007 0.709646000000007 0 0.730783000000009 0.541424999999996 1.00018600000002 0.996774000000019 0.0544969999999999 0.977701000000018
"172" 171 1.15963559420437 0.0581269999999999 0.653942000000001 0.850625000000011 0.053847 0.990301000000018 0.731772000000006 0.971476000000017 0.724487000000004 0.716202000000003 0 0.736500000000006 0.545176999999992 1.00022300000002 0.997167000000021 0.0554159999999999 0.978838000000014
"173" 172 1.16151768277378 0.0564689999999999 0.661727 0.852816000000012 0.055104 0.989343000000017 0.739062000000007 0.971532000000017 0.730006000000005 0.721481000000004 0 0.739377000000006 0.548342999999994 1.00020600000002 0.996605000000019 0.059202 0.979500000000014
"174" 173 1.16259440966573 0.058817 0.669482000000005 0.855974000000009 0.053998 0.989458000000016 0.745668000000009 0.972849000000015 0.739974000000008 0.727008000000008 0 0.743538000000007 0.544635999999992 1.00018700000002 0.996774000000019 0.057906 0.979970000000012
"175" 174 1.16320360913642 0.056243 0.667881000000006 0.860663000000015 0.050231 0.990262000000018 0.74268100000001 0.976163000000018 0.75253900000001 0.733293000000009 0 0.751410000000008 0.536001999999994 1.00019000000002 0.997080000000019 0.059047 0.980360000000015
"176" 175 1.16413998804179 0.0549959999999999 0.669989000000005 0.868128000000012 0.046899 0.990679000000017 0.742170000000011 0.977751000000016 0.761906000000009 0.741609000000007 0 0.767587000000008 0.516710999999995 1.00018300000002 0.996774000000018 0.0571399999999999 0.981266000000014
"177" 176 1.16574184466535 0.054424 0.678463000000008 0.869435000000013 0.04398 0.991132000000016 0.748710000000012 0.979752000000016 0.768834000000008 0.74932500000001 0 0.777980000000008 0.515781999999995 1.00021000000002 0.996601000000018 0.0595739999999999 0.982733000000016
"178" 177 1.16685629386887 0.0527119999999999 0.676817000000009 0.866703000000013 0.045232 0.991558000000018 0.749301000000012 0.979066000000017 0.765339000000008 0.749634000000008 0 0.77539900000001 0.511967999999992 1.00019100000002 0.996951000000019 0.063612 0.983505000000016
"179" 178 1.16976526660951 0.050626 0.686030000000007 0.864915000000009 0.046742 0.991313000000014 0.75486300000001 0.982615000000014 0.772440000000005 0.754715000000008 0 0.781371000000007 0.504683999999994 1.00019600000001 0.996747000000017 0.065486 0.981212000000014
"180" 179 1.17144387976711 0.052019 0.694467000000006 0.864037000000011 0.046839 0.991073000000013 0.76107800000001 0.982469000000012 0.770452000000008 0.761180000000006 0 0.786814000000008 0.507638999999994 1.00018000000001 0.996709000000015 0.0646659999999999 0.980781000000015
"181" 180 1.17434554625731 0.054057 0.699689000000005 0.871413000000011 0.044075 0.992277000000014 0.764065000000008 0.982038000000014 0.776833000000007 0.762865000000007 0 0.793323000000008 0.505642999999992 1.00020200000001 0.996945000000016 0.066331 0.981373000000015
"182" 181 1.17597671222107 0.0567879999999999 0.700759000000007 0.87274300000001 0.043211 0.993530000000013 0.761377000000009 0.982073000000013 0.781765000000007 0.770769000000007 0 0.796234000000009 0.505117999999994 1.00017600000001 0.997062000000015 0.068043 0.981711000000014
"183" 182 1.17773126947572 0.058953 0.692312000000006 0.869351000000009 0.040231 0.994229000000013 0.753887000000007 0.981585000000013 0.786978000000005 0.773322000000005 0 0.798085000000005 0.508097999999995 1.00018500000001 0.996882000000015 0.065045 0.981672000000014
"184" 183 1.17917634574338 0.057282 0.698732000000005 0.87304300000001 0.0392089999999999 0.994486000000014 0.758330000000008 0.982564000000014 0.795166000000007 0.780493000000007 0 0.805931000000006 0.503796999999994 1.00016700000001 0.996977000000016 0.0662419999999999 0.984069000000014
"185" 184 1.18076587545746 0.057124 0.699230000000003 0.872702000000009 0.039343 0.994522000000013 0.761201000000006 0.982428000000014 0.794226000000005 0.782682000000005 0 0.807730000000006 0.508308999999995 1.00017500000001 0.996929000000014 0.066449 0.985157000000017
"186" 185 1.1828381195689 0.056595 0.705331000000003 0.872586000000005 0.040748 0.994375000000007 0.765112000000004 0.981335000000008 0.795455000000004 0.784437000000003 0 0.807646000000005 0.509840999999995 1.00016000000001 0.996856000000009 0.0651789999999999 0.985144000000017
"187" 186 1.18497787372721 0.0582109999999999 0.706945000000002 0.874827000000008 0.042945 0.994534000000011 0.767426000000006 0.98382500000001 0.798849000000006 0.789389000000005 0 0.813729000000005 0.510437999999995 1.00013900000001 0.996928000000012 0.067442 0.986290000000017
"188" 187 1.18700181593555 0.0611709999999999 0.710341000000005 0.875182000000007 0.04344 0.994139000000012 0.769335000000007 0.984987000000012 0.800275000000006 0.792831000000005 0 0.814372000000006 0.508197999999993 1.00011400000001 0.996820000000014 0.068896 0.986066000000014
"189" 188 1.18914791521877 0.0631279999999999 0.713406000000005 0.87676500000001 0.046052 0.994716000000015 0.771238000000007 0.985358000000015 0.801234000000006 0.796035000000007 0 0.816724000000007 0.503810999999992 1.00011500000001 0.996763000000016 0.0738910000000001 0.987076000000014
"190" 189 1.19167723283446 0.061443 0.719003000000005 0.880928000000009 0.043994 0.994400000000011 0.775456000000006 0.986731000000011 0.804758000000007 0.805322000000005 0 0.823263000000007 0.499395999999993 1.00014000000001 0.996911000000012 0.074799 0.987508000000014
"191" 190 1.19370308413029 0.0604959999999999 0.730663000000006 0.882514000000011 0.044939 0.993337000000015 0.785548000000011 0.986454000000015 0.806154000000008 0.80676900000001 0 0.82573100000001 0.508296999999993 1.00012400000001 0.996771000000016 0.074926 0.988955000000016
"192" 191 1.19605945401838 0.060701 0.735597000000008 0.886403000000015 0.045023 0.993792000000019 0.790669000000012 0.986756000000019 0.806465000000009 0.809832000000009 0 0.821937000000009 0.508510999999995 1.00013800000002 0.99700000000002 0.0754549999999999 0.989998000000013
"193" 192 1.19845276898589 0.061734 0.742049000000001 0.892288000000006 0.044451 0.994652000000011 0.794762000000003 0.987264000000011 0.811030000000003 0.816152000000003 0 0.827861000000004 0.508520999999994 1.00013800000001 0.997148000000013 0.0745769999999999 0.989650000000012
"194" 193 1.20057882419808 0.063417 0.747483000000007 0.892851000000013 0.046398 0.993559000000019 0.800117000000011 0.988620000000019 0.809529000000007 0.813956000000006 0 0.826670000000007 0.504137999999992 1.00012800000002 0.99678900000002 0.078525 0.989213000000012
"195" 194 1.20207834714953 0.062077 0.747799000000006 0.892719000000009 0.044999 0.994298000000013 0.797874000000009 0.988463000000013 0.811560000000005 0.820135000000005 0 0.828169000000006 0.495366999999994 1.00012300000001 0.996837000000014 0.084246 0.990429000000013
"196" 195 1.20514244485643 0.0627819999999999 0.749752000000006 0.897012000000008 0.041413 0.994896000000013 0.798210000000009 0.988564000000013 0.818293000000006 0.825985000000006 0 0.832612000000006 0.492216999999992 1.00014500000001 0.996567000000014 0.0858159999999999 0.991633000000009
"197" 196 1.20785642564226 0.059016 0.755601000000005 0.898119000000007 0.040657 0.99483300000001 0.802455000000007 0.987457000000009 0.820154000000005 0.830269000000005 0 0.833082000000006 0.489859999999996 1.00011300000001 0.99676200000001 0.0880139999999999 0.990851000000012
"198" 197 1.20965613171647 0.060015 0.757421000000005 0.899148000000007 0.038501 0.995038000000012 0.800218000000007 0.986488000000011 0.824928000000004 0.833065000000004 0 0.834174000000005 0.488760999999994 1.00010800000001 0.996653000000013 0.088111 0.990480000000016
"199" 198 1.2116702091758 0.059193 0.757221000000004 0.900924000000008 0.037213 0.995418000000011 0.800011000000007 0.987705000000012 0.830354000000007 0.837054000000006 0 0.837921000000006 0.487061999999993 1.00009200000001 0.996963000000013 0.086599 0.991711000000014
"200" 199 1.21337139414949 0.055482 0.756008000000003 0.905167000000006 0.034942 0.996118000000009 0.801765000000004 0.987711000000009 0.836687000000005 0.842676000000004 0 0.841686000000004 0.479686999999995 1.00014100000001 0.996684000000011 0.0851739999999999 0.99235000000001
"201" 200 1.21514048964217 0.056021 0.760605000000001 0.908225000000004 0.03627 0.995947000000007 0.804854000000004 0.987691000000007 0.836566000000004 0.844027000000004 0 0.845628000000003 0.478865999999996 1.00013600000001 0.996681000000009 0.085044 0.992331000000009
