"X" "PopRatio" "Diff_KC" "Fibroblast" "M1" "M2" "Neutrophil" "Prol_KC" "Th0" "Th1" "Th17" "Th2" "Th22" "Treg" "iDC" "pDC" "preDiff_KC" "ILC3"
"1" 0 1 0.000359 0 0 0 0 0 0 0 0 0 0 0.164591 0 0 0 0
"2" 1 1.000001 0.001005 0 0 0 0 0 0 0 0 0 0 0.122465 0 0 0 0
"3" 2 1.000005000004 0.002094 0 0 0 0 0 0 0 0 0 0 0.122035 0.00079 0.000792 0 0
"4" 3 1.000007000014 0.003624 0 0 0 0.000227 0 0 0 0 0 0 0.133517 0.003527 0.003516 0 0
"5" 4 1.000011000042 0.004597 0 0.000206 0 0.000802 0 0 0 0 0 0 0.153877 0.010526 0.010545 0 0
"6" 5 1.000014000075 0.00687 0 0.000874 0 0.001514 0 0 0 0 0 0 0.17014 0.025282 0.025262 0 0
"7" 6 1.000040000439 0.007077 0 0.001982 0 0.002763 0 0 0 0 0 0 0.190722 0.0458220000000001 0.0458020000000001 0 0
"8" 7 1.00005300095901 0.007665 0 0.003561 0 0.004478 0 0 0 0 0 0 0.211139 0.071585 0.071524 0 0
"9" 8 1.00008300254904 0.008682 0 0.006197 0 0.007246 0 0 0 0 0 0 0.229200000000001 0.100469 0.100421 0 0
"10" 9 1.00012900636716 0.009538 0 0.009386 0 0.009215 0 0 0 0 0 0 0.245003000000001 0.130504 0.130432 0 0
"11" 10 1.00019401475258 0.009516 0 0.01619 0 0.013997 0 0 0 0 0 0 0.262306 0.168639 0.168777 0 0
"12" 11 1.00024802522938 0.010437 0 0.021091 0 0.019935 0 0 0 0 0 0 0.2764 0.205992000000001 0.205913000000001 0 0
"13" 12 1.00033404655955 0.010243 0 0.025977 0 0.028362 0 0 0 0 0 0 0.293928999999999 0.247413000000001 0.247285000000001 0 0
"14" 13 1.0004230762897 0.0128 0 0.035966 0 0.036842 0 0 0 0 0 0 0.308639999999999 0.296060999999999 0.296076999999999 0 0
"15" 14 1.00055113044347 0.012469 0 0.045684 0 0.0470469999999999 0 0 0 0 0 0 0.323903999999998 0.345064999999996 0.344878999999996 0 0
"16" 15 1.00071922303339 0.01406 0 0.054442 0 0.055799 0 0.000151 0 0 0 0 0.340393999999999 0.385848999999997 0.385460999999997 0 0
"17" 16 1.00091636472034 0.015984 0 0.0648709999999999 0 0.0671689999999998 0 0.000622 0 0 0 0 0.356088999999997 0.431207999999993 0.430283999999993 0 0
"18" 17 1.00111454616057 0.019132 0 0.0783699999999996 0 0.0775229999999995 0 0.000634 0 0 0 0 0.365003999999996 0.476934999999993 0.474994999999993 0 0
"19" 18 1.00142589278444 0.020097 0 0.0918979999999995 0 0.0919329999999996 0 0.001233 0 0 0 0 0.377258999999996 0.526021999999999 0.523497999999999 0 0
"20" 19 1.0017533590514 0.021488 0 0.110206999999999 0 0.105663999999999 0 0.00213 0 0 0 0 0.389534999999994 0.557663000000003 0.555293000000003 0 0
"21" 20 1.00213102006779 0.024074 0 0.122732999999999 0 0.119234999999999 0 0.003433 0 0 0 0 0.391967999999994 0.593891000000007 0.590412000000007 0 0
"22" 21 1.00251383411748 0.0239200000000001 0 0.139188 0 0.136692 0.000105 0.00409 0 0 0 0 0.394919999999995 0.63075600000001 0.62713400000001 0 0
"23" 22 1.00300506589624 0.023754 0 0.154997000000001 0 0.153117000000001 0.000133 0.006058 0 0 0 0 0.398991999999992 0.665602000000012 0.660909000000012 0 0
"24" 23 1.00349052034818 0.022849 0 0.168199000000002 0 0.176148000000002 6.7e-05 0.006723 0 0 0 0 0.413204999999993 0.700732000000017 0.695001000000017 0 0
"25" 24 1.0040665239069 0.025352 0 0.184945000000003 0 0.195447000000003 6.7e-05 0.00942000000000001 0 0 0 0 0.430275999999988 0.729940000000026 0.723135000000026 0 0
"26" 25 1.00471615494791 0.02609 0 0.206231000000004 0 0.213917000000005 8.3e-05 0.012804 0 0 0 0 0.432674999999994 0.754934000000027 0.747294000000025 0 0
"27" 26 1.00552093258806 0.025819 0 0.221241000000005 0 0.228080000000006 0.000117 0.016709 0 0 0 0 0.440240999999994 0.777332000000035 0.768166000000035 0 7.8e-05
"28" 27 1.00632233277138 0.0281790000000001 0 0.243031000000007 0 0.244990000000006 0.000333 0.020573 0 0 0 0 0.448486999999984 0.797265000000031 0.78743500000003 0 6.7e-05
"29" 28 1.00714952972897 0.026326 0 0.261143000000005 0 0.261139000000005 0.000268 0.023696 0 0 0 0 0.454248999999985 0.818474000000041 0.807394000000039 0 0.000201
"30" 29 1.00809927173556 0.0277660000000001 0 0.276418000000002 0 0.277866000000003 0.000844 0.0300680000000001 0 0 0 0 0.465687999999983 0.832985000000052 0.821843000000052 0 0.000267
"31" 30 1.00905192554742 0.030112 0 0.293626999999999 0 0.292242000000001 0.001198 0.038436 0 0 0 0 0.477586999999984 0.845800000000044 0.833812000000043 0 0.000466
"32" 31 1.01003978738258 0.0300500000000001 0 0.308918 0 0.307820000000001 0.001592 0.04481 0 0 0 0 0.485385999999983 0.859853000000045 0.846249000000043 0 0.00042
"33" 32 1.01113871067131 0.029334 0 0.330132999999996 0 0.322085999999997 0.001692 0.0519749999999999 0 0 0 0 0.490315999999982 0.868487000000052 0.853872000000052 0 0.00029
"34" 33 1.01218119468208 0.0299170000000001 0 0.340786999999995 0 0.339694999999994 0.00215 0.0592369999999998 0 0 0 0 0.499687999999982 0.882522000000052 0.867916000000049 0 0.000625
"35" 34 1.01323386312461 0.0297790000000001 0 0.352476999999993 0 0.357284999999992 0.002625 0.0674219999999997 0 0 0 0 0.506645999999985 0.894186000000049 0.880196000000047 0 0.001211
"36" 35 1.01440009530113 0.0312820000000001 0 0.365822999999991 0 0.362731999999993 0.00335 0.0766289999999997 0 0 0 0 0.510014999999981 0.905294000000053 0.891670000000053 0 0.002018
"37" 36 1.01544898499973 0.035559 0 0.377983999999992 0 0.377987999999989 0.00428 0.0821139999999997 0 0.000133 0 0 0.517128999999985 0.912733000000061 0.898584000000061 3.2e-05 0.003112
"38" 37 1.01658324151605 0.034841 0 0.395868999999986 0 0.39127199999999 0.004451 0.0979419999999992 0 0.000133 0 5.2e-05 0.52576499999999 0.925738000000058 0.911788000000057 0 0.004966
"39" 38 1.01771978158013 0.033642 0 0.407242999999988 0 0.412442999999987 0.005842 0.105387999999999 8.5e-05 7.8e-05 0 0.000134 0.533331999999991 0.932490000000047 0.918678000000047 0 0.007228
"40" 39 1.01881891894428 0.035847 0 0.419256999999985 0 0.428328999999985 0.006571 0.116584999999999 6.6e-05 0 0 0.000267 0.542004999999994 0.940876000000061 0.92812100000006 5.9e-05 0.010326
"41" 40 1.01995490203897 0.0355430000000001 0 0.437256999999983 0 0.441635999999983 0.007279 0.129762 6.7e-05 2.5e-05 0 0.000226 0.545493999999987 0.946344000000062 0.93280100000006 6.7e-05 0.015293
"42" 41 1.02111051094305 0.03698 0 0.454963999999983 6.7e-05 0.456360999999979 0.00762500000000001 0.141573 6.7e-05 0.000185 0 0.00027 0.54108899999999 0.954528000000063 0.940757000000064 0 0.019771
"43" 42 1.02226232359946 0.038645 0 0.470123999999983 0.000134 0.48116399999998 0.009647 0.155672000000001 0.00011 0.000273 0 0.000508 0.54023999999999 0.958341000000053 0.944456000000053 4.9e-05 0.0269380000000001
"44" 43 1.0234093019266 0.038953 0 0.487441999999978 2e-04 0.506028999999979 0.011767 0.171511000000002 0.00046 0.000218 0 0.000912 0.54400799999999 0.965594000000068 0.952142000000069 0 0.03565
"45" 44 1.0244869519216 0.039515 0 0.496000999999977 0.000133 0.52007099999998 0.01292 0.186717000000003 0.000668 0.00049 0 0.000553 0.544506999999994 0.969363000000064 0.955145000000064 0 0.046887
"46" 45 1.02577063407242 0.039747 0 0.50988999999998 2e-04 0.537059999999985 0.016146 0.204927000000003 0.000699 0.000828 0 0.000604 0.543804999999991 0.973347000000058 0.960727000000058 0.000117 0.0552669999999999
"47" 46 1.0269061621644 0.0422509999999999 0 0.522908999999986 0.000316 0.550564999999987 0.019449 0.214473000000004 0.001256 0.001169 0 0.000936 0.552266999999994 0.975402000000051 0.963715000000053 6.7e-05 0.0654799999999998
"48" 47 1.02801316700727 0.042447 0 0.533158999999985 2e-04 0.568972999999991 0.021482 0.228716000000005 0.001599 0.002162 0 0.001766 0.55600699999999 0.979534000000061 0.967669000000062 6.7e-05 0.0797309999999997
"49" 48 1.02898977951599 0.040201 0 0.551482999999988 0.000333 0.579918999999993 0.026146 0.242326000000005 0.002739 0.002324 0 0.001471 0.55964199999999 0.98271600000006 0.970644000000063 6.7e-05 0.0894399999999997
"50" 49 1.03019369755809 0.0444639999999999 0 0.560132999999992 0.000601 0.590699999999996 0.0301190000000001 0.253040000000004 0.002977 0.003169 0 0.002171 0.568818999999997 0.984412000000062 0.973096000000062 0.000134 0.105150999999999
"51" 50 1.03150513413514 0.0457029999999999 6.7e-05 0.579086 0.000468 0.603879 0.0347070000000001 0.270138000000001 0.003049 0.00496 0 0.003295 0.570854999999997 0.986244000000055 0.975552000000056 0.000199 0.118124999999999
"52" 51 1.03273778277049 0.048696 0 0.584482999999995 0.000801 0.618548000000002 0.039667 0.286517999999999 0.003551 0.00610100000000001 0 0.004957 0.576609999999998 0.988773000000059 0.977699000000063 0.000467 0.132859
"53" 52 1.03390580920287 0.050681 0.000201 0.602966 0.000999 0.631632000000005 0.044068 0.305422999999998 0.003881 0.006171 0 0.007353 0.576551999999997 0.989902000000062 0.979086000000065 0.000335 0.141748
"54" 53 1.03503173262916 0.0517419999999999 0.000439 0.613099000000002 0.001068 0.642909000000008 0.0488189999999999 0.323700999999995 0.004743 0.007687 0 0.00965800000000001 0.590284 0.992092000000059 0.980376000000061 0.000266 0.158954000000001
"55" 54 1.03618165288417 0.0533809999999999 0.000602 0.618940000000006 0.000951 0.650656000000008 0.0531299999999999 0.333211999999993 0.005051 0.009173 0 0.012202 0.584534999999999 0.994144000000055 0.983518000000056 0.000274 0.175787000000003
"56" 55 1.03720540035728 0.0572749999999999 0.000866 0.627179000000003 6e-04 0.661396000000012 0.0555659999999999 0.344479999999993 0.00565200000000001 0.010463 0 0.01223 0.588897 0.995601000000057 0.984439000000059 0.000248 0.192148000000003
"57" 56 1.03805072275863 0.0535069999999998 0.00082 0.640350000000008 0.000504 0.678733000000013 0.0613519999999999 0.364183999999992 0.008503 0.011942 0 0.0151 0.587707 0.997417000000055 0.987116000000058 0.000512 0.212740000000004
"58" 57 1.03930468803178 0.0560039999999999 0.000918 0.657619000000011 0.000446 0.690718000000014 0.0659329999999999 0.38555799999999 0.009191 0.014157 0 0.018528 0.590805999999997 0.998691000000059 0.988115000000062 0.000859 0.229923000000005
"59" 58 1.04065682343097 0.0569309999999999 0.001068 0.669775000000009 0.000594 0.700189000000016 0.0710569999999998 0.398751999999986 0.011435 0.016912 0 0.021585 0.594120999999999 0.999402000000055 0.989948000000057 0.001133 0.248248000000006
"60" 59 1.04164024412917 0.0570819999999998 0.00187 0.676485000000015 0.000401 0.711482000000018 0.0772579999999996 0.413315999999989 0.014329 0.020516 0 0.025137 0.597670999999999 0.99989600000006 0.991473000000061 0.001765 0.272902000000002
"61" 60 1.042612094477 0.0598049999999999 0.002619 0.683961000000014 0.000483 0.718511000000019 0.0854779999999996 0.426223999999987 0.016601 0.024176 0 0.027507 0.597208000000001 1.00036700000006 0.991353000000059 0.0016 0.291602999999998
"62" 61 1.04335651951252 0.0560419999999999 0.002593 0.696163000000018 0.000233 0.73211100000002 0.0902949999999998 0.437888999999985 0.019342 0.028673 0 0.0317120000000001 0.588146 1.00073800000005 0.991501000000056 0.001199 0.310747999999997
"63" 62 1.04454907601438 0.0576849999999998 0.003991 0.704379000000014 2e-04 0.738798000000023 0.0983389999999996 0.449590999999984 0.02255 0.0307560000000001 0 0.0350170000000001 0.587570999999998 1.00078700000005 0.992916000000058 0.000937 0.332711999999995
"64" 63 1.04542754178736 0.0581629999999999 0.00482 0.709910000000022 0.000387 0.744202000000022 0.107141999999999 0.466360999999983 0.024318 0.0337840000000001 0 0.035898 0.583673999999997 1.00088200000006 0.994002000000057 0.001456 0.353371999999992
"65" 64 1.04666010085919 0.0564899999999999 0.004557 0.715011000000015 0.000571 0.747591000000025 0.107948999999999 0.479357999999982 0.026157 0.036665 0 0.043728 0.584105999999999 1.00085200000006 0.994562000000059 0.001408 0.367536999999991
"66" 65 1.04778630712777 0.0590229999999999 0.004632 0.728266000000022 0.000422 0.759122000000024 0.114551999999999 0.496861999999981 0.0301550000000001 0.042923 0 0.0487789999999999 0.581907999999998 1.00086000000005 0.995414000000054 0.001332 0.377040999999992
"67" 66 1.04902164718393 0.0610099999999999 0.005568 0.735557000000021 0.000611 0.766495000000028 0.119366999999999 0.504997999999983 0.0298020000000001 0.04811 0 0.0554369999999999 0.588459999999998 1.00086000000005 0.995635000000055 0.001078 0.386134999999988
"68" 67 1.05014305132482 0.0613169999999999 0.007326 0.739679000000024 0.000215 0.765818000000028 0.125962999999999 0.513091999999982 0.033844 0.0515689999999999 0 0.0594379999999999 0.591659999999997 1.00080800000006 0.99567600000006 0.000987 0.407510999999988
"69" 68 1.05080464144722 0.0627409999999998 0.006592 0.750629000000022 0.000368 0.770677000000028 0.125288999999999 0.521477999999982 0.036773 0.0559739999999999 0 0.0647509999999998 0.593097999999999 1.00078800000006 0.995672000000061 0.000869 0.425297999999987
"70" 69 1.0517966010288 0.0600319999999999 0.006891 0.753986000000026 0.00048 0.781058000000031 0.130552 0.53955999999999 0.04153 0.0620259999999999 0 0.0714569999999997 0.597662000000001 1.00080000000005 0.995674000000058 0.001187 0.442292999999984
"71" 70 1.05242452359967 0.0661099999999998 0.007349 0.758902000000025 0.00054 0.791021000000033 0.13554 0.550652999999991 0.045762 0.0683349999999999 0 0.0747889999999999 0.607662000000005 1.00080900000006 0.99551600000006 0.001399 0.455241999999984
"72" 71 1.05332539899194 0.0676979999999999 0.008349 0.761646000000023 0.000482 0.797448000000031 0.144910000000001 0.565480999999993 0.049434 0.0765879999999996 0 0.0823329999999995 0.612015000000004 1.00084600000005 0.996065000000057 0.001052 0.465526999999981
"73" 72 1.05419439244616 0.0684189999999998 0.010547 0.769955000000026 0.001148 0.801615000000031 0.147894000000001 0.576043999999992 0.0520719999999999 0.0876839999999996 0 0.0883099999999996 0.616013 1.00074600000005 0.996212000000057 0.000935 0.481883999999982
"74" 73 1.05492811174336 0.0705019999999996 0.014117 0.77549000000003 0.00139 0.800692000000034 0.155602000000001 0.587094999999998 0.0549469999999999 0.0926219999999995 0 0.0944509999999995 0.619234000000006 1.00079400000006 0.99614500000006 0.001372 0.502921999999983
"75" 74 1.05598831449572 0.0703029999999999 0.014009 0.778815000000026 0.001773 0.801805000000033 0.160939000000002 0.601889999999998 0.0601339999999999 0.0982089999999995 0 0.100861999999999 0.618018000000006 1.00080000000005 0.996812000000052 0.001575 0.516358999999985
"76" 75 1.05707175850645 0.0728169999999999 0.016081 0.786305000000029 0.001601 0.807796000000035 0.168609000000002 0.610094000000004 0.0650979999999998 0.106329999999999 0 0.109434999999999 0.618784000000007 1.00069400000006 0.997059000000059 0.002033 0.532298999999989
"77" 76 1.05771340106392 0.0786179999999998 0.018812 0.791327000000024 0.002303 0.814870000000029 0.173225000000002 0.618305000000003 0.0728579999999996 0.115271999999999 0 0.115243999999999 0.621774000000005 1.00070900000005 0.996438000000048 0.00238 0.54413299999999
"78" 77 1.05859447632706 0.0784479999999998 0.019206 0.78943200000002 0.002723 0.820398000000025 0.184244000000003 0.625039000000006 0.0758289999999996 0.121925999999999 0 0.124032999999999 0.628942000000008 1.00072900000004 0.996598000000042 0.002577 0.556843999999996
"79" 78 1.0593100861931 0.0772719999999997 0.022009 0.792853000000023 0.002916 0.825608000000028 0.188029000000003 0.637403000000006 0.0822989999999997 0.129407 0 0.129843 0.634718000000005 1.00064800000005 0.99634900000005 0.002402 0.563845999999995
"80" 79 1.05987152053883 0.0792119999999996 0.024573 0.795828000000028 0.00243 0.835156000000034 0.196942000000003 0.650115000000013 0.0884959999999994 0.136359 0 0.140104 0.638236000000013 1.00066200000005 0.996356000000051 0.003085 0.575251999999995
"81" 80 1.06087627874035 0.0801079999999998 0.027091 0.804073000000027 0.002321 0.844172000000034 0.206379000000003 0.653753000000013 0.0963859999999996 0.141635 0 0.146912000000001 0.64113300000001 1.00065600000005 0.996473000000052 0.003124 0.583923000000002
"82" 81 1.06183955440149 0.0785949999999998 0.029364 0.801727000000029 0.002478 0.852067000000032 0.211544000000004 0.661321000000014 0.0981779999999994 0.144303000000001 0 0.150039000000001 0.639553000000013 1.00067700000004 0.996760000000049 0.003398 0.597063
"83" 82 1.06251913171636 0.0819739999999997 0.0320500000000001 0.80502000000003 0.002954 0.851917000000034 0.213875000000003 0.668809000000014 0.103277999999999 0.150626000000001 0 0.159218000000001 0.636602000000009 1.00072800000005 0.997121000000056 0.004234 0.618018000000002
"84" 83 1.06315876823371 0.0818059999999997 0.034695 0.808312000000027 0.002817 0.852936000000028 0.215237000000004 0.682408000000012 0.111215999999999 0.160932000000002 0 0.166008000000002 0.635185000000009 1.00062700000004 0.997054000000046 0.004601 0.631263000000004
"85" 84 1.06403800053508 0.0822809999999999 0.0369690000000001 0.80696400000002 0.003326 0.858919000000029 0.221476000000004 0.686334000000009 0.115294999999999 0.169661000000002 0 0.169798000000002 0.640255000000008 1.00065100000004 0.997158000000042 0.005038 0.637346000000013
"86" 85 1.06448915264735 0.0831149999999998 0.038649 0.808040000000027 0.003507 0.85889300000003 0.227149000000004 0.697222000000011 0.118440999999999 0.175571000000002 0 0.174195000000002 0.63917900000001 1.00062900000004 0.997300000000042 0.004877 0.644622000000007
"87" 86 1.06561112421428 0.0836489999999997 0.039943 0.804125000000031 0.004322 0.865423000000033 0.234957000000004 0.704603000000018 0.125900999999999 0.185683000000002 0 0.188636000000002 0.639623000000012 1.00057300000005 0.997073000000053 0.00582 0.649772000000014
"88" 87 1.06614073294307 0.0853819999999997 0.043362 0.801415000000025 0.004224 0.86726600000003 0.242208000000005 0.705843000000017 0.132365 0.193699000000003 0 0.199259000000003 0.638802000000006 1.00062600000004 0.997175000000046 0.00670300000000001 0.656151000000009
"89" 88 1.06665141435419 0.0843899999999996 0.0471659999999999 0.801906000000024 0.004876 0.863101000000029 0.244940000000005 0.719256000000012 0.141734 0.202557000000003 0 0.206646000000003 0.640504000000006 1.00062900000004 0.997025000000048 0.006645 0.661043000000013
"90" 89 1.06750260218289 0.0868369999999999 0.0498569999999999 0.80227000000002 0.005706 0.864468000000026 0.253278000000004 0.725133000000015 0.150054000000001 0.207742000000004 0 0.209493000000003 0.640070000000007 1.00056900000004 0.997095000000042 0.007415 0.668982000000013
"91" 90 1.06844307197545 0.0884399999999997 0.0547889999999999 0.805823000000031 0.00667100000000001 0.86874000000004 0.266417000000002 0.735758000000025 0.157106000000001 0.209411000000003 0 0.218761000000004 0.642265000000011 1.00063700000005 0.997343000000053 0.009942 0.679589000000017
"92" 91 1.06940467074029 0.0870019999999998 0.0590089999999999 0.804505000000027 0.005705 0.874330000000033 0.275481999999999 0.74437100000002 0.163896000000001 0.217665000000003 0 0.222258000000003 0.639813000000011 1.00057800000004 0.996967000000047 0.00987899999999999 0.68863200000001
"93" 92 1.07057246064078 0.0905769999999999 0.064092 0.803573000000024 0.005979 0.87743000000003 0.276245000000001 0.750767000000021 0.168850000000002 0.225924000000003 0 0.228749000000003 0.632718000000006 1.00057900000004 0.996864000000043 0.00945199999999999 0.688622000000018
"94" 93 1.07119446324045 0.0935849999999999 0.0711729999999999 0.80449500000002 0.00657100000000001 0.882734000000027 0.283752999999999 0.761026000000015 0.177488000000002 0.231588000000004 0 0.235858000000004 0.632004 1.00058800000004 0.996919000000044 0.010332 0.699148000000013
"95" 94 1.07187467172465 0.0936699999999997 0.0752399999999998 0.801360000000025 0.00758000000000001 0.886740000000031 0.298703999999996 0.767791000000021 0.188940000000003 0.244859000000004 0 0.240057000000004 0.629930000000007 1.00052000000004 0.997109000000042 0.010912 0.703389000000017
"96" 95 1.07245134029808 0.0976599999999998 0.0804309999999998 0.794910000000021 0.00756600000000001 0.889273000000031 0.302260999999996 0.768558000000022 0.192517000000002 0.253946000000003 0 0.245756000000004 0.635285000000008 1.00053900000004 0.997364000000045 0.012355 0.713326000000015
"97" 96 1.07323637467923 0.0964349999999995 0.0866699999999998 0.792103000000021 0.008422 0.895092000000033 0.311890999999995 0.770217000000023 0.195450000000003 0.263354000000003 0 0.250333000000005 0.638206000000005 1.00054800000004 0.997341000000047 0.012383 0.72259200000002
"98" 97 1.07349717111832 0.0985339999999995 0.0898539999999996 0.796750000000026 0.007847 0.898572000000028 0.315308999999999 0.776128000000024 0.202651000000003 0.275863 0 0.258115000000004 0.635661000000008 1.00057600000004 0.99719300000004 0.011575 0.727773000000019
"99" 98 1.074053242653 0.0988779999999997 0.0915809999999997 0.792954000000025 0.008788 0.896192000000034 0.317607999999995 0.780552000000031 0.207469000000003 0.283782999999998 0 0.271665 0.63684100000001 1.00051400000004 0.997325000000045 0.011371 0.733711000000015
"100" 99 1.07490711498095 0.0980779999999997 0.0960019999999996 0.790826000000025 0.008179 0.898042000000032 0.318534999999996 0.788472000000027 0.216187000000003 0.292034999999998 0 0.283187999999999 0.644181000000009 1.00061000000004 0.997262000000043 0.011561 0.738686000000022
"101" 100 1.07540049734677 0.0993249999999997 0.102059 0.78884400000002 0.00797400000000001 0.904957000000029 0.335606999999994 0.795031000000022 0.222879000000003 0.301907999999996 0 0.291265999999997 0.640565000000011 1.00053700000004 0.997259000000043 0.013357 0.75071200000002
"102" 101 1.07600702322732 0.102212 0.107423 0.787378000000023 0.00817000000000001 0.908555000000032 0.338129999999994 0.805854000000023 0.233833000000003 0.311173999999998 0 0.298190999999998 0.643528000000007 1.00054400000004 0.997205000000041 0.014904 0.75957200000002
"103" 102 1.07669889574329 0.103598 0.119078 0.78633000000003 0.007619 0.911414000000037 0.351312999999993 0.811390000000031 0.241148000000004 0.317670999999996 0 0.308854999999997 0.642278000000007 1.00047700000004 0.997454000000048 0.015073 0.763312000000023
"104" 103 1.07785096356179 0.106472 0.123147 0.783474000000014 0.008762 0.911906000000024 0.351542999999993 0.819102000000018 0.248299000000005 0.325132999999994 0 0.319481999999995 0.643785000000005 1.00053200000003 0.997108000000036 0.015951 0.770462000000019
"105" 104 1.07836509847144 0.111344 0.134226 0.779921000000027 0.00799300000000001 0.917648000000037 0.357018999999992 0.824791000000032 0.258872000000002 0.333640999999993 0 0.328826999999994 0.642039000000009 1.00050300000005 0.997164000000049 0.014911 0.779856000000023
"106" 105 1.07893447524348 0.108883 0.140251 0.786710000000023 0.00811500000000001 0.920060000000033 0.364234999999991 0.827010000000031 0.273521 0.342801999999993 0 0.333486999999994 0.639877000000007 1.00053000000004 0.997141000000041 0.015208 0.786296000000028
"107" 106 1.08011482955944 0.1111 0.149419000000001 0.786175000000019 0.00881 0.925411000000032 0.368942999999991 0.834903000000026 0.288065999999997 0.352694999999992 0 0.347224999999994 0.639963000000007 1.00048800000004 0.997230000000043 0.016138 0.789269000000023
"108" 107 1.08075425753858 0.108184 0.155006000000001 0.782112000000019 0.007893 0.927003000000032 0.374752999999991 0.839509000000027 0.294668999999997 0.355525999999992 0 0.354857999999992 0.641158000000004 1.00049500000004 0.997187000000043 0.014806 0.800169000000022
"109" 108 1.08154536965514 0.109867 0.160706000000001 0.778077000000021 0.00738200000000001 0.928515000000034 0.37976799999999 0.841753000000026 0.303165999999997 0.371214999999993 0 0.368052999999993 0.638524000000007 1.00048200000004 0.997012000000044 0.014912 0.803262000000024
"110" 109 1.08227757587044 0.105752 0.167480000000001 0.780702000000022 0.00759000000000001 0.930491000000033 0.390240999999989 0.849379000000029 0.317963999999995 0.378855999999991 0 0.375629999999991 0.636261000000007 1.00045300000004 0.997162000000041 0.01712 0.80784700000003
"111" 110 1.08304058156147 0.100904 0.172440000000002 0.785456000000027 0.006917 0.933207000000036 0.390385999999989 0.858886000000033 0.323393999999994 0.386766999999989 0 0.38077899999999 0.634187000000012 1.00053000000004 0.997296000000044 0.019994 0.815171000000024
"112" 111 1.08371639888441 0.0932639999999997 0.179947000000002 0.787704000000014 0.00806 0.933850000000025 0.39757699999999 0.859751000000023 0.330484999999994 0.395840999999992 0 0.390120999999991 0.629594000000004 1.00053200000003 0.997277000000036 0.02021 0.816315000000034
"113" 112 1.08502986315989 0.0925389999999999 0.185001000000002 0.790820000000021 0.008652 0.93484800000003 0.404800999999987 0.868951000000026 0.336623999999994 0.39851499999999 0 0.397090999999991 0.629421000000005 1.00047500000004 0.99725800000004 0.020876 0.823220000000028
"114" 113 1.08672250974646 0.0915819999999999 0.189899000000002 0.794345000000022 0.009083 0.937645000000036 0.407441999999987 0.872155000000033 0.343432999999993 0.397009999999989 0 0.40298099999999 0.621669000000005 1.00049100000004 0.997051000000046 0.021787 0.826569000000029
"115" 114 1.08734520174459 0.0930519999999997 0.203612000000003 0.795925000000023 0.010099 0.939595000000033 0.415333999999989 0.879532000000032 0.352016999999994 0.40276699999999 0 0.412799999999991 0.61655600000001 1.00049300000004 0.997326000000041 0.022945 0.822800000000027
"116" 115 1.08787691354828 0.0940459999999997 0.212795000000003 0.800862000000023 0.009723 0.94156700000003 0.424032999999988 0.881977000000033 0.356945999999993 0.413458999999989 0 0.425888999999989 0.613771000000006 1.00045600000004 0.997181000000042 0.024301 0.831712000000027
"117" 116 1.08895717532348 0.0923209999999997 0.222758000000003 0.801453000000024 0.010541 0.942606000000029 0.433223999999987 0.890621000000029 0.367081999999993 0.419430999999991 0 0.43124799999999 0.617685000000006 1.00046200000003 0.997465000000037 0.025207 0.835634000000026
"118" 117 1.08949729808247 0.0915199999999999 0.225888000000003 0.802639000000018 0.00977199999999999 0.94635700000003 0.435802999999988 0.896513000000028 0.378973999999992 0.429633999999989 0 0.450795999999989 0.615286000000004 1.00045500000004 0.997141000000039 0.0249 0.838130000000028
"119" 118 1.09047566665619 0.0894549999999998 0.239339000000003 0.801512000000017 0.00937899999999999 0.950306000000028 0.447265999999988 0.898283000000026 0.389046999999992 0.442500999999988 0 0.458398999999988 0.612169000000004 1.00045900000003 0.997265000000036 0.024009 0.844006000000029
"120" 119 1.09143855666989 0.0886249999999996 0.246292000000003 0.803058000000019 0.010428 0.951046000000031 0.45061999999999 0.904240000000029 0.402174999999994 0.455692999999991 0 0.466857999999989 0.615292000000005 1.00050400000004 0.996925000000038 0.024331 0.845973000000027
"121" 120 1.09223094106207 0.0896099999999997 0.256245000000002 0.813355000000023 0.008879 0.95063800000003 0.453873999999988 0.906288000000029 0.409934999999991 0.460522999999988 0 0.475162999999988 0.607495000000003 1.00045200000003 0.997238000000038 0.025808 0.849683000000024
"122" 121 1.09314295389789 0.0826769999999998 0.263426000000001 0.813934000000016 0.008062 0.951344000000025 0.459093999999988 0.909421000000024 0.411263999999992 0.46445299999999 0 0.476186999999989 0.607448000000002 1.00040900000003 0.997121000000033 0.028033 0.85579300000002
"123" 122 1.094089615696 0.083848 0.27558 0.817945000000022 0.00771100000000001 0.953445000000028 0.466187999999989 0.917670000000029 0.42904199999999 0.479282999999989 0 0.493474999999991 0.606970000000006 1.00043100000003 0.997148000000034 0.027731 0.860262000000022
"124" 123 1.09475263400314 0.0840729999999999 0.281568999999998 0.820893000000022 0.008175 0.954564000000032 0.471063999999986 0.923299000000032 0.43746099999999 0.485307999999988 0 0.505333999999988 0.605350000000005 1.00048100000004 0.997136000000039 0.025186 0.860642000000023
"125" 124 1.09647467989647 0.0836119999999998 0.288275999999999 0.822158000000016 0.00805 0.955680000000029 0.479541999999986 0.925068000000027 0.446535999999992 0.497522999999989 0 0.511933999999992 0.602254000000002 1.00050700000003 0.997242000000032 0.024587 0.863865000000021
"126" 125 1.09769944211395 0.0820879999999997 0.295484999999998 0.823785000000014 0.00759 0.955765000000022 0.480802999999988 0.924617000000021 0.45227599999999 0.50860299999999 0 0.51490899999999 0.602676999999999 1.00046600000003 0.997087000000031 0.02569 0.86317400000002
"127" 126 1.09847441792011 0.0814049999999998 0.304165999999998 0.821979000000017 0.00767100000000001 0.954386000000025 0.488439999999988 0.933523000000025 0.463624999999991 0.520462999999993 0 0.522734999999993 0.604756000000003 1.00044300000003 0.997168000000032 0.026669 0.864015000000021
"128" 127 1.0991829339197 0.0836719999999998 0.304992999999996 0.81612200000002 0.00763500000000001 0.956636000000026 0.487185999999987 0.934913000000027 0.47162599999999 0.526084999999995 0 0.525093999999995 0.609524000000004 1.00038600000003 0.997178000000033 0.0283160000000001 0.869823000000027
"129" 128 1.09996225461988 0.0885629999999998 0.313234999999997 0.821629000000019 0.009178 0.958730000000025 0.491969999999987 0.937351000000025 0.483101999999989 0.535543999999995 0 0.538887999999994 0.605772000000001 1.00046500000003 0.997016000000033 0.0297980000000001 0.872406000000026
"130" 129 1.1012206114392 0.0850919999999997 0.325633999999996 0.823764000000024 0.01023 0.95704000000003 0.503338999999988 0.937771000000031 0.49472099999999 0.543641999999997 0 0.548873999999999 0.609136000000002 1.00040100000003 0.997012000000036 0.0313020000000001 0.874660000000021
"131" 130 1.10120849801251 0.0903839999999997 0.328700999999997 0.826721000000019 0.010564 0.961503000000024 0.503441999999988 0.939373000000026 0.49972799999999 0.552915999999999 0 0.548377999999999 0.604298000000004 1.00042700000003 0.997211000000032 0.0299350000000001 0.879110000000023
"132" 131 1.10318736968347 0.0899399999999998 0.339589999999996 0.831287000000018 0.00978599999999999 0.964328000000024 0.510570999999989 0.941442000000023 0.510709999999992 0.556932999999999 0 0.556761999999999 0.604708000000003 1.00039600000003 0.997132000000031 0.030455 0.886532000000025
"133" 132 1.10411073751192 0.0850049999999999 0.347848999999995 0.833957000000018 0.011056 0.967132000000027 0.51633899999999 0.943450000000024 0.514612999999992 0.569429999999997 0 0.561748999999997 0.608143000000002 1.00038200000003 0.997069000000033 0.030904 0.888062000000023
"134" 133 1.10555049791367 0.0877579999999999 0.348340999999996 0.841241000000016 0.01098 0.968502000000024 0.514881999999991 0.942976000000025 0.518543999999994 0.579856000000002 0 0.574703000000001 0.601756000000005 1.00041100000003 0.997112000000031 0.030365 0.888887000000022
"135" 134 1.10592970173448 0.0901629999999998 0.357081999999996 0.845698000000019 0.011526 0.968850000000025 0.520725999999992 0.943988000000024 0.523913999999991 0.586777000000002 0 0.582701000000002 0.599303000000002 1.00038800000003 0.997057000000028 0.029588 0.887894000000027
"136" 135 1.10771577820281 0.0894359999999998 0.358410999999996 0.84459000000002 0.010587 0.972149000000027 0.522651999999993 0.942712000000027 0.535369999999995 0.592733000000003 0 0.591650000000001 0.590080000000001 1.00042000000003 0.99717800000003 0.03249 0.88709300000002
"137" 136 1.10818766512436 0.0884619999999998 0.370011999999996 0.850049000000018 0.010489 0.972522000000028 0.528844999999996 0.942520000000027 0.545044999999998 0.599689000000002 0 0.594595000000003 0.584604000000004 1.00040400000003 0.997220000000033 0.030267 0.887732000000025
"138" 137 1.10905648425385 0.0900309999999998 0.380244999999996 0.853457000000018 0.009942 0.971183000000026 0.540393999999995 0.945400000000025 0.556769 0.603975000000003 0 0.603111000000003 0.583879000000002 1.00032200000003 0.996989000000033 0.0306300000000001 0.891716000000022
"139" 138 1.11087644594454 0.0900359999999998 0.387984999999995 0.855079000000019 0.008687 0.973141000000029 0.551340999999997 0.947892000000029 0.566373999999999 0.616107000000005 0 0.613179000000005 0.583515000000002 1.00039300000003 0.997114000000033 0.029742 0.899115000000021
"140" 139 1.11202509218968 0.0900679999999998 0.396796999999993 0.85806100000002 0.008866 0.976276000000026 0.554976999999999 0.951121000000027 0.572650000000002 0.621324000000008 0 0.620342000000008 0.579867000000002 1.00039800000003 0.997054000000032 0.030693 0.903366000000028
"141" 140 1.1132516558664 0.0937839999999998 0.406622999999994 0.858500000000017 0.009778 0.976358000000022 0.569294000000001 0.953192000000023 0.572588000000004 0.617667000000008 0 0.616883000000006 0.579601000000002 1.00032800000002 0.997144000000028 0.032475 0.904590000000023
"142" 141 1.11365465296584 0.0954589999999998 0.411574999999994 0.864543000000018 0.00985899999999999 0.976317000000022 0.571198999999999 0.954150000000022 0.580159000000002 0.623202000000005 0 0.621807000000005 0.575416999999998 1.00033300000002 0.997302000000029 0.034082 0.909718000000022
"143" 142 1.11459791845693 0.0968109999999999 0.421778999999995 0.872860000000016 0.009724 0.977598000000021 0.57871 0.95536600000002 0.595045000000003 0.636562000000004 0 0.628835000000005 0.574695000000002 1.00033300000002 0.997064000000025 0.034328 0.913743000000023
"144" 143 1.11654957941217 0.0985869999999999 0.429742999999994 0.868743000000016 0.00972599999999999 0.979194000000021 0.585066000000001 0.960130000000021 0.601015000000002 0.644035000000003 0 0.631703000000001 0.573595999999998 1.00031700000002 0.996850000000025 0.035086 0.91507800000002
"145" 144 1.11825120097122 0.103114 0.431836999999995 0.870183000000017 0.009322 0.979306000000026 0.586067000000001 0.965646000000026 0.607196000000003 0.650762000000006 0 0.639503000000007 0.577619000000003 1.00033100000003 0.997014000000029 0.035728 0.91592100000002
"146" 145 1.11933478638499 0.107156 0.440889999999992 0.872321000000022 0.008804 0.979842000000031 0.596222000000006 0.96710600000003 0.615786000000005 0.659528000000009 0 0.642311000000008 0.579682000000002 1.00035300000003 0.997102000000035 0.034603 0.92108900000002
"147" 146 1.12151972788805 0.105198 0.443572999999994 0.871621000000018 0.008896 0.980319000000024 0.600496000000004 0.969193000000024 0.618026000000006 0.668937000000009 0 0.649717000000007 0.57383 1.00034400000003 0.997095000000028 0.035999 0.918748000000014
"148" 147 1.12282854141052 0.105761 0.450782999999993 0.870969000000018 0.0103 0.979891000000024 0.605016000000006 0.969299000000025 0.624846000000006 0.673278000000006 0 0.659394000000006 0.580950000000002 1.00031600000003 0.996889000000029 0.036384 0.921588000000014
"149" 148 1.1247822630726 0.102153 0.462465999999992 0.87106700000002 0.009956 0.981324000000026 0.612475000000004 0.970494000000026 0.630638000000008 0.678320000000009 0 0.664775000000008 0.575659000000001 1.00031500000003 0.997199000000032 0.037155 0.92590300000002
"150" 149 1.12627372435347 0.0994599999999997 0.466112999999994 0.872629000000021 0.010041 0.983267000000026 0.613870000000006 0.972415000000026 0.635722000000005 0.693892000000007 0 0.673026000000007 0.570825000000001 1.00029600000003 0.997026000000029 0.038732 0.924711000000022
"151" 150 1.1280126909839 0.104266 0.470522999999993 0.877098000000016 0.010097 0.982463000000022 0.617295000000007 0.974265000000022 0.638927000000007 0.70021800000001 0 0.680504000000006 0.567361 1.00029700000002 0.996993000000027 0.039677 0.926486000000019
"152" 151 1.12907640695153 0.107545 0.474094999999993 0.870805000000017 0.013142 0.983204000000027 0.620858000000008 0.975067000000026 0.64488700000001 0.70372400000001 0 0.682242000000011 0.571486000000004 1.00027600000003 0.997003000000029 0.03818 0.927026000000023
"153" 152 1.13042678233427 0.104093 0.477748999999993 0.872450000000013 0.014219 0.981750000000018 0.622237000000005 0.975246000000018 0.653589000000007 0.711808000000008 0 0.689570000000008 0.567368999999998 1.00028700000002 0.996986000000021 0.037642 0.92637200000002
"154" 153 1.13159225234688 0.0991439999999998 0.484544999999993 0.868502000000015 0.015504 0.983362000000021 0.627028000000005 0.97491200000002 0.662925000000009 0.719459000000011 0 0.694997000000008 0.563432999999997 1.00027600000002 0.996871000000024 0.040889 0.92700000000002
"155" 154 1.1337151194123 0.101551 0.494474999999993 0.872078000000017 0.015207 0.983988000000024 0.634608000000008 0.973032000000024 0.670376000000011 0.721106000000012 0 0.700821000000011 0.556738999999999 1.00027200000002 0.996850000000028 0.0432769999999999 0.92663800000002
"156" 155 1.13462209150786 0.102738 0.506632999999994 0.875362000000015 0.017579 0.98466600000002 0.645172000000009 0.975490000000021 0.680462000000008 0.732862000000009 0 0.708624000000008 0.564928 1.00030000000002 0.996978000000024 0.046797 0.932479000000019
"157" 156 1.13609936947103 0.106218 0.515567999999995 0.874598000000013 0.01922 0.984206000000017 0.646967000000009 0.975236000000017 0.68543700000001 0.742347000000009 0 0.709595000000009 0.569081000000001 1.00027000000002 0.99687600000002 0.046482 0.933575000000015
"158" 157 1.13713208379789 0.108264 0.522820999999997 0.87226300000002 0.020438 0.985912000000025 0.650822000000011 0.977743000000025 0.691828000000011 0.743676000000012 0 0.714825000000011 0.566416000000001 1.00024900000003 0.997072000000026 0.0483929999999999 0.93500800000002
"159" 158 1.13805202365371 0.111792 0.526422999999999 0.876113000000011 0.020938 0.98736200000002 0.650796000000005 0.979624000000018 0.695832000000006 0.749557000000007 0 0.723333000000006 0.564687999999999 1.00021900000002 0.996615000000023 0.053102 0.931535000000023
"160" 159 1.1389260476079 0.112137 0.541837999999997 0.873916000000016 0.021929 0.98859700000002 0.664565000000008 0.979708000000019 0.701463000000008 0.756520000000009 0 0.729697000000007 0.565435999999998 1.00020600000002 0.996991000000022 0.052551 0.93672100000002
"161" 160 1.14073124539338 0.115117 0.545725 0.876335000000017 0.022739 0.98948500000002 0.668066000000011 0.98173900000002 0.708422000000011 0.769240000000011 0 0.737710000000012 0.561113999999997 1.00024600000002 0.996694000000023 0.054555 0.939932000000018
"162" 161 1.14252105271743 0.115444 0.551259999999998 0.880091000000015 0.021117 0.990196000000019 0.673346000000008 0.982125000000018 0.712255000000009 0.772560000000011 0 0.743217000000011 0.565210000000001 1.00023000000002 0.996893000000023 0.058331 0.945196000000017
"163" 162 1.14434337379653 0.11679 0.558062999999999 0.882053000000011 0.021675 0.990715000000017 0.673884000000009 0.981883000000018 0.711734000000009 0.769839000000009 0 0.742492000000008 0.555477999999998 1.00024000000002 0.996920000000021 0.05801 0.945515000000026
"164" 163 1.14699252870689 0.113393 0.567713 0.881775000000015 0.020637 0.991881000000021 0.678500000000011 0.981307000000021 0.71920000000001 0.774856000000011 0 0.738098000000009 0.558743999999999 1.00022900000002 0.997151000000024 0.058983 0.945865000000018
"165" 164 1.14851917576262 0.114132 0.561849 0.881066000000018 0.023605 0.991397000000022 0.673851000000009 0.982472000000022 0.725488000000011 0.778597000000013 0 0.741300000000012 0.558471999999998 1.00020900000002 0.997185000000023 0.061357 0.947282000000018
"166" 165 1.1504452424204 0.110771 0.564375000000001 0.883825000000012 0.022775 0.990025000000016 0.676233000000009 0.984524000000015 0.734302000000008 0.781267000000009 0 0.748162000000008 0.558583000000001 1.00025600000002 0.996930000000018 0.065243 0.947268000000016
"167" 166 1.1528531243128 0.106907 0.574504000000001 0.884864000000014 0.022741 0.990526000000017 0.681743000000011 0.985622000000018 0.738401000000009 0.785877000000011 0 0.756997000000009 0.556879999999999 1.00022900000002 0.996988000000021 0.064254 0.951591000000017
"168" 167 1.15455473552431 0.104293 0.592151000000001 0.886202000000015 0.023481 0.99106800000002 0.691339000000007 0.98509100000002 0.743646000000007 0.786880000000008 0 0.758837000000006 0.553323999999999 1.00026000000002 0.996979000000023 0.0714369999999999 0.953383000000018
"169" 168 1.15617111215406 0.100198 0.598973000000002 0.889568000000015 0.023352 0.990673000000018 0.697217000000009 0.984241000000018 0.747722000000008 0.785024000000009 0 0.763750000000007 0.552327999999999 1.00016200000002 0.99699100000002 0.072005 0.952962000000011
"170" 169 1.15945348194149 0.100371 0.606656000000005 0.893574000000013 0.024346 0.991534000000016 0.702021000000011 0.985351000000017 0.75477900000001 0.79286000000001 0 0.76728200000001 0.552765000000001 1.00022300000002 0.99703800000002 0.075004 0.959320000000014
"171" 170 1.16168079208032 0.104614 0.614378000000006 0.898365000000012 0.023893 0.992620000000016 0.70478400000001 0.984589000000017 0.761382000000008 0.797292000000008 0 0.767663000000006 0.545754999999999 1.00023900000002 0.99693500000002 0.071985 0.960802000000013
"172" 171 1.16443165219598 0.105799 0.622304000000003 0.899202000000011 0.023469 0.992876000000016 0.706808000000007 0.984101000000017 0.759477000000009 0.79780300000001 0 0.768870000000008 0.541155999999997 1.00019100000002 0.996928000000019 0.072024 0.958951000000018
"173" 172 1.16542491239532 0.106494 0.628232000000007 0.897606000000013 0.0242 0.993481000000016 0.709087000000011 0.984035000000017 0.757108000000009 0.79516600000001 0 0.768140000000008 0.542963999999999 1.00018800000002 0.996974000000018 0.072451 0.962588000000015
"174" 173 1.16709030459515 0.105108 0.628359000000006 0.893304000000012 0.025018 0.992675000000018 0.70757900000001 0.985092000000018 0.758834000000006 0.792966000000007 0 0.768396000000007 0.545523999999998 1.00019700000002 0.996795000000019 0.069003 0.963123000000014
"175" 174 1.16835192921444 0.109078 0.621110000000005 0.89204100000001 0.024779 0.993152000000015 0.700250000000009 0.984672000000015 0.764834000000007 0.799329000000008 0 0.766204000000007 0.548000999999996 1.00019700000002 0.996478000000018 0.0704970000000001 0.963476000000012
"176" 175 1.17105666393059 0.110148 0.628052000000006 0.891721000000013 0.02396 0.99378100000002 0.70700900000001 0.98320300000002 0.77166400000001 0.80216900000001 0 0.771841000000009 0.545060999999997 1.00021300000002 0.996895000000022 0.071115 0.964079000000018
"177" 176 1.17273010390336 0.111789 0.635038000000003 0.89053200000001 0.023343 0.994769000000014 0.712190000000007 0.980797000000014 0.771625000000008 0.802086000000005 0 0.772326000000005 0.543658999999997 1.00020400000001 0.996951000000016 0.07522 0.963120000000013
"178" 177 1.17573463842958 0.111477 0.639090000000007 0.891725000000009 0.023634 0.995445000000015 0.71456000000001 0.981492000000015 0.772597000000006 0.804431000000007 0 0.781860000000006 0.543970999999999 1.00016600000002 0.996801000000017 0.0788769999999999 0.964205000000014
"179" 178 1.17754762124206 0.108256 0.641856000000005 0.888440000000013 0.023848 0.995177000000015 0.713741000000008 0.983445000000015 0.775122000000008 0.810108000000009 0 0.782021000000008 0.545681999999998 1.00017500000001 0.996817000000018 0.0781729999999999 0.966002000000017
"180" 179 1.17918205734036 0.108955 0.641234000000004 0.888743000000011 0.025235 0.994900000000015 0.710533000000008 0.984140000000015 0.779786000000008 0.813108000000007 0 0.784848000000007 0.544581000000001 1.00017100000002 0.997002000000016 0.0766689999999999 0.967938000000017
"181" 180 1.18055344607306 0.111408 0.640552999999999 0.887536000000008 0.026266 0.994435000000014 0.708479000000006 0.984143000000014 0.783018000000007 0.812353000000007 0 0.786795000000006 0.542493000000001 1.00017300000001 0.997058000000016 0.07632 0.969024000000016
"182" 181 1.18339031600399 0.111829 0.645818000000004 0.884162000000009 0.027692 0.994525000000014 0.710342000000007 0.983381000000015 0.785471000000006 0.820584000000007 0 0.790221000000006 0.541100999999999 1.00016800000002 0.996771000000017 0.076805 0.970426000000015
"183" 182 1.18372876563438 0.113602 0.648307000000005 0.885144000000013 0.027071 0.995250000000017 0.712213000000011 0.983410000000016 0.789641000000008 0.826096000000008 0 0.793514000000008 0.546783000000003 1.00020100000002 0.996749000000019 0.079194 0.971234000000015
"184" 183 1.18656971467192 0.116539 0.656816000000004 0.886494000000012 0.028609 0.995827000000016 0.720805000000006 0.983229000000015 0.792430000000008 0.826083000000008 0 0.796551000000008 0.551687 1.00018000000002 0.997064000000018 0.0806299999999999 0.970761000000015
"185" 184 1.18841957685712 0.117183 0.660514000000001 0.887210000000009 0.028592 0.995844000000013 0.725310000000006 0.983741000000014 0.791624000000006 0.827431000000007 0 0.798955000000004 0.549233999999999 1.00018100000001 0.996900000000014 0.081407 0.972692000000018
"186" 185 1.1910400420241 0.118932 0.661319999999999 0.889952000000009 0.030609 0.995317000000013 0.727164000000002 0.984487000000012 0.791900000000003 0.828677000000005 0 0.801203000000005 0.552389999999998 1.00014300000001 0.996471000000014 0.0824939999999999 0.973422000000013
"187" 186 1.1931255531377 0.120747 0.664978000000007 0.889570000000013 0.031506 0.996510000000018 0.728817000000009 0.985102000000017 0.797508000000011 0.82984000000001 0 0.802800000000009 0.547222 1.00018100000002 0.996817000000019 0.0812359999999999 0.974550000000015
"188" 187 1.19617398892599 0.122778 0.668826000000005 0.888295000000011 0.031142 0.995897000000013 0.734202000000008 0.985548000000013 0.800187000000009 0.829800000000007 0 0.805844000000008 0.553351 1.00017300000001 0.997068000000015 0.0805059999999999 0.976002000000015
"189" 188 1.19867279638887 0.127782 0.669422000000003 0.89105400000001 0.03093 0.996593000000015 0.735343000000007 0.985292000000015 0.802702000000006 0.835830000000007 0 0.810460000000007 0.556182 1.00019800000002 0.997068000000018 0.0813759999999999 0.977710000000014
"190" 189 1.1997312244681 0.129684 0.674282000000002 0.893224000000007 0.031304 0.99615500000001 0.740822000000005 0.987025000000011 0.801952000000007 0.835461000000006 0 0.811465000000005 0.558728999999998 1.00014100000001 0.996723000000013 0.078024 0.981099000000014
"191" 190 1.20081698122625 0.132514 0.679140000000004 0.893513000000009 0.031607 0.996724000000012 0.742777000000007 0.986343000000011 0.797721000000005 0.835127000000006 0 0.811877000000006 0.559222999999999 1.00012900000001 0.996853000000013 0.078976 0.980235000000009
"192" 191 1.20352242188497 0.13227 0.680662000000003 0.889516000000006 0.034327 0.997244000000009 0.743047000000006 0.986354000000009 0.800888000000004 0.832498000000004 0 0.816187000000004 0.562678000000003 1.00014700000001 0.99679200000001 0.077801 0.983579000000013
"193" 192 1.20449847856913 0.13546 0.684773000000004 0.889483000000009 0.035044 0.997487000000013 0.746404000000007 0.987057000000013 0.800007000000007 0.825905000000006 0 0.821648000000008 0.564708000000002 1.00015800000001 0.996707000000014 0.079685 0.983408000000014
"194" 193 1.20659671491881 0.135538 0.691564000000004 0.888115000000009 0.03637 0.996972000000014 0.751450000000005 0.987624000000013 0.803551000000006 0.826159000000007 0 0.823408000000006 0.560943 1.00014700000001 0.996892000000015 0.0795669999999999 0.98460300000001
"195" 194 1.20776470053887 0.130687 0.694472000000005 0.891485000000009 0.03511 0.995945000000013 0.753201000000007 0.988020000000013 0.801764000000007 0.829099000000006 0 0.822080000000006 0.554566999999999 1.00015300000001 0.996881000000014 0.083954 0.98419600000001
"196" 195 1.21013795817544 0.132834 0.705454000000004 0.894449000000007 0.034273 0.99641200000001 0.762652000000006 0.98867500000001 0.806052000000006 0.835973000000006 0 0.829387000000004 0.555698 1.00015000000001 0.996886000000012 0.0893239999999999 0.984492000000011
"197" 196 1.21301687637795 0.12999 0.707903000000004 0.894673000000007 0.034083 0.996378000000011 0.762656000000007 0.989379000000011 0.807366000000006 0.841010000000006 0 0.833139000000006 0.553890000000001 1.00012500000001 0.996738000000013 0.0864299999999999 0.984339000000009
"198" 197 1.2159523772188 0.124309 0.714573000000004 0.894929000000009 0.03504 0.99705700000001 0.768499000000007 0.99029900000001 0.810036000000007 0.844742000000006 0 0.837154000000007 0.557153000000001 1.00014000000001 0.997003000000012 0.0879309999999999 0.985829000000008
"199" 198 1.21630257150345 0.127087 0.714909000000003 0.898748000000006 0.034218 0.997710000000008 0.765540000000006 0.990500000000008 0.810360000000004 0.850078000000003 0 0.843433000000004 0.556046000000001 1.00016300000001 0.99689000000001 0.0918389999999999 0.988265000000013
"200" 199 1.21749333172096 0.130897 0.717136000000004 0.89287000000001 0.035042 0.997210000000012 0.769427000000008 0.989793000000012 0.808198000000007 0.844399000000008 0 0.837769000000007 0.565120999999999 1.00014900000001 0.996879000000014 0.0912789999999998 0.98846000000001
"201" 200 1.22026312905064 0.13234 0.722368000000004 0.893173000000008 0.03699 0.99760900000001 0.771756000000006 0.98972700000001 0.808326000000005 0.839012000000007 0 0.839612000000006 0.563647999999998 1.00014800000001 0.996787000000012 0.0914979999999999 0.987399000000013
