"X" "PopRatio" "Diff_KC" "Fibroblast" "M1" "M2" "Neutrophil" "Prol_KC" "Th0" "Th1" "Th17" "Th2" "Th22" "Treg" "iDC" "pDC" "preDiff_KC" "ILC3"
"1" 0 1 0.000492 0 0 0 0 0 0 0 0 0 0 0.163994 0 0 0 0
"2" 1 0.999998 0.001247 0 0 0 0 0 0 0 0 0 0 0.123706 0 0 0 0
"3" 2 0.999998 0.002129 0 3.1e-05 0 0 0 0 0 0 0 0 0.123856 0.000578 0.000586 0 0
"4" 3 0.999997000002 0.002152 0 0.000183 0 0 0 0 0 0 0 0 0.131695 0.00434 0.004378 0 0
"5" 4 0.999997000002 0.003136 0 0.000452 0 0.000376 0 0 0 0 0 0 0.144286 0.011125 0.011102 0 0
"6" 5 0.999997999998999 0.003862 0 0.001107 0 0.001032 0 0 0 0 0 0 0.155496 0.02359 0.02364 0 0
"7" 6 1.000002999989 0.005111 0 0.002363 0 0.001742 0 0 0 0 0 0 0.170082 0.042789 0.042786 0 0
"8" 7 1.000019000037 0.004939 0 0.003395 0 0.003106 0 0 0 0 0 0 0.186686 0.066351 0.066435 0 0
"9" 8 1.000041000455 0.006494 0 0.006498 0 0.005646 0 0 0 0 0 0 0.204593000000001 0.0974149999999998 0.0972729999999998 0 0
"10" 9 1.00007500184902 0.008056 0 0.011533 0 0.009183 0 0 0 0 0 0 0.222044 0.127654 0.12771 0 0
"11" 10 1.00009900364907 0.008278 0 0.015679 0 0.014437 0 0 0 0 0 0 0.238969 0.165161000000001 0.165050000000001 0 0
"12" 11 1.00015700939128 0.00892699999999999 0 0.021639 0 0.020248 0 0 0 0 0 0 0.255548999999999 0.208272000000001 0.208306000000001 0 0
"13" 12 1.00025202430718 0.008437 0 0.0287410000000001 0 0.0281430000000001 0 0 0 0 0 0 0.272175999999999 0.247384000000002 0.247318000000002 0 0
"14" 13 1.00034904875354 0.008476 0 0.034395 0 0.035302 0 9e-06 0 0 0 0 0.281916999999999 0.287547999999999 0.287295999999999 0 0
"15" 14 1.00044708296033 0.009948 0 0.044997 0 0.0432959999999999 0 1.7e-05 0 0 0 0 0.293884999999998 0.334330999999997 0.333985999999997 0 0
"16" 15 1.00057714108112 0.010178 0 0.0567099999999999 0 0.0535319999999999 0 0.000255 0 0 0 0 0.301152999999998 0.380693999999994 0.380370999999994 0 0
"17" 16 1.00073823400085 0.00967699999999999 0 0.0672029999999996 0 0.0661929999999998 0 0.000548 0 0 0 0 0.317719999999998 0.426368999999996 0.425544999999996 0 0
"18" 17 1.00094738829177 0.011331 0 0.0807029999999996 0 0.0776319999999996 0 0.001027 0 0 0 0 0.331965999999999 0.468790999999992 0.467878999999992 0 0
"19" 18 1.00121263934968 0.010999 0 0.0932349999999996 0 0.0941059999999995 0 0.001857 0 0 0 0 0.342588 0.511711999999994 0.511003999999994 0 0
"20" 19 1.00148897403816 0.013227 0 0.111666999999999 0 0.111068999999999 6.7e-05 0.002318 0 0 0 0 0.353473999999997 0.557725000000004 0.556199000000004 0 0
"21" 20 1.00183548922319 0.014558 0 0.126777 0 0.132489 0.000133 0.003082 0 0 0 0 0.368652999999995 0.596691000000008 0.594632000000006 0 0
"22" 21 1.00222620506402 0.015323 0 0.148728000000001 0 0.147498000000001 6.7e-05 0.004324 0 0 0 0 0.381898999999995 0.63043800000001 0.62795100000001 0 0
"23" 22 1.00267720685634 0.015679 0 0.169572000000001 0 0.164231000000001 0.000133 0.00675 0 0 0 0 0.396478999999992 0.663805000000012 0.660308000000012 0 0
"24" 23 1.00315849191566 0.016755 0 0.189898000000003 0 0.178324000000003 0.000133 0.0089 0 0 0 0 0.399485999999991 0.692695000000024 0.688857000000024 0 0
"25" 24 1.00378045018069 0.018492 0 0.204165000000004 0 0.193516000000003 0.000134 0.011759 0 0 0 0 0.408589999999991 0.719833000000022 0.715681000000021 0 0
"26" 25 1.0044399339365 0.022079 0 0.218493000000005 0 0.210105000000004 0.000163 0.016204 0 0 0 0 0.420624999999994 0.747421000000029 0.742559000000029 0 0
"27" 26 1.00519225944706 0.023488 0 0.229112000000006 0 0.233810000000006 0.000375 0.019805 0 0 0 0 0.426103999999992 0.762347000000022 0.756560000000023 0 6.7e-05
"28" 27 1.00594816402622 0.023945 0 0.240506000000007 0 0.247125000000007 0.000334 0.022768 0 0 0 0 0.434976999999988 0.782866000000043 0.775416000000041 0 0.000133
"29" 28 1.00679617832855 0.022823 0 0.251649000000007 0 0.268370000000005 0.000417 0.022988 0 0 0 0 0.44248099999999 0.798901000000039 0.79035100000004 0 0
"30" 29 1.0077204172203 0.024309 0 0.273763000000004 0 0.287276000000002 0.000627 0.0293160000000001 0 0 0 0 0.453531999999991 0.819677000000033 0.809251000000031 0 3.1e-05
"31" 30 1.0087130218313 0.025664 0 0.287634 0 0.303253999999999 0.000795 0.032867 0 0 0 0 0.456129999999984 0.83562000000004 0.824208000000039 0 0.000149
"32" 31 1.00973081327038 0.026304 0 0.303638999999999 0 0.314484999999998 0.001059 0.0377510000000001 0 0 0 0 0.465803999999984 0.849368000000045 0.837340000000042 0 0.000499
"33" 32 1.01080920577902 0.0288830000000001 0 0.323374999999997 0 0.329742999999996 0.000559 0.0449879999999999 0 0 0 0 0.472373999999982 0.863815000000048 0.851163000000048 0 0.001253
"34" 33 1.01186752301753 0.0286810000000001 0 0.336267999999995 0 0.349291999999993 0.001059 0.0532219999999999 0 0 0 0 0.474934999999981 0.876813000000054 0.863367000000054 0 0.001615
"35" 34 1.01305950295971 0.0294080000000001 0 0.355479999999991 0 0.36401199999999 0.001614 0.0637289999999998 0 0 0 0 0.478397999999981 0.894985000000057 0.879840000000056 0 0.002304
"36" 35 1.01418602512707 0.0298580000000001 0 0.366674999999992 0 0.37502499999999 0.002467 0.0739699999999997 0 0 0 0 0.489486999999982 0.909955000000056 0.894387000000055 6.7e-05 0.002716
"37" 36 1.01530162975478 0.0325340000000001 0 0.382068999999989 0 0.391128999999987 0.002314 0.0848959999999995 0 0 0 0 0.500416999999979 0.92367500000006 0.90765100000006 6.7e-05 0.005615
"38" 37 1.01643673697691 0.0305170000000001 0 0.397363999999989 0 0.405482999999986 0.002719 0.0963289999999994 0 0.000109 0 0 0.508440999999984 0.935037000000059 0.919477000000057 0 0.008359
"39" 38 1.01764121451029 0.030649 0 0.410388999999985 0 0.423964999999985 0.004233 0.113717999999999 0 6.6e-05 0 4.4e-05 0.514620999999984 0.943961000000061 0.929011000000061 0 0.01171
"40" 39 1.01879114908276 0.0316240000000001 0 0.429155999999982 0 0.440428999999981 0.00592 0.126854999999999 3.8e-05 6.6e-05 0 3.7e-05 0.518249999999985 0.951311000000065 0.935733000000064 6.7e-05 0.0165
"41" 40 1.02001166087942 0.034667 0 0.445141999999986 0 0.451888999999981 0.00693000000000001 0.142578000000001 0.000134 0.000267 0 0.000298 0.53703499999999 0.956105000000059 0.940622000000057 0 0.020263
"42" 41 1.02127749535064 0.036247 0 0.46922399999998 0 0.466831999999979 0.00813 0.153166000000001 6.7e-05 0.000556 0 0.000371 0.543414999999991 0.964493000000064 0.949051000000065 0 0.0277110000000001
"43" 42 1.02249179429268 0.035169 0 0.486938999999981 0 0.484253999999978 0.010703 0.172478000000002 0 0.000799 0 0.000546 0.544612999999991 0.968722000000063 0.954217000000062 0 0.0361
"44" 43 1.02367481729875 0.036201 0 0.51196699999998 0 0.494614999999974 0.01226 0.188725000000004 0.000157 0.001081 0 0.000714 0.545912999999987 0.971797000000066 0.957385000000065 3.3e-05 0.0463229999999999
"45" 44 1.02486739846097 0.039702 0 0.531031999999988 0 0.50677399999998 0.01339 0.206800000000004 0.000425 0.001146 0 0.000956 0.553786999999995 0.972873000000064 0.959164000000066 6.7e-05 0.0558069999999999
"46" 45 1.02599372773194 0.0394349999999999 0 0.541987999999985 4.2e-05 0.517354999999979 0.015369 0.221232000000005 0.000989 0.001166 0 0.001448 0.558999999999994 0.97754300000006 0.965156000000061 0.000283 0.0703729999999997
"47" 46 1.0271182168576 0.040625 0 0.556329999999993 6.7e-05 0.535658999999983 0.016362 0.235777000000005 0.001771 0.001494 0 0.001274 0.565202999999996 0.979075000000064 0.966573000000065 0.000279 0.0840469999999997
"48" 47 1.02830864687101 0.040458 0 0.560990999999991 0 0.547461999999989 0.018379 0.247801000000005 0.002177 0.002799 0 0.001567 0.570667999999995 0.980012000000051 0.968951000000054 0.000133 0.100915999999999
"49" 48 1.02937705955516 0.041985 0 0.575525999999992 0 0.56073499999999 0.021277 0.263904000000005 0.002556 0.004085 0 0.003035 0.571041999999994 0.982443000000063 0.970614000000065 6.7e-05 0.113844999999999
"50" 49 1.03048261051719 0.03877 0 0.589510999999995 0 0.575857999999991 0.023774 0.279039000000001 0.003016 0.004871 0 0.004025 0.570187999999993 0.984780000000047 0.973256000000048 0.000134 0.125494999999999
"51" 50 1.03162644621492 0.041076 0 0.596543999999997 0 0.586392999999992 0.0247930000000001 0.294995 0.00376 0.00665900000000001 0 0.005249 0.572315999999998 0.987262000000048 0.975137000000051 0.000323 0.1443
"52" 51 1.03266632567275 0.041334 0 0.605069999999995 0 0.601372999999999 0.0285200000000001 0.309604999999997 0.005327 0.008046 0 0.006562 0.572473999999995 0.989084000000054 0.978501000000056 0.000268 0.164018000000001
"53" 52 1.03375062531476 0.040561 0 0.607967999999996 0 0.619408000000002 0.033505 0.325525999999996 0.005788 0.009876 0 0.0081 0.580971999999995 0.990883000000056 0.980136000000058 0.00011 0.181245000000002
"54" 53 1.03478127468826 0.0436429999999999 0 0.616145000000003 6.7e-05 0.624648000000002 0.03767 0.345903999999993 0.007162 0.010982 0 0.011366 0.581350000000001 0.99189500000006 0.982400000000062 0.000141 0.205186000000003
"55" 54 1.03573223867976 0.044661 0 0.623605000000004 6.6e-05 0.635391000000001 0.040627 0.355799999999991 0.009296 0.012808 0 0.012774 0.587606999999998 0.993384000000061 0.983833000000063 0.00025 0.220088000000004
"56" 55 1.03679697142119 0.042696 0 0.631529000000007 0.000135 0.644882000000006 0.043829 0.36853499999999 0.010789 0.015176 0 0.016313 0.585079999999997 0.993374000000053 0.982522000000055 2e-04 0.238435000000005
"57" 56 1.03773216228947 0.045539 0 0.635504000000005 0.000283 0.660530000000008 0.04968 0.37455499999999 0.01212 0.01799 0 0.019579 0.585058999999998 0.995124000000051 0.985198000000055 0.000284 0.255210000000005
"58" 57 1.03867857402153 0.044578 0 0.652288000000006 0.000215 0.660619000000006 0.0548799999999999 0.392009999999991 0.015349 0.021543 0 0.02359 0.593388 0.995636000000058 0.98713900000006 0.000201 0.273227000000002
"59" 58 1.03974218088139 0.0474129999999999 0.000186 0.662305000000015 0.000473 0.665261000000013 0.0604509999999999 0.406039999999986 0.018537 0.0249390000000001 0 0.025619 0.595981999999999 0.996671000000061 0.989058000000063 0.000284 0.300765999999999
"60" 59 1.04080791661685 0.04576 2e-04 0.673776000000014 0.000606 0.676657000000012 0.0648309999999997 0.422998999999984 0.020327 0.027026 0 0.0305330000000001 0.597524 0.997405000000062 0.989411000000065 0.000266 0.320951999999995
"61" 60 1.04183207160687 0.047452 0.000134 0.675359000000012 0.00094 0.685677000000015 0.0679929999999997 0.430916999999985 0.022225 0.0287140000000001 0 0.0335300000000001 0.604647 0.998461000000056 0.99010700000006 0.000334 0.343936999999994
"62" 61 1.0426551189435 0.0505229999999999 0.00035 0.684868000000015 0.000735 0.699782000000016 0.0703579999999997 0.445378999999986 0.0257400000000001 0.0311740000000001 0 0.0375850000000001 0.609852000000003 0.998854000000056 0.99160600000006 0.000401 0.372120999999991
"63" 62 1.04346317666074 0.0516629999999999 0.000432 0.694310000000015 0.000486 0.705243000000016 0.0729129999999998 0.46885399999998 0.0294320000000001 0.036044 0 0.039399 0.608758000000003 0.998857000000057 0.99214400000006 0.000515 0.396929999999988
"64" 63 1.04431881646566 0.0532979999999999 0.00067 0.703567000000014 6e-04 0.714494000000022 0.0794249999999997 0.488065999999984 0.0320420000000001 0.041979 0 0.0470929999999999 0.606583000000008 0.998756000000054 0.992118000000055 0.000781 0.418860999999985
"65" 64 1.04548636490252 0.051814 0.001025 0.707388000000018 0.000455 0.723736000000015 0.0844749999999999 0.497442999999979 0.035273 0.0450359999999999 0 0.051474 0.609484000000002 0.998894000000049 0.992607000000053 0.001135 0.448498999999983
"66" 65 1.04615547617611 0.0541609999999999 0.001681 0.709279000000011 0.000564 0.730763000000014 0.0933669999999996 0.508679999999984 0.041009 0.0501439999999998 0 0.0569849999999998 0.613868000000002 0.998993000000045 0.992343000000049 0.001172 0.465977999999984
"67" 66 1.04699135440162 0.0543039999999999 0.002385 0.713742000000014 0.000683 0.737672000000019 0.102336999999999 0.521989999999989 0.0416769999999999 0.0557379999999999 0 0.0673119999999998 0.609376000000004 0.999384000000049 0.993110000000051 0.001114 0.48960799999998
"68" 67 1.04768341568693 0.0567819999999998 0.002923 0.71835500000002 0.000448 0.751125000000024 0.108747999999999 0.532848999999986 0.0497549999999999 0.0628339999999998 0 0.0768329999999998 0.602624999999999 0.999733000000055 0.99417100000006 0.001363 0.507555999999982
"69" 68 1.04882224755984 0.0562289999999999 0.003149 0.720109000000017 0.00082 0.761647000000024 0.110766999999999 0.538306999999986 0.0525639999999999 0.0674249999999999 0 0.0818409999999997 0.604332999999999 0.999735000000053 0.993912000000055 0.001597 0.522359999999986
"70" 69 1.04952076317677 0.054898 0.003306 0.719999000000017 0.00066 0.763715000000023 0.111303999999999 0.556279999999993 0.0579299999999998 0.0746869999999998 0 0.0916349999999995 0.610703000000001 0.999972000000047 0.99400500000005 0.00206 0.548335999999992
"71" 70 1.05040341013865 0.057938 0.004571 0.726996000000018 0.001009 0.774890000000026 0.115199999999999 0.566776999999993 0.0633059999999997 0.0786709999999997 0 0.0980099999999995 0.613522000000004 1.00005400000005 0.993886000000059 0.002273 0.574169999999992
"72" 71 1.05111978526442 0.0555949999999999 0.006452 0.733754000000019 0.000967 0.780862000000023 0.124639 0.579144999999995 0.0681109999999998 0.0885779999999997 0 0.103342999999999 0.615821000000003 0.999922000000052 0.993765000000056 0.002212 0.594619999999998
"73" 72 1.05184295567674 0.0584149999999998 0.00691900000000001 0.734784000000013 0.001073 0.791597000000023 0.133112 0.593161 0.0738249999999997 0.0945419999999996 0 0.109803999999999 0.611750000000003 1.00020600000005 0.994437000000052 0.003013 0.610764
"74" 73 1.05287586545927 0.0604149999999998 0.008222 0.740077000000025 0.001567 0.798090000000031 0.139985 0.599236000000005 0.0797979999999997 0.103278999999999 0 0.116263999999999 0.614138000000009 1.00024500000005 0.994526000000053 0.002971 0.619288000000005
"75" 74 1.05359708542716 0.0596600000000001 0.008733 0.74231800000002 0.002437 0.807645000000027 0.148171000000001 0.610919 0.0871219999999998 0.115195999999999 0 0.126273 0.611531000000001 1.00040100000004 0.994589000000047 0.003076 0.633720000000007
"76" 75 1.0543567289258 0.0606769999999998 0.010301 0.737088000000013 0.003098 0.814369000000024 0.153940000000002 0.622189 0.0962859999999995 0.127129999999999 0 0.136514 0.620451000000004 1.00051500000005 0.994942000000052 0.003593 0.644526000000008
"77" 76 1.05484173302115 0.0581919999999999 0.012081 0.74210000000002 0.004448 0.822571000000032 0.162642000000001 0.637313000000011 0.100774999999999 0.135375 0 0.146030000000001 0.616196000000005 1.00069900000005 0.995678000000049 0.004144 0.660180000000013
"78" 77 1.05535227641999 0.0615349999999998 0.014015 0.750352000000022 0.005038 0.826626000000031 0.166484000000002 0.649972000000011 0.112281 0.145716000000001 0 0.153884000000001 0.616543000000003 1.00077100000005 0.99600600000005 0.0047 0.669180000000013
"79" 78 1.05612901569548 0.0610859999999998 0.01498 0.758587000000022 0.00596500000000001 0.829550000000034 0.176036000000002 0.65718400000001 0.117953999999999 0.154597000000001 0 0.158804000000001 0.621057000000005 1.00072200000005 0.996429000000057 0.005794 0.688808000000011
"80" 79 1.05666024859043 0.0647009999999999 0.017733 0.758377000000022 0.006608 0.829047000000032 0.181920000000002 0.666150000000011 0.123082999999999 0.162753000000002 0 0.170496000000002 0.623572000000008 1.00073500000005 0.996253000000053 0.00519 0.710125000000016
"81" 80 1.05719386201602 0.0627499999999999 0.017208 0.759037000000019 0.007459 0.828675000000032 0.183809000000003 0.674990000000015 0.131607 0.173403000000002 0 0.176052000000003 0.628081000000009 1.00069700000005 0.996362000000052 0.004666 0.716341000000017
"82" 81 1.05813582174713 0.063952 0.020047 0.761546000000017 0.008898 0.830569000000029 0.195611000000003 0.680888000000008 0.140856 0.182023000000002 0 0.181833000000002 0.637531000000007 1.00064500000005 0.99622500000005 0.004868 0.72400600000002
"83" 82 1.0588669936 0.0620729999999999 0.023357 0.760648000000016 0.00998599999999999 0.835354000000024 0.197112000000003 0.692519000000011 0.14544 0.193994000000003 0 0.191590000000002 0.640378000000002 1.00068700000004 0.996793000000042 0.00594100000000001 0.733580000000019
"84" 83 1.0594705477864 0.0633559999999999 0.023955 0.756168000000017 0.011282 0.839815000000025 0.199952000000003 0.704064000000011 0.153477000000001 0.199836000000003 0 0.197895000000002 0.641424000000004 1.00062300000004 0.996338000000047 0.006937 0.744761000000026
"85" 84 1.0601856904062 0.0618199999999999 0.0231780000000001 0.761504000000024 0.01087 0.848416000000033 0.203957000000004 0.713174000000021 0.160941000000001 0.204658000000003 0 0.204205000000003 0.63689600000001 1.00070100000005 0.997280000000058 0.006438 0.755015000000022
"86" 85 1.06076561197891 0.0621189999999999 0.027651 0.760671000000017 0.010985 0.853882000000025 0.211607000000003 0.721927000000018 0.169942000000002 0.208360000000003 0 0.207929000000003 0.634802000000006 1.00066800000004 0.996809000000042 0.007314 0.767927000000023
"87" 86 1.06159831298435 0.062496 0.0311160000000001 0.762987000000028 0.010993 0.861491000000036 0.221510000000004 0.731348000000022 0.177924000000002 0.217161000000004 0 0.215984000000004 0.633054000000005 1.00063600000005 0.99686000000005 0.008066 0.777228000000024
"88" 87 1.06191360768335 0.0654049999999999 0.0315050000000001 0.759313000000025 0.010842 0.869058000000037 0.222445000000004 0.740824000000021 0.191826000000002 0.229431000000004 0 0.232847000000004 0.624818000000001 1.00061000000005 0.99698600000005 0.00769900000000001 0.790977000000023
"89" 88 1.06275995282873 0.0664989999999998 0.034587 0.758892000000012 0.011203 0.872264000000019 0.223926000000004 0.750156000000011 0.202237000000003 0.236527000000004 0 0.241345000000004 0.620259000000002 1.00065400000004 0.99682100000004 0.00878 0.80521200000003
"90" 89 1.06365479670905 0.0650929999999999 0.038491 0.765880000000013 0.011267 0.877110000000019 0.234259000000004 0.751740000000015 0.206610000000003 0.243493000000004 0 0.251943000000003 0.620524999999998 1.00058200000003 0.996877000000035 0.009802 0.82207100000003
"91" 90 1.06378775355867 0.0653609999999998 0.044861 0.767705000000024 0.011833 0.884323000000032 0.248005000000005 0.758825000000025 0.214098000000003 0.254821000000004 0 0.257622000000003 0.619355000000006 1.00057900000004 0.996937000000049 0.011275 0.823156000000032
"92" 91 1.06469303693699 0.0711879999999998 0.0501399999999999 0.76825500000002 0.011429 0.884381000000034 0.256238000000005 0.771132000000021 0.224182000000005 0.271998 0 0.271835 0.612520000000008 1.00062200000004 0.996857000000048 0.010572 0.828192000000029
"93" 92 1.06536592293638 0.075327 0.056693 0.772084000000017 0.013101 0.884604000000029 0.269818000000001 0.774671000000019 0.229620000000005 0.275623 0 0.278502999999999 0.609181000000002 1.00050200000004 0.996681000000045 0.011666 0.833969000000028
"94" 93 1.0660243190768 0.0769419999999998 0.0639619999999999 0.772832000000026 0.013972 0.891062000000032 0.276345000000001 0.778048000000026 0.243663000000005 0.287136999999998 0 0.288658999999998 0.605235000000004 1.00053500000004 0.996801000000043 0.011258 0.840158000000026
"95" 94 1.06695389228308 0.0804439999999997 0.0715279999999998 0.769421000000023 0.015265 0.895763000000036 0.284392999999999 0.787786000000028 0.257946000000004 0.296527999999998 0 0.299987999999998 0.604495000000004 1.00058200000005 0.997081000000052 0.012117 0.850863000000024
"96" 95 1.06766128271371 0.0844419999999998 0.0786629999999997 0.773680000000021 0.015591 0.899817000000031 0.298732000000001 0.796096000000028 0.266680000000002 0.307454999999997 0 0.314902999999996 0.595164000000002 1.00056900000004 0.997118000000043 0.012911 0.863153000000031
"97" 96 1.06840437496653 0.0851899999999998 0.0883559999999996 0.775121000000021 0.015977 0.903986000000033 0.308937999999999 0.801264000000029 0.274919000000001 0.318772999999996 0 0.326198999999995 0.595504000000001 1.00060800000004 0.997083000000045 0.012819 0.870291000000031
"98" 97 1.06943004316654 0.0895039999999998 0.0932739999999997 0.770345000000021 0.016441 0.907837000000036 0.315922999999995 0.799268000000027 0.27434 0.315577999999995 0 0.328240999999995 0.600856000000005 1.00060900000004 0.996683000000046 0.011813 0.88160900000003
"99" 98 1.07078714989136 0.0852569999999997 0.102889 0.77160800000002 0.017261 0.913040000000026 0.329630999999993 0.811732000000025 0.285448999999999 0.323284999999995 0 0.337292999999993 0.598521000000004 1.00052100000004 0.996980000000041 0.012587 0.890496000000031
"100" 99 1.07138679069534 0.0831349999999998 0.108197 0.774027000000019 0.01847 0.91436800000003 0.340897999999992 0.817193000000024 0.290447999999998 0.329461999999995 0 0.345650999999993 0.596599000000003 1.00056400000004 0.99695700000004 0.013327 0.897613000000029
"101" 100 1.07200283810002 0.0812789999999997 0.112764999999999 0.769428000000025 0.019407 0.91591900000004 0.352325999999991 0.821833000000034 0.302562999999997 0.337403999999993 0 0.357334999999992 0.597716000000005 1.00050000000005 0.997246000000049 0.013827 0.903809000000029
"102" 101 1.07296656865152 0.0792269999999997 0.122367 0.770465000000018 0.018705 0.912924000000029 0.359795999999991 0.826575000000027 0.317478999999996 0.344021999999993 0 0.368028999999991 0.600691999999998 1.00050700000004 0.99732300000004 0.014185 0.907821000000032
"103" 102 1.07340648494471 0.0832589999999997 0.135878 0.768488000000016 0.022582 0.917162000000028 0.368830999999993 0.836013000000026 0.322166999999997 0.343831999999993 0 0.371432999999991 0.601354000000002 1.00049200000003 0.997021000000042 0.012855 0.909413000000027
"104" 103 1.07413103432208 0.0862719999999999 0.140991 0.773501000000014 0.020576 0.916299000000028 0.370546999999991 0.841547000000026 0.334095999999994 0.355029999999993 0 0.381403999999992 0.593714000000002 1.00048000000004 0.997364000000037 0.013421 0.910355000000037
"105" 104 1.07525779777712 0.0866229999999999 0.151302000000001 0.77835500000002 0.019711 0.920134000000034 0.383404999999991 0.845895000000027 0.351072999999994 0.368159999999993 0 0.394373999999991 0.584630999999999 1.00055400000004 0.997154000000044 0.014167 0.912320000000035
"106" 105 1.07590617822922 0.08654 0.157586000000001 0.775009000000019 0.020236 0.922521000000032 0.392197999999989 0.849136000000028 0.354742999999993 0.376550999999992 0 0.40554199999999 0.588220000000001 1.00050000000004 0.996955000000045 0.015003 0.914523000000026
"107" 106 1.07647748440991 0.0871139999999998 0.163977000000001 0.78203700000002 0.020046 0.922298000000033 0.399339999999991 0.85496900000003 0.361663999999993 0.387835999999992 0 0.418108999999991 0.595704000000001 1.00048500000004 0.997220000000045 0.016132 0.914246000000032
"108" 107 1.07758302678644 0.0907359999999997 0.174860000000002 0.789760000000022 0.019635 0.924190000000034 0.404818999999989 0.865432000000033 0.376645999999991 0.40400299999999 0 0.433352999999988 0.594845000000006 1.00054900000004 0.997232000000043 0.01813 0.917746000000029
"109" 108 1.07869293730407 0.0939939999999999 0.184102000000002 0.796583000000017 0.019186 0.927150000000027 0.413240999999989 0.868582000000023 0.383009999999991 0.41232799999999 0 0.442785999999989 0.592398000000002 1.00048900000003 0.997171000000037 0.017655 0.921760000000033
"110" 109 1.07950627177883 0.0932039999999998 0.190874000000002 0.798576000000024 0.019831 0.93245900000003 0.423079999999987 0.875549000000029 0.394539999999989 0.423533999999988 0 0.449488999999988 0.592669000000003 1.00051900000004 0.997251000000043 0.018596 0.927869000000026
"111" 110 1.08053180273706 0.0952689999999998 0.201244000000002 0.799131000000017 0.01979 0.937230000000028 0.432236999999987 0.878428000000027 0.40612399999999 0.43176799999999 0 0.455411999999987 0.595836000000001 1.00051800000003 0.997224000000035 0.018229 0.931341000000029
"112" 111 1.08174523995157 0.0934169999999998 0.207264000000002 0.800017000000018 0.019667 0.936852000000028 0.434268999999987 0.882084000000026 0.419966999999988 0.441687999999989 0 0.467858999999987 0.592365999999998 1.00045800000003 0.996821000000039 0.018244 0.936639000000032
"113" 112 1.08296436683703 0.0997689999999999 0.212611000000003 0.798053000000025 0.019655 0.940064000000034 0.433853999999986 0.888215000000034 0.426828999999988 0.451547999999987 0 0.479448999999986 0.594814000000005 1.00049900000004 0.997319000000042 0.018797 0.938835000000024
"114" 113 1.08424226478994 0.0980519999999998 0.221834000000002 0.799973000000016 0.02095 0.94157200000002 0.443503999999989 0.89394000000002 0.439671999999988 0.466771999999989 0 0.491714999999987 0.593240999999995 1.00051100000002 0.997238000000029 0.020174 0.939919000000027
"115" 114 1.0851866398026 0.095885 0.228588000000002 0.804578000000024 0.019474 0.942519000000031 0.44790799999999 0.892105000000031 0.44026999999999 0.47147799999999 0 0.498944999999988 0.588634000000002 1.00042300000004 0.997121000000039 0.02062 0.944103000000029
"116" 115 1.0856109477788 0.0927119999999998 0.237629000000003 0.805421000000017 0.020322 0.943823000000029 0.45922799999999 0.895630000000029 0.44551999999999 0.478854999999989 0 0.505487999999991 0.587227000000001 1.00045500000003 0.997257000000035 0.020737 0.947547000000027
"117" 116 1.0865825695771 0.0935239999999999 0.245769000000003 0.799519000000016 0.02098 0.945735000000031 0.464526999999988 0.896455000000031 0.45573899999999 0.486650999999989 0 0.508680999999991 0.595076000000002 1.00045900000003 0.997406000000036 0.021425 0.949556000000022
"118" 117 1.08734317737584 0.0940289999999998 0.249631000000003 0.803510000000016 0.019919 0.949520000000027 0.464203999999988 0.901931000000026 0.469990999999989 0.497330999999987 0 0.520471999999993 0.598896000000002 1.00050200000003 0.997225000000035 0.018983 0.952677000000027
"119" 118 1.08867191073863 0.0924859999999998 0.263033000000002 0.808362000000018 0.01868 0.950990000000028 0.472993999999987 0.909450000000027 0.483194999999988 0.50605699999999 0 0.531517999999994 0.594925 1.00047800000003 0.997128000000034 0.018827 0.955693000000033
"120" 119 1.08868062011394 0.0900279999999998 0.27158 0.807367000000017 0.019547 0.953064000000025 0.478184999999988 0.911042000000022 0.492398999999989 0.517011999999993 0 0.537148999999994 0.588345 1.00036700000003 0.997108000000031 0.021844 0.957400000000029
"121" 120 1.08860985587367 0.0882899999999998 0.276352999999999 0.810906000000024 0.020623 0.955688000000033 0.486361999999987 0.91440600000003 0.497105999999989 0.518297999999992 0 0.539538999999993 0.584353000000004 1.00044300000004 0.997354000000039 0.021101 0.956991000000033
"122" 121 1.08893426161076 0.0904779999999996 0.286520999999998 0.814616000000018 0.020137 0.958073000000023 0.493312999999987 0.916298000000023 0.504737999999988 0.528581999999988 0 0.548004999999994 0.579649999999999 1.00041700000003 0.997080000000031 0.022006 0.959459000000028
"123" 122 1.08951030783518 0.0868419999999999 0.297302999999999 0.816078000000022 0.019504 0.960432000000029 0.498594999999987 0.918116000000029 0.50998799999999 0.535063999999994 0 0.556441999999999 0.579436000000001 1.00039500000003 0.997038000000036 0.02246 0.960313000000024
"124" 123 1.08922485613456 0.0864719999999998 0.306869999999997 0.816274000000016 0.021337 0.958325000000026 0.503945999999989 0.922406000000026 0.517715999999992 0.538769999999997 0 0.563736999999999 0.580283999999999 1.00045000000003 0.99714200000003 0.023482 0.960735000000022
"125" 124 1.0901060390432 0.0877559999999997 0.317627999999997 0.828455000000019 0.018177 0.961385000000022 0.509885999999991 0.925315000000021 0.537109999999998 0.55323 0 0.580608000000002 0.573186 1.00043200000003 0.996931000000028 0.021943 0.960310000000026
"126" 125 1.09172593661725 0.0866989999999999 0.326462999999996 0.828661000000018 0.018244 0.961575000000025 0.51650099999999 0.924249000000024 0.549926999999997 0.564190999999998 0 0.59172 0.576625999999999 1.00045700000003 0.997128000000032 0.021705 0.958914000000018
"127" 126 1.09219210359222 0.0852449999999998 0.338729999999996 0.824878000000016 0.020423 0.964568000000023 0.519980999999991 0.925041000000024 0.557172999999999 0.568148 0 0.598957000000002 0.582878000000002 1.00038900000003 0.996897000000031 0.021554 0.957240000000026
"128" 127 1.09325699089325 0.0808759999999999 0.352939999999996 0.827267000000014 0.020368 0.967313000000017 0.530676999999997 0.928666000000017 0.559447000000001 0.573460000000002 0 0.605128000000003 0.585114000000002 1.00042100000002 0.997267000000025 0.021934 0.958043000000022
"129" 128 1.09315203822214 0.080131 0.360760999999995 0.830645000000018 0.021691 0.968124000000027 0.535165999999996 0.928044000000028 0.557680999999998 0.580108000000001 0 0.613588000000005 0.582666 1.00038300000003 0.997218000000032 0.022505 0.959867000000024
"130" 129 1.09350294002644 0.0816149999999999 0.371443999999994 0.827174000000016 0.023321 0.968268000000022 0.545094999999995 0.932599000000022 0.568091000000001 0.590549000000003 0 0.612596000000001 0.590673000000002 1.00037400000002 0.997102000000027 0.023744 0.964497000000027
"131" 130 1.09439414492259 0.0831579999999999 0.383029999999995 0.831284000000017 0.024312 0.971469000000024 0.554089000000001 0.937820000000023 0.578724000000004 0.600166000000005 0 0.626558000000006 0.588963000000003 1.00039900000003 0.997106000000031 0.023684 0.966384000000027
"132" 131 1.0962086504149 0.0833529999999999 0.392808999999994 0.835046000000016 0.022911 0.973678000000023 0.558597999999999 0.940155000000024 0.588001000000004 0.602318000000004 0 0.630898000000006 0.585665000000001 1.00036700000002 0.997105000000029 0.024589 0.964271000000026
"133" 132 1.09783980888674 0.0821609999999998 0.407084999999994 0.842648000000019 0.021579 0.973844000000027 0.567115000000001 0.942650000000027 0.595570000000008 0.612968000000008 0 0.64032800000001 0.579232000000001 1.00035700000003 0.996849000000033 0.026241 0.96374700000002
"134" 133 1.09841727262625 0.0854889999999998 0.415042999999995 0.844720000000014 0.022826 0.974692000000021 0.573408000000004 0.944870000000022 0.606772000000004 0.619574000000005 0 0.642995000000006 0.575557000000001 1.00036500000002 0.996999000000028 0.026622 0.965324000000026
"135" 134 1.09974086543979 0.0853619999999999 0.423296999999993 0.842349000000021 0.022096 0.975591000000029 0.578917000000003 0.947972000000028 0.619603000000007 0.633268000000006 0 0.652823000000008 0.578855000000001 1.00039500000003 0.997204000000033 0.025944 0.966125000000023
"136" 135 1.10040290944082 0.0863969999999998 0.437112999999993 0.842988000000019 0.02177 0.978694000000023 0.586378000000003 0.950581000000022 0.632442000000006 0.646639000000007 0 0.664470000000009 0.579033000000003 1.00033400000003 0.99706500000003 0.025417 0.966569000000024
"137" 136 1.101190797924 0.0854369999999998 0.447912999999993 0.84447700000002 0.022926 0.978680000000026 0.591585000000006 0.952503000000025 0.644141000000007 0.653403000000009 0 0.67252900000001 0.572957000000001 1.00033700000003 0.99714500000003 0.025688 0.967296000000022
"138" 137 1.10126678008909 0.0857139999999998 0.455626999999993 0.848641000000015 0.02354 0.979515000000022 0.595613000000007 0.95422200000002 0.652416000000008 0.659606000000006 0 0.680856000000008 0.572821 1.00031600000002 0.996875000000027 0.026297 0.969625000000025
"139" 138 1.10221386951999 0.0859729999999997 0.455403999999995 0.851585000000018 0.023937 0.980929000000026 0.596801000000005 0.956118000000024 0.65982000000001 0.66329900000001 0 0.683392000000011 0.568620000000001 1.00030500000003 0.997015000000029 0.027367 0.972584000000025
"140" 139 1.10295455724034 0.0879579999999998 0.469194999999992 0.855445000000016 0.022888 0.981373000000019 0.606922000000004 0.95470100000002 0.667275000000008 0.66789400000001 0 0.687530000000009 0.566232000000002 1.00032800000002 0.997046000000023 0.0298100000000001 0.97316900000002
"141" 140 1.10371228702118 0.0868919999999998 0.479047999999991 0.861102000000019 0.020674 0.982200000000023 0.614261000000008 0.955805000000024 0.67347400000001 0.679036000000009 0 0.695540000000011 0.566125 1.00030000000003 0.997147000000029 0.0293870000000001 0.974944000000021
"142" 141 1.10490981485263 0.0914509999999998 0.483090999999994 0.862869000000018 0.020746 0.984951000000022 0.616311000000008 0.957318000000021 0.678698000000009 0.68923600000001 0 0.69971300000001 0.562767000000002 1.00032100000002 0.996788000000026 0.032421 0.975352000000019
"143" 142 1.10519046194563 0.0895379999999999 0.492317999999993 0.864281000000018 0.021126 0.985049000000024 0.621114000000006 0.961161000000022 0.68611900000001 0.699344000000012 0 0.704038000000009 0.558802000000001 1.00028000000002 0.996724000000026 0.033927 0.974848000000018
"144" 143 1.10635975345439 0.0883389999999997 0.501007999999993 0.866444000000019 0.022148 0.984443000000023 0.626565000000004 0.963159000000024 0.693106000000009 0.705344000000011 0 0.70505900000001 0.557482 1.00026200000002 0.997115000000028 0.037438 0.976534000000024
"145" 144 1.10633430718009 0.0880829999999999 0.509359999999994 0.868306000000014 0.025432 0.984973000000019 0.631778000000007 0.964007000000019 0.691236000000007 0.705952000000008 0 0.706504000000007 0.557878999999999 1.00024100000002 0.996832000000024 0.03844 0.977305000000019
"146" 145 1.10736651708871 0.0878779999999999 0.514824999999997 0.871797000000014 0.025292 0.98555100000002 0.632879000000008 0.965757000000019 0.693724000000006 0.710420000000007 0 0.712154000000008 0.549745999999999 1.00024000000002 0.996912000000024 0.0375 0.976001000000016
"147" 146 1.10907850572415 0.0913289999999999 0.52252 0.877742000000018 0.024917 0.985990000000021 0.636716000000013 0.967844000000021 0.697986000000012 0.717491000000014 0 0.719843000000012 0.550473000000003 1.00025900000002 0.997061000000024 0.03882 0.97813800000002
"148" 147 1.10941677466842 0.089755 0.531080999999996 0.879702000000013 0.025835 0.985539000000021 0.643483000000006 0.971957000000019 0.70586900000001 0.723031000000008 0 0.724470000000007 0.546687999999999 1.00027300000002 0.996959000000024 0.0410039999999999 0.977585000000024
"149" 148 1.10940789933424 0.0917289999999999 0.539487000000002 0.883414000000019 0.025466 0.984774000000022 0.650556000000012 0.974214000000022 0.712565000000012 0.724294000000013 0 0.722717000000013 0.544891999999998 1.00027400000002 0.996949000000025 0.041944 0.979711000000021
"150" 149 1.11051065078621 0.091781 0.546740999999998 0.88164600000001 0.024914 0.985749000000015 0.654793000000008 0.976456000000015 0.717673000000008 0.72528400000001 0 0.729284000000008 0.546705999999996 1.00026200000002 0.99694000000002 0.043386 0.978815000000021
"151" 150 1.1117522016938 0.0903079999999999 0.550896000000003 0.880506000000013 0.024106 0.986372000000019 0.656643000000011 0.977607000000019 0.722324000000007 0.73303000000001 0 0.737931000000009 0.550534000000001 1.00025000000002 0.996870000000022 0.043442 0.977320000000017
"152" 151 1.11315745647676 0.0904949999999998 0.553546 0.878789000000012 0.023342 0.987496000000017 0.659264000000007 0.978489000000017 0.726055000000008 0.737656000000008 0 0.74351600000001 0.548596 1.00024600000002 0.997009000000021 0.044807 0.979466000000015
"153" 152 1.11338676691282 0.0889229999999998 0.553527000000002 0.880454000000015 0.022806 0.986852000000018 0.661251000000008 0.978237000000017 0.73324300000001 0.743889000000009 0 0.751192000000008 0.547086 1.00025100000002 0.996917000000022 0.045769 0.97855100000002
"154" 153 1.11439883548396 0.087725 0.556645000000003 0.884942000000018 0.02301 0.985921000000022 0.66193200000001 0.980483000000022 0.74119100000001 0.748660000000009 0 0.753093000000012 0.549371999999999 1.00024300000002 0.996684000000025 0.0425609999999999 0.978839000000017
"155" 154 1.11587652833984 0.088332 0.561736 0.889343000000012 0.02087 0.986264000000017 0.66432900000001 0.981773000000017 0.747151000000011 0.76167600000001 0 0.763026000000009 0.543588999999996 1.00024300000002 0.996917000000021 0.043476 0.97956200000002
"156" 155 1.1161856261382 0.0908449999999998 0.564129000000003 0.889368000000016 0.019536 0.985347000000022 0.66759200000001 0.981391000000022 0.747402000000011 0.765837000000011 0 0.766749000000011 0.541113999999997 1.00023600000002 0.997131000000024 0.04801 0.979478000000016
"157" 156 1.11793468901439 0.0925759999999998 0.566321000000001 0.893808000000016 0.017913 0.98501800000002 0.669094000000008 0.98319400000002 0.756215000000011 0.77254900000001 0 0.773132000000009 0.531033999999999 1.00019700000002 0.996696000000023 0.047565 0.980997000000018
"158" 157 1.1191364688051 0.092164 0.570628000000003 0.894181000000014 0.018207 0.985025000000017 0.669041000000007 0.984007000000017 0.763353000000007 0.772966000000008 0 0.777290000000008 0.520588999999994 1.00021200000002 0.996844000000021 0.0495949999999999 0.980824000000019
"159" 158 1.1204536924289 0.0927309999999999 0.571952000000001 0.897136000000015 0.020104 0.98540400000002 0.67116100000001 0.98564800000002 0.766031000000009 0.777135000000009 0 0.777012000000009 0.520009999999994 1.00018400000002 0.996975000000023 0.048018 0.981112000000014
"160" 159 1.1209747033959 0.0951279999999999 0.576599000000001 0.896212000000012 0.020422 0.985493000000015 0.679592000000008 0.985770000000015 0.768411000000007 0.781367000000008 0 0.779027000000007 0.517462999999994 1.00023700000002 0.996961000000018 0.0490859999999999 0.981302000000016
"161" 160 1.12173136132071 0.093107 0.582906000000003 0.89661900000001 0.019735 0.986889000000013 0.682250000000008 0.986889000000014 0.769761000000009 0.784777000000007 0 0.778009000000008 0.511499999999992 1.00020900000001 0.997029000000016 0.053087 0.983188000000016
"162" 161 1.12317502958275 0.090424 0.590753000000003 0.897762000000012 0.020394 0.988017000000014 0.687977000000008 0.987160000000015 0.772328000000007 0.786798000000006 0 0.782486000000008 0.504341999999992 1.00019300000001 0.997042000000018 0.0571129999999999 0.983065000000013
"163" 162 1.125310185314 0.0896039999999998 0.587744000000001 0.899363000000009 0.021082 0.987472000000011 0.683282000000006 0.988261000000011 0.774868000000006 0.786753000000005 0 0.792707000000007 0.506133999999992 1.00014100000001 0.996982000000014 0.056382 0.985571000000019
"164" 163 1.12573442725388 0.0873029999999999 0.587815000000003 0.901439000000014 0.020131 0.987543000000017 0.686349000000008 0.988524000000017 0.780375000000009 0.794947000000009 0 0.798819000000008 0.501219999999993 1.00017300000002 0.996825000000019 0.05798 0.986870000000018
"165" 164 1.12752884793094 0.0855579999999999 0.592163000000004 0.903865000000011 0.020682 0.988155000000014 0.692790000000009 0.990365000000014 0.779892000000008 0.799086000000006 0 0.802549000000007 0.500543999999993 1.00018300000001 0.997077000000016 0.057779 0.987140000000017
"166" 165 1.12903297141409 0.0877489999999999 0.592968 0.907269000000011 0.021565 0.987218000000015 0.691169000000006 0.991210000000015 0.783214000000008 0.801956000000007 0 0.808861000000007 0.503687999999993 1.00021400000002 0.997023000000017 0.058309 0.987928000000018
"167" 166 1.13077394025603 0.085006 0.597910000000001 0.906698000000012 0.02282 0.987842000000014 0.697204000000006 0.990138000000014 0.790071000000009 0.801609000000007 0 0.809787000000005 0.505098999999991 1.00018400000001 0.996932000000016 0.056382 0.988140000000018
"168" 167 1.13130427323402 0.0873289999999999 0.600378000000005 0.908699000000012 0.021766 0.988749000000015 0.697210000000006 0.991214000000015 0.792998000000008 0.812259000000008 0 0.810429000000008 0.503667999999994 1.00019000000002 0.996824000000017 0.059122 0.987330000000016
"169" 168 1.1320837418783 0.0840729999999999 0.601405000000003 0.908036000000012 0.022715 0.988639000000015 0.698454000000006 0.991732000000015 0.798246000000008 0.812268000000007 0 0.811430000000006 0.499041999999993 1.00018900000001 0.996848000000016 0.056518 0.987822000000014
"170" 169 1.13498980084371 0.0852369999999998 0.613513000000001 0.908712000000007 0.021375 0.98782900000001 0.706692000000005 0.992101000000011 0.804158000000004 0.820255000000004 0 0.814798000000005 0.491091999999992 1.00016600000001 0.997017000000013 0.057783 0.988463000000015
"171" 170 1.13699986778102 0.0858759999999999 0.615290000000005 0.913881000000011 0.020408 0.987279000000016 0.706341000000009 0.991888000000017 0.806991000000009 0.826917000000008 0 0.816392000000008 0.486157999999991 1.00015600000002 0.996568000000018 0.059872 0.989531000000017
"172" 171 1.1378412476832 0.0849409999999998 0.626770000000004 0.912055000000011 0.02156 0.986848000000016 0.718369000000007 0.992101000000016 0.811896000000009 0.830922000000009 0 0.820663000000009 0.484593999999994 1.00015600000002 0.996906000000018 0.064501 0.989141000000017
"173" 172 1.13915773000678 0.0858339999999999 0.635733000000004 0.914297000000007 0.020808 0.98656300000001 0.723566000000008 0.99240200000001 0.814438000000006 0.836563000000005 0 0.826990000000006 0.484352999999995 1.00013600000001 0.996805000000012 0.063288 0.990487000000016
"174" 173 1.1402741045822 0.0882289999999999 0.645161000000004 0.913889000000012 0.0209 0.985675000000016 0.731360000000009 0.992746000000016 0.818475000000009 0.834853000000009 0 0.831085000000009 0.479930999999994 1.00015700000002 0.996696000000018 0.0655559999999999 0.989399000000013
"175" 174 1.14184654257244 0.0887849999999998 0.649597000000005 0.912578000000012 0.021124 0.987683000000014 0.727821000000008 0.992380000000015 0.82158800000001 0.832632000000009 0 0.829294000000009 0.472352999999995 1.00013200000002 0.996887000000016 0.065087 0.988665000000014
"176" 175 1.14262071452832 0.0894319999999998 0.656859000000006 0.914802000000011 0.020181 0.989777000000013 0.73457900000001 0.992977000000014 0.824467000000008 0.837561000000009 0 0.832041000000008 0.469662999999994 1.00016400000001 0.996872000000016 0.0656639999999999 0.989165000000017
"177" 176 1.14301034819199 0.0919899999999998 0.654367000000005 0.914779000000013 0.020875 0.987553000000017 0.733280000000009 0.994346000000017 0.83063100000001 0.843372000000009 0 0.836026000000011 0.469214999999992 1.00015600000002 0.997059000000018 0.065273 0.989597000000014
"178" 177 1.14438996168227 0.092009 0.653587000000005 0.915221000000013 0.021541 0.987923000000017 0.731795000000009 0.994248000000017 0.827721000000012 0.846838000000011 0 0.838222000000012 0.463177999999993 1.00016000000002 0.996944000000018 0.0630479999999999 0.989842000000016
"179" 178 1.14387269741961 0.085032 0.658411000000005 0.912892000000011 0.022536 0.989626000000016 0.731560000000009 0.995926000000016 0.82854600000001 0.848609000000009 0 0.834733000000009 0.461305999999993 1.00015100000002 0.996880000000017 0.061341 0.991210000000014
"180" 179 1.14546039272365 0.0842239999999998 0.663150000000005 0.915920000000012 0.021412 0.990645000000016 0.735130000000009 0.995351000000016 0.830974000000009 0.84925200000001 0 0.839239000000009 0.455934999999993 1.00015600000002 0.996847000000018 0.060808 0.990912000000012
"181" 180 1.14708351010015 0.0847219999999999 0.658865000000003 0.91813300000001 0.020166 0.991624000000013 0.731367000000004 0.994970000000013 0.835073000000006 0.850257000000006 0 0.839614000000005 0.454830999999993 1.00010800000001 0.996710000000016 0.0629439999999999 0.991084000000013
"182" 181 1.14827418278365 0.0816029999999999 0.669408000000005 0.918016000000011 0.019541 0.991028000000012 0.737891000000008 0.995243000000013 0.839003000000008 0.851231000000009 0 0.845130000000008 0.455633999999994 1.00014100000001 0.996779000000015 0.067344 0.99244100000001
"183" 182 1.14811916576899 0.081167 0.672405000000002 0.91778600000001 0.021318 0.990808000000012 0.739811000000006 0.995020000000012 0.837914000000007 0.851129000000007 0 0.850966000000006 0.452781999999995 1.00011600000001 0.997170000000014 0.0703389999999999 0.993341000000012
"184" 183 1.14891481235088 0.0793679999999999 0.680504000000005 0.919887000000011 0.020949 0.990553000000014 0.744429000000008 0.995191000000014 0.844519000000008 0.853103000000009 0 0.857557000000008 0.454672999999993 1.00009200000001 0.996715000000015 0.0726599999999999 0.994562000000014
"185" 184 1.14946284471639 0.0825649999999999 0.679069000000003 0.919009000000009 0.021141 0.990471000000011 0.742963000000006 0.995087000000011 0.844816000000008 0.851972000000008 0 0.858795000000007 0.451353999999994 1.00012500000001 0.996822000000013 0.0735039999999999 0.994274000000011
"186" 185 1.15125715621701 0.0855969999999999 0.679988000000005 0.920184000000011 0.021209 0.990430000000015 0.743256000000009 0.994804000000015 0.84713900000001 0.855696000000009 0 0.861304000000008 0.452036999999995 1.00013000000002 0.996895000000016 0.0741170000000001 0.99428500000001
"187" 186 1.15243489228783 0.088266 0.688454000000005 0.91902000000001 0.022455 0.990194000000012 0.748127000000008 0.994357000000012 0.852558000000008 0.862223000000008 0 0.867590000000008 0.458839999999994 1.00012300000001 0.996615000000014 0.075799 0.994376000000012
"188" 187 1.15318512740273 0.083232 0.694712000000004 0.91608800000001 0.023384 0.990676000000014 0.755616000000007 0.993818000000014 0.85575100000001 0.865030000000009 0 0.86935300000001 0.459855999999993 1.00012300000001 0.996812000000015 0.07717 0.994742000000011
"189" 188 1.15303751970643 0.0837519999999999 0.694453000000003 0.916613000000008 0.024092 0.99009800000001 0.752921000000005 0.993336000000012 0.859845000000007 0.864360000000007 0 0.864727000000007 0.456545999999995 1.00013800000001 0.996977000000012 0.0755339999999999 0.995463000000012
"190" 189 1.15413636446273 0.0823389999999999 0.694232000000005 0.92089000000001 0.023143 0.989390000000013 0.752444000000007 0.994625000000014 0.862558000000009 0.867796000000008 0 0.868902000000007 0.460114999999994 1.00012600000001 0.996874000000016 0.0710619999999999 0.99557500000001
"191" 190 1.1554497716455 0.0798579999999999 0.695271000000003 0.920796000000009 0.023103 0.990063000000013 0.752514000000006 0.994692000000014 0.866088000000009 0.867807000000009 0 0.868913000000008 0.461035999999993 1.00009700000001 0.996730000000016 0.071848 0.99708500000001
"192" 191 1.15630711537608 0.0837809999999999 0.696620000000003 0.922719000000008 0.023969 0.990568000000011 0.753976000000005 0.993603000000011 0.865446000000007 0.868470000000006 0 0.872848000000006 0.463842999999995 1.00011200000001 0.997000000000012 0.07218 0.997222000000011
"193" 192 1.15759871042396 0.0835969999999999 0.709174000000004 0.924497000000009 0.023861 0.991267000000011 0.759983000000006 0.993984000000011 0.871566000000008 0.870840000000007 0 0.874567000000008 0.462212999999994 1.00011800000001 0.996827000000013 0.075844 0.99708600000001
"194" 193 1.15959093780461 0.0848789999999999 0.709945000000005 0.926706000000011 0.022559 0.992184000000013 0.763867000000009 0.994565000000013 0.875439000000008 0.875830000000009 0 0.878208000000008 0.459415999999994 1.00010100000001 0.996674000000014 0.0743819999999999 0.996872000000012
"195" 194 1.16058934560208 0.0861699999999998 0.712786000000002 0.92799200000001 0.024017 0.992504000000013 0.764202000000006 0.995653000000013 0.879058000000009 0.875442000000008 0 0.879941000000007 0.456505999999993 1.00012200000001 0.997011000000015 0.0757639999999999 0.996535000000011
"196" 195 1.16202035226522 0.083225 0.715445000000006 0.929836000000011 0.024797 0.991787000000013 0.765790000000009 0.996981000000013 0.879256000000009 0.879452000000008 0 0.878753000000009 0.455069999999994 1.00009700000001 0.996973000000013 0.07562 0.996642000000007
"197" 196 1.16335899971104 0.0813569999999998 0.716070000000003 0.932651000000007 0.023159 0.99207400000001 0.764222000000004 0.997514000000011 0.882920000000006 0.885322000000005 0 0.883014000000006 0.452478999999995 1.00012100000001 0.996647000000012 0.0775819999999999 0.99585000000001
"198" 197 1.16378129902795 0.0817539999999999 0.719044000000004 0.935812000000008 0.023545 0.99160400000001 0.766257000000007 0.99798100000001 0.883079000000006 0.890738000000005 0 0.884027000000006 0.449153999999995 1.00011400000001 0.996968000000011 0.078758 0.996814000000008
"199" 198 1.16456452384221 0.0785730000000001 0.721163000000002 0.938336000000005 0.021277 0.992104000000006 0.767752000000004 0.997179000000006 0.886943000000002 0.888113000000003 0 0.884615000000002 0.446978999999994 1.00011000000001 0.996925000000007 0.077799 0.996965000000009
"200" 199 1.16662347392037 0.081302 0.717776000000002 0.937471000000006 0.022558 0.992607000000008 0.769242000000004 0.997508000000008 0.884481000000006 0.888146000000005 0 0.886956000000005 0.447270999999994 1.00012700000001 0.99685700000001 0.0798259999999999 0.99715500000001
"201" 200 1.1671904529287 0.079863 0.724131000000002 0.937223000000008 0.020393 0.992802000000012 0.773134000000005 0.997565000000012 0.888951000000007 0.890415000000007 0 0.889561000000008 0.441628999999994 1.00011300000001 0.996795000000013 0.082111 0.997723000000009
