"X" "PopRatio" "Diff_KC" "Fibroblast" "M1" "M2" "Neutrophil" "Prol_KC" "Th0" "Th1" "Th17" "Th2" "Th22" "Treg" "iDC" "pDC" "preDiff_KC" "ILC3"
"1" 0 1 0.000301 0 0 0 0 0 0 0 0 0 0 0.169956 0 0 0 0
"2" 1 1.000002 0.001424 0 0 0 0 0 0 0 0 0 0 0.122821 0 0 0 0
"3" 2 1.000002 0.002884 0 3.5e-05 0 2.6e-05 0 0 0 0 0 0 0.122874 0.000727 0.000726 0 0
"4" 3 1.000008000012 0.003363 0 8.3e-05 0 4.3e-05 0 0 0 0 0 0 0.13309 0.004371 0.004344 0 0
"5" 4 1.000015000068 0.00535 0 0.00076 0 0.00027 0 0 0 0 0 0 0.153268 0.012436 0.012422 0 0
"6" 5 1.000025000218 0.006666 0 0.001257 0 0.000488 0 0 0 0 0 0 0.173126 0.025194 0.025261 0 0
"7" 6 1.00003900056801 0.008348 0 0.001561 0 0.001367 0 0 0 0 0 0 0.196829 0.043257 0.043248 0 0
"8" 7 1.00004800091901 0.010805 0 0.003622 0 0.002617 0 0 0 0 0 0 0.217325 0.070181 0.070168 0 0
"9" 8 1.00006800187903 0.012408 0 0.00641300000000001 0 0.005037 0 0 0 0 0 0 0.226667 0.0991939999999999 0.0992479999999998 0 0
"10" 9 1.0001020041911 0.012781 0 0.011579 0 0.007126 0 0 0 0 0 0 0.237342 0.132801 0.132734 0 0
"11" 10 1.0001490089853 0.014154 0 0.016627 0 0.011449 0 0 0 0 0 0 0.251551 0.172030000000001 0.171963000000001 0 0
"12" 11 1.000226020459 0.014905 0 0.025622 0 0.016719 0 0 0 0 0 0 0.268431 0.21789 0.217798 0 0
"13" 12 1.00029403582839 0.01496 0 0.032106 0 0.022804 0 0 0 0 0 0 0.277067999999999 0.265694999999999 0.265664999999999 0 0
"14" 13 1.0004000669962 0.0156 0 0.039655 0 0.030931 0 4e-06 0 0 0 0 0.290138999999999 0.310013999999999 0.309976999999999 0 0
"15" 14 1.00053712180538 0.014991 0 0.049767 0 0.0411020000000001 0 6.5e-05 0 0 0 0 0.301544 0.359058999999997 0.358760999999997 0 0
"16" 15 1.00068320022517 0.016104 0 0.0614939999999999 0 0.0499129999999999 0 0.000265 0 0 0 0 0.309624999999999 0.398327999999997 0.398075999999996 0 0
"17" 16 1.00086232251802 0.017798 0 0.0726109999999998 0 0.0607839999999999 0 0.000524 0 0 0 0 0.322658999999999 0.439635999999995 0.439129999999995 0 0
"18" 17 1.0010654975695 0.018718 0 0.0867409999999996 0 0.0732469999999996 2.4e-05 0.00058 0 0 0 0 0.334763999999999 0.483636999999995 0.482755999999995 0 0
"19" 18 1.0013157639439 0.020333 0 0.0993619999999995 0 0.0894489999999995 6.6e-05 0.000768 0 0 0 0 0.352850999999998 0.516646999999995 0.515507999999994 0 0
"20" 19 1.00162316788345 0.022083 0 0.109872999999999 0 0.105776 6.7e-05 0.001657 0 0 0 0 0.359148 0.552330000000002 0.550242000000003 0 0
"21" 20 1.00197073112272 0.0246 0 0.124138999999999 0 0.116157999999999 0.000133 0.002064 0 0 0 0 0.371883999999996 0.590574000000005 0.588008000000005 0 0
"22" 21 1.00234647014692 0.0264840000000001 0 0.137678 0 0.133222 0.000259 0.003549 0 0 0 0 0.380053999999995 0.624931000000009 0.621191000000009 0 0
"23" 22 1.00278449555441 0.028117 0 0.147303000000001 0 0.150365 0.000438 0.004952 0 0 0 0 0.387889999999995 0.651704000000009 0.647181000000009 0 0
"24" 23 1.00330995463013 0.0279260000000001 0 0.160401000000001 0 0.165372000000001 0.000465 0.007328 0 0 0 0 0.392501999999995 0.690488000000019 0.685310000000019 0 0
"25" 24 1.00392899687218 0.0290080000000001 0 0.181191000000003 0 0.180581000000003 0.000467 0.01006 0 0 0 0 0.399952999999995 0.720236000000032 0.714314000000032 0 0
"26" 25 1.00458857822316 0.0308810000000001 0 0.192335000000003 0 0.198146000000003 0.000268 0.0121 0 0 0 0 0.412546999999992 0.744044000000028 0.737435000000027 0 0
"27" 26 1.00528676728506 0.0302400000000001 0 0.203136000000005 0 0.214809000000005 0.000583 0.01669 0 0 0 0 0.421884999999987 0.767610000000029 0.76041600000003 0 0
"28" 27 1.00612015001519 0.031957 0 0.219406000000006 0 0.235061000000006 0.000768 0.019897 0 0 0 0 0.427909999999987 0.795275000000029 0.786375000000028 0 6.2e-05
"29" 28 1.00699547454576 0.0325500000000001 0 0.238683000000006 0 0.251764000000007 0.000534 0.02485 0 0 0 0 0.434911999999992 0.813615000000032 0.803428000000031 0 7.2e-05
"30" 29 1.00792996634618 0.0307310000000001 0 0.257603000000005 0 0.266674000000004 0.000499 0.0293240000000001 0 0 0 0 0.449419999999987 0.832781000000046 0.823439000000043 0 6.7e-05
"31" 30 1.00890866634355 0.034052 0 0.274388000000003 0 0.282061000000001 0.000611 0.036302 0 0 0 0 0.460510999999987 0.845333000000048 0.834791000000049 0 0.000157
"32" 31 1.00991858391862 0.033679 0 0.287372 0 0.302811 0.000654 0.0433289999999999 0 0 0 0 0.465904999999985 0.859940000000045 0.848654000000045 0 0.000354
"33" 32 1.0109779885132 0.0318250000000001 0 0.30232 0 0.316418999999998 0.001071 0.047189 0 0 0 0 0.472632999999987 0.870863000000043 0.858988000000041 0 5e-04
"34" 33 1.01202333975338 0.032155 0 0.318796999999998 0 0.329595999999996 0.002197 0.0534219999999999 0 0 0 0 0.48084099999998 0.881390000000059 0.868615000000057 0 0.001209
"35" 34 1.01319323873421 0.032509 0 0.332883999999996 0 0.351996999999994 0.002489 0.0616859999999997 0 0 0 1.4e-05 0.48458199999998 0.897209000000055 0.882966000000052 0 0.002461
"36" 35 1.01429052701183 0.0345890000000001 0 0.348575999999994 0 0.363526999999992 0.002725 0.0722619999999996 0 0 0 0 0.496646999999978 0.910084000000061 0.89666300000006 1.4e-05 0.003801
"37" 36 1.01547826121903 0.03417 0 0.373081999999991 0 0.377981999999991 0.003941 0.0818119999999995 5e-05 6.7e-05 0 0 0.492634999999978 0.919527000000064 0.906018000000064 0 0.007403
"38" 37 1.01662067426297 0.035072 0 0.391412999999991 0 0.395384999999989 0.004727 0.0964219999999994 0.000134 0 0 0 0.491064999999984 0.926951000000053 0.915284000000053 0 0.009474
"39" 38 1.01776132265955 0.0370130000000001 0 0.40724499999999 0 0.408936999999984 0.006057 0.108098999999999 0.000151 0.000126 0 0 0.49252099999998 0.933571000000056 0.919328000000053 0 0.01232
"40" 39 1.01889307325041 0.039169 0 0.421410999999988 0 0.424606999999984 0.006511 0.119540999999999 0.000197 6.7e-05 0 0 0.499653999999982 0.939767000000058 0.925325000000057 0 0.018535
"41" 40 1.02000570448647 0.039375 0 0.433118999999984 0 0.441049999999983 0.00716400000000001 0.135807 0.000252 5.1e-05 0 0 0.50621599999998 0.945140000000055 0.930910000000057 0 0.0234110000000001
"42" 41 1.02117871104669 0.038371 0 0.447615999999984 0 0.460591999999981 0.008453 0.141926 0 0.000125 0 0 0.507123999999983 0.946509000000057 0.931813000000056 0.000132 0.0320460000000001
"43" 42 1.02234898184961 0.041438 0 0.460522999999981 0 0.478472999999979 0.010265 0.157065000000001 2.8e-05 0.000286 0 0 0.516556999999986 0.957055000000061 0.942888000000059 0 0.041283
"44" 43 1.02351650438695 0.040263 0 0.479932999999983 0 0.495550999999978 0.011319 0.169758000000002 0.000189 0.000454 0 1e-04 0.521999999999986 0.961051000000055 0.947514000000053 0 0.0532289999999999
"45" 44 1.02466181935542 0.04068 0 0.496315999999975 0 0.512021999999978 0.014876 0.182601000000003 0.000134 0.000738 0 0.000287 0.526406999999984 0.966522000000061 0.953418000000064 0 0.0628879999999999
"46" 45 1.02578382404768 0.04072 0 0.51602799999998 0 0.518409999999979 0.017684 0.194164000000003 0.000308 0.00112 0 0.000613 0.535837999999988 0.97029400000006 0.959372000000061 5e-05 0.0726119999999998
"47" 46 1.02697168171599 0.041913 0 0.533071999999985 0 0.530280999999984 0.020267 0.209703000000004 0.000574 0.001433 0 0.001144 0.543312999999987 0.974909000000051 0.964193000000052 0 0.0833429999999996
"48" 47 1.02815680703675 0.044108 0 0.551798999999991 0 0.542138999999985 0.022926 0.222545000000004 0.001392 0.001698 0 0.001271 0.54751799999999 0.978023000000055 0.968751000000055 4.9e-05 0.0978249999999995
"49" 48 1.02922917458654 0.0467639999999999 0 0.555845999999989 0 0.553517999999989 0.024752 0.237434000000005 0.001791 0.002227 0 0.002522 0.551936999999989 0.978058000000053 0.969755000000055 0.000201 0.109592999999999
"50" 49 1.03037058974122 0.0464059999999999 0 0.564986999999995 0 0.569165999999992 0.028941 0.251400000000005 0.003278 0.004335 0 0.003514 0.544632999999992 0.981187000000058 0.973235000000061 0.000269 0.127591999999999
"51" 50 1.03152975665474 0.0501189999999999 0.000131 0.573482999999992 0 0.583758999999994 0.0328560000000001 0.266542000000002 0.004111 0.00587 0 0.004234 0.546499999999993 0.983279000000053 0.976603000000057 6.7e-05 0.141979
"52" 51 1.03254168734607 0.0526169999999999 0.000134 0.584690999999995 3e-05 0.590574999999994 0.036282 0.288291999999999 0.005336 0.00734600000000001 0 0.006478 0.552461999999989 0.983381000000058 0.976849000000061 6.7e-05 0.159481000000001
"53" 52 1.03351330907392 0.052929 0.000134 0.597763999999999 6.7e-05 0.598271 0.037801 0.302548999999998 0.00581700000000001 0.00992799999999999 0 0.00807900000000001 0.561268999999998 0.985194000000062 0.978941000000063 0 0.170865000000001
"54" 53 1.03461090020823 0.0559829999999999 0.000134 0.613610000000006 0 0.608096 0.042288 0.312230999999995 0.00680400000000001 0.011654 0 0.010191 0.574478999999997 0.986897000000051 0.980013000000055 0 0.183250000000003
"55" 54 1.03561550739238 0.0559519999999998 0.000133 0.623721000000008 6.7e-05 0.623346000000003 0.045362 0.331777999999996 0.009004 0.014433 0 0.011229 0.581439999999995 0.987981000000059 0.981278000000059 6.7e-05 0.198369000000004
"56" 55 1.036673906441 0.0550539999999999 0.000212 0.633025000000008 0 0.638474000000002 0.049277 0.341386999999994 0.00915799999999999 0.017626 0 0.013131 0.583015999999995 0.98913800000005 0.982616000000053 6.7e-05 0.214607000000004
"57" 56 1.03764423321748 0.0558529999999999 0.000254 0.645262000000009 1.2e-05 0.653031000000008 0.0512169999999999 0.362047999999992 0.00947399999999999 0.021424 0 0.015141 0.585419999999998 0.990388000000059 0.984345000000062 0.00011 0.230175000000005
"58" 57 1.03904297764392 0.0561759999999999 0.00057 0.651415000000008 1.7e-05 0.658435000000009 0.0546 0.37615099999999 0.011035 0.023743 0 0.018915 0.583916999999997 0.991134000000056 0.984570000000057 6.6e-05 0.248707000000005
"59" 58 1.03990538331542 0.0571109999999999 0.001138 0.660785000000012 0.000257 0.670432000000013 0.0597439999999998 0.390559999999988 0.014169 0.0241210000000001 0 0.020237 0.590424999999999 0.991398000000062 0.985455000000064 0.00013 0.265153000000004
"60" 59 1.04091305163192 0.0561159999999999 0.001026 0.677238000000014 6e-04 0.686043000000015 0.0631229999999998 0.409969999999988 0.015493 0.0305240000000001 0 0.022125 0.587433999999998 0.992937000000056 0.987166000000059 0.000133 0.281259000000001
"61" 60 1.04187277346559 0.056415 0.001247 0.687449000000008 0.000779 0.696282000000007 0.0708929999999998 0.425606999999986 0.018135 0.0321800000000001 0 0.0245560000000001 0.585693999999997 0.994062000000045 0.988205000000048 0.000429 0.296150999999999
"62" 61 1.04263646620858 0.0545059999999999 0.001616 0.693420000000013 0.000804 0.706270000000017 0.0761309999999998 0.433949999999985 0.019675 0.036055 0 0.028094 0.584969999999995 0.994541000000062 0.988672000000065 0.000468 0.312320999999996
"63" 62 1.04358318011997 0.0556289999999998 0.001938 0.702565000000015 0.001227 0.709541000000022 0.0778139999999997 0.455472999999983 0.022961 0.038749 0 0.0320450000000001 0.582304999999995 0.99456400000006 0.989742000000062 0.000756 0.330633999999994
"64" 63 1.04467789887598 0.0559209999999999 0.002005 0.707254000000014 0.001722 0.714975000000015 0.0801709999999997 0.474359999999981 0.0277040000000001 0.041595 0 0.0353460000000001 0.580438999999993 0.995619000000056 0.990174000000059 0.001 0.343617999999994
"65" 64 1.04558363461436 0.0589529999999999 0.002396 0.713725000000018 0.00201 0.724170000000016 0.0886419999999995 0.48568299999998 0.0303800000000001 0.0489229999999998 0 0.040528 0.578470999999996 0.996404000000054 0.990893000000056 0.000738 0.361295999999991
"66" 65 1.04659053165455 0.0608899999999998 0.003738 0.720507000000021 0.002514 0.731443000000025 0.0979789999999995 0.49761999999998 0.0347670000000001 0.0519789999999999 0 0.0465539999999999 0.566870999999994 0.996979000000059 0.99126000000006 0.000803 0.380206999999991
"67" 66 1.0477009642087 0.0591329999999999 0.004994 0.719244000000019 0.003012 0.736119000000025 0.0992179999999996 0.510074999999981 0.038414 0.0559209999999999 0 0.050548 0.564030999999995 0.996922000000056 0.99108200000006 0.001306 0.402913999999989
"68" 67 1.04870361403151 0.0580589999999998 0.006479 0.728767000000021 0.003151 0.740213000000023 0.105012999999999 0.522818999999986 0.041723 0.0607909999999998 0 0.0576389999999999 0.563491999999995 0.997660000000057 0.992142000000058 0.001467 0.419698999999986
"69" 68 1.04964220376612 0.0551859999999999 0.006927 0.733140000000022 0.003424 0.750692000000026 0.105552999999999 0.531868999999989 0.04785 0.0680579999999998 0 0.0643209999999997 0.566965999999996 0.997822000000052 0.992878000000054 0.001812 0.451787999999985
"70" 69 1.05065720777722 0.0529029999999999 0.007094 0.739702000000024 0.004708 0.761003000000026 0.111768999999999 0.543727999999988 0.0529919999999999 0.0788669999999995 0 0.0734779999999995 0.567583999999994 0.997915000000054 0.992992000000056 0.002123 0.476581999999982
"71" 70 1.05154816508947 0.05508 0.00827800000000001 0.751477000000023 0.00478 0.770223000000031 0.115532999999999 0.551902999999993 0.0539639999999999 0.0855279999999996 0 0.0806419999999996 0.572198999999997 0.998852000000056 0.994098000000058 0.002061 0.488007999999981
"72" 71 1.05225585700464 0.0559319999999999 0.007886 0.75456000000002 0.003915 0.774116000000023 0.119150999999999 0.561572999999993 0.0572629999999998 0.0904029999999995 0 0.0863869999999995 0.576283999999997 0.998525000000043 0.993595000000049 0.001943 0.503838999999981
"73" 72 1.05305241468843 0.056882 0.009316 0.757419000000023 0.004246 0.787020000000031 0.127646999999999 0.578858999999995 0.0604039999999999 0.0983799999999993 0 0.0901389999999993 0.577817999999996 0.998569000000058 0.99463700000006 0.001723 0.513738999999984
"74" 73 1.05401490459552 0.0588959999999999 0.011091 0.757763000000023 0.00552 0.795790000000031 0.127747 0.590806999999999 0.0648479999999998 0.106807999999999 0 0.0976629999999994 0.575732999999995 0.999205000000054 0.994706000000057 0.002379 0.527480999999989
"75" 74 1.05496562603952 0.0585249999999999 0.011127 0.760418000000022 0.005748 0.79733000000003 0.136321 0.601371000000005 0.0687969999999999 0.113115999999999 0 0.104399999999999 0.575960999999998 0.999457000000049 0.995077000000051 0.001924 0.543089999999992
"76" 75 1.05569249735591 0.0571229999999999 0.01165 0.766228000000024 0.004928 0.79912300000003 0.140114 0.610579000000003 0.0729499999999997 0.120499999999999 0 0.109678999999999 0.571634999999998 0.999763000000049 0.995785000000052 0.001777 0.558944999999993
"77" 76 1.05649693503895 0.057857 0.013104 0.770447000000027 0.006033 0.805618000000036 0.145534000000001 0.621427000000007 0.0771209999999998 0.121493999999999 0 0.116516999999999 0.571270999999998 1.00006200000005 0.995996000000055 0.001043 0.568219999999996
"78" 77 1.05734741507171 0.0583259999999998 0.014505 0.773789000000025 0.00593700000000001 0.811587000000033 0.152291000000001 0.63370700000001 0.0851669999999996 0.128934999999999 0 0.124012999999999 0.573025999999997 0.99952200000005 0.995234000000054 0.001538 0.576606999999997
"79" 78 1.05852424274474 0.058865 0.015171 0.765676000000018 0.006364 0.817165000000026 0.157532000000001 0.643748000000005 0.0863009999999996 0.136184 0 0.130610999999999 0.574878999999998 0.999757000000045 0.995568000000046 0.002265 0.596851000000001
"80" 79 1.05971402399363 0.0552619999999998 0.015999 0.758132000000015 0.00620600000000001 0.824431000000024 0.160475000000002 0.657913 0.0885679999999996 0.1423 0 0.135457 0.578474999999995 0.999743000000046 0.99569700000005 0.002388 0.609079000000003
"81" 80 1.06027249328433 0.0521039999999999 0.016644 0.759057000000016 0.005887 0.826296000000027 0.168925000000002 0.667963000000015 0.0937709999999994 0.148058000000001 0 0.143589 0.569810999999995 0.999786000000042 0.996336000000045 0.002619 0.626105000000003
"82" 81 1.06099029776232 0.054881 0.015447 0.753693000000025 0.005474 0.834150000000033 0.170433000000002 0.679014000000013 0.0965929999999993 0.154912000000001 0 0.146144000000001 0.569457999999995 0.999920000000047 0.99636000000005 0.002666 0.634858000000005
"83" 82 1.06184651693267 0.0564099999999999 0.016773 0.755011000000031 0.00586 0.836046000000037 0.179273000000003 0.687647000000023 0.108607 0.163846000000002 0 0.157050000000001 0.571002 0.999844000000052 0.996583000000054 0.004021 0.641691000000008
"84" 83 1.06280217879796 0.0578589999999999 0.020054 0.759306000000025 0.00683600000000001 0.842715000000033 0.187436000000002 0.700020000000022 0.115531 0.172596000000002 0 0.164994000000002 0.577244999999999 1.00003800000005 0.996761000000052 0.004761 0.65641600000001
"85" 84 1.06364391812362 0.0630869999999999 0.02066 0.758044000000031 0.007205 0.847529000000039 0.189799000000003 0.709597000000023 0.123932999999999 0.175535000000002 0 0.168173000000001 0.577720999999997 1.00017100000005 0.996722000000055 0.005837 0.670976000000013
"86" 85 1.06441931453999 0.0651109999999997 0.021864 0.762050000000026 0.00734500000000001 0.851006000000038 0.197361000000004 0.716599000000024 0.130417 0.188105000000003 0 0.179226000000002 0.573517 1.00041800000005 0.997022000000054 0.00731200000000001 0.682658000000015
"87" 86 1.06490468974747 0.0701379999999999 0.024066 0.760169000000025 0.00807 0.855379000000037 0.208368000000004 0.727336000000021 0.138556 0.199604000000004 0 0.189758000000003 0.575110999999999 1.00041800000005 0.997202000000054 0.0082 0.688786000000009
"88" 87 1.06623901532378 0.0746199999999999 0.0277060000000001 0.759233000000025 0.009234 0.859557000000031 0.214592000000004 0.737032000000024 0.147129 0.203222000000004 0 0.196405000000003 0.573136999999993 1.00044000000005 0.99703600000005 0.008872 0.689765000000015
"89" 88 1.06700670741486 0.0753349999999999 0.028971 0.757412000000014 0.012753 0.865124000000027 0.218578000000004 0.74257500000002 0.155425000000001 0.210442000000003 0 0.205235000000003 0.579340999999997 1.00047800000004 0.996969000000043 0.009459 0.694394000000017
"90" 89 1.06792326617657 0.0754919999999998 0.0334110000000001 0.759839000000024 0.015167 0.874359000000035 0.233751000000005 0.752331000000027 0.161519000000001 0.218579000000004 0 0.216288000000004 0.587392999999999 1.00042900000005 0.997178000000053 0.010733 0.696951000000018
"91" 90 1.06923787971729 0.0774439999999998 0.0348550000000001 0.759201000000026 0.016316 0.879607000000031 0.238354000000005 0.762303000000025 0.172314000000002 0.221959000000003 0 0.221857000000004 0.587688999999999 1.00053800000004 0.997448000000045 0.011112 0.704560000000015
"92" 91 1.07003125422408 0.0803839999999998 0.039193 0.759346000000021 0.017153 0.882664000000033 0.254221000000003 0.771315000000024 0.178415000000002 0.230215000000004 0 0.228199000000004 0.588014000000003 1.00049700000004 0.997171000000047 0.011865 0.708821000000014
"93" 92 1.07064010200778 0.0819709999999997 0.04478 0.756926000000022 0.017577 0.886082000000035 0.260199000000003 0.782170000000025 0.187589000000003 0.235251000000004 0 0.235730000000005 0.589033000000004 1.00052200000005 0.997389000000049 0.013311 0.722837000000018
"94" 93 1.07149554344934 0.0801729999999997 0.0513819999999999 0.763173000000022 0.019044 0.890577000000032 0.264602000000001 0.786160000000024 0.190942000000003 0.240055000000005 0 0.245327000000005 0.588677000000001 1.00052000000004 0.997391000000047 0.013706 0.733950000000018
"95" 94 1.07199700336372 0.0779759999999999 0.0547969999999999 0.758023000000028 0.01914 0.896545000000041 0.270512000000002 0.79860000000003 0.198374000000003 0.248261000000005 0 0.253627000000004 0.584580999999998 1.00042800000005 0.99685300000005 0.014474 0.741342000000022
"96" 95 1.07224785066256 0.0801999999999997 0.0583489999999999 0.761389000000017 0.018168 0.89803800000003 0.277480999999999 0.804083000000022 0.210776000000003 0.260461000000002 0 0.263203000000002 0.581181999999999 1.00060300000004 0.997236000000047 0.015081 0.751187000000024
"97" 96 1.07316569482277 0.0764309999999997 0.0625339999999998 0.758413000000026 0.016666 0.899343000000039 0.281805999999999 0.811501000000029 0.217331000000004 0.268362000000001 0 0.264079000000002 0.581384999999998 1.00053900000005 0.997090000000051 0.014816 0.762054000000018
"98" 97 1.07419056806138 0.0775939999999997 0.0664539999999998 0.761487000000023 0.016991 0.900959000000037 0.291168999999998 0.819434000000031 0.231396000000004 0.276269 0 0.277721 0.578505999999992 1.00051900000005 0.996883000000048 0.013406 0.763967000000023
"99" 98 1.07527550053517 0.0802269999999998 0.0694689999999999 0.766144000000016 0.017368 0.90515200000003 0.301020999999997 0.823499000000025 0.237540000000004 0.283881999999999 0 0.286614999999999 0.576920999999995 1.00057600000004 0.997325000000041 0.014788 0.773198000000017
"100" 99 1.07627335619971 0.0839099999999995 0.0726969999999998 0.770165000000023 0.01733 0.908069000000038 0.304565999999996 0.829730000000033 0.240416000000004 0.297570999999997 0 0.302874999999996 0.568883999999998 1.00054600000005 0.99735200000005 0.014081 0.779212000000022
"101" 100 1.0773313329089 0.0864219999999997 0.0765749999999998 0.766116000000022 0.015732 0.912586000000031 0.313094999999995 0.837209000000027 0.245785000000004 0.313097999999995 0 0.317266999999995 0.568314 1.00048900000004 0.996902000000044 0.015077 0.784466000000023
"102" 101 1.07828800313256 0.0882059999999998 0.0805759999999998 0.773374000000022 0.015781 0.914385000000027 0.324831999999994 0.837814000000025 0.251069000000004 0.312861999999996 0 0.323516999999994 0.569897999999998 1.00050600000003 0.997352000000037 0.015818 0.788776000000025
"103" 102 1.07881636425414 0.0862999999999997 0.0867929999999996 0.77401800000002 0.017573 0.915689000000036 0.330228999999994 0.84005500000003 0.256829000000004 0.318663999999993 0 0.329948999999992 0.570602999999998 1.00052300000004 0.997295000000048 0.014277 0.793871000000026
"104" 103 1.07933311729266 0.0843949999999998 0.0903949999999998 0.77911900000002 0.017769 0.91722100000003 0.331039999999995 0.843698000000027 0.258514000000003 0.329178999999995 0 0.337184999999993 0.567873999999998 1.00050100000004 0.997005000000045 0.015017 0.800133000000022
"105" 104 1.08047828973015 0.0830089999999997 0.0978269999999996 0.779450000000024 0.017951 0.921494000000029 0.340916999999995 0.845412000000028 0.267845000000002 0.331527999999994 0 0.338787999999993 0.563657999999996 1.00050900000004 0.997177000000042 0.016635 0.806081000000026
"106" 105 1.08074408738946 0.0833249999999999 0.103182 0.777885000000027 0.018359 0.922864000000032 0.344942999999994 0.85019600000003 0.272449000000001 0.336547999999992 0 0.350674999999992 0.563246999999988 1.00049200000004 0.997077000000044 0.018653 0.807090000000022
"107" 106 1.08180429733924 0.0844689999999998 0.108676 0.779641000000027 0.019217 0.925174000000035 0.351522999999992 0.855345000000033 0.282569999999999 0.343788999999992 0 0.358145999999991 0.559887999999994 1.00048600000005 0.997349000000048 0.019426 0.811397000000024
"108" 107 1.08272599460062 0.0822949999999996 0.115773 0.784875000000021 0.019935 0.930630000000032 0.358419999999992 0.860504000000027 0.292134999999997 0.348921999999992 0 0.369207999999992 0.560357999999999 1.00056200000004 0.997412000000042 0.021075 0.818988000000026
"109" 108 1.08399711491832 0.0828249999999998 0.122331 0.781832000000026 0.020557 0.936811000000041 0.369405999999992 0.866386000000038 0.302426999999996 0.355420999999992 0 0.377056999999991 0.566487999999996 1.00049700000005 0.997102000000047 0.024091 0.828812000000027
"110" 109 1.08527623151398 0.0849319999999998 0.126024 0.785896000000026 0.020787 0.938069000000038 0.370353999999991 0.867824000000036 0.311999999999996 0.357421999999993 0 0.383221999999992 0.567713000000001 1.00052300000004 0.997283000000047 0.025749 0.834584000000028
"111" 110 1.08671422252078 0.0876649999999997 0.137046 0.78624800000002 0.019328 0.944096000000029 0.38407399999999 0.873291000000028 0.333841999999994 0.374041999999991 0 0.39625499999999 0.564281999999996 1.00057200000003 0.997392000000038 0.027599 0.836285000000028
"112" 111 1.08773356046154 0.0879319999999997 0.146595000000001 0.790659000000024 0.020273 0.945055000000035 0.38902199999999 0.876438000000031 0.341551999999993 0.383399999999991 0 0.392824999999989 0.559530999999995 1.00050000000004 0.997195000000043 0.0283930000000001 0.838479000000029
"113" 112 1.0881512501488 0.0873579999999999 0.154222000000001 0.796555000000024 0.018927 0.944419000000034 0.393581999999988 0.878338000000032 0.354238999999993 0.398609999999989 0 0.401932999999989 0.561221999999999 1.00052300000004 0.997250000000042 0.0294190000000001 0.841859000000026
"114" 113 1.0893590980365 0.0864919999999997 0.164792000000001 0.801161000000025 0.019742 0.945742000000037 0.399157999999986 0.885294000000035 0.359096999999991 0.406277999999989 0 0.418617999999989 0.554644999999996 1.00045400000004 0.99741000000004 0.031999 0.846971000000033
"115" 114 1.09068049062246 0.0858309999999998 0.174851000000002 0.803387000000021 0.019445 0.944985000000035 0.409296999999987 0.886803000000034 0.366523999999992 0.410080999999989 0 0.426411999999989 0.551930999999993 1.00046300000004 0.997094000000047 0.033154 0.854804000000024
"116" 115 1.09083863929365 0.0860899999999997 0.183136000000001 0.80166700000002 0.019233 0.94643500000003 0.416343999999988 0.888953000000027 0.375593999999993 0.419159999999989 0 0.433052999999988 0.550766999999995 1.00046800000004 0.99722000000004 0.032544 0.856301000000027
"117" 116 1.09175385291206 0.0866589999999998 0.190411000000002 0.804757000000025 0.020848 0.946653000000036 0.416690999999986 0.890342000000037 0.381077999999989 0.424702999999988 0 0.433972999999987 0.544279999999998 1.00044600000004 0.997072000000043 0.034565 0.858629000000022
"118" 117 1.09296133267342 0.0875569999999997 0.202412000000002 0.805306000000022 0.024263 0.948288000000032 0.42686499999999 0.894017000000029 0.391849999999991 0.43063999999999 0 0.440516999999989 0.556061999999997 1.00043600000004 0.997103000000041 0.035539 0.861363000000024
"119" 118 1.09421605228337 0.0885589999999997 0.208548000000002 0.810794000000017 0.02539 0.947795000000022 0.43321399999999 0.897363000000023 0.402096999999991 0.441367999999991 0 0.452219999999989 0.552772999999998 1.00045500000003 0.997119000000034 0.034223 0.869538000000025
"120" 119 1.09532121049621 0.0912439999999998 0.209278000000002 0.815455000000015 0.024926 0.950812000000022 0.436234999999989 0.899080000000021 0.406832999999991 0.44744799999999 0 0.450774999999989 0.549933999999995 1.00042900000003 0.997032000000031 0.031612 0.874910000000026
"121" 120 1.09553479813229 0.0907419999999996 0.213647000000002 0.82056500000002 0.023237 0.954339000000031 0.446799999999989 0.899183000000029 0.41889799999999 0.459581999999988 0 0.463403999999988 0.548761999999995 1.00047700000004 0.997108000000037 0.031596 0.874177000000024
"122" 121 1.09679028101098 0.0919789999999997 0.223378000000003 0.820241000000022 0.022361 0.95466200000003 0.455877999999988 0.901980000000029 0.429610999999991 0.468797999999988 0 0.467506999999989 0.549483999999995 1.00046200000003 0.997154000000037 0.032186 0.875126000000026
"123" 122 1.0979408140158 0.0924809999999997 0.226729000000003 0.827781000000018 0.024041 0.957889000000028 0.458010999999988 0.905768000000025 0.441712999999991 0.477088999999991 0 0.476108999999992 0.550889999999994 1.00048000000003 0.997053000000034 0.030941 0.882000000000022
"124" 123 1.09902118777682 0.0922149999999998 0.241169000000002 0.824954000000021 0.025118 0.958543000000026 0.461982999999988 0.905447000000026 0.45164699999999 0.488076999999988 0 0.486391999999989 0.548566999999992 1.00040400000003 0.997376000000032 0.031188 0.882684000000024
"125" 124 1.09971906623109 0.0897719999999997 0.253246000000003 0.830660000000021 0.025204 0.960687000000031 0.474784999999989 0.906335000000027 0.453303999999989 0.496294999999987 0 0.488264999999989 0.540192999999991 1.00043100000003 0.996982000000034 0.033703 0.885667000000029
"126" 125 1.10082648333082 0.0890899999999997 0.267173 0.828501000000018 0.025026 0.963592000000024 0.483718999999988 0.908500000000021 0.46418199999999 0.50822199999999 0 0.497764999999989 0.533859999999992 1.00043900000003 0.997139000000029 0.036405 0.884650000000024
"127" 126 1.10182383212475 0.0887629999999997 0.278096999999999 0.829043000000019 0.027567 0.966051000000026 0.489959999999987 0.914578000000025 0.47191299999999 0.51208599999999 0 0.507637999999991 0.530470999999991 1.00041900000003 0.997321000000032 0.036501 0.888535000000026
"128" 127 1.10334875630844 0.0903459999999997 0.281757999999999 0.831775000000024 0.027625 0.96652300000003 0.490560999999985 0.916616000000031 0.478574999999989 0.515157999999993 0 0.512502999999993 0.530617999999992 1.00042000000003 0.997200000000036 0.037654 0.891285000000025
"129" 128 1.10421488508218 0.0870759999999998 0.291685999999999 0.830780000000021 0.027108 0.969473000000031 0.496155999999987 0.91673300000003 0.483643999999989 0.512934999999991 0 0.515190999999992 0.52831699999999 1.00035800000003 0.997078000000035 0.039505 0.894378000000026
"130" 129 1.10538645707528 0.0893319999999999 0.304645999999998 0.831321000000025 0.026359 0.969206000000033 0.50743299999999 0.92300500000003 0.492078999999988 0.523720999999994 0 0.530685999999995 0.527001999999992 1.00040600000003 0.997033000000036 0.042098 0.896686000000022
"131" 130 1.10677482246541 0.0907559999999998 0.314543999999996 0.829533000000018 0.028431 0.971128000000023 0.513021999999993 0.923886000000021 0.497505999999989 0.530607999999995 0 0.539081999999996 0.524317999999991 1.00034700000002 0.996988000000029 0.0436 0.896823000000022
"132" 131 1.10798120702192 0.0903709999999999 0.320576999999996 0.829495000000016 0.030952 0.971083000000022 0.515807999999992 0.930947000000021 0.49882099999999 0.535681999999991 0 0.551232999999994 0.518075999999989 1.00040500000002 0.997194000000028 0.0439759999999999 0.898240000000025
"133" 132 1.10903157320621 0.0885269999999999 0.324405999999996 0.831192000000014 0.031887 0.971926000000021 0.51507999999999 0.929437000000019 0.509890999999993 0.544237999999994 0 0.559273999999996 0.522960999999989 1.00038500000003 0.997004000000028 0.043484 0.897765000000022
"134" 133 1.11080491469179 0.0865119999999997 0.329182999999997 0.831953000000016 0.032146 0.972028000000022 0.513709999999992 0.93024400000002 0.523509999999993 0.563103 0 0.573859999999999 0.526849999999991 1.00039300000002 0.996909000000027 0.044062 0.903186000000027
"135" 134 1.11242224664761 0.0862649999999998 0.339415999999996 0.833771000000017 0.031302 0.972527000000026 0.520265999999993 0.929595000000025 0.531637999999995 0.564749000000001 0 0.579692000000003 0.524988999999993 1.00037000000003 0.996982000000032 0.0451239999999999 0.906577000000022
"136" 135 1.11327324966633 0.0884249999999997 0.344571999999995 0.841901000000021 0.030917 0.972094000000027 0.523213999999992 0.934724000000025 0.546723000000001 0.583104000000002 0 0.589889000000003 0.523020999999993 1.00037800000003 0.996941000000029 0.043857 0.910546000000029
"137" 136 1.11448560423524 0.0896749999999997 0.353072999999996 0.840794000000019 0.030037 0.970288000000025 0.527533999999995 0.936637000000023 0.549554 0.589804000000002 0 0.598427000000003 0.520800999999993 1.00038900000003 0.997061000000032 0.0411239999999999 0.913261000000027
"138" 137 1.11545074876854 0.0911119999999999 0.352462999999997 0.83842700000002 0.030593 0.970510000000026 0.527128999999996 0.937800000000025 0.558538000000001 0.599781000000003 0 0.609072000000006 0.518896999999993 1.00038800000003 0.997063000000031 0.044422 0.915294000000021
"139" 138 1.11677701970886 0.0955689999999998 0.363280999999995 0.842890000000019 0.030023 0.971849000000025 0.534735999999995 0.941074000000025 0.568974000000002 0.614442000000009 0 0.614363000000007 0.517252999999992 1.00032200000003 0.996889000000032 0.04389 0.916682000000021
"140" 139 1.11750962543381 0.0955759999999997 0.369944999999994 0.846511000000018 0.031051 0.971690000000023 0.537818999999996 0.944134000000024 0.572328000000002 0.619545000000006 0 0.617162000000006 0.51829799999999 1.00033400000003 0.996987000000029 0.0453219999999999 0.918077000000022
"141" 140 1.1175342106456 0.10033 0.376453999999994 0.849248000000014 0.031953 0.972635000000022 0.544433999999995 0.947414000000023 0.581008000000002 0.626634000000006 0 0.624976000000005 0.522513999999994 1.00039700000002 0.996987000000027 0.046815 0.920286000000018
"142" 141 1.11890430758788 0.101118 0.386462999999996 0.850668000000024 0.030235 0.973673000000029 0.548817999999998 0.951137000000029 0.591053000000004 0.639213000000009 0 0.636237000000008 0.523548999999994 1.00034300000003 0.996923000000033 0.0470659999999999 0.925326000000025
"143" 142 1.12024923056563 0.0953429999999999 0.386713999999995 0.849796000000016 0.03235 0.971822000000022 0.549831999999999 0.951642000000021 0.598462000000002 0.645996000000005 0 0.633959000000003 0.523601999999994 1.00033800000002 0.997096000000029 0.046688 0.92686400000002
"144" 143 1.12130338509162 0.0955159999999999 0.391615999999995 0.849003000000015 0.033244 0.974071000000022 0.554959 0.954348000000022 0.600589000000004 0.652393000000005 0 0.638743000000005 0.519458999999992 1.00034300000002 0.997011000000027 0.050485 0.929422000000019
"145" 144 1.12289002938155 0.0942369999999998 0.403550999999993 0.855957000000019 0.031561 0.975466000000024 0.564894000000002 0.958023000000025 0.611440000000006 0.663662000000008 0 0.650925000000009 0.516989999999991 1.00033400000003 0.996875000000029 0.054357 0.93295400000002
"146" 145 1.12366482350186 0.0976289999999999 0.412858999999994 0.853154000000019 0.032414 0.977289000000022 0.572620000000001 0.956496000000023 0.613620000000005 0.66747800000001 0 0.653754000000008 0.51927499999999 1.00030200000002 0.996993000000027 0.060269 0.935296000000026
"147" 146 1.12458173399786 0.0985309999999999 0.417549999999995 0.854416000000014 0.034452 0.978667000000021 0.574741000000002 0.957507000000021 0.618832000000006 0.674029000000008 0 0.656485000000009 0.515878999999991 1.00033200000002 0.996895000000025 0.059283 0.940226000000018
"148" 147 1.1262528624546 0.100695 0.422828999999994 0.859176000000021 0.033856 0.977648000000029 0.579809000000001 0.959114000000029 0.623043000000007 0.67695000000001 0 0.66580700000001 0.506880999999989 1.00029900000003 0.996860000000034 0.060959 0.940315000000021
"149" 148 1.12788818161092 0.100354 0.434885999999994 0.861937000000019 0.033259 0.980538000000028 0.589528000000005 0.960614000000028 0.631564000000006 0.68167200000001 0 0.672935000000008 0.502780999999988 1.00027500000003 0.996638000000032 0.064551 0.942400000000027
"150" 149 1.12918750879617 0.0963709999999997 0.440646999999994 0.859587000000016 0.037088 0.981759000000021 0.593420000000005 0.958238000000019 0.632586000000004 0.681364000000006 0 0.665571000000006 0.506152999999992 1.00028900000002 0.997016000000024 0.0656689999999999 0.94445500000002
"151" 150 1.13059560561966 0.0949709999999999 0.449201999999994 0.856622000000015 0.038747 0.98261600000002 0.599646000000006 0.96166400000002 0.649218000000007 0.69744100000001 0 0.674013000000006 0.501002999999988 1.00031900000002 0.997077000000024 0.0664449999999999 0.946663000000022
"152" 151 1.13088503809472 0.0973429999999999 0.452274999999992 0.856437000000015 0.04093 0.981993000000022 0.598586000000003 0.96322200000002 0.654227000000004 0.700911000000007 0 0.675175000000005 0.50693199999999 1.00022200000002 0.996889000000028 0.065126 0.948235000000025
"153" 152 1.13101735164421 0.0996709999999999 0.455193999999993 0.860906000000017 0.039794 0.982100000000022 0.603246000000006 0.964045000000022 0.660777000000011 0.711681000000012 0 0.676422000000009 0.503706999999989 1.00032600000002 0.997114000000027 0.0656919999999999 0.949164000000021
"154" 153 1.13205675659039 0.0989039999999998 0.462020999999994 0.858226000000019 0.039726 0.981823000000022 0.605033000000003 0.966391000000022 0.669945000000008 0.717359000000011 0 0.680264000000009 0.508566999999991 1.00027600000002 0.996945000000027 0.067822 0.95193100000002
"155" 154 1.13310164497675 0.098752 0.468660999999995 0.856698000000012 0.039879 0.981847000000016 0.607418000000001 0.967449000000016 0.671731000000005 0.720389000000005 0 0.681592000000005 0.506202999999991 1.00028100000002 0.997002000000021 0.0677590000000001 0.950993000000019
"156" 155 1.13382003141969 0.102179 0.478083999999994 0.855887000000017 0.038848 0.983472000000022 0.617222000000004 0.966978000000021 0.678510000000008 0.728737000000008 0 0.692192000000006 0.51146499999999 1.00029700000002 0.997107000000026 0.0678389999999999 0.951783000000018
"157" 156 1.13466699498318 0.0988949999999999 0.484534999999993 0.86119100000002 0.038257 0.984111000000024 0.619177000000005 0.964220000000024 0.680521000000011 0.734675000000013 0 0.697784000000011 0.508596999999987 1.00026000000003 0.997046000000028 0.0725959999999999 0.954399000000024
"158" 157 1.13612163807078 0.100289 0.491889999999993 0.864003000000013 0.039079 0.985952000000018 0.625298000000006 0.968586000000018 0.690299000000007 0.740374000000009 0 0.708423000000007 0.50658799999999 1.00029000000002 0.996905000000021 0.0738189999999999 0.956681000000016
"159" 158 1.13729638784457 0.0972919999999999 0.493271999999993 0.864421000000018 0.04302 0.986040000000023 0.626081000000006 0.967897000000021 0.688285000000008 0.742563000000012 0 0.70629900000001 0.507858999999991 1.00027300000002 0.997033000000025 0.073729 0.960108000000017
"160" 159 1.13883742445012 0.0963819999999998 0.508082999999993 0.866993000000015 0.043179 0.98544100000002 0.634765000000005 0.96996000000002 0.699799000000008 0.749703000000008 0 0.716378000000007 0.50721199999999 1.00027000000002 0.997053000000023 0.075919 0.960949000000019
"161" 160 1.14064589828017 0.0973149999999998 0.513870999999994 0.865746000000019 0.044099 0.985415000000026 0.640819000000006 0.969126000000025 0.704593000000009 0.754361000000012 0 0.71622900000001 0.50729199999999 1.00026900000003 0.997078000000029 0.077823 0.963623000000016
"162" 161 1.14207284629895 0.0991909999999999 0.519182999999996 0.871376000000015 0.041141 0.985089000000019 0.642938000000008 0.970055000000019 0.714007000000011 0.75601100000001 0 0.72805600000001 0.50394599999999 1.00025700000002 0.996937000000022 0.0785019999999999 0.964367000000018
"163" 162 1.14382935433658 0.097689 0.525672999999998 0.869699000000009 0.043697 0.984381000000013 0.642618000000006 0.970815000000014 0.714415000000004 0.754589000000007 0 0.727677000000006 0.507589999999993 1.00025700000001 0.997138000000019 0.074621 0.964754000000016
"164" 163 1.14640640187191 0.0996419999999999 0.527874999999996 0.873117000000012 0.04105 0.984546000000015 0.646600000000008 0.973117000000015 0.723460000000006 0.763556000000007 0 0.735410000000008 0.510322999999994 1.00027400000002 0.997112000000018 0.0791729999999999 0.967277000000016
"165" 164 1.14758490765306 0.0978529999999999 0.533152999999996 0.873689000000016 0.042702 0.98434700000002 0.65507000000001 0.974361000000021 0.730572000000011 0.765307000000012 0 0.739978000000012 0.50244799999999 1.00024800000002 0.997040000000025 0.07784 0.965488000000016
"166" 165 1.14953465441118 0.0979319999999999 0.532402999999995 0.871846000000013 0.042927 0.984090000000018 0.648684000000002 0.975609000000018 0.730208000000005 0.768995000000007 0 0.746540000000006 0.502657999999991 1.00022000000002 0.996961000000022 0.0766600000000001 0.964119000000016
"167" 166 1.15095892784802 0.100213 0.539037999999996 0.874613000000016 0.042415 0.986321000000019 0.652650000000005 0.978271000000019 0.738229000000012 0.777666000000011 0 0.754981000000011 0.503598999999991 1.00025400000002 0.997084000000022 0.081377 0.968081000000018
"168" 167 1.15186127964747 0.094712 0.544316999999998 0.879072000000011 0.040027 0.985513000000017 0.654648000000008 0.980126000000017 0.738530000000007 0.773854000000007 0 0.757232000000007 0.496873999999991 1.00020900000002 0.99691300000002 0.08034 0.966325000000016
"169" 168 1.15348310032923 0.0949429999999999 0.550994999999997 0.881579000000014 0.041601 0.985126000000017 0.659374000000007 0.981822000000018 0.733988000000007 0.770661000000008 0 0.749964000000006 0.49473299999999 1.00019700000002 0.996954000000021 0.078619 0.965990000000016
"170" 169 1.15473578297621 0.094108 0.556113999999998 0.886569000000013 0.04006 0.985365000000016 0.667916000000007 0.981707000000016 0.741818000000009 0.774517000000008 0 0.759657000000009 0.486719999999991 1.00020200000002 0.99711800000002 0.0787599999999998 0.967745000000014
"171" 170 1.15555680011793 0.095077 0.564874 0.89111100000001 0.039604 0.986625000000013 0.674162000000009 0.983690000000013 0.748965000000008 0.781952000000007 0 0.767807000000008 0.483597999999991 1.00023000000001 0.996943000000017 0.0806089999999999 0.966524000000018
"172" 171 1.15797191383019 0.0928099999999999 0.566824999999999 0.890269000000011 0.038358 0.986607000000013 0.674718000000006 0.985393000000014 0.752809000000006 0.785211000000006 0 0.776668000000006 0.492913999999991 1.00015500000001 0.996939000000017 0.0815559999999999 0.965178000000019
"173" 172 1.15946569759904 0.0920529999999999 0.568112000000003 0.893810000000012 0.038204 0.986103000000016 0.675995000000008 0.984749000000016 0.756697000000009 0.78861700000001 0 0.781551000000008 0.488175999999988 1.00022800000002 0.99688600000002 0.0832339999999999 0.964242000000016
"174" 173 1.16024601801355 0.0908519999999999 0.575383000000002 0.893747000000012 0.038704 0.985515000000016 0.681401000000009 0.986096000000017 0.761660000000008 0.792365000000007 0 0.786743000000008 0.488553999999992 1.00024100000002 0.996851000000018 0.087379 0.963450000000014
"175" 174 1.16186340096267 0.0929539999999998 0.579156000000003 0.895001000000008 0.040587 0.985671000000014 0.679360000000008 0.986979000000014 0.762958000000006 0.791244000000006 0 0.785825000000006 0.487052999999993 1.00020800000001 0.996795000000015 0.0897489999999999 0.963894000000022
"176" 175 1.16330062598968 0.0934049999999999 0.584864000000003 0.893212000000011 0.04072 0.985036000000014 0.683129000000009 0.987196000000014 0.767411000000008 0.792660000000008 0 0.786648000000006 0.483932999999992 1.00015200000002 0.996829000000017 0.086584 0.964851000000014
"177" 176 1.16455582736514 0.091919 0.596058000000003 0.893633000000014 0.042281 0.983788000000017 0.69488200000001 0.986560000000017 0.768206000000008 0.791467000000007 0 0.786709000000008 0.484703999999993 1.00020700000002 0.996858000000019 0.0832619999999999 0.965880000000013
"178" 177 1.16652159760175 0.091371 0.604928000000003 0.893103000000012 0.044429 0.982816000000016 0.703231000000006 0.987681000000016 0.768096000000009 0.794267000000009 0 0.79008900000001 0.485093999999994 1.00016300000002 0.996928000000018 0.0890409999999998 0.965878000000014
"179" 178 1.16814422914403 0.093459 0.614928000000006 0.891972000000013 0.046633 0.983366000000017 0.705076000000013 0.988383000000017 0.769935000000009 0.79171000000001 0 0.791310000000011 0.488003999999994 1.00018200000002 0.996661000000019 0.0931779999999999 0.966100000000017
"180" 179 1.16973874601683 0.0949339999999999 0.620981000000006 0.894353000000014 0.047938 0.982729000000016 0.705671000000011 0.988295000000017 0.77517100000001 0.79855400000001 0 0.79632400000001 0.479175999999993 1.00017600000002 0.996997000000019 0.0937329999999998 0.968698000000016
"181" 180 1.17108160609728 0.094732 0.626178000000004 0.895978000000011 0.047607 0.984137000000013 0.710691000000008 0.988787000000013 0.777762000000006 0.802350000000006 0 0.798984000000007 0.479816999999994 1.00018400000001 0.996749000000016 0.0954199999999999 0.970530000000014
"182" 181 1.17268130357122 0.097318 0.630701000000006 0.897215000000011 0.0484809999999999 0.984523000000015 0.711415000000009 0.990312000000015 0.786443000000007 0.810055000000006 0 0.803350000000006 0.475398999999993 1.00017000000002 0.996992000000017 0.0967469999999999 0.970850000000011
"183" 182 1.17422807021065 0.093833 0.638932000000005 0.89655900000001 0.049033 0.985331000000013 0.714671000000009 0.991572000000013 0.790298000000009 0.811841000000008 0 0.804968000000008 0.480003999999993 1.00017900000001 0.996836000000015 0.100207 0.970017000000016
"184" 183 1.1759612308423 0.0898459999999999 0.644384000000003 0.902054000000005 0.044187 0.98571900000001 0.719511000000005 0.992367000000011 0.794598000000005 0.823231000000004 0 0.811897000000005 0.477172999999993 1.00015600000001 0.996747000000011 0.100613 0.972532000000013
"185" 184 1.17846720422523 0.0861609999999999 0.649469000000005 0.901366000000008 0.044547 0.985495000000012 0.719491000000008 0.991013000000013 0.795901000000006 0.823053000000005 0 0.813000000000005 0.478317999999993 1.00014800000001 0.996735000000015 0.100098 0.973937000000013
"186" 185 1.17936873163648 0.083794 0.653593000000007 0.904138000000012 0.042908 0.985880000000015 0.72120500000001 0.992056000000016 0.801631000000007 0.827447000000007 0 0.821565000000007 0.476725999999993 1.00018100000002 0.996606000000017 0.101319 0.973341000000016
"187" 186 1.18128520582541 0.0816369999999999 0.659996000000006 0.903113000000011 0.044629 0.986778000000014 0.725403000000009 0.992437000000015 0.799714000000008 0.828281000000009 0 0.817411000000008 0.470849999999993 1.00016100000001 0.996850000000016 0.104517 0.973412000000012
"188" 187 1.18359579968802 0.084118 0.666773000000005 0.901462000000009 0.046529 0.98776800000001 0.730575000000007 0.992225000000011 0.803737000000006 0.832422000000007 0 0.819605000000006 0.474261999999994 1.00013000000001 0.996651000000012 0.103529 0.973942000000015
"189" 188 1.18432607829644 0.0836129999999999 0.669794000000005 0.90102700000001 0.0469609999999999 0.987112000000012 0.733182000000009 0.991401000000013 0.807113000000008 0.836696000000009 0 0.820516000000007 0.473453999999993 1.00018200000001 0.996932000000014 0.102493 0.973069000000015
"190" 189 1.18725610101415 0.0824299999999998 0.678373000000006 0.90065200000001 0.049618 0.988214000000013 0.741133000000008 0.991334000000014 0.813164000000006 0.841117000000007 0 0.823094000000008 0.475233999999994 1.00014400000001 0.996764000000015 0.101681 0.974048000000013
"191" 190 1.18769419851544 0.0815199999999999 0.681546000000007 0.898900000000012 0.052329 0.987841000000016 0.742426000000011 0.991292000000016 0.806140000000009 0.838855000000009 0 0.822168000000007 0.476596999999994 1.00014600000002 0.996829000000017 0.105684 0.97511800000001
"192" 191 1.1892631425517 0.081104 0.685820000000004 0.901059000000009 0.0504869999999999 0.988216000000013 0.742229000000008 0.992905000000013 0.805865000000008 0.841750000000007 0 0.824099000000008 0.478650999999994 1.00013200000001 0.997026000000014 0.106817 0.974368000000016
"193" 192 1.19015627917177 0.079986 0.691609000000007 0.904069000000011 0.051356 0.989574000000016 0.74705100000001 0.993035000000015 0.802925000000008 0.836994000000007 0 0.825093000000009 0.482012999999993 1.00013300000002 0.996764000000017 0.109537 0.974506000000012
"194" 193 1.19348157581579 0.079686 0.693934000000005 0.904109000000009 0.051877 0.989889000000011 0.747707000000007 0.993153000000012 0.802148000000006 0.838153000000007 0 0.823328000000007 0.478660999999993 1.00009300000001 0.996748000000013 0.111553 0.975838000000012
"195" 194 1.19523241328753 0.079769 0.699254000000006 0.906870000000009 0.048713 0.990686000000012 0.752694000000009 0.993222000000012 0.805386000000007 0.840551000000007 0 0.827960000000007 0.473474999999993 1.00015700000001 0.996936000000013 0.11601 0.976419000000013
"196" 195 1.19682326762963 0.0757609999999999 0.701247000000007 0.905066000000008 0.051349 0.990607000000011 0.753151000000008 0.994264000000012 0.809501000000006 0.842313000000006 0 0.828691000000005 0.472368999999994 1.00016600000001 0.996858000000014 0.118546 0.975859000000008
"197" 196 1.19807753841412 0.076589 0.700592000000006 0.906648000000005 0.05181 0.990405000000008 0.753938000000007 0.994472000000009 0.812820000000004 0.842845000000004 0 0.826240000000005 0.469493999999995 1.00010400000001 0.99682200000001 0.119114 0.976498000000013
"198" 197 1.20034310303927 0.077215 0.708693000000006 0.906801000000008 0.053144 0.990933000000011 0.760114000000007 0.995051000000011 0.810395000000005 0.843190000000007 0 0.827651000000007 0.465914999999993 1.00016400000001 0.996891000000013 0.119265 0.978428000000015
"199" 198 1.20322512682968 0.080297 0.710593 0.910340000000006 0.052624 0.99235100000001 0.758278000000002 0.99518300000001 0.815196000000003 0.846270000000005 0 0.832652000000004 0.460608999999995 1.00012100000001 0.996905000000012 0.119132 0.978104000000012
"200" 199 1.20498664841537 0.0816359999999999 0.707545000000005 0.910583000000009 0.051916 0.99303800000001 0.759516000000006 0.99613600000001 0.821320000000005 0.850338000000007 0 0.836118000000005 0.457424999999994 1.00013800000001 0.996792000000012 0.117146 0.978202000000013
"201" 200 1.20787982135823 0.0830129999999999 0.712710000000004 0.911645000000008 0.051885 0.992637000000009 0.764450000000006 0.996003000000009 0.828279000000006 0.855248000000006 0 0.837593000000005 0.449896999999994 1.00010100000001 0.996799000000011 0.121018 0.978845000000012
